id,pred
0,0.799519
1,0.763468
2,0.803902
3,0.810505
4,0.954299
5,0.521764
6,0.763996
7,0.950136
8,0.569981
9,0.735616
10,0.734588
11,0.78511
12,0.501835
13,0.420456
14,0.928908
15,0.629227
16,0.623437
17,0.537854
18,0.753531
19,0.505519
20,0.383983
21,0.885512
22,0.737676
23,0.19001
24,0.566309
25,0.729453
26,0.467281
27,0.665086
28,0.978387
29,0.932996
30,0.863755
31,0.96665
32,0.658581
33,0.736849
34,0.953884
35,0.574045
36,0.594026
37,0.800071
38,0.665925
39,0.512301
40,0.260382
41,0.801832
42,0.75321
43,0.797596
44,0.670061
45,0.949334
46,0.592958
47,0.701612
48,0.690758
49,0.668001
50,0.670331
51,0.246433
52,0.865989
53,0.905296
54,0.970315
55,0.740488
56,0.161648
57,0.904791
58,0.702392
59,0.902754
60,0.612051
61,0.83513
62,0.530031
63,0.704445
64,0.758807
65,0.575266
66,0.554808
67,0.615854
68,0.27624
69,0.920334
70,0.656213
71,0.866528
72,0.797126
73,0.565745
74,0.942502
75,0.601239
76,0.838793
77,0.97349
78,0.98272
79,0.921354
80,0.522659
81,0.52804
82,0.30262
83,0.692319
84,0.818946
85,0.585736
86,0.84559
87,0.864878
88,0.837321
89,0.781065
90,0.827238
91,0.795409
92,0.899187
93,0.687171
94,0.936441
95,0.910626
96,0.824093
97,0.771832
98,0.613654
99,0.965706
100,0.765308
101,0.303302
102,0.675064
103,0.924262
104,0.245801
105,0.741381
106,0.255967
107,0.80281
108,0.589519
109,0.515341
110,0.635798
111,0.414974
112,0.736198
113,0.856904
114,0.612693
115,0.562046
116,0.744467
117,0.88479
118,0.752183
119,0.893388
120,0.765087
121,0.982725
122,0.437791
123,0.898076
124,0.876985
125,0.567185
126,0.67742
127,0.7427
128,0.750362
129,0.468804
130,0.641664
131,0.290369
132,0.784711
133,0.771625
134,0.552866
135,0.853135
136,0.588346
137,0.609995
138,0.701019
139,0.565875
140,0.730222
141,0.927263
142,0.474929
143,0.709217
144,0.957876
145,0.818727
146,0.881652
147,0.802987
148,0.785952
149,0.880453
150,0.76699
151,0.473474
152,0.690646
153,0.244305
154,0.984346
155,0.955261
156,0.790488
157,0.568113
158,0.934681
159,0.968944
160,0.717272
161,0.885074
162,0.812862
163,0.673446
164,0.557443
165,0.449642
166,0.713206
167,0.957151
168,0.752272
169,0.911141
170,0.800131
171,0.599261
172,0.82366
173,0.908668
174,0.827308
175,0.86744
176,0.972671
177,0.137041
178,0.365098
179,0.672909
180,0.775603
181,0.582884
182,0.651434
183,0.48599
184,0.857904
185,0.881453
186,0.832813
187,0.547398
188,0.912097
189,0.876627
190,0.939058
191,0.781593
192,0.64497
193,0.916118
194,0.778539
195,0.784433
196,0.594021
197,0.686707
198,0.795736
199,0.670056
200,0.685219
201,0.770295
202,0.593045
203,0.889543
204,0.849005
205,0.637768
206,0.847216
207,0.661143
208,0.614937
209,0.502092
210,0.533987
211,0.813961
212,0.501433
213,0.521833
214,0.619622
215,0.739239
216,0.820684
217,0.840641
218,0.300183
219,0.732439
220,0.69592
221,0.770294
222,0.744027
223,0.847305
224,0.680946
225,0.679144
226,0.627467
227,0.467471
228,0.456873
229,0.816831
230,0.684467
231,0.79914
232,0.873107
233,0.87438
234,0.633004
235,0.253935
236,0.613075
237,0.582279
238,0.940802
239,0.780102
240,0.910536
241,0.965146
242,0.829164
243,0.627083
244,0.225902
245,0.821201
246,0.646653
247,0.574885
248,0.547394
249,0.619007
250,0.617306
251,0.859069
252,0.970631
253,0.862973
254,0.566946
255,0.946706
256,0.7666
257,0.861275
258,0.55575
259,0.585765
260,0.40889
261,0.566543
262,0.878678
263,0.98598
264,0.930206
265,0.635222
266,0.533991
267,0.572021
268,0.77648
269,0.707784
270,0.79263
271,0.739046
272,0.759325
273,0.920934
274,0.533713
275,0.519831
276,0.743972
277,0.712772
278,0.725287
279,0.593194
280,0.971285
281,0.957037
282,0.920179
283,0.675681
284,0.75499
285,0.817551
286,0.793511
287,0.773214
288,0.489626
289,0.867427
290,0.803408
291,0.88732
292,0.61942
293,0.637201
294,0.456289
295,0.934861
296,0.870823
297,0.567787
298,0.598929
299,0.622737
300,0.862066
301,0.642724
302,0.739738
303,0.783848
304,0.900098
305,0.818453
306,0.757775
307,0.676805
308,0.649332
309,0.534807
310,0.734761
311,0.936425
312,0.796884
313,0.595204
314,0.692761
315,0.640344
316,0.793907
317,0.791175
318,0.90197
319,0.690809
320,0.719305
321,0.743238
322,0.679573
323,0.917345
324,0.88703
325,0.535501
326,0.444191
327,0.698524
328,0.331086
329,0.790028
330,0.702562
331,0.478091
332,0.648902
333,0.773144
334,0.700066
335,0.697925
336,0.844426
337,0.708079
338,0.658426
339,0.716137
340,0.469184
341,0.860071
342,0.558619
343,0.649553
344,0.616166
345,0.39412
346,0.954668
347,0.519434
348,0.640638
349,0.482032
350,0.69492
351,0.937505
352,0.922167
353,0.781945
354,0.98327
355,0.786634
356,0.778425
357,0.612865
358,0.863848
359,0.574035
360,0.685133
361,0.540724
362,0.687627
363,0.877344
364,0.784378
365,0.913049
366,0.870633
367,0.522932
368,0.948595
369,0.920453
370,0.5638
371,0.872138
372,0.872604
373,0.942309
374,0.466799
375,0.944588
376,0.617527
377,0.919939
378,0.630502
379,0.873069
380,0.294993
381,0.822481
382,0.704383
383,0.203313
384,0.778336
385,0.876483
386,0.736353
387,0.844053
388,0.289227
389,0.354636
390,0.752881
391,0.77868
392,0.918068
393,0.432019
394,0.480971
395,0.577222
396,0.727194
397,0.138824
398,0.501833
399,0.735791
400,0.81412
401,0.527484
402,0.757868
403,0.822588
404,0.731799
405,0.899166
406,0.936123
407,0.810808
408,0.941188
409,0.653883
410,0.570146
411,0.408248
412,0.863653
413,0.659053
414,0.549837
415,0.630551
416,0.615527
417,0.612631
418,0.945974
419,0.815817
420,0.850729
421,0.842102
422,0.755548
423,0.705391
424,0.541117
425,0.890885
426,0.516856
427,0.943382
428,0.549201
429,0.712976
430,0.52246
431,0.597154
432,0.579364
433,0.710692
434,0.836453
435,0.729033
436,0.848508
437,0.934405
438,0.868567
439,0.546156
440,0.7623
441,0.850042
442,0.790775
443,0.695241
444,0.333435
445,0.897132
446,0.917004
447,0.687463
448,0.886568
449,0.73879
450,0.622989
451,0.818702
452,0.609567
453,0.972106
454,0.707579
455,0.724105
456,0.813911
457,0.631685
458,0.852637
459,0.98494
460,0.372122
461,0.839308
462,0.777488
463,0.766805
464,0.818741
465,0.804351
466,0.829017
467,0.981878
468,0.821653
469,0.784793
470,0.56067
471,0.657368
472,0.670219
473,0.695234
474,0.789904
475,0.755052
476,0.701208
477,0.64791
478,0.895269
479,0.748934
480,0.740612
481,0.631146
482,0.759527
483,0.726121
484,0.96161
485,0.685171
486,0.853674
487,0.336108
488,0.566772
489,0.371294
490,0.722842
491,0.934087
492,0.270446
493,0.829814
494,0.679952
495,0.788544
496,0.962743
497,0.309982
498,0.868039
499,0.484885
500,0.643041
501,0.244964
502,0.710627
503,0.918315
504,0.811688
505,0.784724
506,0.827415
507,0.673058
508,0.630804
509,0.691583
510,0.833886
511,0.957404
512,0.616106
513,0.833619
514,0.384731
515,0.656453
516,0.643093
517,0.78459
518,0.621373
519,0.82982
520,0.754936
521,0.519873
522,0.641964
523,0.492325
524,0.83572
525,0.867534
526,0.771636
527,0.876626
528,0.775548
529,0.934543
530,0.573845
531,0.824533
532,0.609882
533,0.867831
534,0.664124
535,0.508157
536,0.884573
537,0.200586
538,0.938643
539,0.8494
540,0.921269
541,0.867672
542,0.750567
543,0.542552
544,0.817683
545,0.581287
546,0.693022
547,0.764605
548,0.965617
549,0.977164
550,0.446174
551,0.760524
552,0.794959
553,0.706561
554,0.644441
555,0.801862
556,0.68227
557,0.843353
558,0.675189
559,0.88521
560,0.848904
561,0.91414
562,0.852203
563,0.730499
564,0.780871
565,0.513144
566,0.823551
567,0.823348
568,0.715031
569,0.770232
570,0.632558
571,0.807847
572,0.609471
573,0.671132
574,0.751672
575,0.931375
576,0.4987
577,0.316277
578,0.649083
579,0.537861
580,0.972853
581,0.65764
582,0.615549
583,0.831992
584,0.737463
585,0.874397
586,0.777469
587,0.74717
588,0.887129
589,0.311266
590,0.686866
591,0.67704
592,0.853828
593,0.867374
594,0.84361
595,0.787859
596,0.934503
597,0.721689
598,0.558034
599,0.719999
600,0.903118
601,0.469873
602,0.792549
603,0.390879
604,0.537668
605,0.47734
606,0.642432
607,0.871304
608,0.666677
609,0.899836
610,0.655306
611,0.889763
612,0.485197
613,0.632155
614,0.572876
615,0.475827
616,0.861272
617,0.954449
618,0.917179
619,0.830103
620,0.239547
621,0.927073
622,0.548248
623,0.899721
624,0.860179
625,0.836822
626,0.749979
627,0.931787
628,0.660791
629,0.871247
630,0.899216
631,0.880019
632,0.663242
633,0.880963
634,0.530283
635,0.824078
636,0.953052
637,0.821818
638,0.860366
639,0.702039
640,0.625437
641,0.817285
642,0.696766
643,0.750832
644,0.853593
645,0.744491
646,0.681867
647,0.804328
648,0.365398
649,0.640528
650,0.828454
651,0.538828
652,0.600763
653,0.716071
654,0.836889
655,0.813006
656,0.787343
657,0.643911
658,0.549188
659,0.564154
660,0.530042
661,0.899402
662,0.762047
663,0.895356
664,0.454168
665,0.715407
666,0.880643
667,0.791211
668,0.802953
669,0.693678
670,0.6963
671,0.813683
672,0.849991
673,0.334131
674,0.823184
675,0.610115
676,0.673884
677,0.909375
678,0.639862
679,0.923592
680,0.574267
681,0.802108
682,0.727102
683,0.975455
684,0.879132
685,0.832105
686,0.878097
687,0.873001
688,0.573304
689,0.656337
690,0.775537
691,0.527682
692,0.819203
693,0.908613
694,0.698676
695,0.866859
696,0.67752
697,0.59345
698,0.512709
699,0.673373
700,0.686559
701,0.807982
702,0.507492
703,0.408245
704,0.749883
705,0.857168
706,0.719435
707,0.968914
708,0.491437
709,0.427265
710,0.674137
711,0.727021
712,0.987602
713,0.642611
714,0.465869
715,0.714729
716,0.765257
717,0.804115
718,0.749837
719,0.525233
720,0.538214
721,0.394846
722,0.939065
723,0.896881
724,0.908407
725,0.691094
726,0.758837
727,0.656134
728,0.435912
729,0.480889
730,0.490418
731,0.690854
732,0.158502
733,0.766073
734,0.814287
735,0.787082
736,0.962129
737,0.697798
738,0.562
739,0.740399
740,0.677764
741,0.877475
742,0.842775
743,0.964987
744,0.933072
745,0.65765
746,0.840668
747,0.492723
748,0.734152
749,0.484834
750,0.93517
751,0.799551
752,0.630628
753,0.867019
754,0.484109
755,0.855213
756,0.735336
757,0.563427
758,0.836023
759,0.755572
760,0.871301
761,0.487664
762,0.861732
763,0.597993
764,0.984114
765,0.91868
766,0.8241
767,0.912807
768,0.666431
769,0.781143
770,0.96447
771,0.661902
772,0.511439
773,0.584705
774,0.778465
775,0.858402
776,0.694726
777,0.941155
778,0.742257
779,0.973061
780,0.697805
781,0.857576
782,0.660322
783,0.82095
784,0.700749
785,0.743384
786,0.689058
787,0.49223
788,0.794719
789,0.964298
790,0.718661
791,0.699834
792,0.73296
793,0.791963
794,0.835175
795,0.791007
796,0.879972
797,0.716952
798,0.701366
799,0.629906
800,0.473108
801,0.744378
802,0.7504
803,0.859105
804,0.61472
805,0.786216
806,0.51443
807,0.662729
808,0.910096
809,0.715685
810,0.550442
811,0.889713
812,0.947105
813,0.829737
814,0.856481
815,0.765738
816,0.511607
817,0.885799
818,0.755248
819,0.320581
820,0.697611
821,0.79016
822,0.682827
823,0.716193
824,0.224295
825,0.977215
826,0.674294
827,0.871562
828,0.948944
829,0.74579
830,0.761745
831,0.946636
832,0.820487
833,0.488503
834,0.96325
835,0.732002
836,0.803702
837,0.67236
838,0.895983
839,0.398682
840,0.913161
841,0.853688
842,0.845773
843,0.669537
844,0.62542
845,0.809893
846,0.871384
847,0.240945
848,0.909743
849,0.928734
850,0.698613
851,0.77814
852,0.727592
853,0.447023
854,0.852751
855,0.635486
856,0.828698
857,0.704819
858,0.788905
859,0.36093
860,0.610143
861,0.799499
862,0.901191
863,0.776957
864,0.911117
865,0.557075
866,0.750797
867,0.698382
868,0.376492
869,0.799
870,0.697786
871,0.863128
872,0.589604
873,0.755619
874,0.619539
875,0.660702
876,0.8057
877,0.597268
878,0.899796
879,0.731869
880,0.818303
881,0.973189
882,0.730291
883,0.829873
884,0.962054
885,0.862583
886,0.984229
887,0.845818
888,0.95405
889,0.883441
890,0.692809
891,0.621198
892,0.665208
893,0.499334
894,0.196718
895,0.219565
896,0.933318
897,0.662085
898,0.939182
899,0.873864
900,0.882439
901,0.771203
902,0.864353
903,0.708679
904,0.717044
905,0.638956
906,0.6373
907,0.903197
908,0.968564
909,0.555473
910,0.726675
911,0.899434
912,0.608841
913,0.651061
914,0.690501
915,0.801843
916,0.949607
917,0.841585
918,0.830806
919,0.350948
920,0.532684
921,0.930966
922,0.653042
923,0.709547
924,0.931142
925,0.749722
926,0.567651
927,0.75211
928,0.704973
929,0.572459
930,0.441613
931,0.754962
932,0.561049
933,0.951586
934,0.910049
935,0.388087
936,0.885561
937,0.619254
938,0.681419
939,0.922097
940,0.712484
941,0.702527
942,0.916636
943,0.739606
944,0.828607
945,0.496997
946,0.58765
947,0.56685
948,0.300523
949,0.712368
950,0.643302
951,0.770185
952,0.85954
953,0.701951
954,0.885365
955,0.593331
956,0.769149
957,0.777416
958,0.845458
959,0.7932
960,0.56081
961,0.386821
962,0.307076
963,0.726023
964,0.808026
965,0.683513
966,0.89326
967,0.910703
968,0.456992
969,0.62769
970,0.956503
971,0.469203
972,0.662072
973,0.889962
974,0.625515
975,0.63323
976,0.478253
977,0.324504
978,0.493052
979,0.755791
980,0.877723
981,0.807402
982,0.797285
983,0.628279
984,0.632481
985,0.36323
986,0.397323
987,0.865067
988,0.626193
989,0.846207
990,0.883575
991,0.868681
992,0.870295
993,0.525347
994,0.68589
995,0.886361
996,0.509456
997,0.69918
998,0.661441
999,0.630293
1000,0.880964
1001,0.77574
1002,0.86061
1003,0.738555
1004,0.916502
1005,0.714116
1006,0.599146
1007,0.692385
1008,0.917511
1009,0.924047
1010,0.914001
1011,0.784442
1012,0.956496
1013,0.80831
1014,0.557368
1015,0.804221
1016,0.575505
1017,0.814513
1018,0.536993
1019,0.635419
1020,0.786033
1021,0.867302
1022,0.262439
1023,0.562901
1024,0.765067
1025,0.959641
1026,0.692442
1027,0.839137
1028,0.522043
1029,0.705501
1030,0.423278
1031,0.791375
1032,0.811563
1033,0.718103
1034,0.809773
1035,0.709832
1036,0.836758
1037,0.634027
1038,0.733187
1039,0.811705
1040,0.754249
1041,0.524387
1042,0.786004
1043,0.825118
1044,0.739657
1045,0.927907
1046,0.927121
1047,0.49732
1048,0.843913
1049,0.918372
1050,0.953242
1051,0.689542
1052,0.56246
1053,0.80596
1054,0.820774
1055,0.78019
1056,0.865497
1057,0.59155
1058,0.515242
1059,0.918837
1060,0.986314
1061,0.502956
1062,0.505897
1063,0.705093
1064,0.881378
1065,0.562708
1066,0.231468
1067,0.912764
1068,0.812711
1069,0.535782
1070,0.639472
1071,0.885404
1072,0.884894
1073,0.962676
1074,0.581127
1075,0.926587
1076,0.211074
1077,0.354511
1078,0.736178
1079,0.222341
1080,0.654612
1081,0.648811
1082,0.959128
1083,0.803165
1084,0.874862
1085,0.750523
1086,0.73289
1087,0.901244
1088,0.831229
1089,0.704114
1090,0.901436
1091,0.620691
1092,0.861721
1093,0.575504
1094,0.591285
1095,0.750788
1096,0.647571
1097,0.610111
1098,0.717944
1099,0.757896
1100,0.963168
1101,0.510553
1102,0.443508
1103,0.641454
1104,0.567757
1105,0.559466
1106,0.806938
1107,0.699733
1108,0.975375
1109,0.550619
1110,0.470749
1111,0.223931
1112,0.223921
1113,0.87433
1114,0.838486
1115,0.428789
1116,0.725382
1117,0.772242
1118,0.92893
1119,0.611898
1120,0.979663
1121,0.60577
1122,0.885441
1123,0.911918
1124,0.703414
1125,0.343022
1126,0.570557
1127,0.677913
1128,0.642724
1129,0.73807
1130,0.821739
1131,0.813925
1132,0.917432
1133,0.549134
1134,0.927164
1135,0.763299
1136,0.736286
1137,0.869273
1138,0.730587
1139,0.357084
1140,0.257261
1141,0.880373
1142,0.671123
1143,0.644529
1144,0.894838
1145,0.357512
1146,0.593806
1147,0.74317
1148,0.971216
1149,0.460776
1150,0.948543
1151,0.491506
1152,0.755288
1153,0.962713
1154,0.932292
1155,0.856154
1156,0.663438
1157,0.71885
1158,0.624347
1159,0.738017
1160,0.898002
1161,0.492221
1162,0.805218
1163,0.958001
1164,0.797196
1165,0.546084
1166,0.736293
1167,0.795907
1168,0.931014
1169,0.956847
1170,0.713509
1171,0.616792
1172,0.824794
1173,0.296303
1174,0.867655
1175,0.981209
1176,0.747454
1177,0.655984
1178,0.958389
1179,0.742329
1180,0.740705
1181,0.953859
1182,0.509922
1183,0.720508
1184,0.587373
1185,0.528671
1186,0.18958
1187,0.83431
1188,0.605988
1189,0.487766
1190,0.927203
1191,0.796385
1192,0.883086
1193,0.763665
1194,0.876444
1195,0.531365
1196,0.934159
1197,0.782408
1198,0.654744
1199,0.672403
1200,0.582456
1201,0.722276
1202,0.83672
1203,0.879166
1204,0.811556
1205,0.615585
1206,0.642671
1207,0.526626
1208,0.752441
1209,0.597235
1210,0.757127
1211,0.838002
1212,0.697986
1213,0.773513
1214,0.883641
1215,0.723047
1216,0.938947
1217,0.778667
1218,0.829282
1219,0.543399
1220,0.538921
1221,0.833028
1222,0.624127
1223,0.802231
1224,0.881551
1225,0.848395
1226,0.948818
1227,0.573953
1228,0.867514
1229,0.781884
1230,0.732473
1231,0.083475
1232,0.854958
1233,0.663267
1234,0.9153
1235,0.790702
1236,0.541388
1237,0.668456
1238,0.766646
1239,0.50126
1240,0.570916
1241,0.518512
1242,0.791252
1243,0.707599
1244,0.667498
1245,0.779019
1246,0.836701
1247,0.293171
1248,0.854593
1249,0.746877
1250,0.09448
1251,0.67818
1252,0.646742
1253,0.901438
1254,0.637227
1255,0.669952
1256,0.864641
1257,0.677558
1258,0.904346
1259,0.788105
1260,0.643894
1261,0.662716
1262,0.687163
1263,0.808112
1264,0.680996
1265,0.829373
1266,0.668823
1267,0.94648
1268,0.898858
1269,0.9568
1270,0.780805
1271,0.842962
1272,0.620722
1273,0.86489
1274,0.890296
1275,0.905228
1276,0.678937
1277,0.618218
1278,0.919073
1279,0.65559
1280,0.948586
1281,0.706904
1282,0.721485
1283,0.564879
1284,0.871591
1285,0.924915
1286,0.707327
1287,0.782132
1288,0.925944
1289,0.925472
1290,0.810465
1291,0.774735
1292,0.77221
1293,0.809768
1294,0.827628
1295,0.584803
1296,0.743468
1297,0.403743
1298,0.716719
1299,0.907511
1300,0.834914
1301,0.698961
1302,0.682604
1303,0.834429
1304,0.672272
1305,0.797831
1306,0.793299
1307,0.728234
1308,0.953083
1309,0.148854
1310,0.528633
1311,0.935678
1312,0.784619
1313,0.949378
1314,0.831099
1315,0.589271
1316,0.38111
1317,0.685827
1318,0.371146
1319,0.613452
1320,0.786214
1321,0.736946
1322,0.79368
1323,0.643603
1324,0.587622
1325,0.721887
1326,0.59591
1327,0.612923
1328,0.330268
1329,0.953346
1330,0.50907
1331,0.576303
1332,0.860364
1333,0.927464
1334,0.970955
1335,0.456147
1336,0.837728
1337,0.760763
1338,0.749215
1339,0.732009
1340,0.772244
1341,0.615318
1342,0.696506
1343,0.793224
1344,0.686227
1345,0.824787
1346,0.672283
1347,0.672597
1348,0.703201
1349,0.729267
1350,0.864907
1351,0.899256
1352,0.944825
1353,0.752191
1354,0.785233
1355,0.631801
1356,0.549069
1357,0.808321
1358,0.75271
1359,0.741454
1360,0.467909
1361,0.599987
1362,0.342848
1363,0.77106
1364,0.460594
1365,0.301814
1366,0.955415
1367,0.733335
1368,0.940357
1369,0.882781
1370,0.86809
1371,0.851452
1372,0.559621
1373,0.893631
1374,0.905141
1375,0.623111
1376,0.898046
1377,0.77597
1378,0.509816
1379,0.769312
1380,0.812078
1381,0.813338
1382,0.826782
1383,0.851951
1384,0.309073
1385,0.83542
1386,0.801843
1387,0.71338
1388,0.787024
1389,0.776669
1390,0.870114
1391,0.51778
1392,0.766472
1393,0.086573
1394,0.932439
1395,0.877717
1396,0.625946
1397,0.882481
1398,0.462072
1399,0.212535
1400,0.89472
1401,0.678939
1402,0.81312
1403,0.845284
1404,0.806215
1405,0.715629
1406,0.636095
1407,0.864899
1408,0.757807
1409,0.872998
1410,0.793074
1411,0.876197
1412,0.730171
1413,0.465016
1414,0.641205
1415,0.770118
1416,0.582473
1417,0.805201
1418,0.592688
1419,0.863141
1420,0.536344
1421,0.495696
1422,0.689846
1423,0.575267
1424,0.902428
1425,0.370277
1426,0.396672
1427,0.937731
1428,0.913563
1429,0.675492
1430,0.846719
1431,0.706344
1432,0.607633
1433,0.651343
1434,0.63563
1435,0.783844
1436,0.631029
1437,0.659035
1438,0.616569
1439,0.904381
1440,0.538331
1441,0.59115
1442,0.593225
1443,0.59301
1444,0.708158
1445,0.926183
1446,0.765237
1447,0.709123
1448,0.674855
1449,0.790019
1450,0.590383
1451,0.725559
1452,0.756743
1453,0.769074
1454,0.885999
1455,0.768023
1456,0.639996
1457,0.806459
1458,0.635573
1459,0.409024
1460,0.613996
1461,0.738239
1462,0.451402
1463,0.802741
1464,0.909525
1465,0.459499
1466,0.798438
1467,0.790399
1468,0.609941
1469,0.745308
1470,0.687429
1471,0.375396
1472,0.847755
1473,0.532307
1474,0.796967
1475,0.830807
1476,0.597368
1477,0.964386
1478,0.626365
1479,0.899508
1480,0.663826
1481,0.833295
1482,0.278685
1483,0.375052
1484,0.937826
1485,0.83286
1486,0.804095
1487,0.831731
1488,0.454352
1489,0.542713
1490,0.646273
1491,0.599257
1492,0.809975
1493,0.507616
1494,0.737636
1495,0.558707
1496,0.801367
1497,0.5921
1498,0.809008
1499,0.945006
1500,0.978137
1501,0.677713
1502,0.879147
1503,0.64321
1504,0.844646
1505,0.926772
1506,0.864574
1507,0.960129
1508,0.51001
1509,0.769989
1510,0.973036
1511,0.755645
1512,0.73786
1513,0.956962
1514,0.687792
1515,0.704819
1516,0.666877
1517,0.74442
1518,0.77118
1519,0.76327
1520,0.949335
1521,0.714566
1522,0.655347
1523,0.950804
1524,0.80015
1525,0.755547
1526,0.829234
1527,0.938351
1528,0.819108
1529,0.882688
1530,0.954679
1531,0.620409
1532,0.980666
1533,0.787269
1534,0.781896
1535,0.630723
1536,0.528685
1537,0.731827
1538,0.868785
1539,0.947745
1540,0.822402
1541,0.641864
1542,0.622616
1543,0.3538
1544,0.875394
1545,0.930209
1546,0.630075
1547,0.592813
1548,0.956162
1549,0.652484
1550,0.905768
1551,0.585815
1552,0.970651
1553,0.746647
1554,0.726478
1555,0.644973
1556,0.588491
1557,0.894412
1558,0.557939
1559,0.841179
1560,0.891237
1561,0.94499
1562,0.898381
1563,0.879704
1564,0.899244
1565,0.871513
1566,0.445926
1567,0.769079
1568,0.660783
1569,0.933785
1570,0.48014
1571,0.703964
1572,0.848417
1573,0.609648
1574,0.867379
1575,0.6431
1576,0.767615
1577,0.854469
1578,0.90788
1579,0.786673
1580,0.754786
1581,0.554863
1582,0.474504
1583,0.7415
1584,0.981175
1585,0.788297
1586,0.896874
1587,0.713884
1588,0.901033
1589,0.907586
1590,0.933696
1591,0.164426
1592,0.294933
1593,0.51898
1594,0.577074
1595,0.729679
1596,0.83291
1597,0.759789
1598,0.744536
1599,0.859845
1600,0.676964
1601,0.662636
1602,0.524662
1603,0.559842
1604,0.427054
1605,0.567502
1606,0.664081
1607,0.717391
1608,0.857187
1609,0.897937
1610,0.744861
1611,0.540221
1612,0.883368
1613,0.477386
1614,0.756653
1615,0.892111
1616,0.914702
1617,0.565831
1618,0.539307
1619,0.608546
1620,0.766973
1621,0.809187
1622,0.203205
1623,0.809596
1624,0.838189
1625,0.961344
1626,0.851252
1627,0.811457
1628,0.832747
1629,0.657104
1630,0.653081
1631,0.742554
1632,0.900531
1633,0.809026
1634,0.879027
1635,0.298767
1636,0.575965
1637,0.736166
1638,0.731471
1639,0.571173
1640,0.74679
1641,0.585191
1642,0.758769
1643,0.790521
1644,0.610059
1645,0.570633
1646,0.652656
1647,0.73522
1648,0.789373
1649,0.819437
1650,0.971678
1651,0.42194
1652,0.652169
1653,0.870015
1654,0.831745
1655,0.878897
1656,0.596311
1657,0.809687
1658,0.631106
1659,0.860896
1660,0.68905
1661,0.481134
1662,0.538612
1663,0.856582
1664,0.636284
1665,0.740428
1666,0.904066
1667,0.864255
1668,0.885145
1669,0.622752
1670,0.966849
1671,0.82089
1672,0.744796
1673,0.404244
1674,0.899336
1675,0.894858
1676,0.924901
1677,0.284333
1678,0.847359
1679,0.791414
1680,0.565051
1681,0.491688
1682,0.734534
1683,0.831441
1684,0.94921
1685,0.846865
1686,0.867342
1687,0.626681
1688,0.979711
1689,0.775642
1690,0.734933
1691,0.818383
1692,0.68116
1693,0.773328
1694,0.907957
1695,0.492726
1696,0.899102
1697,0.812086
1698,0.631002
1699,0.62564
1700,0.812688
1701,0.584979
1702,0.862276
1703,0.643616
1704,0.677683
1705,0.570402
1706,0.743561
1707,0.903186
1708,0.606674
1709,0.768738
1710,0.892369
1711,0.895257
1712,0.935855
1713,0.484016
1714,0.593559
1715,0.549707
1716,0.659772
1717,0.863103
1718,0.567679
1719,0.9393
1720,0.769039
1721,0.912284
1722,0.858845
1723,0.525335
1724,0.379122
1725,0.792907
1726,0.978042
1727,0.860479
1728,0.591744
1729,0.653331
1730,0.864061
1731,0.749391
1732,0.728464
1733,0.860639
1734,0.796986
1735,0.640617
1736,0.591278
1737,0.954156
1738,0.603303
1739,0.589636
1740,0.632136
1741,0.581521
1742,0.465045
1743,0.84832
1744,0.826937
1745,0.745346
1746,0.613665
1747,0.485302
1748,0.933329
1749,0.823895
1750,0.92732
1751,0.970377
1752,0.568745
1753,0.779978
1754,0.752291
1755,0.758121
1756,0.81735
1757,0.748328
1758,0.255288
1759,0.487247
1760,0.681286
1761,0.838971
1762,0.762635
1763,0.761272
1764,0.969127
1765,0.719121
1766,0.766949
1767,0.984189
1768,0.77864
1769,0.549362
1770,0.832218
1771,0.497087
1772,0.42748
1773,0.843178
1774,0.906057
1775,0.682729
1776,0.855175
1777,0.180443
1778,0.553696
1779,0.576143
1780,0.831482
1781,0.526946
1782,0.805944
1783,0.867303
1784,0.656001
1785,0.243759
1786,0.681928
1787,0.468498
1788,0.583171
1789,0.766801
1790,0.86317
1791,0.660592
1792,0.7103
1793,0.492643
1794,0.909677
1795,0.806373
1796,0.545996
1797,0.711013
1798,0.8917
1799,0.533785
1800,0.739949
1801,0.208185
1802,0.805431
1803,0.818087
1804,0.467784
1805,0.410849
1806,0.539541
1807,0.556499
1808,0.811536
1809,0.59852
1810,0.855352
1811,0.577409
1812,0.787474
1813,0.937055
1814,0.96537
1815,0.717919
1816,0.862005
1817,0.178297
1818,0.905224
1819,0.508401
1820,0.662401
1821,0.824599
1822,0.422
1823,0.788741
1824,0.651683
1825,0.452698
1826,0.962219
1827,0.77889
1828,0.73289
1829,0.521713
1830,0.463816
1831,0.77222
1832,0.791332
1833,0.837361
1834,0.608823
1835,0.581565
1836,0.776323
1837,0.92601
1838,0.883544
1839,0.691012
1840,0.832671
1841,0.805445
1842,0.778795
1843,0.877037
1844,0.872414
1845,0.665091
1846,0.57595
1847,0.892662
1848,0.869407
1849,0.583526
1850,0.868273
1851,0.708368
1852,0.733562
1853,0.719346
1854,0.908638
1855,0.889189
1856,0.958499
1857,0.84329
1858,0.525908
1859,0.961016
1860,0.935033
1861,0.534934
1862,0.683412
1863,0.4384
1864,0.960405
1865,0.837578
1866,0.605963
1867,0.533346
1868,0.524771
1869,0.855734
1870,0.797155
1871,0.820795
1872,0.632078
1873,0.64864
1874,0.552456
1875,0.199783
1876,0.412757
1877,0.472335
1878,0.387361
1879,0.691411
1880,0.917469
1881,0.547099
1882,0.793484
1883,0.920858
1884,0.950735
1885,0.753392
1886,0.869017
1887,0.800902
1888,0.5649
1889,0.764193
1890,0.641359
1891,0.688974
1892,0.710693
1893,0.550191
1894,0.741178
1895,0.860238
1896,0.973696
1897,0.723994
1898,0.80083
1899,0.865508
1900,0.607743
1901,0.712839
1902,0.777145
1903,0.761296
1904,0.868053
1905,0.600596
1906,0.841557
1907,0.748693
1908,0.935939
1909,0.901583
1910,0.918482
1911,0.968134
1912,0.187478
1913,0.878019
1914,0.608966
1915,0.857689
1916,0.740638
1917,0.723145
1918,0.932583
1919,0.464247
1920,0.544151
1921,0.795105
1922,0.679525
1923,0.97326
1924,0.874203
1925,0.725419
1926,0.797514
1927,0.446267
1928,0.746911
1929,0.444582
1930,0.862307
1931,0.656718
1932,0.942282
1933,0.700867
1934,0.435144
1935,0.786828
1936,0.750448
1937,0.647348
1938,0.713456
1939,0.940452
1940,0.924587
1941,0.776074
1942,0.727316
1943,0.834852
1944,0.757824
1945,0.818051
1946,0.650545
1947,0.94013
1948,0.759295
1949,0.1495
1950,0.819776
1951,0.656658
1952,0.6494
1953,0.584072
1954,0.468812
1955,0.638664
1956,0.789779
1957,0.515559
1958,0.888017
1959,0.988359
1960,0.951038
1961,0.389487
1962,0.906841
1963,0.514459
1964,0.628053
1965,0.636631
1966,0.417775
1967,0.845857
1968,0.913474
1969,0.653045
1970,0.159633
1971,0.70908
1972,0.277937
1973,0.666106
1974,0.576012
1975,0.781152
1976,0.630446
1977,0.87724
1978,0.838116
1979,0.851207
1980,0.766462
1981,0.821461
1982,0.674929
1983,0.593204
1984,0.935322
1985,0.615437
1986,0.854721
1987,0.955793
1988,0.806156
1989,0.710011
1990,0.728892
1991,0.606241
1992,0.544657
1993,0.736606
1994,0.855598
1995,0.963986
1996,0.760147
1997,0.658912
1998,0.918691
1999,0.709332
2000,0.854816
2001,0.845093
2002,0.794413
2003,0.1577
2004,0.216842
2005,0.958236
2006,0.846005
2007,0.705302
2008,0.367267
2009,0.360703
2010,0.346094
2011,0.346611
2012,0.922475
2013,0.650346
2014,0.390271
2015,0.35112
2016,0.243314
2017,0.771893
2018,0.660468
2019,0.903398
2020,0.75546
2021,0.709288
2022,0.601169
2023,0.810479
2024,0.532268
2025,0.494105
2026,0.478086
2027,0.754611
2028,0.726957
2029,0.912965
2030,0.72642
2031,0.896758
2032,0.441403
2033,0.82538
2034,0.604869
2035,0.621777
2036,0.519389
2037,0.760241
2038,0.826459
2039,0.941497
2040,0.803738
2041,0.640168
2042,0.826633
2043,0.950604
2044,0.954528
2045,0.719398
2046,0.555773
2047,0.576415
2048,0.725417
2049,0.608638
2050,0.376834
2051,0.724158
2052,0.747893
2053,0.838614
2054,0.737634
2055,0.95468
2056,0.597964
2057,0.86607
2058,0.869261
2059,0.646019
2060,0.956391
2061,0.677757
2062,0.713011
2063,0.54536
2064,0.789034
2065,0.879779
2066,0.63225
2067,0.679513
2068,0.674244
2069,0.882645
2070,0.785236
2071,0.840103
2072,0.850667
2073,0.462602
2074,0.6253
2075,0.781375
2076,0.41749
2077,0.746797
2078,0.547092
2079,0.740125
2080,0.810192
2081,0.973643
2082,0.733856
2083,0.691817
2084,0.795805
2085,0.838475
2086,0.970429
2087,0.823581
2088,0.735486
2089,0.594489
2090,0.607363
2091,0.504319
2092,0.976322
2093,0.776689
2094,0.685519
2095,0.948522
2096,0.678629
2097,0.768115
2098,0.761841
2099,0.915406
2100,0.435282
2101,0.680584
2102,0.515132
2103,0.860801
2104,0.662717
2105,0.76031
2106,0.422851
2107,0.958367
2108,0.268078
2109,0.70298
2110,0.568892
2111,0.795214
2112,0.811816
2113,0.922972
2114,0.622799
2115,0.833011
2116,0.839504
2117,0.567976
2118,0.965509
2119,0.614137
2120,0.94159
2121,0.895962
2122,0.957288
2123,0.90393
2124,0.785861
2125,0.582184
2126,0.754035
2127,0.491761
2128,0.223808
2129,0.959871
2130,0.596473
2131,0.182674
2132,0.706243
2133,0.826272
2134,0.961042
2135,0.717544
2136,0.931676
2137,0.671928
2138,0.957673
2139,0.68452
2140,0.965385
2141,0.444328
2142,0.744728
2143,0.751379
2144,0.713993
2145,0.56347
2146,0.457077
2147,0.939878
2148,0.659747
2149,0.694482
2150,0.696208
2151,0.950249
2152,0.646551
2153,0.938363
2154,0.562582
2155,0.706941
2156,0.567518
2157,0.727296
2158,0.536239
2159,0.782675
2160,0.592262
2161,0.543974
2162,0.117753
2163,0.570345
2164,0.719114
2165,0.554438
2166,0.673389
2167,0.729251
2168,0.835378
2169,0.684241
2170,0.605309
2171,0.79939
2172,0.846462
2173,0.705281
2174,0.557413
2175,0.846666
2176,0.211053
2177,0.873062
2178,0.928314
2179,0.758015
2180,0.91098
2181,0.300937
2182,0.806539
2183,0.70253
2184,0.342495
2185,0.876727
2186,0.876435
2187,0.655347
2188,0.620806
2189,0.757121
2190,0.657269
2191,0.783574
2192,0.541757
2193,0.803614
2194,0.70927
2195,0.624419
2196,0.971317
2197,0.631459
2198,0.876966
2199,0.874385
2200,0.700726
2201,0.652681
2202,0.804251
2203,0.78246
2204,0.36725
2205,0.758604
2206,0.875291
2207,0.453478
2208,0.591749
2209,0.636425
2210,0.772643
2211,0.842862
2212,0.733345
2213,0.836821
2214,0.975315
2215,0.737701
2216,0.628762
2217,0.97608
2218,0.720312
2219,0.592918
2220,0.630531
2221,0.49907
2222,0.65478
2223,0.786023
2224,0.905719
2225,0.730537
2226,0.728698
2227,0.652114
2228,0.496946
2229,0.506044
2230,0.599167
2231,0.730072
2232,0.537998
2233,0.439191
2234,0.176225
2235,0.423375
2236,0.890491
2237,0.811675
2238,0.75278
2239,0.595733
2240,0.666404
2241,0.882125
2242,0.660747
2243,0.704941
2244,0.814232
2245,0.859422
2246,0.620675
2247,0.707066
2248,0.833966
2249,0.887572
2250,0.423629
2251,0.683547
2252,0.91668
2253,0.239901
2254,0.919915
2255,0.660001
2256,0.270904
2257,0.52817
2258,0.65848
2259,0.896551
2260,0.59938
2261,0.11587
2262,0.244356
2263,0.446849
2264,0.909349
2265,0.528058
2266,0.639534
2267,0.645135
2268,0.555991
2269,0.861616
2270,0.726022
2271,0.924965
2272,0.553936
2273,0.813346
2274,0.694146
2275,0.910814
2276,0.814517
2277,0.764838
2278,0.30899
2279,0.839973
2280,0.768289
2281,0.661153
2282,0.75635
2283,0.86266
2284,0.641386
2285,0.539681
2286,0.253732
2287,0.914634
2288,0.696681
2289,0.609134
2290,0.681624
2291,0.803544
2292,0.581362
2293,0.820362
2294,0.2662
2295,0.455172
2296,0.380806
2297,0.531782
2298,0.806859
2299,0.594585
2300,0.701426
2301,0.974822
2302,0.946612
2303,0.657325
2304,0.866107
2305,0.647292
2306,0.590515
2307,0.484329
2308,0.583595
2309,0.743418
2310,0.778381
2311,0.188033
2312,0.848856
2313,0.17844
2314,0.918458
2315,0.67681
2316,0.916871
2317,0.279336
2318,0.905145
2319,0.896884
2320,0.563364
2321,0.905524
2322,0.897382
2323,0.681008
2324,0.816048
2325,0.481121
2326,0.834093
2327,0.389945
2328,0.680021
2329,0.940466
2330,0.92069
2331,0.654152
2332,0.835391
2333,0.750906
2334,0.721193
2335,0.57304
2336,0.975699
2337,0.816904
2338,0.166847
2339,0.84024
2340,0.827111
2341,0.577668
2342,0.694161
2343,0.450707
2344,0.786908
2345,0.811219
2346,0.744029
2347,0.86525
2348,0.843532
2349,0.540012
2350,0.50238
2351,0.933345
2352,0.855381
2353,0.808228
2354,0.81497
2355,0.647915
2356,0.798034
2357,0.60481
2358,0.762832
2359,0.942841
2360,0.516644
2361,0.796703
2362,0.764446
2363,0.53183
2364,0.820231
2365,0.735097
2366,0.718267
2367,0.64164
2368,0.696606
2369,0.711784
2370,0.74226
2371,0.730135
2372,0.878036
2373,0.713791
2374,0.600341
2375,0.835174
2376,0.297877
2377,0.559461
2378,0.465229
2379,0.607641
2380,0.623399
2381,0.48142
2382,0.948737
2383,0.943581
2384,0.807672
2385,0.90563
2386,0.755519
2387,0.787358
2388,0.867294
2389,0.93874
2390,0.553374
2391,0.94817
2392,0.791279
2393,0.91619
2394,0.799519
2395,0.820118
2396,0.7054
2397,0.715104
2398,0.940456
2399,0.551811
2400,0.907502
2401,0.880336
2402,0.596835
2403,0.749416
2404,0.888944
2405,0.949795
2406,0.882279
2407,0.693961
2408,0.522034
2409,0.826308
2410,0.958713
2411,0.806647
2412,0.618226
2413,0.736922
2414,0.58177
2415,0.858514
2416,0.911505
2417,0.817892
2418,0.389955
2419,0.793294
2420,0.674574
2421,0.876981
2422,0.877889
2423,0.637295
2424,0.544927
2425,0.868016
2426,0.743265
2427,0.541474
2428,0.883325
2429,0.85161
2430,0.900749
2431,0.654343
2432,0.874127
2433,0.614986
2434,0.737973
2435,0.574937
2436,0.528735
2437,0.612511
2438,0.697426
2439,0.7746
2440,0.724935
2441,0.87225
2442,0.704882
2443,0.913085
2444,0.756462
2445,0.572904
2446,0.742751
2447,0.773821
2448,0.729505
2449,0.728107
2450,0.924591
2451,0.70659
2452,0.833805
2453,0.629644
2454,0.865013
2455,0.597675
2456,0.818553
2457,0.967076
2458,0.934666
2459,0.631808
2460,0.671344
2461,0.604469
2462,0.48452
2463,0.195624
2464,0.796412
2465,0.66027
2466,0.516519
2467,0.680102
2468,0.679488
2469,0.629227
2470,0.931432
2471,0.652843
2472,0.940474
2473,0.527432
2474,0.420784
2475,0.605404
2476,0.934669
2477,0.836149
2478,0.457795
2479,0.7119
2480,0.660205
2481,0.440894
2482,0.792761
2483,0.691834
2484,0.721383
2485,0.682385
2486,0.91119
2487,0.621426
2488,0.831586
2489,0.71398
2490,0.82753
2491,0.750225
2492,0.47416
2493,0.898521
2494,0.626872
2495,0.94611
2496,0.819056
2497,0.961951
2498,0.690084
2499,0.849811
2500,0.70737
2501,0.448475
2502,0.532579
2503,0.883844
2504,0.353584
2505,0.513352
2506,0.800753
2507,0.444238
2508,0.608594
2509,0.355498
2510,0.652168
2511,0.719455
2512,0.630048
2513,0.642809
2514,0.48196
2515,0.655528
2516,0.703547
2517,0.777795
2518,0.625512
2519,0.95445
2520,0.586693
2521,0.669183
2522,0.507655
2523,0.892031
2524,0.938401
2525,0.55327
2526,0.629986
2527,0.663857
2528,0.438025
2529,0.662931
2530,0.447035
2531,0.737702
2532,0.825803
2533,0.695897
2534,0.602384
2535,0.623899
2536,0.874161
2537,0.596204
2538,0.665878
2539,0.618279
2540,0.527844
2541,0.652001
2542,0.706953
2543,0.775486
2544,0.736923
2545,0.508353
2546,0.589312
2547,0.785688
2548,0.487906
2549,0.897169
2550,0.616117
2551,0.822178
2552,0.738799
2553,0.836793
2554,0.887001
2555,0.755441
2556,0.802625
2557,0.627851
2558,0.761114
2559,0.849802
2560,0.661586
2561,0.779598
2562,0.541369
2563,0.870465
2564,0.659271
2565,0.91495
2566,0.629112
2567,0.740306
2568,0.62938
2569,0.71662
2570,0.753323
2571,0.598536
2572,0.846953
2573,0.413469
2574,0.4336
2575,0.780428
2576,0.729606
2577,0.737916
2578,0.633796
2579,0.766371
2580,0.652643
2581,0.727069
2582,0.836352
2583,0.84296
2584,0.413626
2585,0.94398
2586,0.910004
2587,0.733629
2588,0.729744
2589,0.853075
2590,0.66559
2591,0.729228
2592,0.503131
2593,0.40474
2594,0.8391
2595,0.840687
2596,0.4144
2597,0.624031
2598,0.758627
2599,0.918839
2600,0.807034
2601,0.670096
2602,0.661993
2603,0.844365
2604,0.614499
2605,0.717011
2606,0.523123
2607,0.681458
2608,0.437389
2609,0.901671
2610,0.191185
2611,0.813982
2612,0.465187
2613,0.809215
2614,0.539705
2615,0.825152
2616,0.834349
2617,0.636635
2618,0.692665
2619,0.817823
2620,0.853713
2621,0.627828
2622,0.846454
2623,0.737182
2624,0.451462
2625,0.508169
2626,0.5994
2627,0.701947
2628,0.975789
2629,0.841133
2630,0.712116
2631,0.74535
2632,0.923847
2633,0.857197
2634,0.655567
2635,0.216362
2636,0.556394
2637,0.784004
2638,0.691164
2639,0.964331
2640,0.606897
2641,0.558602
2642,0.959582
2643,0.641831
2644,0.513833
2645,0.939791
2646,0.881408
2647,0.567789
2648,0.71523
2649,0.702993
2650,0.805352
2651,0.766463
2652,0.621248
2653,0.985531
2654,0.724451
2655,0.852961
2656,0.688708
2657,0.378692
2658,0.784522
2659,0.875805
2660,0.577209
2661,0.78744
2662,0.633124
2663,0.821976
2664,0.62031
2665,0.828854
2666,0.95952
2667,0.566709
2668,0.410858
2669,0.724308
2670,0.650738
2671,0.788991
2672,0.692043
2673,0.266318
2674,0.64111
2675,0.628113
2676,0.702857
2677,0.90069
2678,0.974191
2679,0.611762
2680,0.658928
2681,0.79441
2682,0.602148
2683,0.93448
2684,0.885088
2685,0.672947
2686,0.650286
2687,0.696159
2688,0.598256
2689,0.873553
2690,0.748219
2691,0.656033
2692,0.478716
2693,0.834852
2694,0.626102
2695,0.752349
2696,0.37276
2697,0.81382
2698,0.888086
2699,0.804508
2700,0.763059
2701,0.732986
2702,0.721334
2703,0.854213
2704,0.536022
2705,0.751089
2706,0.846574
2707,0.94734
2708,0.798909
2709,0.723636
2710,0.89215
2711,0.488846
2712,0.807249
2713,0.72551
2714,0.951702
2715,0.75493
2716,0.6664
2717,0.298378
2718,0.219294
2719,0.844737
2720,0.475719
2721,0.838321
2722,0.787415
2723,0.831646
2724,0.937853
2725,0.83152
2726,0.852359
2727,0.907013
2728,0.450939
2729,0.627629
2730,0.299285
2731,0.545666
2732,0.747103
2733,0.836455
2734,0.90202
2735,0.7361
2736,0.853625
2737,0.646936
2738,0.959885
2739,0.406256
2740,0.948638
2741,0.577052
2742,0.476628
2743,0.785614
2744,0.90911
2745,0.853078
2746,0.836804
2747,0.860045
2748,0.965647
2749,0.622344
2750,0.679179
2751,0.938909
2752,0.887808
2753,0.485896
2754,0.740381
2755,0.634044
2756,0.735302
2757,0.696193
2758,0.855149
2759,0.596214
2760,0.650641
2761,0.711054
2762,0.452305
2763,0.661421
2764,0.704833
2765,0.395976
2766,0.680515
2767,0.657013
2768,0.695652
2769,0.733014
2770,0.669051
2771,0.661703
2772,0.555491
2773,0.871717
2774,0.870953
2775,0.883405
2776,0.931082
2777,0.868023
2778,0.682667
2779,0.714689
2780,0.732796
2781,0.693862
2782,0.806837
2783,0.77959
2784,0.701144
2785,0.900338
2786,0.875703
2787,0.908148
2788,0.62149
2789,0.745959
2790,0.468628
2791,0.427699
2792,0.934323
2793,0.623072
2794,0.317959
2795,0.898357
2796,0.592818
2797,0.921588
2798,0.950703
2799,0.977243
2800,0.59547
2801,0.503732
2802,0.600179
2803,0.848622
2804,0.54571
2805,0.835686
2806,0.829529
2807,0.795975
2808,0.986333
2809,0.915255
2810,0.88569
2811,0.714477
2812,0.771737
2813,0.936822
2814,0.940063
2815,0.592934
2816,0.549959
2817,0.724037
2818,0.87674
2819,0.573466
2820,0.341091
2821,0.556603
2822,0.588265
2823,0.806124
2824,0.815044
2825,0.846237
2826,0.600746
2827,0.967506
2828,0.942923
2829,0.639417
2830,0.67174
2831,0.923438
2832,0.790498
2833,0.67968
2834,0.683325
2835,0.703917
2836,0.937025
2837,0.55039
2838,0.865547
2839,0.796012
2840,0.931877
2841,0.888978
2842,0.821252
2843,0.36706
2844,0.781415
2845,0.323724
2846,0.790525
2847,0.838429
2848,0.588886
2849,0.872162
2850,0.685398
2851,0.471287
2852,0.767337
2853,0.853852
2854,0.897015
2855,0.648447
2856,0.71155
2857,0.700837
2858,0.737208
2859,0.55407
2860,0.872066
2861,0.790804
2862,0.435093
2863,0.606965
2864,0.693966
2865,0.682462
2866,0.73643
2867,0.674849
2868,0.872703
2869,0.736395
2870,0.638172
2871,0.382659
2872,0.610742
2873,0.824935
2874,0.810115
2875,0.899814
2876,0.709887
2877,0.94102
2878,0.944322
2879,0.576928
2880,0.874798
2881,0.742852
2882,0.68454
2883,0.700225
2884,0.919131
2885,0.696297
2886,0.928935
2887,0.757257
2888,0.39721
2889,0.54442
2890,0.849483
2891,0.807297
2892,0.850749
2893,0.702728
2894,0.675253
2895,0.826016
2896,0.7252
2897,0.577718
2898,0.782636
2899,0.946702
2900,0.890833
2901,0.823399
2902,0.752027
2903,0.608953
2904,0.705057
2905,0.929369
2906,0.597175
2907,0.669062
2908,0.666245
2909,0.719015
2910,0.668339
2911,0.410357
2912,0.543603
2913,0.903949
2914,0.658891
2915,0.549684
2916,0.89645
2917,0.696496
2918,0.774762
2919,0.920314
2920,0.6188
2921,0.735161
2922,0.393985
2923,0.659475
2924,0.438285
2925,0.943796
2926,0.672872
2927,0.72191
2928,0.549645
2929,0.524498
2930,0.560965
2931,0.562868
2932,0.446085
2933,0.647732
2934,0.710225
2935,0.549564
2936,0.952805
2937,0.834266
2938,0.564455
2939,0.730598
2940,0.962334
2941,0.950937
2942,0.369565
2943,0.656754
2944,0.81069
2945,0.793211
2946,0.769753
2947,0.8143
2948,0.90149
2949,0.518447
2950,0.726147
2951,0.796213
2952,0.799501
2953,0.739339
2954,0.836799
2955,0.803142
2956,0.929042
2957,0.778789
2958,0.601919
2959,0.767426
2960,0.921047
2961,0.777328
2962,0.60702
2963,0.745986
2964,0.422812
2965,0.88357
2966,0.7804
2967,0.71128
2968,0.743278
2969,0.555082
2970,0.604675
2971,0.795808
2972,0.780976
2973,0.742528
2974,0.575411
2975,0.857781
2976,0.71635
2977,0.670599
2978,0.845603
2979,0.773552
2980,0.943592
2981,0.875936
2982,0.971497
2983,0.631922
2984,0.53912
2985,0.67721
2986,0.860131
2987,0.930925
2988,0.76444
2989,0.385391
2990,0.699683
2991,0.606057
2992,0.811305
2993,0.559777
2994,0.742349
2995,0.665378
2996,0.837336
2997,0.657643
2998,0.810853
2999,0.865668
3000,0.719172
3001,0.784969
3002,0.777475
3003,0.429449
3004,0.754824
3005,0.920947
3006,0.707976
3007,0.879325
3008,0.835582
3009,0.852724
3010,0.981775
3011,0.778048
3012,0.778626
3013,0.804743
3014,0.87729
3015,0.884634
3016,0.273036
3017,0.838205
3018,0.52661
3019,0.959935
3020,0.677041
3021,0.84418
3022,0.916279
3023,0.739921
3024,0.724712
3025,0.723493
3026,0.706866
3027,0.859996
3028,0.847506
3029,0.406425
3030,0.819583
3031,0.954112
3032,0.555633
3033,0.725907
3034,0.650586
3035,0.784587
3036,0.681412
3037,0.346459
3038,0.617958
3039,0.8024
3040,0.559787
3041,0.605652
3042,0.700574
3043,0.661789
3044,0.587701
3045,0.707191
3046,0.820599
3047,0.646839
3048,0.780286
3049,0.642291
3050,0.531378
3051,0.40831
3052,0.774208
3053,0.858238
3054,0.680937
3055,0.972056
3056,0.931714
3057,0.638068
3058,0.702078
3059,0.678345
3060,0.775791
3061,0.684918
3062,0.8545
3063,0.562161
3064,0.550292
3065,0.941147
3066,0.718848
3067,0.922819
3068,0.944529
3069,0.775453
3070,0.595192
3071,0.940594
3072,0.838025
3073,0.863134
3074,0.706913
3075,0.339299
3076,0.843781
3077,0.682339
3078,0.890396
3079,0.83822
3080,0.454586
3081,0.272858
3082,0.570014
3083,0.797867
3084,0.919789
3085,0.721624
3086,0.965918
3087,0.703623
3088,0.692358
3089,0.545134
3090,0.866734
3091,0.655946
3092,0.73584
3093,0.448954
3094,0.702973
3095,0.496826
3096,0.11614
3097,0.672711
3098,0.921783
3099,0.557254
3100,0.703902
3101,0.558012
3102,0.89302
3103,0.73916
3104,0.889917
3105,0.872504
3106,0.675635
3107,0.600469
3108,0.494608
3109,0.68462
3110,0.564974
3111,0.616905
3112,0.504309
3113,0.913852
3114,0.966377
3115,0.606479
3116,0.699922
3117,0.773687
3118,0.577933
3119,0.677555
3120,0.563663
3121,0.821564
3122,0.393536
3123,0.729154
3124,0.455707
3125,0.84099
3126,0.863016
3127,0.779494
3128,0.813964
3129,0.962366
3130,0.869741
3131,0.677244
3132,0.681365
3133,0.400413
3134,0.863708
3135,0.773941
3136,0.59974
3137,0.405521
3138,0.703568
3139,0.957688
3140,0.635744
3141,0.560812
3142,0.527129
3143,0.54118
3144,0.620128
3145,0.616415
3146,0.832306
3147,0.807087
3148,0.960301
3149,0.678225
3150,0.909615
3151,0.129848
3152,0.820904
3153,0.782022
3154,0.878133
3155,0.901405
3156,0.959182
3157,0.850427
3158,0.897656
3159,0.524136
3160,0.833651
3161,0.64287
3162,0.738627
3163,0.94195
3164,0.481189
3165,0.917163
3166,0.861832
3167,0.982193
3168,0.799368
3169,0.882456
3170,0.560472
3171,0.821623
3172,0.687808
3173,0.781976
3174,0.746663
3175,0.366257
3176,0.664831
3177,0.535298
3178,0.48267
3179,0.868964
3180,0.560212
3181,0.570473
3182,0.200069
3183,0.950199
3184,0.945949
3185,0.775714
3186,0.879652
3187,0.954015
3188,0.859775
3189,0.450368
3190,0.585329
3191,0.81376
3192,0.950076
3193,0.772229
3194,0.669558
3195,0.962087
3196,0.814003
3197,0.373766
3198,0.826586
3199,0.897171
3200,0.791362
3201,0.470247
3202,0.854777
3203,0.932133
3204,0.948833
3205,0.965307
3206,0.444204
3207,0.835599
3208,0.80257
3209,0.931794
3210,0.765302
3211,0.834878
3212,0.805392
3213,0.502113
3214,0.552413
3215,0.548021
3216,0.488048
3217,0.621392
3218,0.758573
3219,0.959748
3220,0.603927
3221,0.807245
3222,0.461357
3223,0.610025
3224,0.747314
3225,0.948779
3226,0.583044
3227,0.868491
3228,0.861083
3229,0.836158
3230,0.828865
3231,0.592244
3232,0.79198
3233,0.562692
3234,0.819454
3235,0.974393
3236,0.629585
3237,0.892025
3238,0.921076
3239,0.657729
3240,0.628485
3241,0.492591
3242,0.612803
3243,0.715899
3244,0.782776
3245,0.51388
3246,0.706204
3247,0.768147
3248,0.703066
3249,0.664955
3250,0.853226
3251,0.935482
3252,0.649538
3253,0.504446
3254,0.875214
3255,0.973687
3256,0.722962
3257,0.642483
3258,0.84962
3259,0.724563
3260,0.658456
3261,0.841602
3262,0.509724
3263,0.968734
3264,0.878899
3265,0.851377
3266,0.374151
3267,0.795485
3268,0.858878
3269,0.669278
3270,0.976871
3271,0.890071
3272,0.927204
3273,0.515756
3274,0.662675
3275,0.563063
3276,0.54134
3277,0.236522
3278,0.864674
3279,0.380247
3280,0.687359
3281,0.680003
3282,0.96579
3283,0.646333
3284,0.513852
3285,0.759091
3286,0.963767
3287,0.927853
3288,0.749475
3289,0.514296
3290,0.476402
3291,0.915859
3292,0.8959
3293,0.466646
3294,0.519041
3295,0.774508
3296,0.680378
3297,0.959723
3298,0.648389
3299,0.893407
3300,0.744799
3301,0.676568
3302,0.673986
3303,0.471074
3304,0.621509
3305,0.892736
3306,0.786926
3307,0.131834
3308,0.782786
3309,0.825843
3310,0.818625
3311,0.355781
3312,0.790941
3313,0.887039
3314,0.555523
3315,0.251581
3316,0.840333
3317,0.739004
3318,0.689622
3319,0.686116
3320,0.813596
3321,0.926836
3322,0.510162
3323,0.866299
3324,0.870479
3325,0.646207
3326,0.749179
3327,0.734616
3328,0.801362
3329,0.691589
3330,0.743327
3331,0.848567
3332,0.604343
3333,0.277961
3334,0.889635
3335,0.503434
3336,0.578243
3337,0.657849
3338,0.574267
3339,0.88196
3340,0.550924
3341,0.972259
3342,0.922035
3343,0.854496
3344,0.781634
3345,0.835732
3346,0.913402
3347,0.749476
3348,0.944194
3349,0.611297
3350,0.939519
3351,0.632741
3352,0.689993
3353,0.92744
3354,0.811009
3355,0.793356
3356,0.749154
3357,0.664623
3358,0.687402
3359,0.877157
3360,0.637045
3361,0.934012
3362,0.660263
3363,0.967596
3364,0.923499
3365,0.475154
3366,0.61518
3367,0.76886
3368,0.66175
3369,0.94327
3370,0.739645
3371,0.615555
3372,0.287722
3373,0.749904
3374,0.63629
3375,0.704367
3376,0.716443
3377,0.611333
3378,0.672538
3379,0.788337
3380,0.775759
3381,0.454378
3382,0.570397
3383,0.919161
3384,0.834426
3385,0.818192
3386,0.852515
3387,0.486505
3388,0.854156
3389,0.448642
3390,0.368124
3391,0.934542
3392,0.974839
3393,0.838335
3394,0.832869
3395,0.675915
3396,0.9141
3397,0.714145
3398,0.870023
3399,0.936161
3400,0.946152
3401,0.804253
3402,0.684746
3403,0.624047
3404,0.843307
3405,0.86798
3406,0.858204
3407,0.458015
3408,0.781892
3409,0.52646
3410,0.695275
3411,0.705894
3412,0.647004
3413,0.787183
3414,0.893449
3415,0.725324
3416,0.618965
3417,0.747167
3418,0.749778
3419,0.745605
3420,0.433138
3421,0.71376
3422,0.910311
3423,0.770907
3424,0.784772
3425,0.496071
3426,0.783235
3427,0.803243
3428,0.097105
3429,0.757649
3430,0.571627
3431,0.533769
3432,0.683044
3433,0.824444
3434,0.799321
3435,0.758967
3436,0.687307
3437,0.548973
3438,0.577918
3439,0.681909
3440,0.839411
3441,0.54691
3442,0.7729
3443,0.51852
3444,0.476436
3445,0.616691
3446,0.825391
3447,0.791986
3448,0.514675
3449,0.601173
3450,0.914795
3451,0.900404
3452,0.580201
3453,0.863842
3454,0.729816
3455,0.600346
3456,0.617878
3457,0.862272
3458,0.910282
3459,0.876502
3460,0.577935
3461,0.642534
3462,0.145712
3463,0.842062
3464,0.626168
3465,0.880997
3466,0.929289
3467,0.166982
3468,0.830003
3469,0.822322
3470,0.657605
3471,0.61068
3472,0.811704
3473,0.587493
3474,0.872754
3475,0.586227
3476,0.830779
3477,0.715364
3478,0.927297
3479,0.559324
3480,0.69558
3481,0.736956
3482,0.816526
3483,0.615124
3484,0.81863
3485,0.733278
3486,0.530005
3487,0.714187
3488,0.794328
3489,0.826133
3490,0.630798
3491,0.564952
3492,0.381932
3493,0.601457
3494,0.662399
3495,0.958602
3496,0.581201
3497,0.966664
3498,0.922194
3499,0.847947
3500,0.835311
3501,0.593148
3502,0.87872
3503,0.942398
3504,0.739837
3505,0.413098
3506,0.93574
3507,0.723219
3508,0.820454
3509,0.587479
3510,0.939003
3511,0.705254
3512,0.435337
3513,0.826162
3514,0.820512
3515,0.770604
3516,0.891529
3517,0.564497
3518,0.607418
3519,0.53419
3520,0.725194
3521,0.802988
3522,0.987337
3523,0.891638
3524,0.705767
3525,0.559079
3526,0.927128
3527,0.8332
3528,0.810245
3529,0.806476
3530,0.86745
3531,0.562932
3532,0.884749
3533,0.914888
3534,0.674705
3535,0.59498
3536,0.903288
3537,0.897056
3538,0.602839
3539,0.243727
3540,0.882279
3541,0.435363
3542,0.88018
3543,0.733341
3544,0.676599
3545,0.894482
3546,0.3526
3547,0.897153
3548,0.877861
3549,0.892958
3550,0.749601
3551,0.884117
3552,0.82351
3553,0.418689
3554,0.918328
3555,0.952731
3556,0.888402
3557,0.680265
3558,0.480621
3559,0.795341
3560,0.556345
3561,0.638336
3562,0.826578
3563,0.72486
3564,0.755185
3565,0.643886
3566,0.963078
3567,0.56098
3568,0.728666
3569,0.729304
3570,0.561953
3571,0.651053
3572,0.703333
3573,0.288152
3574,0.719033
3575,0.946362
3576,0.728994
3577,0.710884
3578,0.642752
3579,0.637613
3580,0.935459
3581,0.921683
3582,0.73895
3583,0.848659
3584,0.460462
3585,0.971889
3586,0.420855
3587,0.917699
3588,0.576373
3589,0.290455
3590,0.687902
3591,0.827123
3592,0.222904
3593,0.730224
3594,0.361312
3595,0.828435
3596,0.885135
3597,0.583341
3598,0.647356
3599,0.795721
3600,0.962577
3601,0.86494
3602,0.649166
3603,0.622746
3604,0.577819
3605,0.677357
3606,0.79159
3607,0.835966
3608,0.437087
3609,0.57589
3610,0.757835
3611,0.978798
3612,0.775185
3613,0.483906
3614,0.712843
3615,0.735655
3616,0.551483
3617,0.457718
3618,0.662418
3619,0.839135
3620,0.876764
3621,0.984657
3622,0.879281
3623,0.626715
3624,0.749086
3625,0.690938
3626,0.891319
3627,0.819582
3628,0.652681
3629,0.133166
3630,0.735395
3631,0.902487
3632,0.512382
3633,0.90105
3634,0.683384
3635,0.683057
3636,0.932927
3637,0.846972
3638,0.905737
3639,0.688325
3640,0.762119
3641,0.70143
3642,0.777416
3643,0.831198
3644,0.345913
3645,0.947501
3646,0.811456
3647,0.708824
3648,0.742347
3649,0.843387
3650,0.488218
3651,0.916599
3652,0.86195
3653,0.548187
3654,0.950274
3655,0.466334
3656,0.470241
3657,0.917937
3658,0.872314
3659,0.860554
3660,0.960161
3661,0.624554
3662,0.8661
3663,0.628482
3664,0.199912
3665,0.308912
3666,0.75934
3667,0.656855
3668,0.91032
3669,0.842426
3670,0.752817
3671,0.295419
3672,0.750998
3673,0.344395
3674,0.533902
3675,0.720237
3676,0.796299
3677,0.782558
3678,0.545014
3679,0.531079
3680,0.655927
3681,0.935411
3682,0.451253
3683,0.674457
3684,0.94057
3685,0.56106
3686,0.435672
3687,0.692389
3688,0.845244
3689,0.382314
3690,0.347104
3691,0.972198
3692,0.582432
3693,0.821981
3694,0.590774
3695,0.809192
3696,0.900988
3697,0.633317
3698,0.863617
3699,0.837332
3700,0.799977
3701,0.585184
3702,0.890734
3703,0.689759
3704,0.45628
3705,0.682991
3706,0.672296
3707,0.866896
3708,0.572791
3709,0.911611
3710,0.319277
3711,0.40969
3712,0.739893
3713,0.64219
3714,0.748359
3715,0.901742
3716,0.764356
3717,0.677087
3718,0.793974
3719,0.797146
3720,0.607309
3721,0.487319
3722,0.837428
3723,0.687977
3724,0.810376
3725,0.89297
3726,0.817352
3727,0.741497
3728,0.885727
3729,0.596765
3730,0.746027
3731,0.835582
3732,0.856746
3733,0.836088
3734,0.758057
3735,0.791429
3736,0.52068
3737,0.971681
3738,0.635464
3739,0.641423
3740,0.951432
3741,0.635864
3742,0.637873
3743,0.872734
3744,0.578212
3745,0.846755
3746,0.973248
3747,0.650325
3748,0.700294
3749,0.873543
3750,0.850949
3751,0.575661
3752,0.847205
3753,0.539292
3754,0.724071
3755,0.393446
3756,0.700393
3757,0.666123
3758,0.778685
3759,0.834675
3760,0.652985
3761,0.694257
3762,0.490407
3763,0.913076
3764,0.741041
3765,0.861573
3766,0.584467
3767,0.808214
3768,0.824481
3769,0.601815
3770,0.627665
3771,0.588068
3772,0.922877
3773,0.783172
3774,0.944633
3775,0.917929
3776,0.932376
3777,0.584786
3778,0.666455
3779,0.530415
3780,0.892208
3781,0.379235
3782,0.575196
3783,0.797433
3784,0.774187
3785,0.80238
3786,0.631908
3787,0.840619
3788,0.616484
3789,0.853071
3790,0.435352
3791,0.949089
3792,0.7143
3793,0.680373
3794,0.749308
3795,0.886375
3796,0.787107
3797,0.592754
3798,0.60274
3799,0.687548
3800,0.803318
3801,0.723511
3802,0.738648
3803,0.50791
3804,0.493935
3805,0.715835
3806,0.623621
3807,0.876689
3808,0.810825
3809,0.654475
3810,0.931147
3811,0.683735
3812,0.623254
3813,0.522519
3814,0.516635
3815,0.901692
3816,0.147567
3817,0.423352
3818,0.925221
3819,0.633574
3820,0.760253
3821,0.810182
3822,0.729374
3823,0.797127
3824,0.472166
3825,0.758258
3826,0.693029
3827,0.688878
3828,0.847975
3829,0.903183
3830,0.91068
3831,0.719163
3832,0.846772
3833,0.752669
3834,0.599906
3835,0.856823
3836,0.837152
3837,0.707877
3838,0.898061
3839,0.565582
3840,0.792526
3841,0.899572
3842,0.51287
3843,0.595042
3844,0.767122
3845,0.660888
3846,0.741829
3847,0.932205
3848,0.659955
3849,0.958652
3850,0.836528
3851,0.567421
3852,0.923648
3853,0.665944
3854,0.746795
3855,0.619306
3856,0.902391
3857,0.898992
3858,0.453165
3859,0.789659
3860,0.731127
3861,0.467718
3862,0.538042
3863,0.726879
3864,0.903472
3865,0.97452
3866,0.479026
3867,0.956294
3868,0.752188
3869,0.513001
3870,0.701553
3871,0.57771
3872,0.439426
3873,0.554075
3874,0.649308
3875,0.257057
3876,0.526995
3877,0.559116
3878,0.968387
3879,0.688308
3880,0.865732
3881,0.690139
3882,0.440642
3883,0.623484
3884,0.421116
3885,0.719443
3886,0.927795
3887,0.720352
3888,0.584092
3889,0.96359
3890,0.88649
3891,0.540845
3892,0.697573
3893,0.809138
3894,0.442156
3895,0.792593
3896,0.530781
3897,0.888216
3898,0.933815
3899,0.831611
3900,0.815532
3901,0.772406
3902,0.750815
3903,0.528046
3904,0.550979
3905,0.905174
3906,0.657683
3907,0.489823
3908,0.955984
3909,0.851909
3910,0.812179
3911,0.702419
3912,0.73453
3913,0.722288
3914,0.209046
3915,0.572705
3916,0.832764
3917,0.848881
3918,0.604885
3919,0.87018
3920,0.673398
3921,0.85505
3922,0.242806
3923,0.782394
3924,0.649144
3925,0.740431
3926,0.729796
3927,0.69409
3928,0.811266
3929,0.746659
3930,0.695178
3931,0.584363
3932,0.530928
3933,0.949278
3934,0.752661
3935,0.629269
3936,0.558827
3937,0.946785
3938,0.866273
3939,0.783939
3940,0.649079
3941,0.932785
3942,0.819694
3943,0.605199
3944,0.874613
3945,0.884306
3946,0.895643
3947,0.748767
3948,0.795083
3949,0.980121
3950,0.43743
3951,0.679141
3952,0.747556
3953,0.556867
3954,0.492274
3955,0.902093
3956,0.448271
3957,0.505813
3958,0.775087
3959,0.595344
3960,0.703153
3961,0.928548
3962,0.758427
3963,0.592002
3964,0.965315
3965,0.741887
3966,0.599267
3967,0.95097
3968,0.739892
3969,0.588664
3970,0.52251
3971,0.505421
3972,0.869774
3973,0.697566
3974,0.737052
3975,0.778931
3976,0.903843
3977,0.8057
3978,0.688894
3979,0.853544
3980,0.728091
3981,0.859703
3982,0.268862
3983,0.689051
3984,0.664345
3985,0.90095
3986,0.944311
3987,0.859732
3988,0.795496
3989,0.918012
3990,0.574202
3991,0.722754
3992,0.549658
3993,0.887121
3994,0.710863
3995,0.927156
3996,0.680674
3997,0.752841
3998,0.168675
3999,0.69842
4000,0.671644
4001,0.536867
4002,0.858614
4003,0.281621
4004,0.888374
4005,0.713363
4006,0.299725
4007,0.801661
4008,0.752327
4009,0.479286
4010,0.95315
4011,0.916797
4012,0.713212
4013,0.455836
4014,0.461234
4015,0.937637
4016,0.700135
4017,0.585885
4018,0.615715
4019,0.829564
4020,0.745487
4021,0.747569
4022,0.81753
4023,0.647704
4024,0.943143
4025,0.608306
4026,0.952075
4027,0.810023
4028,0.612619
4029,0.608969
4030,0.749702
4031,0.629663
4032,0.860385
4033,0.955724
4034,0.574486
4035,0.770266
4036,0.39748
4037,0.871227
4038,0.95741
4039,0.557381
4040,0.78269
4041,0.643046
4042,0.52738
4043,0.661208
4044,0.796292
4045,0.431575
4046,0.716898
4047,0.840435
4048,0.765015
4049,0.846938
4050,0.750248
4051,0.855353
4052,0.474403
4053,0.806769
4054,0.935307
4055,0.912399
4056,0.219051
4057,0.340334
4058,0.477066
4059,0.343727
4060,0.807859
4061,0.925471
4062,0.621486
4063,0.642435
4064,0.652472
4065,0.687381
4066,0.804871
4067,0.210252
4068,0.818163
4069,0.659849
4070,0.89536
4071,0.862394
4072,0.664782
4073,0.515107
4074,0.308231
4075,0.204288
4076,0.676941
4077,0.864822
4078,0.815678
4079,0.446244
4080,0.362087
4081,0.934286
4082,0.306259
4083,0.878286
4084,0.973206
4085,0.67146
4086,0.692245
4087,0.619096
4088,0.73119
4089,0.903491
4090,0.916281
4091,0.516482
4092,0.688192
4093,0.847385
4094,0.979093
4095,0.749735
4096,0.845135
4097,0.653622
4098,0.750328
4099,0.74029
4100,0.840618
4101,0.647351
4102,0.77245
4103,0.599052
4104,0.758991
4105,0.9384
4106,0.827525
4107,0.80269
4108,0.799295
4109,0.514749
4110,0.703553
4111,0.911446
4112,0.935474
4113,0.716648
4114,0.957731
4115,0.751641
4116,0.849285
4117,0.764123
4118,0.923621
4119,0.622047
4120,0.539578
4121,0.578424
4122,0.701172
4123,0.568002
4124,0.169123
4125,0.904684
4126,0.712854
4127,0.788393
4128,0.625424
4129,0.666908
4130,0.912428
4131,0.444862
4132,0.836399
4133,0.563109
4134,0.593048
4135,0.412027
4136,0.92437
4137,0.625373
4138,0.683279
4139,0.711222
4140,0.8791
4141,0.825254
4142,0.782065
4143,0.586869
4144,0.769491
4145,0.716047
4146,0.466186
4147,0.894692
4148,0.702157
4149,0.579787
4150,0.916076
4151,0.970543
4152,0.536648
4153,0.976367
4154,0.769743
4155,0.849692
4156,0.642938
4157,0.610252
4158,0.741115
4159,0.501558
4160,0.860981
4161,0.969901
4162,0.899377
4163,0.710424
4164,0.596548
4165,0.643825
4166,0.606435
4167,0.885296
4168,0.742028
4169,0.619778
4170,0.834571
4171,0.81782
4172,0.875488
4173,0.703433
4174,0.939801
4175,0.584931
4176,0.556008
4177,0.842839
4178,0.678152
4179,0.674231
4180,0.979651
4181,0.395631
4182,0.88947
4183,0.414041
4184,0.968544
4185,0.890283
4186,0.837119
4187,0.912549
4188,0.70628
4189,0.655558
4190,0.8094
4191,0.931429
4192,0.412384
4193,0.915309
4194,0.600354
4195,0.701005
4196,0.927288
4197,0.22929
4198,0.621473
4199,0.850413
4200,0.901761
4201,0.492186
4202,0.450718
4203,0.971395
4204,0.860942
4205,0.717187
4206,0.927772
4207,0.771799
4208,0.839328
4209,0.756122
4210,0.728855
4211,0.920848
4212,0.594995
4213,0.75965
4214,0.903732
4215,0.538096
4216,0.898846
4217,0.796887
4218,0.839187
4219,0.869488
4220,0.745922
4221,0.67178
4222,0.932181
4223,0.430682
4224,0.709126
4225,0.701978
4226,0.841283
4227,0.496641
4228,0.926748
4229,0.47903
4230,0.777861
4231,0.835729
4232,0.877328
4233,0.901996
4234,0.567847
4235,0.940106
4236,0.770983
4237,0.799559
4238,0.968568
4239,0.835139
4240,0.724645
4241,0.69955
4242,0.762728
4243,0.638517
4244,0.616847
4245,0.576451
4246,0.7055
4247,0.700503
4248,0.937507
4249,0.459404
4250,0.858198
4251,0.687521
4252,0.349093
4253,0.75684
4254,0.775526
4255,0.959288
4256,0.619187
4257,0.824599
4258,0.969515
4259,0.752698
4260,0.933866
4261,0.505504
4262,0.643042
4263,0.839535
4264,0.516796
4265,0.957556
4266,0.580734
4267,0.157794
4268,0.839692
4269,0.950641
4270,0.886595
4271,0.606856
4272,0.616905
4273,0.775281
4274,0.720699
4275,0.78405
4276,0.895663
4277,0.78881
4278,0.660002
4279,0.310743
4280,0.710153
4281,0.662004
4282,0.952876
4283,0.888097
4284,0.861023
4285,0.440625
4286,0.718081
4287,0.744339
4288,0.741686
4289,0.948645
4290,0.902939
4291,0.800591
4292,0.660708
4293,0.615392
4294,0.850746
4295,0.824201
4296,0.671742
4297,0.907265
4298,0.641234
4299,0.894571
4300,0.705494
4301,0.969226
4302,0.30246
4303,0.720427
4304,0.835645
4305,0.789175
4306,0.922799
4307,0.619954
4308,0.644444
4309,0.954387
4310,0.821085
4311,0.869017
4312,0.729373
4313,0.89729
4314,0.903734
4315,0.681147
4316,0.953925
4317,0.777709
4318,0.699516
4319,0.817819
4320,0.534441
4321,0.813792
4322,0.924623
4323,0.737662
4324,0.872254
4325,0.912536
4326,0.880309
4327,0.302984
4328,0.853993
4329,0.661866
4330,0.812261
4331,0.655898
4332,0.950059
4333,0.585457
4334,0.811128
4335,0.561604
4336,0.729623
4337,0.141362
4338,0.968222
4339,0.963643
4340,0.541853
4341,0.833473
4342,0.885251
4343,0.952391
4344,0.735148
4345,0.547552
4346,0.617978
4347,0.611824
4348,0.882067
4349,0.785431
4350,0.846698
4351,0.614845
4352,0.914781
4353,0.329666
4354,0.755869
4355,0.533502
4356,0.623718
4357,0.673498
4358,0.85291
4359,0.928159
4360,0.686442
4361,0.748133
4362,0.20844
4363,0.684897
4364,0.766367
4365,0.715355
4366,0.63071
4367,0.986196
4368,0.622568
4369,0.807652
4370,0.522397
4371,0.883322
4372,0.567398
4373,0.970784
4374,0.70834
4375,0.937208
4376,0.653522
4377,0.526572
4378,0.564117
4379,0.925999
4380,0.815957
4381,0.560715
4382,0.461798
4383,0.908541
4384,0.725628
4385,0.701237
4386,0.652354
4387,0.961069
4388,0.574782
4389,0.921518
4390,0.949329
4391,0.903839
4392,0.738264
4393,0.601586
4394,0.899405
4395,0.571307
4396,0.74808
4397,0.659091
4398,0.751552
4399,0.748743
4400,0.650951
4401,0.746452
4402,0.583475
4403,0.768609
4404,0.935033
4405,0.508138
4406,0.807875
4407,0.921516
4408,0.620062
4409,0.693363
4410,0.637439
4411,0.943917
4412,0.807757
4413,0.57205
4414,0.955321
4415,0.50299
4416,0.907036
4417,0.691992
4418,0.881931
4419,0.708464
4420,0.214526
4421,0.532214
4422,0.766514
4423,0.91006
4424,0.828039
4425,0.677596
4426,0.961696
4427,0.902988
4428,0.412179
4429,0.806541
4430,0.801571
4431,0.717942
4432,0.473505
4433,0.816151
4434,0.652151
4435,0.569705
4436,0.829121
4437,0.692131
4438,0.417755
4439,0.703217
4440,0.942198
4441,0.730799
4442,0.71932
4443,0.929611
4444,0.92942
4445,0.804947
4446,0.846194
4447,0.893342
4448,0.975167
4449,0.283674
4450,0.848427
4451,0.750042
4452,0.808981
4453,0.643261
4454,0.724739
4455,0.761386
4456,0.691357
4457,0.795167
4458,0.50429
4459,0.948594
4460,0.85078
4461,0.591314
4462,0.864949
4463,0.757538
4464,0.661046
4465,0.778508
4466,0.844808
4467,0.942475
4468,0.890411
4469,0.464798
4470,0.669354
4471,0.927558
4472,0.613998
4473,0.86656
4474,0.576425
4475,0.875499
4476,0.850648
4477,0.62524
4478,0.624521
4479,0.689912
4480,0.240505
4481,0.506992
4482,0.493312
4483,0.526584
4484,0.650918
4485,0.851739
4486,0.633775
4487,0.707082
4488,0.735247
4489,0.696421
4490,0.655623
4491,0.935398
4492,0.588644
4493,0.679349
4494,0.89589
4495,0.508964
4496,0.849178
4497,0.979436
4498,0.765365
4499,0.651352
4500,0.970496
4501,0.439175
4502,0.821183
4503,0.952773
4504,0.771045
4505,0.422762
4506,0.516195
4507,0.861335
4508,0.874624
4509,0.918159
4510,0.852662
4511,0.521097
4512,0.708891
4513,0.766551
4514,0.485029
4515,0.643091
4516,0.626732
4517,0.778144
4518,0.748237
4519,0.641449
4520,0.785238
4521,0.81478
4522,0.56119
4523,0.580292
4524,0.686914
4525,0.74087
4526,0.954551
4527,0.972609
4528,0.81232
4529,0.552976
4530,0.591479
4531,0.775215
4532,0.981201
4533,0.929867
4534,0.643614
4535,0.731727
4536,0.723925
4537,0.946095
4538,0.497585
4539,0.911166
4540,0.6553
4541,0.734506
4542,0.611987
4543,0.866306
4544,0.801056
4545,0.741312
4546,0.945044
4547,0.837346
4548,0.644289
4549,0.763954
4550,0.881516
4551,0.584836
4552,0.558865
4553,0.959355
4554,0.792505
4555,0.981565
4556,0.619504
4557,0.613625
4558,0.755966
4559,0.942048
4560,0.942603
4561,0.712033
4562,0.808451
4563,0.901456
4564,0.704944
4565,0.741867
4566,0.608057
4567,0.732227
4568,0.76016
4569,0.803362
4570,0.951186
4571,0.210137
4572,0.661043
4573,0.944125
4574,0.974867
4575,0.733816
4576,0.702505
4577,0.825293
4578,0.970454
4579,0.693549
4580,0.665054
4581,0.775225
4582,0.718921
4583,0.703396
4584,0.706159
4585,0.715832
4586,0.859104
4587,0.813474
4588,0.852414
4589,0.69244
4590,0.728437
4591,0.989743
4592,0.653129
4593,0.869131
4594,0.692888
4595,0.330591
4596,0.729244
4597,0.851243
4598,0.531405
4599,0.982256
4600,0.637748
4601,0.588698
4602,0.262468
4603,0.880794
4604,0.883288
4605,0.51745
4606,0.912747
4607,0.721665
4608,0.703193
4609,0.909925
4610,0.915057
4611,0.588894
4612,0.839125
4613,0.703209
4614,0.720786
4615,0.863984
4616,0.725064
4617,0.969235
4618,0.69516
4619,0.840103
4620,0.893866
4621,0.512593
4622,0.436672
4623,0.622558
4624,0.94393
4625,0.889479
4626,0.828334
4627,0.969173
4628,0.676804
4629,0.975725
4630,0.760707
4631,0.751234
4632,0.513465
4633,0.806464
4634,0.941628
4635,0.566433
4636,0.906161
4637,0.190213
4638,0.545195
4639,0.934573
4640,0.394561
4641,0.93473
4642,0.646049
4643,0.408984
4644,0.321374
4645,0.589945
4646,0.724281
4647,0.722556
4648,0.821289
4649,0.873717
4650,0.607275
4651,0.872237
4652,0.883512
4653,0.334722
4654,0.351308
4655,0.515807
4656,0.66042
4657,0.716709
4658,0.666774
4659,0.968108
4660,0.530955
4661,0.684382
4662,0.567602
4663,0.652507
4664,0.899545
4665,0.798065
4666,0.870216
4667,0.814703
4668,0.858379
4669,0.763215
4670,0.647065
4671,0.227485
4672,0.498851
4673,0.638203
4674,0.726597
4675,0.770278
4676,0.969709
4677,0.688489
4678,0.844475
4679,0.907779
4680,0.760769
4681,0.814509
4682,0.582265
4683,0.846869
4684,0.982992
4685,0.959785
4686,0.90291
4687,0.638211
4688,0.648417
4689,0.520514
4690,0.745845
4691,0.498752
4692,0.894008
4693,0.863436
4694,0.677043
4695,0.709484
4696,0.883937
4697,0.456623
4698,0.874515
4699,0.900813
4700,0.589352
4701,0.633645
4702,0.808216
4703,0.636401
4704,0.879581
4705,0.622312
4706,0.976814
4707,0.736343
4708,0.769791
4709,0.787209
4710,0.916167
4711,0.605305
4712,0.947912
4713,0.81807
4714,0.694574
4715,0.328052
4716,0.750559
4717,0.539799
4718,0.779412
4719,0.564637
4720,0.574044
4721,0.236213
4722,0.714365
4723,0.719294
4724,0.459998
4725,0.15273
4726,0.903442
4727,0.851626
4728,0.567194
4729,0.942085
4730,0.480976
4731,0.61428
4732,0.91518
4733,0.956985
4734,0.827711
4735,0.73331
4736,0.690212
4737,0.706703
4738,0.758234
4739,0.590772
4740,0.448959
4741,0.773665
4742,0.950627
4743,0.673418
4744,0.881548
4745,0.770795
4746,0.966739
4747,0.89762
4748,0.805379
4749,0.921713
4750,0.668187
4751,0.849676
4752,0.732908
4753,0.586827
4754,0.952518
4755,0.507578
4756,0.779731
4757,0.938386
4758,0.973877
4759,0.248923
4760,0.482115
4761,0.840716
4762,0.966377
4763,0.787357
4764,0.843546
4765,0.61676
4766,0.955791
4767,0.215407
4768,0.830281
4769,0.64682
4770,0.859818
4771,0.711788
4772,0.958075
4773,0.881754
4774,0.650717
4775,0.745435
4776,0.866358
4777,0.514628
4778,0.893251
4779,0.791844
4780,0.791211
4781,0.68393
4782,0.591523
4783,0.375595
4784,0.553808
4785,0.814878
4786,0.670476
4787,0.909517
4788,0.89638
4789,0.757087
4790,0.977893
4791,0.820812
4792,0.569447
4793,0.66197
4794,0.557148
4795,0.921882
4796,0.83217
4797,0.943107
4798,0.626652
4799,0.636808
4800,0.902979
4801,0.547881
4802,0.885719
4803,0.704294
4804,0.944346
4805,0.94924
4806,0.851418
4807,0.582799
4808,0.777001
4809,0.819397
4810,0.973143
4811,0.697181
4812,0.649398
4813,0.241859
4814,0.722867
4815,0.931275
4816,0.6019
4817,0.827383
4818,0.794833
4819,0.745427
4820,0.570649
4821,0.731156
4822,0.670083
4823,0.480403
4824,0.940923
4825,0.71262
4826,0.913487
4827,0.434445
4828,0.862979
4829,0.516537
4830,0.834381
4831,0.787993
4832,0.927352
4833,0.919674
4834,0.56179
4835,0.763362
4836,0.878528
4837,0.959846
4838,0.698787
4839,0.844476
4840,0.947008
4841,0.667251
4842,0.892019
4843,0.912914
4844,0.75829
4845,0.669483
4846,0.860687
4847,0.511196
4848,0.399659
4849,0.80454
4850,0.57172
4851,0.591238
4852,0.830767
4853,0.75021
4854,0.253042
4855,0.911964
4856,0.58142
4857,0.256208
4858,0.54049
4859,0.973293
4860,0.491388
4861,0.939781
4862,0.864463
4863,0.820267
4864,0.764799
4865,0.623565
4866,0.662325
4867,0.610166
4868,0.746219
4869,0.82441
4870,0.562846
4871,0.930947
4872,0.857597
4873,0.499725
4874,0.846326
4875,0.895239
4876,0.565405
4877,0.647094
4878,0.713823
4879,0.731153
4880,0.707115
4881,0.82377
4882,0.888504
4883,0.619998
4884,0.151145
4885,0.951689
4886,0.853851
4887,0.855526
4888,0.893764
4889,0.458366
4890,0.641559
4891,0.601173
4892,0.565872
4893,0.895447
4894,0.510611
4895,0.612931
4896,0.834801
4897,0.9255
4898,0.435572
4899,0.413197
4900,0.580776
4901,0.777463
4902,0.710484
4903,0.595032
4904,0.718024
4905,0.707119
4906,0.68854
4907,0.713208
4908,0.691859
4909,0.730898
4910,0.94542
4911,0.970262
4912,0.84522
4913,0.622909
4914,0.571414
4915,0.914601
4916,0.834621
4917,0.674359
4918,0.91211
4919,0.966371
4920,0.682212
4921,0.767123
4922,0.817357
4923,0.724667
4924,0.819451
4925,0.786045
4926,0.702486
4927,0.735705
4928,0.842352
4929,0.800172
4930,0.727427
4931,0.778784
4932,0.752942
4933,0.729523
4934,0.122978
4935,0.594994
4936,0.679636
4937,0.553662
4938,0.921537
4939,0.774667
4940,0.945171
4941,0.49017
4942,0.587073
4943,0.423536
4944,0.530417
4945,0.742297
4946,0.553882
4947,0.652438
4948,0.83123
4949,0.656043
4950,0.908335
4951,0.793412
4952,0.747756
4953,0.592742
4954,0.922462
4955,0.794438
4956,0.864972
4957,0.514036
4958,0.944046
4959,0.881358
4960,0.886957
4961,0.826487
4962,0.720927
4963,0.780278
4964,0.550102
4965,0.511599
4966,0.970039
4967,0.900071
4968,0.887648
4969,0.691782
4970,0.945044
4971,0.94041
4972,0.67345
4973,0.645588
4974,0.745053
4975,0.930404
4976,0.535462
4977,0.881133
4978,0.585141
4979,0.911987
4980,0.695976
4981,0.8315
4982,0.597762
4983,0.936865
4984,0.785086
4985,0.979792
4986,0.612028
4987,0.528797
4988,0.659808
4989,0.953563
4990,0.959862
4991,0.663096
4992,0.811768
4993,0.848954
4994,0.820969
4995,0.915613
4996,0.540824
4997,0.779335
4998,0.755362
4999,0.8263
5000,0.605376
5001,0.745559
5002,0.682639
5003,0.413797
5004,0.470996
5005,0.947688
5006,0.685182
5007,0.580407
5008,0.778977
5009,0.58015
5010,0.801017
5011,0.682434
5012,0.864036
5013,0.69452
5014,0.686665
5015,0.614108
5016,0.817842
5017,0.719846
5018,0.745329
5019,0.934163
5020,0.858524
5021,0.798988
5022,0.504626
5023,0.339273
5024,0.873393
5025,0.837595
5026,0.956754
5027,0.894548
5028,0.185085
5029,0.588915
5030,0.66695
5031,0.810864
5032,0.546773
5033,0.577327
5034,0.685673
5035,0.470433
5036,0.807149
5037,0.562313
5038,0.777008
5039,0.739179
5040,0.837974
5041,0.740286
5042,0.800806
5043,0.870129
5044,0.888593
5045,0.732089
5046,0.559772
5047,0.729766
5048,0.93633
5049,0.417629
5050,0.673494
5051,0.793604
5052,0.50827
5053,0.464494
5054,0.930053
5055,0.852704
5056,0.617296
5057,0.942355
5058,0.643945
5059,0.898667
5060,0.745938
5061,0.839622
5062,0.675507
5063,0.539122
5064,0.927334
5065,0.776659
5066,0.784956
5067,0.87919
5068,0.751198
5069,0.421827
5070,0.695223
5071,0.582215
5072,0.879325
5073,0.55158
5074,0.704646
5075,0.776745
5076,0.617088
5077,0.784136
5078,0.397186
5079,0.886955
5080,0.679759
5081,0.890514
5082,0.838979
5083,0.412244
5084,0.661481
5085,0.969243
5086,0.780539
5087,0.90992
5088,0.625294
5089,0.804243
5090,0.953613
5091,0.759893
5092,0.577737
5093,0.937412
5094,0.834303
5095,0.699383
5096,0.8957
5097,0.91022
5098,0.855264
5099,0.924013
5100,0.882489
5101,0.5937
5102,0.711275
5103,0.891152
5104,0.882556
5105,0.598655
5106,0.874467
5107,0.602545
5108,0.666748
5109,0.605433
5110,0.731692
5111,0.856993
5112,0.707618
5113,0.679436
5114,0.705894
5115,0.929434
5116,0.615132
5117,0.607578
5118,0.538019
5119,0.957658
5120,0.526473
5121,0.551538
5122,0.966991
5123,0.977515
5124,0.957868
5125,0.689469
5126,0.487015
5127,0.768257
5128,0.788077
5129,0.882587
5130,0.851157
5131,0.744343
5132,0.554884
5133,0.611834
5134,0.61164
5135,0.832356
5136,0.814141
5137,0.851964
5138,0.790871
5139,0.874316
5140,0.878705
5141,0.834292
5142,0.687727
5143,0.608606
5144,0.750723
5145,0.675411
5146,0.958904
5147,0.680865
5148,0.866521
5149,0.419856
5150,0.988698
5151,0.852874
5152,0.932545
5153,0.801082
5154,0.781092
5155,0.759835
5156,0.514749
5157,0.680537
5158,0.899064
5159,0.739939
5160,0.672236
5161,0.442708
5162,0.600527
5163,0.615911
5164,0.167444
5165,0.455066
5166,0.552977
5167,0.61285
5168,0.536306
5169,0.566234
5170,0.701251
5171,0.680422
5172,0.724816
5173,0.805772
5174,0.59692
5175,0.660368
5176,0.761911
5177,0.919008
5178,0.916791
5179,0.707683
5180,0.571093
5181,0.647017
5182,0.648756
5183,0.987296
5184,0.18243
5185,0.696697
5186,0.941051
5187,0.707769
5188,0.894154
5189,0.798407
5190,0.945863
5191,0.732557
5192,0.702645
5193,0.922572
5194,0.635291
5195,0.791426
5196,0.526727
5197,0.910232
5198,0.221987
5199,0.829948
5200,0.699818
5201,0.627081
5202,0.964554
5203,0.807484
5204,0.969304
5205,0.823898
5206,0.4798
5207,0.708776
5208,0.439292
5209,0.321808
5210,0.556466
5211,0.941985
5212,0.952243
5213,0.594693
5214,0.766224
5215,0.66741
5216,0.371211
5217,0.743365
5218,0.847895
5219,0.413826
5220,0.703949
5221,0.709708
5222,0.741797
5223,0.529883
5224,0.391253
5225,0.713515
5226,0.515805
5227,0.197658
5228,0.620584
5229,0.777918
5230,0.482041
5231,0.738271
5232,0.515725
5233,0.891257
5234,0.841083
5235,0.928364
5236,0.795795
5237,0.754951
5238,0.942545
5239,0.480055
5240,0.806388
5241,0.894832
5242,0.971358
5243,0.851618
5244,0.741998
5245,0.648512
5246,0.516184
5247,0.796574
5248,0.899844
5249,0.66456
5250,0.766596
5251,0.747087
5252,0.668068
5253,0.646935
5254,0.581043
5255,0.676663
5256,0.823399
5257,0.752823
5258,0.944517
5259,0.956637
5260,0.907078
5261,0.749835
5262,0.827681
5263,0.680317
5264,0.553148
5265,0.752627
5266,0.869153
5267,0.67372
5268,0.588769
5269,0.53827
5270,0.978692
5271,0.927157
5272,0.785427
5273,0.699413
5274,0.803344
5275,0.771979
5276,0.932765
5277,0.567302
5278,0.370996
5279,0.660666
5280,0.81504
5281,0.643564
5282,0.696221
5283,0.56714
5284,0.779152
5285,0.714955
5286,0.748487
5287,0.815431
5288,0.923978
5289,0.894017
5290,0.725732
5291,0.209424
5292,0.854859
5293,0.810153
5294,0.882167
5295,0.805054
5296,0.602668
5297,0.461043
5298,0.781527
5299,0.946894
5300,0.861115
5301,0.614548
5302,0.869915
5303,0.40238
5304,0.710603
5305,0.868338
5306,0.546313
5307,0.96771
5308,0.698005
5309,0.838911
5310,0.59649
5311,0.633264
5312,0.325792
5313,0.377418
5314,0.839981
5315,0.666739
5316,0.842696
5317,0.890493
5318,0.426821
5319,0.907773
5320,0.781338
5321,0.401555
5322,0.731955
5323,0.734429
5324,0.657897
5325,0.553711
5326,0.954357
5327,0.967838
5328,0.866618
5329,0.93426
5330,0.403816
5331,0.69456
5332,0.23898
5333,0.615233
5334,0.573924
5335,0.805235
5336,0.606424
5337,0.781754
5338,0.625414
5339,0.903964
5340,0.504451
5341,0.699318
5342,0.806558
5343,0.798969
5344,0.676731
5345,0.472054
5346,0.694394
5347,0.4524
5348,0.929733
5349,0.314562
5350,0.76332
5351,0.841973
5352,0.777794
5353,0.87324
5354,0.812038
5355,0.881013
5356,0.816871
5357,0.627796
5358,0.967631
5359,0.755851
5360,0.628638
5361,0.671546
5362,0.657383
5363,0.410804
5364,0.654694
5365,0.83975
5366,0.933767
5367,0.817837
5368,0.698638
5369,0.866599
5370,0.671507
5371,0.753087
5372,0.616205
5373,0.796342
5374,0.547355
5375,0.404455
5376,0.276226
5377,0.686124
5378,0.794737
5379,0.401655
5380,0.669922
5381,0.71814
5382,0.690095
5383,0.53357
5384,0.540713
5385,0.722219
5386,0.808009
5387,0.774316
5388,0.654033
5389,0.302355
5390,0.524708
5391,0.807501
5392,0.905595
5393,0.833688
5394,0.444688
5395,0.840812
5396,0.620847
5397,0.779828
5398,0.731592
5399,0.905909
5400,0.51068
5401,0.880544
5402,0.740671
5403,0.87645
5404,0.502952
5405,0.605966
5406,0.707166
5407,0.53316
5408,0.511839
5409,0.948295
5410,0.947377
5411,0.896501
5412,0.872003
5413,0.871457
5414,0.666867
5415,0.9061
5416,0.678748
5417,0.709933
5418,0.76908
5419,0.727314
5420,0.873198
5421,0.469002
5422,0.590968
5423,0.26898
5424,0.663925
5425,0.800049
5426,0.905358
5427,0.835579
5428,0.808345
5429,0.857695
5430,0.701339
5431,0.626726
5432,0.342289
5433,0.921822
5434,0.629493
5435,0.661086
5436,0.974893
5437,0.76259
5438,0.830479
5439,0.241449
5440,0.674327
5441,0.848504
5442,0.471951
5443,0.473587
5444,0.771932
5445,0.726729
5446,0.668944
5447,0.682713
5448,0.845446
5449,0.929218
5450,0.682561
5451,0.884634
5452,0.607779
5453,0.779907
5454,0.723269
5455,0.941694
5456,0.706966
5457,0.264067
5458,0.754646
5459,0.694621
5460,0.825792
5461,0.815595
5462,0.818793
5463,0.916732
5464,0.16997
5465,0.770653
5466,0.896425
5467,0.624603
5468,0.655162
5469,0.897823
5470,0.561814
5471,0.721553
5472,0.200626
5473,0.623625
5474,0.75154
5475,0.457211
5476,0.584648
5477,0.869484
5478,0.594554
5479,0.760628
5480,0.699809
5481,0.767783
5482,0.738973
5483,0.718388
5484,0.742627
5485,0.392465
5486,0.617469
5487,0.16141
5488,0.539139
5489,0.562884
5490,0.801128
5491,0.923604
5492,0.753155
5493,0.376027
5494,0.524714
5495,0.811362
5496,0.534163
5497,0.910882
5498,0.921838
5499,0.365558
5500,0.943533
5501,0.917784
5502,0.552284
5503,0.783557
5504,0.548769
5505,0.662893
5506,0.723493
5507,0.945361
5508,0.795763
5509,0.916337
5510,0.663515
5511,0.776205
5512,0.867824
5513,0.491504
5514,0.794373
5515,0.451615
5516,0.810655
5517,0.400504
5518,0.553714
5519,0.730088
5520,0.93852
5521,0.780987
5522,0.90608
5523,0.07098
5524,0.616753
5525,0.586358
5526,0.476086
5527,0.897145
5528,0.709583
5529,0.80713
5530,0.944519
5531,0.852722
5532,0.728853
5533,0.853041
5534,0.723208
5535,0.560449
5536,0.737053
5537,0.557048
5538,0.877234
5539,0.600952
5540,0.699962
5541,0.710072
5542,0.617758
5543,0.932815
5544,0.865301
5545,0.619186
5546,0.861561
5547,0.93391
5548,0.274252
5549,0.799005
5550,0.613162
5551,0.887723
5552,0.670596
5553,0.617355
5554,0.805426
5555,0.754743
5556,0.688
5557,0.677009
5558,0.97817
5559,0.704712
5560,0.587377
5561,0.680355
5562,0.596537
5563,0.649913
5564,0.569463
5565,0.716259
5566,0.803057
5567,0.741782
5568,0.963527
5569,0.648495
5570,0.837321
5571,0.851325
5572,0.439445
5573,0.582251
5574,0.975188
5575,0.552081
5576,0.74629
5577,0.943579
5578,0.589072
5579,0.722985
5580,0.753394
5581,0.914935
5582,0.813589
5583,0.807093
5584,0.419335
5585,0.4565
5586,0.784596
5587,0.861478
5588,0.677872
5589,0.1664
5590,0.492755
5591,0.94541
5592,0.704854
5593,0.645688
5594,0.566429
5595,0.70135
5596,0.862494
5597,0.786354
5598,0.205324
5599,0.695275
5600,0.791534
5601,0.851674
5602,0.65464
5603,0.554721
5604,0.770043
5605,0.827572
5606,0.828982
5607,0.952157
5608,0.615904
5609,0.589726
5610,0.631643
5611,0.482218
5612,0.769066
5613,0.652196
5614,0.917495
5615,0.657716
5616,0.664848
5617,0.832779
5618,0.762995
5619,0.491195
5620,0.703401
5621,0.906375
5622,0.905723
5623,0.758164
5624,0.359943
5625,0.263563
5626,0.684971
5627,0.526274
5628,0.743452
5629,0.470328
5630,0.938733
5631,0.794007
5632,0.851008
5633,0.710366
5634,0.633047
5635,0.953686
5636,0.826552
5637,0.529349
5638,0.976954
5639,0.789443
5640,0.699241
5641,0.298279
5642,0.820582
5643,0.815317
5644,0.841671
5645,0.976926
5646,0.72881
5647,0.736714
5648,0.762153
5649,0.594236
5650,0.309656
5651,0.373446
5652,0.765823
5653,0.979674
5654,0.683455
5655,0.658959
5656,0.789932
5657,0.94035
5658,0.686342
5659,0.346541
5660,0.857756
5661,0.438128
5662,0.580399
5663,0.805813
5664,0.748936
5665,0.894834
5666,0.546131
5667,0.894573
5668,0.798314
5669,0.7004
5670,0.540956
5671,0.916682
5672,0.698902
5673,0.503975
5674,0.868777
5675,0.801944
5676,0.808587
5677,0.876678
5678,0.827499
5679,0.47914
5680,0.954479
5681,0.936488
5682,0.759685
5683,0.838752
5684,0.864252
5685,0.482567
5686,0.804513
5687,0.638773
5688,0.904054
5689,0.947538
5690,0.81402
5691,0.881724
5692,0.79962
5693,0.583061
5694,0.478081
5695,0.958004
5696,0.353454
5697,0.649422
5698,0.657371
5699,0.73422
5700,0.810687
5701,0.849626
5702,0.597396
5703,0.74875
5704,0.772397
5705,0.739752
5706,0.615995
5707,0.8829
5708,0.562047
5709,0.663672
5710,0.815564
5711,0.409188
5712,0.516994
5713,0.434464
5714,0.511477
5715,0.518593
5716,0.747414
5717,0.824137
5718,0.988687
5719,0.799578
5720,0.800783
5721,0.816171
5722,0.842095
5723,0.782438
5724,0.453381
5725,0.817455
5726,0.862426
5727,0.880671
5728,0.590441
5729,0.769295
5730,0.769396
5731,0.750638
5732,0.867797
5733,0.597895
5734,0.739479
5735,0.710813
5736,0.824514
5737,0.800265
5738,0.334308
5739,0.934945
5740,0.622212
5741,0.632625
5742,0.970535
5743,0.646877
5744,0.61355
5745,0.878171
5746,0.935704
5747,0.34749
5748,0.861567
5749,0.938823
5750,0.792148
5751,0.79806
5752,0.930318
5753,0.930299
5754,0.684056
5755,0.808492
5756,0.744085
5757,0.786671
5758,0.518977
5759,0.572008
5760,0.538801
5761,0.856991
5762,0.614255
5763,0.966711
5764,0.402645
5765,0.770267
5766,0.746012
5767,0.390882
5768,0.935726
5769,0.641528
5770,0.847715
5771,0.669469
5772,0.549868
5773,0.693209
5774,0.799539
5775,0.416036
5776,0.800732
5777,0.868137
5778,0.817541
5779,0.618096
5780,0.640466
5781,0.793698
5782,0.531144
5783,0.823304
5784,0.752152
5785,0.573658
5786,0.938663
5787,0.554042
5788,0.969245
5789,0.716412
5790,0.847558
5791,0.787857
5792,0.831237
5793,0.206991
5794,0.519544
5795,0.756346
5796,0.797603
5797,0.400133
5798,0.67525
5799,0.56523
5800,0.862782
5801,0.822326
5802,0.767142
5803,0.892978
5804,0.510445
5805,0.483381
5806,0.638436
5807,0.823913
5808,0.676402
5809,0.873114
5810,0.763851
5811,0.909783
5812,0.456429
5813,0.938804
5814,0.674349
5815,0.67229
5816,0.61382
5817,0.497138
5818,0.663211
5819,0.61034
5820,0.51748
5821,0.607379
5822,0.487339
5823,0.719591
5824,0.803018
5825,0.682157
5826,0.434353
5827,0.332851
5828,0.818351
5829,0.833267
5830,0.647478
5831,0.676843
5832,0.978479
5833,0.684819
5834,0.965421
5835,0.859997
5836,0.725471
5837,0.878136
5838,0.856779
5839,0.767358
5840,0.677986
5841,0.297435
5842,0.774149
5843,0.439945
5844,0.541429
5845,0.477206
5846,0.693567
5847,0.876327
5848,0.969529
5849,0.698307
5850,0.691669
5851,0.660373
5852,0.752424
5853,0.833869
5854,0.809595
5855,0.817773
5856,0.819886
5857,0.511736
5858,0.571817
5859,0.506778
5860,0.84882
5861,0.312771
5862,0.74518
5863,0.91539
5864,0.965269
5865,0.623534
5866,0.961538
5867,0.643861
5868,0.640986
5869,0.755273
5870,0.717071
5871,0.722855
5872,0.664522
5873,0.990647
5874,0.775342
5875,0.808461
5876,0.547179
5877,0.734744
5878,0.615854
5879,0.376493
5880,0.638161
5881,0.60187
5882,0.449346
5883,0.766171
5884,0.731221
5885,0.815685
5886,0.839235
5887,0.226673
5888,0.635648
5889,0.551791
5890,0.328992
5891,0.829015
5892,0.700449
5893,0.659982
5894,0.762206
5895,0.77031
5896,0.957502
5897,0.906282
5898,0.640864
5899,0.476682
5900,0.578574
5901,0.787832
5902,0.4956
5903,0.846497
5904,0.494089
5905,0.845036
5906,0.791539
5907,0.917384
5908,0.837105
5909,0.76164
5910,0.716011
5911,0.715919
5912,0.60402
5913,0.84352
5914,0.459593
5915,0.846289
5916,0.829655
5917,0.475683
5918,0.758702
5919,0.819515
5920,0.889256
5921,0.857421
5922,0.876148
5923,0.819996
5924,0.691433
5925,0.744098
5926,0.713172
5927,0.793176
5928,0.764018
5929,0.842612
5930,0.64089
5931,0.882554
5932,0.875013
5933,0.702812
5934,0.605251
5935,0.749862
5936,0.961121
5937,0.78688
5938,0.61743
5939,0.989249
5940,0.41266
5941,0.790548
5942,0.846789
5943,0.497781
5944,0.889695
5945,0.818561
5946,0.57274
5947,0.83436
5948,0.56139
5949,0.905142
5950,0.540002
5951,0.848782
5952,0.547888
5953,0.646097
5954,0.968392
5955,0.923838
5956,0.595602
5957,0.713821
5958,0.815054
5959,0.859246
5960,0.525741
5961,0.839633
5962,0.861473
5963,0.899828
5964,0.887369
5965,0.749914
5966,0.834823
5967,0.721793
5968,0.917454
5969,0.552178
5970,0.532455
5971,0.673569
5972,0.51672
5973,0.658985
5974,0.933181
5975,0.904517
5976,0.656949
5977,0.681344
5978,0.941096
5979,0.835516
5980,0.916397
5981,0.819954
5982,0.478715
5983,0.763973
5984,0.62583
5985,0.468317
5986,0.652709
5987,0.754553
5988,0.803612
5989,0.594638
5990,0.85063
5991,0.667163
5992,0.738336
5993,0.5935
5994,0.762612
5995,0.6516
5996,0.965126
5997,0.896922
5998,0.76543
5999,0.710534
6000,0.906636
6001,0.387201
6002,0.963524
6003,0.617178
6004,0.651929
6005,0.294996
6006,0.788222
6007,0.811595
6008,0.922712
6009,0.92168
6010,0.816434
6011,0.793028
6012,0.727647
6013,0.8219
6014,0.665562
6015,0.602843
6016,0.91762
6017,0.979623
6018,0.946139
6019,0.732602
6020,0.706187
6021,0.606237
6022,0.930402
6023,0.753051
6024,0.700536
6025,0.887631
6026,0.841706
6027,0.543637
6028,0.513213
6029,0.889305
6030,0.783412
6031,0.78637
6032,0.662007
6033,0.700507
6034,0.918419
6035,0.784729
6036,0.86695
6037,0.46465
6038,0.534691
6039,0.534381
6040,0.712083
6041,0.815139
6042,0.706702
6043,0.940741
6044,0.703455
6045,0.770106
6046,0.894449
6047,0.691663
6048,0.739508
6049,0.778637
6050,0.915055
6051,0.455118
6052,0.639219
6053,0.74934
6054,0.535665
6055,0.504975
6056,0.574456
6057,0.711481
6058,0.695844
6059,0.767431
6060,0.554655
6061,0.91562
6062,0.30225
6063,0.746473
6064,0.782489
6065,0.855082
6066,0.27882
6067,0.367196
6068,0.503937
6069,0.595357
6070,0.959967
6071,0.544244
6072,0.242548
6073,0.473693
6074,0.798841
6075,0.68363
6076,0.833563
6077,0.33677
6078,0.880127
6079,0.858942
6080,0.775725
6081,0.69955
6082,0.693949
6083,0.680708
6084,0.44608
6085,0.790531
6086,0.562138
6087,0.931628
6088,0.814217
6089,0.916387
6090,0.830548
6091,0.66314
6092,0.825874
6093,0.662062
6094,0.152638
6095,0.594473
6096,0.852983
6097,0.415129
6098,0.957526
6099,0.821835
6100,0.657888
6101,0.719507
6102,0.634777
6103,0.677611
6104,0.912163
6105,0.812053
6106,0.788347
6107,0.076998
6108,0.681245
6109,0.63533
6110,0.653114
6111,0.440111
6112,0.934609
6113,0.755854
6114,0.802055
6115,0.926706
6116,0.960333
6117,0.974275
6118,0.769515
6119,0.528167
6120,0.565427
6121,0.96082
6122,0.82867
6123,0.731199
6124,0.660183
6125,0.637558
6126,0.848726
6127,0.733132
6128,0.352287
6129,0.739678
6130,0.622265
6131,0.781117
6132,0.824463
6133,0.485541
6134,0.610197
6135,0.819845
6136,0.578003
6137,0.775446
6138,0.615182
6139,0.858537
6140,0.819485
6141,0.752642
6142,0.308728
6143,0.76659
6144,0.865427
6145,0.919435
6146,0.565348
6147,0.73915
6148,0.819551
6149,0.966574
6150,0.521693
6151,0.982918
6152,0.513915
6153,0.960898
6154,0.638491
6155,0.757014
6156,0.678847
6157,0.732894
6158,0.305245
6159,0.894849
6160,0.757107
6161,0.394723
6162,0.958645
6163,0.785078
6164,0.985583
6165,0.726733
6166,0.962101
6167,0.544696
6168,0.849468
6169,0.553166
6170,0.735193
6171,0.205707
6172,0.751322
6173,0.724857
6174,0.676725
6175,0.405062
6176,0.877597
6177,0.46973
6178,0.615974
6179,0.847048
6180,0.786794
6181,0.78234
6182,0.965298
6183,0.541069
6184,0.133474
6185,0.599114
6186,0.560169
6187,0.972867
6188,0.644373
6189,0.733344
6190,0.958022
6191,0.802053
6192,0.539211
6193,0.943217
6194,0.700478
6195,0.912361
6196,0.950189
6197,0.789885
6198,0.83184
6199,0.518069
6200,0.856007
6201,0.506807
6202,0.738151
6203,0.898894
6204,0.829287
6205,0.940428
6206,0.662707
6207,0.825906
6208,0.894028
6209,0.803291
6210,0.362669
6211,0.897253
6212,0.794569
6213,0.475447
6214,0.819252
6215,0.672597
6216,0.826312
6217,0.617014
6218,0.722636
6219,0.7399
6220,0.963532
6221,0.756185
6222,0.929925
6223,0.818721
6224,0.873013
6225,0.563315
6226,0.78954
6227,0.596637
6228,0.799645
6229,0.256755
6230,0.725542
6231,0.826127
6232,0.79987
6233,0.770196
6234,0.354457
6235,0.633355
6236,0.985358
6237,0.834798
6238,0.567534
6239,0.847563
6240,0.60654
6241,0.548425
6242,0.727271
6243,0.863973
6244,0.873401
6245,0.674182
6246,0.836139
6247,0.615149
6248,0.405988
6249,0.705249
6250,0.789756
6251,0.75804
6252,0.582062
6253,0.828147
6254,0.833296
6255,0.47995
6256,0.873629
6257,0.528511
6258,0.850179
6259,0.774674
6260,0.640977
6261,0.605796
6262,0.610331
6263,0.694729
6264,0.556648
6265,0.592176
6266,0.24032
6267,0.811014
6268,0.778974
6269,0.752726
6270,0.802151
6271,0.770538
6272,0.913995
6273,0.7664
6274,0.612402
6275,0.702953
6276,0.583419
6277,0.867316
6278,0.687563
6279,0.871248
6280,0.942741
6281,0.857289
6282,0.645634
6283,0.875089
6284,0.926362
6285,0.315635
6286,0.678055
6287,0.5873
6288,0.47689
6289,0.923834
6290,0.519096
6291,0.775424
6292,0.186239
6293,0.641205
6294,0.670191
6295,0.828062
6296,0.496605
6297,0.862262
6298,0.520177
6299,0.203892
6300,0.687728
6301,0.635301
6302,0.330609
6303,0.59799
6304,0.605559
6305,0.728566
6306,0.529468
6307,0.766731
6308,0.731117
6309,0.804221
6310,0.70306
6311,0.692899
6312,0.673614
6313,0.617013
6314,0.902247
6315,0.952054
6316,0.960327
6317,0.724439
6318,0.729722
6319,0.636829
6320,0.772344
6321,0.938032
6322,0.692237
6323,0.669345
6324,0.665623
6325,0.620765
6326,0.232479
6327,0.745334
6328,0.855458
6329,0.894236
6330,0.727323
6331,0.265795
6332,0.856194
6333,0.791309
6334,0.709942
6335,0.933772
6336,0.630096
6337,0.520885
6338,0.766685
6339,0.81823
6340,0.77537
6341,0.686861
6342,0.96266
6343,0.867757
6344,0.93977
6345,0.215005
6346,0.40414
6347,0.118091
6348,0.843625
6349,0.548218
6350,0.968874
6351,0.870474
6352,0.983286
6353,0.784247
6354,0.98294
6355,0.94818
6356,0.839651
6357,0.571435
6358,0.784572
6359,0.694432
6360,0.456962
6361,0.812937
6362,0.730574
6363,0.521986
6364,0.66588
6365,0.601814
6366,0.423181
6367,0.567477
6368,0.883043
6369,0.775081
6370,0.638147
6371,0.388017
6372,0.362279
6373,0.848682
6374,0.880605
6375,0.762212
6376,0.500581
6377,0.641585
6378,0.906454
6379,0.629984
6380,0.821252
6381,0.933737
6382,0.659937
6383,0.764618
6384,0.73944
6385,0.758209
6386,0.683829
6387,0.79905
6388,0.661898
6389,0.96614
6390,0.795161
6391,0.922841
6392,0.7593
6393,0.513974
6394,0.464555
6395,0.552578
6396,0.576536
6397,0.470934
6398,0.903537
6399,0.922432
6400,0.596952
6401,0.646471
6402,0.789878
6403,0.783508
6404,0.779941
6405,0.764927
6406,0.796017
6407,0.936854
6408,0.896128
6409,0.50086
6410,0.445385
6411,0.748936
6412,0.718658
6413,0.754815
6414,0.733714
6415,0.78768
6416,0.898127
6417,0.521928
6418,0.946474
6419,0.70997
6420,0.981536
6421,0.805742
6422,0.833231
6423,0.790031
6424,0.74679
6425,0.783942
6426,0.901848
6427,0.771429
6428,0.963028
6429,0.725701
6430,0.683262
6431,0.877471
6432,0.914602
6433,0.769198
6434,0.981915
6435,0.733043
6436,0.971166
6437,0.607725
6438,0.875509
6439,0.585344
6440,0.660305
6441,0.897735
6442,0.797404
6443,0.577521
6444,0.979586
6445,0.373574
6446,0.826344
6447,0.876977
6448,0.847205
6449,0.649339
6450,0.90813
6451,0.830163
6452,0.701352
6453,0.789208
6454,0.69362
6455,0.779916
6456,0.164871
6457,0.663343
6458,0.508885
6459,0.952982
6460,0.682725
6461,0.782316
6462,0.649357
6463,0.606366
6464,0.761043
6465,0.854157
6466,0.758098
6467,0.964351
6468,0.785533
6469,0.984874
6470,0.780932
6471,0.659529
6472,0.831449
6473,0.638464
6474,0.901949
6475,0.669252
6476,0.874936
6477,0.805724
6478,0.571646
6479,0.568589
6480,0.59393
6481,0.834989
6482,0.962822
6483,0.519281
6484,0.793033
6485,0.663922
6486,0.827033
6487,0.765733
6488,0.891736
6489,0.806601
6490,0.894357
6491,0.89135
6492,0.664394
6493,0.941177
6494,0.810665
6495,0.892821
6496,0.900301
6497,0.943719
6498,0.223982
6499,0.6329
6500,0.80587
6501,0.567542
6502,0.212772
6503,0.430229
6504,0.817976
6505,0.605877
6506,0.509441
6507,0.41669
6508,0.921923
6509,0.749706
6510,0.861302
6511,0.716564
6512,0.82555
6513,0.709901
6514,0.41427
6515,0.437622
6516,0.960471
6517,0.603293
6518,0.879026
6519,0.755126
6520,0.769142
6521,0.751428
6522,0.895863
6523,0.891965
6524,0.606531
6525,0.576981
6526,0.531661
6527,0.891491
6528,0.93303
6529,0.66907
6530,0.187378
6531,0.778575
6532,0.758913
6533,0.960244
6534,0.760757
6535,0.645235
6536,0.817738
6537,0.647158
6538,0.0957
6539,0.703519
6540,0.941214
6541,0.26104
6542,0.71166
6543,0.683509
6544,0.684899
6545,0.742979
6546,0.750065
6547,0.867778
6548,0.431648
6549,0.80863
6550,0.840193
6551,0.824185
6552,0.633853
6553,0.638765
6554,0.966725
6555,0.866193
6556,0.444317
6557,0.839928
6558,0.654912
6559,0.383219
6560,0.592854
6561,0.9043
6562,0.839141
6563,0.872459
6564,0.557214
6565,0.653385
6566,0.696255
6567,0.875307
6568,0.845443
6569,0.636555
6570,0.603904
6571,0.91905
6572,0.860428
6573,0.821894
6574,0.685109
6575,0.784429
6576,0.872812
6577,0.686262
6578,0.977489
6579,0.713836
6580,0.631405
6581,0.874375
6582,0.963796
6583,0.942397
6584,0.946204
6585,0.869624
6586,0.662214
6587,0.833267
6588,0.926235
6589,0.857145
6590,0.632825
6591,0.417691
6592,0.87896
6593,0.909308
6594,0.209308
6595,0.718354
6596,0.669869
6597,0.536137
6598,0.782253
6599,0.937453
6600,0.574681
6601,0.7044
6602,0.798889
6603,0.704134
6604,0.709266
6605,0.740369
6606,0.860983
6607,0.802271
6608,0.77034
6609,0.540466
6610,0.671545
6611,0.206482
6612,0.578418
6613,0.862598
6614,0.756344
6615,0.465338
6616,0.596329
6617,0.925665
6618,0.520227
6619,0.5529
6620,0.469754
6621,0.496271
6622,0.807216
6623,0.539206
6624,0.836425
6625,0.792532
6626,0.968786
6627,0.777282
6628,0.974124
6629,0.917947
6630,0.857342
6631,0.745731
6632,0.820368
6633,0.607233
6634,0.786427
6635,0.519804
6636,0.961721
6637,0.7218
6638,0.957214
6639,0.787638
6640,0.6379
6641,0.450536
6642,0.722606
6643,0.902706
6644,0.49398
6645,0.919696
6646,0.407996
6647,0.836503
6648,0.92915
6649,0.573881
6650,0.64091
6651,0.687989
6652,0.432684
6653,0.626799
6654,0.588091
6655,0.75847
6656,0.506894
6657,0.544377
6658,0.75248
6659,0.948068
6660,0.940833
6661,0.88344
6662,0.676142
6663,0.551329
6664,0.857995
6665,0.717571
6666,0.777675
6667,0.369339
6668,0.917466
6669,0.862564
6670,0.692985
6671,0.632905
6672,0.973216
6673,0.706996
6674,0.870658
6675,0.730912
6676,0.752706
6677,0.65201
6678,0.415531
6679,0.536796
6680,0.683897
6681,0.761549
6682,0.549579
6683,0.285685
6684,0.90647
6685,0.986671
6686,0.658467
6687,0.869665
6688,0.967908
6689,0.823574
6690,0.589517
6691,0.676598
6692,0.716732
6693,0.731692
6694,0.863205
6695,0.730182
6696,0.930643
6697,0.642983
6698,0.646279
6699,0.88412
6700,0.801284
6701,0.815057
6702,0.94872
6703,0.79243
6704,0.49642
6705,0.655321
6706,0.418422
6707,0.682656
6708,0.739813
6709,0.589635
6710,0.72598
6711,0.639617
6712,0.627201
6713,0.815972
6714,0.707655
6715,0.912794
6716,0.475242
6717,0.589829
6718,0.865797
6719,0.74118
6720,0.554181
6721,0.83484
6722,0.940799
6723,0.837815
6724,0.567422
6725,0.675654
6726,0.93478
6727,0.791901
6728,0.525904
6729,0.953769
6730,0.883138
6731,0.684971
6732,0.854578
6733,0.981057
6734,0.612254
6735,0.706246
6736,0.972802
6737,0.467143
6738,0.854876
6739,0.675201
6740,0.836432
6741,0.762314
6742,0.920083
6743,0.658226
6744,0.545823
6745,0.580175
6746,0.607546
6747,0.750129
6748,0.791057
6749,0.864513
6750,0.724757
6751,0.78974
6752,0.876426
6753,0.868291
6754,0.751278
6755,0.805389
6756,0.597975
6757,0.955918
6758,0.560033
6759,0.873614
6760,0.673862
6761,0.895458
6762,0.960675
6763,0.904026
6764,0.775131
6765,0.564848
6766,0.831199
6767,0.558688
6768,0.623518
6769,0.751968
6770,0.69985
6771,0.767359
6772,0.972462
6773,0.465162
6774,0.945983
6775,0.780769
6776,0.830374
6777,0.496891
6778,0.898011
6779,0.630656
6780,0.771422
6781,0.70844
6782,0.903263
6783,0.782673
6784,0.815517
6785,0.964079
6786,0.850879
6787,0.640283
6788,0.588803
6789,0.899169
6790,0.796942
6791,0.815921
6792,0.473191
6793,0.729806
6794,0.497973
6795,0.741077
6796,0.886634
6797,0.542984
6798,0.467357
6799,0.927639
6800,0.690876
6801,0.899905
6802,0.5993
6803,0.909006
6804,0.907178
6805,0.970138
6806,0.809854
6807,0.82981
6808,0.653688
6809,0.646355
6810,0.54581
6811,0.802613
6812,0.583218
6813,0.970259
6814,0.693522
6815,0.624446
6816,0.531216
6817,0.930843
6818,0.729858
6819,0.6225
6820,0.762891
6821,0.44001
6822,0.736212
6823,0.966808
6824,0.662029
6825,0.844443
6826,0.696425
6827,0.671357
6828,0.356192
6829,0.717738
6830,0.710519
6831,0.525511
6832,0.823455
6833,0.651582
6834,0.801914
6835,0.589044
6836,0.827584
6837,0.690763
6838,0.917495
6839,0.642984
6840,0.827885
6841,0.959005
6842,0.629303
6843,0.703545
6844,0.633813
6845,0.94835
6846,0.785861
6847,0.626839
6848,0.395327
6849,0.965809
6850,0.892956
6851,0.764722
6852,0.894007
6853,0.884818
6854,0.572726
6855,0.551427
6856,0.889651
6857,0.774451
6858,0.769723
6859,0.771146
6860,0.63429
6861,0.826929
6862,0.431405
6863,0.806009
6864,0.77757
6865,0.926107
6866,0.542906
6867,0.799728
6868,0.954628
6869,0.842024
6870,0.776198
6871,0.569372
6872,0.566994
6873,0.786385
6874,0.684122
6875,0.404068
6876,0.655254
6877,0.829488
6878,0.261441
6879,0.519152
6880,0.891414
6881,0.70291
6882,0.491922
6883,0.556511
6884,0.972257
6885,0.733217
6886,0.738886
6887,0.861618
6888,0.634011
6889,0.709741
6890,0.651577
6891,0.904524
6892,0.854583
6893,0.844298
6894,0.817428
6895,0.837351
6896,0.676236
6897,0.598325
6898,0.928717
6899,0.986572
6900,0.921918
6901,0.942062
6902,0.836201
6903,0.761859
6904,0.193331
6905,0.917106
6906,0.754907
6907,0.782227
6908,0.796171
6909,0.525963
6910,0.910915
6911,0.912748
6912,0.786562
6913,0.526545
6914,0.592047
6915,0.72661
6916,0.855548
6917,0.603475
6918,0.871239
6919,0.480088
6920,0.662418
6921,0.723218
6922,0.8007
6923,0.604092
6924,0.867237
6925,0.756684
6926,0.822067
6927,0.691553
6928,0.480975
6929,0.973577
6930,0.931244
6931,0.878784
6932,0.26908
6933,0.86248
6934,0.766247
6935,0.745375
6936,0.938239
6937,0.63755
6938,0.943944
6939,0.711545
6940,0.571538
6941,0.683424
6942,0.738459
6943,0.766113
6944,0.67849
6945,0.910969
6946,0.912724
6947,0.647649
6948,0.656606
6949,0.934851
6950,0.980488
6951,0.775597
6952,0.934092
6953,0.285949
6954,0.891487
6955,0.94136
6956,0.668976
6957,0.674784
6958,0.544314
6959,0.876253
6960,0.719134
6961,0.79677
6962,0.697812
6963,0.796429
6964,0.875496
6965,0.780672
6966,0.619829
6967,0.568616
6968,0.952199
6969,0.749765
6970,0.806129
6971,0.959384
6972,0.731275
6973,0.823085
6974,0.952967
6975,0.697444
6976,0.618347
6977,0.61201
6978,0.754036
6979,0.85556
6980,0.829863
6981,0.923159
6982,0.505492
6983,0.845028
6984,0.752203
6985,0.663115
6986,0.313773
6987,0.816873
6988,0.636789
6989,0.610209
6990,0.976598
6991,0.777136
6992,0.575969
6993,0.617698
6994,0.903895
6995,0.460103
6996,0.650711
6997,0.627275
6998,0.641369
6999,0.476035
7000,0.550407
7001,0.843807
7002,0.904199
7003,0.458193
7004,0.764327
7005,0.669578
7006,0.676902
7007,0.598722
7008,0.767573
7009,0.729097
7010,0.849066
7011,0.864312
7012,0.80436
7013,0.775959
7014,0.916512
7015,0.867416
7016,0.529669
7017,0.196884
7018,0.517675
7019,0.74879
7020,0.873826
7021,0.909208
7022,0.593207
7023,0.913673
7024,0.94022
7025,0.758054
7026,0.722406
7027,0.741314
7028,0.57585
7029,0.785071
7030,0.830964
7031,0.6025
7032,0.224821
7033,0.589763
7034,0.601031
7035,0.899661
7036,0.650439
7037,0.660187
7038,0.746398
7039,0.459232
7040,0.724346
7041,0.836701
7042,0.924092
7043,0.69971
7044,0.838434
7045,0.75793
7046,0.509031
7047,0.452718
7048,0.85303
7049,0.903627
7050,0.789436
7051,0.944283
7052,0.849088
7053,0.561647
7054,0.843109
7055,0.89284
7056,0.927109
7057,0.555329
7058,0.903993
7059,0.331064
7060,0.745145
7061,0.936649
7062,0.912463
7063,0.742315
7064,0.690817
7065,0.506978
7066,0.650559
7067,0.644396
7068,0.799095
7069,0.582684
7070,0.908606
7071,0.794461
7072,0.714873
7073,0.57421
7074,0.846975
7075,0.946718
7076,0.541028
7077,0.543961
7078,0.809319
7079,0.536002
7080,0.834694
7081,0.697879
7082,0.985421
7083,0.878658
7084,0.880734
7085,0.681374
7086,0.739969
7087,0.976288
7088,0.847274
7089,0.890966
7090,0.429726
7091,0.605117
7092,0.8638
7093,0.881513
7094,0.85404
7095,0.831883
7096,0.821011
7097,0.728663
7098,0.628291
7099,0.880166
7100,0.918561
7101,0.854294
7102,0.512398
7103,0.582332
7104,0.982529
7105,0.577614
7106,0.704275
7107,0.559092
7108,0.957568
7109,0.646851
7110,0.548029
7111,0.761484
7112,0.718302
7113,0.827109
7114,0.768796
7115,0.91612
7116,0.566178
7117,0.804813
7118,0.833222
7119,0.821746
7120,0.595227
7121,0.773494
7122,0.265542
7123,0.676988
7124,0.883632
7125,0.735271
7126,0.401649
7127,0.709462
7128,0.693943
7129,0.1725
7130,0.732026
7131,0.911445
7132,0.625442
7133,0.46691
7134,0.652093
7135,0.592232
7136,0.683179
7137,0.727824
7138,0.728513
7139,0.912536
7140,0.850125
7141,0.583538
7142,0.436797
7143,0.953832
7144,0.798655
7145,0.69234
7146,0.725378
7147,0.590478
7148,0.887471
7149,0.590313
7150,0.932217
7151,0.740025
7152,0.666493
7153,0.890288
7154,0.504918
7155,0.549625
7156,0.493759
7157,0.930596
7158,0.741861
7159,0.934646
7160,0.566663
7161,0.8169
7162,0.510192
7163,0.779717
7164,0.550134
7165,0.759401
7166,0.650799
7167,0.766837
7168,0.843804
7169,0.789106
7170,0.562013
7171,0.506079
7172,0.740382
7173,0.542227
7174,0.838474
7175,0.454843
7176,0.619899
7177,0.477178
7178,0.906873
7179,0.663297
7180,0.436067
7181,0.901435
7182,0.383376
7183,0.787814
7184,0.787236
7185,0.74862
7186,0.712625
7187,0.690241
7188,0.481904
7189,0.596377
7190,0.648614
7191,0.863794
7192,0.761735
7193,0.611527
7194,0.980858
7195,0.746241
7196,0.98001
7197,0.926962
7198,0.906225
7199,0.927637
7200,0.88696
7201,0.625345
7202,0.742524
7203,0.902438
7204,0.801734
7205,0.638902
7206,0.922161
7207,0.738853
7208,0.748038
7209,0.651982
7210,0.963432
7211,0.666798
7212,0.512438
7213,0.668035
7214,0.285998
7215,0.704188
7216,0.818366
7217,0.48696
7218,0.554725
7219,0.437142
7220,0.904456
7221,0.734817
7222,0.85999
7223,0.799743
7224,0.908372
7225,0.563336
7226,0.708324
7227,0.662319
7228,0.812076
7229,0.800639
7230,0.494297
7231,0.472676
7232,0.865262
7233,0.866483
7234,0.961362
7235,0.700465
7236,0.940436
7237,0.67135
7238,0.511316
7239,0.641748
7240,0.562173
7241,0.59493
7242,0.410182
7243,0.927466
7244,0.805759
7245,0.534494
7246,0.604411
7247,0.924061
7248,0.832728
7249,0.896379
7250,0.495831
7251,0.94365
7252,0.762496
7253,0.283446
7254,0.944885
7255,0.762796
7256,0.922279
7257,0.851056
7258,0.577447
7259,0.629107
7260,0.806495
7261,0.882701
7262,0.702796
7263,0.727626
7264,0.779914
7265,0.802868
7266,0.572647
7267,0.774755
7268,0.624509
7269,0.657587
7270,0.890164
7271,0.597627
7272,0.926053
7273,0.729671
7274,0.579767
7275,0.701136
7276,0.687936
7277,0.863623
7278,0.62794
7279,0.374905
7280,0.769276
7281,0.770127
7282,0.793225
7283,0.804154
7284,0.766908
7285,0.629375
7286,0.767878
7287,0.973619
7288,0.981707
7289,0.694389
7290,0.974222
7291,0.924933
7292,0.750967
7293,0.541497
7294,0.849645
7295,0.493718
7296,0.770997
7297,0.761038
7298,0.828136
7299,0.685433
7300,0.700991
7301,0.854222
7302,0.914261
7303,0.816905
7304,0.820093
7305,0.637226
7306,0.847023
7307,0.902602
7308,0.90409
7309,0.917547
7310,0.950296
7311,0.88937
7312,0.618239
7313,0.860774
7314,0.903683
7315,0.820776
7316,0.400328
7317,0.634044
7318,0.826046
7319,0.687907
7320,0.814152
7321,0.72731
7322,0.964727
7323,0.81898
7324,0.636965
7325,0.677842
7326,0.660826
7327,0.575395
7328,0.977311
7329,0.652533
7330,0.913251
7331,0.725427
7332,0.739167
7333,0.781868
7334,0.219533
7335,0.560541
7336,0.671877
7337,0.826956
7338,0.711733
7339,0.542648
7340,0.559854
7341,0.670146
7342,0.609806
7343,0.658817
7344,0.867989
7345,0.699328
7346,0.290592
7347,0.87146
7348,0.762211
7349,0.553436
7350,0.880395
7351,0.944242
7352,0.759775
7353,0.864484
7354,0.805745
7355,0.862606
7356,0.644722
7357,0.69224
7358,0.676034
7359,0.806526
7360,0.619117
7361,0.721833
7362,0.290203
7363,0.451948
7364,0.966315
7365,0.706867
7366,0.590247
7367,0.519149
7368,0.833671
7369,0.891209
7370,0.456935
7371,0.704075
7372,0.823152
7373,0.893041
7374,0.890699
7375,0.723197
7376,0.53916
7377,0.558401
7378,0.77763
7379,0.80649
7380,0.983634
7381,0.874138
7382,0.499491
7383,0.248744
7384,0.855134
7385,0.689172
7386,0.70391
7387,0.914738
7388,0.579792
7389,0.621312
7390,0.82797
7391,0.730751
7392,0.629339
7393,0.381493
7394,0.860809
7395,0.91461
7396,0.263378
7397,0.655141
7398,0.944715
7399,0.900316
7400,0.968218
7401,0.940877
7402,0.755581
7403,0.333762
7404,0.484727
7405,0.839148
7406,0.633089
7407,0.358085
7408,0.903962
7409,0.789546
7410,0.64687
7411,0.707631
7412,0.972981
7413,0.687806
7414,0.809913
7415,0.699776
7416,0.504232
7417,0.945527
7418,0.82504
7419,0.849468
7420,0.876402
7421,0.738594
7422,0.694618
7423,0.940329
7424,0.873398
7425,0.862992
7426,0.584911
7427,0.789222
7428,0.662889
7429,0.599091
7430,0.642011
7431,0.938441
7432,0.774573
7433,0.927085
7434,0.923971
7435,0.87981
7436,0.954985
7437,0.663918
7438,0.893766
7439,0.941858
7440,0.669661
7441,0.732748
7442,0.93041
7443,0.365353
7444,0.822503
7445,0.394499
7446,0.561628
7447,0.900082
7448,0.568442
7449,0.929495
7450,0.907024
7451,0.838838
7452,0.334637
7453,0.963985
7454,0.513875
7455,0.715158
7456,0.393592
7457,0.736094
7458,0.672558
7459,0.794231
7460,0.940786
7461,0.901009
7462,0.527002
7463,0.866751
7464,0.981159
7465,0.953746
7466,0.503521
7467,0.771439
7468,0.229899
7469,0.859128
7470,0.935795
7471,0.659486
7472,0.60273
7473,0.816787
7474,0.773378
7475,0.980643
7476,0.646584
7477,0.49836
7478,0.33953
7479,0.902616
7480,0.708012
7481,0.672544
7482,0.820171
7483,0.953889
7484,0.607072
7485,0.396966
7486,0.639116
7487,0.565418
7488,0.955832
7489,0.845502
7490,0.568321
7491,0.857916
7492,0.668752
7493,0.639129
7494,0.81848
7495,0.461647
7496,0.86846
7497,0.561908
7498,0.787892
7499,0.471666
7500,0.879663
7501,0.639289
7502,0.904927
7503,0.872038
7504,0.952739
7505,0.836314
7506,0.897799
7507,0.880064
7508,0.52019
7509,0.156936
7510,0.417189
7511,0.607043
7512,0.806226
7513,0.937469
7514,0.55009
7515,0.508488
7516,0.943861
7517,0.697079
7518,0.648258
7519,0.898463
7520,0.817026
7521,0.6028
7522,0.848294
7523,0.590587
7524,0.740708
7525,0.768109
7526,0.762228
7527,0.708925
7528,0.599769
7529,0.623499
7530,0.701326
7531,0.810305
7532,0.175099
7533,0.952449
7534,0.722671
7535,0.866734
7536,0.771229
7537,0.894833
7538,0.958894
7539,0.495432
7540,0.572162
7541,0.681973
7542,0.488437
7543,0.805798
7544,0.948607
7545,0.41132
7546,0.678297
7547,0.845626
7548,0.771924
7549,0.818752
7550,0.812402
7551,0.469586
7552,0.601337
7553,0.733428
7554,0.747279
7555,0.807481
7556,0.515597
7557,0.662404
7558,0.873297
7559,0.760924
7560,0.32609
7561,0.978796
7562,0.904031
7563,0.870871
7564,0.549267
7565,0.908779
7566,0.744858
7567,0.607385
7568,0.916644
7569,0.743532
7570,0.707756
7571,0.478024
7572,0.641164
7573,0.705282
7574,0.582692
7575,0.59032
7576,0.239737
7577,0.449432
7578,0.861347
7579,0.755824
7580,0.652239
7581,0.917072
7582,0.367629
7583,0.670932
7584,0.542494
7585,0.820711
7586,0.698381
7587,0.941484
7588,0.796146
7589,0.666061
7590,0.957873
7591,0.749306
7592,0.743462
7593,0.855225
7594,0.360914
7595,0.509114
7596,0.409109
7597,0.339543
7598,0.669296
7599,0.865693
7600,0.67947
7601,0.762358
7602,0.896476
7603,0.820827
7604,0.792723
7605,0.668765
7606,0.543571
7607,0.910385
7608,0.857408
7609,0.90281
7610,0.635971
7611,0.865559
7612,0.643125
7613,0.824048
7614,0.643479
7615,0.588363
7616,0.629144
7617,0.768714
7618,0.740934
7619,0.636501
7620,0.671091
7621,0.851506
7622,0.631798
7623,0.933362
7624,0.701086
7625,0.272345
7626,0.766255
7627,0.656934
7628,0.523744
7629,0.741112
7630,0.907792
7631,0.977556
7632,0.727674
7633,0.685518
7634,0.858217
7635,0.566751
7636,0.639024
7637,0.741058
7638,0.930526
7639,0.261779
7640,0.572194
7641,0.812427
7642,0.335493
7643,0.178312
7644,0.881845
7645,0.811249
7646,0.757111
7647,0.314671
7648,0.667755
7649,0.696548
7650,0.854938
7651,0.771324
7652,0.86973
7653,0.680405
7654,0.693145
7655,0.977896
7656,0.548409
7657,0.715102
7658,0.880871
7659,0.775519
7660,0.755465
7661,0.973445
7662,0.598835
7663,0.596751
7664,0.822547
7665,0.738777
7666,0.454014
7667,0.2889
7668,0.857946
7669,0.86969
7670,0.94392
7671,0.733913
7672,0.397285
7673,0.74883
7674,0.789331
7675,0.591504
7676,0.667436
7677,0.872681
7678,0.531107
7679,0.480566
7680,0.883212
7681,0.743496
7682,0.72984
7683,0.737463
7684,0.542044
7685,0.540357
7686,0.799905
7687,0.543331
7688,0.808744
7689,0.784497
7690,0.784825
7691,0.622522
7692,0.131969
7693,0.970964
7694,0.921897
7695,0.906755
7696,0.817843
7697,0.97987
7698,0.890206
7699,0.560705
7700,0.773591
7701,0.232949
7702,0.796845
7703,0.687247
7704,0.741423
7705,0.735265
7706,0.604882
7707,0.756413
7708,0.867498
7709,0.653455
7710,0.49684
7711,0.469833
7712,0.669297
7713,0.898151
7714,0.68816
7715,0.470209
7716,0.694857
7717,0.529415
7718,0.485251
7719,0.540841
7720,0.691663
7721,0.612957
7722,0.540788
7723,0.617948
7724,0.901977
7725,0.585119
7726,0.91424
7727,0.86009
7728,0.954942
7729,0.76511
7730,0.908574
7731,0.635392
7732,0.727511
7733,0.535488
7734,0.688426
7735,0.823286
7736,0.738045
7737,0.934056
7738,0.89682
7739,0.773885
7740,0.750073
7741,0.683441
7742,0.871647
7743,0.615067
7744,0.549371
7745,0.83042
7746,0.512679
7747,0.885353
7748,0.979054
7749,0.371989
7750,0.386501
7751,0.769513
7752,0.758913
7753,0.772671
7754,0.381493
7755,0.795988
7756,0.716945
7757,0.799987
7758,0.6348
7759,0.869997
7760,0.773656
7761,0.714132
7762,0.921012
7763,0.978802
7764,0.768276
7765,0.277425
7766,0.663399
7767,0.658706
7768,0.580157
7769,0.713957
7770,0.695103
7771,0.447651
7772,0.526012
7773,0.794542
7774,0.941944
7775,0.881053
7776,0.885667
7777,0.919871
7778,0.663982
7779,0.92288
7780,0.786149
7781,0.845679
7782,0.653774
7783,0.885619
7784,0.669162
7785,0.74854
7786,0.825897
7787,0.671942
7788,0.873125
7789,0.913628
7790,0.706866
7791,0.848435
7792,0.888504
7793,0.720906
7794,0.648447
7795,0.593569
7796,0.907173
7797,0.445044
7798,0.869264
7799,0.8233
7800,0.613474
7801,0.680912
7802,0.757434
7803,0.760407
7804,0.786768
7805,0.67747
7806,0.705171
7807,0.735247
7808,0.155849
7809,0.384448
7810,0.741226
7811,0.783874
7812,0.511195
7813,0.550358
7814,0.586071
7815,0.981293
7816,0.733024
7817,0.761398
7818,0.923573
7819,0.60288
7820,0.634424
7821,0.630797
7822,0.690817
7823,0.586073
7824,0.629092
7825,0.593835
7826,0.913131
7827,0.561133
7828,0.887538
7829,0.616555
7830,0.645936
7831,0.84414
7832,0.967553
7833,0.744744
7834,0.611768
7835,0.486639
7836,0.915793
7837,0.612569
7838,0.654398
7839,0.730864
7840,0.777045
7841,0.554367
7842,0.821515
7843,0.739826
7844,0.886742
7845,0.891351
7846,0.884219
7847,0.927269
7848,0.582099
7849,0.353054
7850,0.648848
7851,0.891402
7852,0.654486
7853,0.77114
7854,0.520784
7855,0.897256
7856,0.766059
7857,0.557062
7858,0.694469
7859,0.755508
7860,0.691785
7861,0.835874
7862,0.889856
7863,0.312163
7864,0.342374
7865,0.617683
7866,0.584461
7867,0.864425
7868,0.880349
7869,0.706264
7870,0.781479
7871,0.877556
7872,0.652146
7873,0.13136
7874,0.894295
7875,0.512869
7876,0.935439
7877,0.685344
7878,0.573018
7879,0.586816
7880,0.959237
7881,0.82689
7882,0.676494
7883,0.616426
7884,0.785407
7885,0.831262
7886,0.919389
7887,0.573211
7888,0.696279
7889,0.705144
7890,0.739349
7891,0.588855
7892,0.95109
7893,0.751625
7894,0.725762
7895,0.351681
7896,0.577983
7897,0.54428
7898,0.176679
7899,0.913336
7900,0.818987
7901,0.925367
7902,0.883984
7903,0.807289
7904,0.641726
7905,0.782564
7906,0.62647
7907,0.189051
7908,0.632823
7909,0.784404
7910,0.684698
7911,0.931932
7912,0.769746
7913,0.599972
7914,0.679906
7915,0.670999
7916,0.751956
7917,0.683406
7918,0.442896
7919,0.714848
7920,0.891521
7921,0.617757
7922,0.699621
7923,0.868545
7924,0.419757
7925,0.41638
7926,0.731509
7927,0.604665
7928,0.749452
7929,0.863072
7930,0.207347
7931,0.45472
7932,0.669489
7933,0.93135
7934,0.917782
7935,0.6035
7936,0.581514
7937,0.594319
7938,0.581258
7939,0.586696
7940,0.868568
7941,0.617819
7942,0.307152
7943,0.891475
7944,0.746382
7945,0.695213
7946,0.934136
7947,0.787532
7948,0.573594
7949,0.835897
7950,0.976513
7951,0.942702
7952,0.182776
7953,0.754329
7954,0.572702
7955,0.593429
7956,0.469197
7957,0.941514
7958,0.974692
7959,0.531548
7960,0.826013
7961,0.888598
7962,0.62956
7963,0.843416
7964,0.913795
7965,0.820165
7966,0.867458
7967,0.910332
7968,0.499738
7969,0.751374
7970,0.707683
7971,0.945668
7972,0.763549
7973,0.640974
7974,0.522597
7975,0.873555
7976,0.729844
7977,0.625153
7978,0.819322
7979,0.591779
7980,0.776469
7981,0.982113
7982,0.688606
7983,0.630075
7984,0.942903
7985,0.869471
7986,0.749486
7987,0.789786
7988,0.906858
7989,0.617999
7990,0.75386
7991,0.784129
7992,0.733943
7993,0.78952
7994,0.267258
7995,0.214468
7996,0.914794
7997,0.626572
7998,0.820536
7999,0.484987
8000,0.70537
8001,0.718061
8002,0.683101
8003,0.790768
8004,0.634074
8005,0.792274
8006,0.845556
8007,0.756663
8008,0.756957
8009,0.794362
8010,0.854975
8011,0.794973
8012,0.700081
8013,0.712551
8014,0.455203
8015,0.915553
8016,0.734685
8017,0.887547
8018,0.742166
8019,0.633293
8020,0.859624
8021,0.629933
8022,0.668102
8023,0.860503
8024,0.202634
8025,0.547607
8026,0.861539
8027,0.961673
8028,0.731972
8029,0.953518
8030,0.931679
8031,0.735127
8032,0.347831
8033,0.566828
8034,0.724666
8035,0.69939
8036,0.5499
8037,0.796556
8038,0.720368
8039,0.913908
8040,0.941947
8041,0.864587
8042,0.612716
8043,0.531208
8044,0.929062
8045,0.610244
8046,0.825023
8047,0.738822
8048,0.745402
8049,0.420056
8050,0.668499
8051,0.727107
8052,0.680217
8053,0.636888
8054,0.770258
8055,0.406796
8056,0.73465
8057,0.80584
8058,0.657498
8059,0.755695
8060,0.329721
8061,0.802162
8062,0.609458
8063,0.907381
8064,0.885799
8065,0.513888
8066,0.955893
8067,0.313722
8068,0.487894
8069,0.658908
8070,0.565016
8071,0.963789
8072,0.776357
8073,0.955006
8074,0.861998
8075,0.875598
8076,0.541787
8077,0.893061
8078,0.939314
8079,0.846827
8080,0.726077
8081,0.798406
8082,0.927128
8083,0.883319
8084,0.58765
8085,0.785803
8086,0.77142
8087,0.967353
8088,0.251827
8089,0.769499
8090,0.703433
8091,0.719377
8092,0.714976
8093,0.690983
8094,0.812378
8095,0.694873
8096,0.626172
8097,0.936286
8098,0.881681
8099,0.54699
8100,0.657316
8101,0.63324
8102,0.759748
8103,0.706097
8104,0.553055
8105,0.910478
8106,0.538982
8107,0.518845
8108,0.581178
8109,0.893383
8110,0.830395
8111,0.209961
8112,0.569644
8113,0.49665
8114,0.987135
8115,0.891926
8116,0.710071
8117,0.981779
8118,0.859795
8119,0.751913
8120,0.960831
8121,0.981606
8122,0.802676
8123,0.790567
8124,0.444953
8125,0.410769
8126,0.602153
8127,0.486011
8128,0.326162
8129,0.76789
8130,0.66995
8131,0.792484
8132,0.618945
8133,0.52912
8134,0.807441
8135,0.878698
8136,0.412699
8137,0.729691
8138,0.633191
8139,0.525713
8140,0.846876
8141,0.762884
8142,0.555051
8143,0.59167
8144,0.863497
8145,0.511503
8146,0.702938
8147,0.826005
8148,0.968954
8149,0.852587
8150,0.508876
8151,0.771355
8152,0.929306
8153,0.872696
8154,0.96071
8155,0.896092
8156,0.926539
8157,0.792912
8158,0.906069
8159,0.512693
8160,0.670978
8161,0.873999
8162,0.872819
8163,0.823422
8164,0.651286
8165,0.587578
8166,0.579302
8167,0.422635
8168,0.659914
8169,0.951029
8170,0.773083
8171,0.822298
8172,0.96135
8173,0.309428
8174,0.730416
8175,0.535265
8176,0.452996
8177,0.595175
8178,0.771419
8179,0.522073
8180,0.934881
8181,0.956837
8182,0.912587
8183,0.619794
8184,0.808939
8185,0.73139
8186,0.737237
8187,0.826733
8188,0.649425
8189,0.536176
8190,0.827512
8191,0.874048
8192,0.857968
8193,0.835016
8194,0.459342
8195,0.700277
8196,0.68667
8197,0.702108
8198,0.783933
8199,0.516326
8200,0.658296
8201,0.616694
8202,0.852245
8203,0.600306
8204,0.879901
8205,0.77274
8206,0.251417
8207,0.533396
8208,0.837636
8209,0.919255
8210,0.18783
8211,0.796576
8212,0.794943
8213,0.811203
8214,0.754455
8215,0.969487
8216,0.616056
8217,0.798448
8218,0.537298
8219,0.822312
8220,0.925252
8221,0.914211
8222,0.718056
8223,0.903443
8224,0.591064
8225,0.814753
8226,0.653536
8227,0.882346
8228,0.55575
8229,0.843997
8230,0.539902
8231,0.784983
8232,0.794547
8233,0.909027
8234,0.915477
8235,0.934899
8236,0.93636
8237,0.530464
8238,0.723813
8239,0.910695
8240,0.690809
8241,0.46961
8242,0.579244
8243,0.902087
8244,0.964471
8245,0.895654
8246,0.948262
8247,0.646665
8248,0.98611
8249,0.232884
8250,0.882293
8251,0.950164
8252,0.444781
8253,0.632689
8254,0.498713
8255,0.507799
8256,0.697137
8257,0.753768
8258,0.763817
8259,0.420616
8260,0.914977
8261,0.868165
8262,0.848557
8263,0.738696
8264,0.499729
8265,0.493036
8266,0.54649
8267,0.497552
8268,0.834794
8269,0.810086
8270,0.630318
8271,0.9823
8272,0.654756
8273,0.898647
8274,0.890914
8275,0.772139
8276,0.892401
8277,0.620022
8278,0.614507
8279,0.74203
8280,0.823993
8281,0.665137
8282,0.811635
8283,0.781036
8284,0.525088
8285,0.821751
8286,0.554432
8287,0.807282
8288,0.412398
8289,0.954413
8290,0.664418
8291,0.596989
8292,0.274069
8293,0.680298
8294,0.822487
8295,0.151508
8296,0.955061
8297,0.747758
8298,0.703716
8299,0.748526
8300,0.761383
8301,0.609037
8302,0.600998
8303,0.411329
8304,0.940437
8305,0.746241
8306,0.73656
8307,0.702167
8308,0.581807
8309,0.973225
8310,0.823228
8311,0.74828
8312,0.87448
8313,0.873467
8314,0.858956
8315,0.351096
8316,0.807724
8317,0.947995
8318,0.743764
8319,0.654477
8320,0.509552
8321,0.965788
8322,0.943286
8323,0.889082
8324,0.770707
8325,0.571379
8326,0.644842
8327,0.733097
8328,0.255078
8329,0.662912
8330,0.972957
8331,0.916338
8332,0.86161
8333,0.970808
8334,0.729751
8335,0.681133
8336,0.717097
8337,0.687361
8338,0.651078
8339,0.917141
8340,0.707934
8341,0.836146
8342,0.932862
8343,0.461114
8344,0.695414
8345,0.759904
8346,0.739683
8347,0.751005
8348,0.76716
8349,0.916884
8350,0.320392
8351,0.76013
8352,0.494698
8353,0.660731
8354,0.89404
8355,0.594265
8356,0.660854
8357,0.318977
8358,0.791963
8359,0.606751
8360,0.753672
8361,0.961371
8362,0.657993
8363,0.503465
8364,0.496965
8365,0.76888
8366,0.789566
8367,0.440373
8368,0.61374
8369,0.761534
8370,0.809476
8371,0.500798
8372,0.876782
8373,0.688135
8374,0.677938
8375,0.683313
8376,0.888629
8377,0.9074
8378,0.721041
8379,0.840324
8380,0.670415
8381,0.695253
8382,0.681586
8383,0.752608
8384,0.721091
8385,0.927427
8386,0.84403
8387,0.507136
8388,0.736274
8389,0.674534
8390,0.983742
8391,0.874395
8392,0.758707
8393,0.716911
8394,0.627438
8395,0.587892
8396,0.9505
8397,0.790716
8398,0.867527
8399,0.758534
8400,0.66984
8401,0.75186
8402,0.800103
8403,0.559739
8404,0.943554
8405,0.477383
8406,0.867154
8407,0.582183
8408,0.963536
8409,0.684239
8410,0.804453
8411,0.853108
8412,0.84752
8413,0.327327
8414,0.948196
8415,0.658203
8416,0.772749
8417,0.360323
8418,0.794391
8419,0.838137
8420,0.771278
8421,0.859464
8422,0.589998
8423,0.743013
8424,0.579527
8425,0.918347
8426,0.665182
8427,0.468669
8428,0.540805
8429,0.745628
8430,0.660767
8431,0.65699
8432,0.790299
8433,0.833177
8434,0.751304
8435,0.660847
8436,0.715279
8437,0.507802
8438,0.785506
8439,0.501445
8440,0.781082
8441,0.841754
8442,0.882434
8443,0.90594
8444,0.925493
8445,0.494839
8446,0.869313
8447,0.820166
8448,0.8906
8449,0.628352
8450,0.471881
8451,0.670049
8452,0.476316
8453,0.650479
8454,0.79606
8455,0.763527
8456,0.696618
8457,0.5704
8458,0.875255
8459,0.856588
8460,0.703149
8461,0.905112
8462,0.760363
8463,0.718427
8464,0.924014
8465,0.796503
8466,0.508682
8467,0.927002
8468,0.986608
8469,0.60699
8470,0.538503
8471,0.971528
8472,0.494847
8473,0.742647
8474,0.844012
8475,0.641451
8476,0.649538
8477,0.922556
8478,0.883974
8479,0.532076
8480,0.627706
8481,0.520363
8482,0.612333
8483,0.548331
8484,0.778282
8485,0.600139
8486,0.956729
8487,0.782161
8488,0.225616
8489,0.737355
8490,0.800496
8491,0.960205
8492,0.471555
8493,0.586733
8494,0.457753
8495,0.767097
8496,0.527238
8497,0.673125
8498,0.582512
8499,0.507719
8500,0.447189
8501,0.707926
8502,0.784801
8503,0.67462
8504,0.714893
8505,0.881223
8506,0.395615
8507,0.93017
8508,0.676316
8509,0.979794
8510,0.746922
8511,0.148976
8512,0.818487
8513,0.821065
8514,0.396568
8515,0.879736
8516,0.623924
8517,0.469253
8518,0.717784
8519,0.769991
8520,0.621495
8521,0.79002
8522,0.737311
8523,0.423458
8524,0.62285
8525,0.958131
8526,0.245958
8527,0.587622
8528,0.604526
8529,0.832329
8530,0.380218
8531,0.534397
8532,0.741721
8533,0.719675
8534,0.803491
8535,0.796309
8536,0.713425
8537,0.539943
8538,0.62048
8539,0.738225
8540,0.769342
8541,0.169552
8542,0.974583
8543,0.898506
8544,0.688716
8545,0.948436
8546,0.846889
8547,0.655158
8548,0.721097
8549,0.862884
8550,0.745157
8551,0.744686
8552,0.61687
8553,0.168877
8554,0.864825
8555,0.891208
8556,0.669699
8557,0.717942
8558,0.771675
8559,0.402937
8560,0.848127
8561,0.696711
8562,0.87137
8563,0.931249
8564,0.858684
8565,0.369125
8566,0.978985
8567,0.712023
8568,0.910387
8569,0.867812
8570,0.9487
8571,0.680742
8572,0.870274
8573,0.759638
8574,0.712656
8575,0.76711
8576,0.664492
8577,0.690458
8578,0.892877
8579,0.767481
8580,0.700837
8581,0.809096
8582,0.706098
8583,0.928231
8584,0.753723
8585,0.795539
8586,0.259099
8587,0.594896
8588,0.511839
8589,0.721901
8590,0.859572
8591,0.785012
8592,0.990299
8593,0.965802
8594,0.680911
8595,0.903136
8596,0.797853
8597,0.967643
8598,0.420412
8599,0.877811
8600,0.800765
8601,0.561102
8602,0.179886
8603,0.735144
8604,0.932367
8605,0.794089
8606,0.484011
8607,0.564496
8608,0.634262
8609,0.880912
8610,0.795479
8611,0.563393
8612,0.666889
8613,0.688636
8614,0.872528
8615,0.714989
8616,0.72888
8617,0.605512
8618,0.799601
8619,0.752994
8620,0.648382
8621,0.733929
8622,0.528473
8623,0.799008
8624,0.619821
8625,0.649422
8626,0.767819
8627,0.784376
8628,0.605053
8629,0.779752
8630,0.80682
8631,0.794208
8632,0.914805
8633,0.474583
8634,0.603068
8635,0.585376
8636,0.699628
8637,0.831601
8638,0.958108
8639,0.491164
8640,0.488991
8641,0.832079
8642,0.728398
8643,0.981052
8644,0.795594
8645,0.863538
8646,0.637178
8647,0.867388
8648,0.634541
8649,0.789242
8650,0.962357
8651,0.804484
8652,0.645389
8653,0.829987
8654,0.849229
8655,0.93101
8656,0.418566
8657,0.713124
8658,0.542096
8659,0.875318
8660,0.932106
8661,0.818282
8662,0.813095
8663,0.855983
8664,0.584818
8665,0.735936
8666,0.33915
8667,0.627083
8668,0.384065
8669,0.822816
8670,0.783417
8671,0.935684
8672,0.742827
8673,0.705556
8674,0.699922
8675,0.694409
8676,0.200793
8677,0.621388
8678,0.147419
8679,0.350669
8680,0.88758
8681,0.738757
8682,0.950771
8683,0.911589
8684,0.608326
8685,0.745641
8686,0.571777
8687,0.844895
8688,0.770485
8689,0.577955
8690,0.835842
8691,0.882199
8692,0.728044
8693,0.899892
8694,0.760802
8695,0.66585
8696,0.914051
8697,0.883249
8698,0.964546
8699,0.624855
8700,0.798665
8701,0.849464
8702,0.858739
8703,0.492036
8704,0.68058
8705,0.825684
8706,0.349936
8707,0.823128
8708,0.564967
8709,0.382545
8710,0.857443
8711,0.741396
8712,0.588372
8713,0.907518
8714,0.970331
8715,0.566761
8716,0.645859
8717,0.749112
8718,0.387094
8719,0.932881
8720,0.812303
8721,0.66681
8722,0.940099
8723,0.888249
8724,0.918065
8725,0.877985
8726,0.690811
8727,0.651305
8728,0.566314
8729,0.897668
8730,0.746283
8731,0.920511
8732,0.795368
8733,0.903642
8734,0.488497
8735,0.960616
8736,0.686832
8737,0.892946
8738,0.799243
8739,0.748824
8740,0.789285
8741,0.639435
8742,0.778481
8743,0.835589
8744,0.707265
8745,0.945963
8746,0.64635
8747,0.805297
8748,0.608762
8749,0.156715
8750,0.980402
8751,0.87462
8752,0.822158
8753,0.692198
8754,0.848865
8755,0.462918
8756,0.933852
8757,0.595436
8758,0.746858
8759,0.902203
8760,0.868646
8761,0.758133
8762,0.615892
8763,0.805369
8764,0.68559
8765,0.422261
8766,0.798134
8767,0.48657
8768,0.597438
8769,0.646664
8770,0.74312
8771,0.678304
8772,0.971708
8773,0.84996
8774,0.706423
8775,0.682982
8776,0.630741
8777,0.580186
8778,0.67644
8779,0.420278
8780,0.323938
8781,0.640154
8782,0.611639
8783,0.819276
8784,0.553674
8785,0.488618
8786,0.846328
8787,0.838002
8788,0.690721
8789,0.842964
8790,0.593918
8791,0.786582
8792,0.80225
8793,0.836484
8794,0.822425
8795,0.583652
8796,0.44214
8797,0.749665
8798,0.886468
8799,0.612635
8800,0.712927
8801,0.816919
8802,0.671274
8803,0.872105
8804,0.933343
8805,0.922745
8806,0.710034
8807,0.394168
8808,0.733894
8809,0.701075
8810,0.450417
8811,0.617115
8812,0.919181
8813,0.88564
8814,0.796852
8815,0.930326
8816,0.977528
8817,0.917794
8818,0.667295
8819,0.892195
8820,0.820286
8821,0.784577
8822,0.937562
8823,0.776538
8824,0.928321
8825,0.767359
8826,0.700915
8827,0.856576
8828,0.646432
8829,0.942775
8830,0.916643
8831,0.69228
8832,0.629962
8833,0.707072
8834,0.951384
8835,0.647575
8836,0.810238
8837,0.596387
8838,0.735481
8839,0.93421
8840,0.517077
8841,0.837929
8842,0.859593
8843,0.592875
8844,0.765796
8845,0.785442
8846,0.851246
8847,0.695334
8848,0.619582
8849,0.830464
8850,0.96501
8851,0.598486
8852,0.849217
8853,0.640052
8854,0.580228
8855,0.234817
8856,0.658539
8857,0.765183
8858,0.623127
8859,0.380304
8860,0.497033
8861,0.670232
8862,0.841185
8863,0.945057
8864,0.927429
8865,0.875422
8866,0.535924
8867,0.475648
8868,0.640432
8869,0.73959
8870,0.623756
8871,0.835396
8872,0.59227
8873,0.842891
8874,0.768459
8875,0.55848
8876,0.219407
8877,0.871778
8878,0.582727
8879,0.781848
8880,0.510248
8881,0.952935
8882,0.924567
8883,0.601664
8884,0.568647
8885,0.587531
8886,0.626693
8887,0.816265
8888,0.665389
8889,0.640095
8890,0.616564
8891,0.501068
8892,0.597032
8893,0.597219
8894,0.501153
8895,0.90947
8896,0.662337
8897,0.904617
8898,0.661864
8899,0.663133
8900,0.871259
8901,0.328834
8902,0.068868
8903,0.771117
8904,0.877296
8905,0.520519
8906,0.869987
8907,0.686324
8908,0.855782
8909,0.771921
8910,0.929311
8911,0.582516
8912,0.844336
8913,0.608095
8914,0.519044
8915,0.834749
8916,0.795023
8917,0.614559
8918,0.609387
8919,0.637985
8920,0.557874
8921,0.645044
8922,0.45205
8923,0.6639
8924,0.677744
8925,0.404892
8926,0.915579
8927,0.671726
8928,0.899258
8929,0.616656
8930,0.443595
8931,0.360819
8932,0.789091
8933,0.727066
8934,0.641622
8935,0.923874
8936,0.925156
8937,0.529607
8938,0.852428
8939,0.669913
8940,0.933262
8941,0.953481
8942,0.677387
8943,0.64175
8944,0.912693
8945,0.604552
8946,0.840354
8947,0.872442
8948,0.607125
8949,0.680056
8950,0.986515
8951,0.967306
8952,0.715168
8953,0.620535
8954,0.93794
8955,0.457397
8956,0.602073
8957,0.522726
8958,0.736719
8959,0.725427
8960,0.802079
8961,0.83954
8962,0.738669
8963,0.942855
8964,0.632305
8965,0.719075
8966,0.933386
8967,0.347977
8968,0.751939
8969,0.814227
8970,0.648061
8971,0.515286
8972,0.938012
8973,0.817256
8974,0.51039
8975,0.969366
8976,0.710781
8977,0.311318
8978,0.721925
8979,0.539406
8980,0.604936
8981,0.682731
8982,0.726919
8983,0.70864
8984,0.819838
8985,0.608326
8986,0.854561
8987,0.629832
8988,0.592429
8989,0.774527
8990,0.729359
8991,0.856968
8992,0.876106
8993,0.701
8994,0.672256
8995,0.613077
8996,0.685792
8997,0.360999
8998,0.980702
8999,0.682123
9000,0.606551
9001,0.894194
9002,0.929734
9003,0.87001
9004,0.919711
9005,0.412951
9006,0.910399
9007,0.910429
9008,0.609845
9009,0.797193
9010,0.368969
9011,0.766827
9012,0.418828
9013,0.821239
9014,0.45642
9015,0.718455
9016,0.933127
9017,0.782108
9018,0.758218
9019,0.399631
9020,0.625749
9021,0.80752
9022,0.6854
9023,0.626693
9024,0.820621
9025,0.603168
9026,0.847572
9027,0.15448
9028,0.869589
9029,0.198688
9030,0.903946
9031,0.781895
9032,0.66333
9033,0.914037
9034,0.852629
9035,0.851392
9036,0.344717
9037,0.641859
9038,0.588934
9039,0.885636
9040,0.754323
9041,0.760685
9042,0.948087
9043,0.828582
9044,0.688113
9045,0.812982
9046,0.773131
9047,0.714695
9048,0.749499
9049,0.694434
9050,0.838902
9051,0.851287
9052,0.753016
9053,0.645528
9054,0.668051
9055,0.485201
9056,0.937106
9057,0.782448
9058,0.7038
9059,0.764849
9060,0.671401
9061,0.703889
9062,0.95071
9063,0.819274
9064,0.710305
9065,0.76067
9066,0.596242
9067,0.1745
9068,0.799603
9069,0.610921
9070,0.980268
9071,0.541345
9072,0.458039
9073,0.744448
9074,0.502947
9075,0.758932
9076,0.590058
9077,0.570495
9078,0.819293
9079,0.438903
9080,0.432126
9081,0.86442
9082,0.594604
9083,0.784069
9084,0.762308
9085,0.672453
9086,0.699263
9087,0.93087
9088,0.849156
9089,0.765156
9090,0.983128
9091,0.244579
9092,0.258906
9093,0.656192
9094,0.781919
9095,0.981138
9096,0.551889
9097,0.51206
9098,0.907953
9099,0.390367
9100,0.668827
9101,0.961066
9102,0.816717
9103,0.542519
9104,0.804427
9105,0.229149
9106,0.852599
9107,0.886217
9108,0.745841
9109,0.680701
9110,0.577585
9111,0.632306
9112,0.386822
9113,0.827481
9114,0.776356
9115,0.306809
9116,0.706931
9117,0.834417
9118,0.957718
9119,0.623339
9120,0.65345
9121,0.901918
9122,0.714282
9123,0.963809
9124,0.858582
9125,0.989123
9126,0.973437
9127,0.585759
9128,0.821318
9129,0.902775
9130,0.888108
9131,0.452222
9132,0.500771
9133,0.835426
9134,0.919803
9135,0.958894
9136,0.508753
9137,0.833318
9138,0.927885
9139,0.771188
9140,0.826004
9141,0.717047
9142,0.561055
9143,0.705726
9144,0.949177
9145,0.831727
9146,0.622637
9147,0.772286
9148,0.285062
9149,0.787867
9150,0.984318
9151,0.679073
9152,0.817854
9153,0.967174
9154,0.891235
9155,0.551978
9156,0.688237
9157,0.694394
9158,0.930422
9159,0.719651
9160,0.951319
9161,0.621978
9162,0.594096
9163,0.707651
9164,0.959591
9165,0.204087
9166,0.615155
9167,0.544471
9168,0.850948
9169,0.865718
9170,0.542099
9171,0.739092
9172,0.628753
9173,0.721776
9174,0.878595
9175,0.845259
9176,0.840569
9177,0.613832
9178,0.861614
9179,0.653556
9180,0.901483
9181,0.633959
9182,0.637825
9183,0.928176
9184,0.927484
9185,0.626381
9186,0.679625
9187,0.846219
9188,0.855919
9189,0.790617
9190,0.60657
9191,0.514049
9192,0.685007
9193,0.338398
9194,0.843858
9195,0.690144
9196,0.865524
9197,0.202682
9198,0.391725
9199,0.797047
9200,0.740044
9201,0.697118
9202,0.860055
9203,0.631907
9204,0.812954
9205,0.605991
9206,0.458067
9207,0.716764
9208,0.649053
9209,0.864789
9210,0.737876
9211,0.579423
9212,0.911364
9213,0.35188
9214,0.594892
9215,0.852492
9216,0.753779
9217,0.853213
9218,0.532993
9219,0.432004
9220,0.609945
9221,0.538284
9222,0.742062
9223,0.891309
9224,0.421187
9225,0.830715
9226,0.874509
9227,0.468283
9228,0.673433
9229,0.92502
9230,0.879125
9231,0.838823
9232,0.885211
9233,0.158932
9234,0.79731
9235,0.831321
9236,0.664122
9237,0.396658
9238,0.562142
9239,0.726831
9240,0.592169
9241,0.89779
9242,0.640226
9243,0.973473
9244,0.78848
9245,0.598229
9246,0.729438
9247,0.516367
9248,0.530995
9249,0.705028
9250,0.893717
9251,0.285511
9252,0.766218
9253,0.816847
9254,0.867253
9255,0.921826
9256,0.987347
9257,0.30123
9258,0.969783
9259,0.971815
9260,0.412436
9261,0.795606
9262,0.643785
9263,0.946178
9264,0.542971
9265,0.553424
9266,0.834038
9267,0.524189
9268,0.884636
9269,0.627708
9270,0.978244
9271,0.928216
9272,0.957734
9273,0.631758
9274,0.837009
9275,0.677428
9276,0.723526
9277,0.931075
9278,0.740905
9279,0.872819
9280,0.806748
9281,0.95267
9282,0.623832
9283,0.912207
9284,0.900277
9285,0.816598
9286,0.904693
9287,0.220023
9288,0.513203
9289,0.93894
9290,0.849867
9291,0.657549
9292,0.787271
9293,0.835334
9294,0.661752
9295,0.785638
9296,0.788342
9297,0.671136
9298,0.828648
9299,0.527136
9300,0.937431
9301,0.532815
9302,0.387029
9303,0.592165
9304,0.394074
9305,0.259614
9306,0.838056
9307,0.19159
9308,0.802842
9309,0.880471
9310,0.596709
9311,0.793359
9312,0.623503
9313,0.837863
9314,0.876863
9315,0.903209
9316,0.800633
9317,0.606533
9318,0.80636
9319,0.847136
9320,0.71846
9321,0.873573
9322,0.830626
9323,0.432518
9324,0.764316
9325,0.735331
9326,0.897654
9327,0.72474
9328,0.773143
9329,0.928941
9330,0.759595
9331,0.569007
9332,0.784236
9333,0.736001
9334,0.541475
9335,0.680913
9336,0.766827
9337,0.72663
9338,0.788407
9339,0.797013
9340,0.873925
9341,0.816638
9342,0.797658
9343,0.658149
9344,0.267467
9345,0.601071
9346,0.565176
9347,0.544797
9348,0.795009
9349,0.753734
9350,0.77937
9351,0.556424
9352,0.760766
9353,0.674085
9354,0.928091
9355,0.642809
9356,0.638087
9357,0.922073
9358,0.88682
9359,0.782075
9360,0.476457
9361,0.564446
9362,0.659098
9363,0.509613
9364,0.652802
9365,0.821477
9366,0.816376
9367,0.727124
9368,0.87105
9369,0.871493
9370,0.793452
9371,0.851658
9372,0.719378
9373,0.520402
9374,0.742033
9375,0.839297
9376,0.8111
9377,0.797646
9378,0.944301
9379,0.955447
9380,0.362649
9381,0.890274
9382,0.886138
9383,0.586313
9384,0.765623
9385,0.788544
9386,0.61918
9387,0.958767
9388,0.963728
9389,0.405421
9390,0.546618
9391,0.671762
9392,0.894504
9393,0.973234
9394,0.968866
9395,0.599733
9396,0.401377
9397,0.822277
9398,0.431259
9399,0.750709
9400,0.96894
9401,0.841645
9402,0.972587
9403,0.352046
9404,0.947898
9405,0.720176
9406,0.79538
9407,0.884382
9408,0.859918
9409,0.755035
9410,0.925143
9411,0.691333
9412,0.915903
9413,0.920447
9414,0.548512
9415,0.933222
9416,0.917797
9417,0.676442
9418,0.78417
9419,0.75473
9420,0.897958
9421,0.776563
9422,0.509129
9423,0.915588
9424,0.753983
9425,0.679862
9426,0.800617
9427,0.825154
9428,0.971635
9429,0.880015
9430,0.975253
9431,0.922603
9432,0.810984
9433,0.765397
9434,0.702824
9435,0.461697
9436,0.596159
9437,0.499253
9438,0.862924
9439,0.738924
9440,0.789869
9441,0.614524
9442,0.856779
9443,0.825523
9444,0.841648
9445,0.572067
9446,0.63473
9447,0.881733
9448,0.677321
9449,0.582697
9450,0.945334
9451,0.945882
9452,0.233037
9453,0.964296
9454,0.607529
9455,0.97958
9456,0.941436
9457,0.922973
9458,0.902944
9459,0.766164
9460,0.889153
9461,0.699639
9462,0.706746
9463,0.749928
9464,0.644889
9465,0.82964
9466,0.820868
9467,0.689712
9468,0.723092
9469,0.897557
9470,0.90981
9471,0.207796
9472,0.711503
9473,0.630155
9474,0.693842
9475,0.915483
9476,0.796079
9477,0.877137
9478,0.825741
9479,0.930556
9480,0.536346
9481,0.689262
9482,0.879555
9483,0.655966
9484,0.526365
9485,0.789783
9486,0.388
9487,0.681223
9488,0.9516
9489,0.662861
9490,0.692296
9491,0.899196
9492,0.649234
9493,0.792505
9494,0.726459
9495,0.751582
9496,0.363539
9497,0.755255
9498,0.478326
9499,0.775768
9500,0.974409
9501,0.920246
9502,0.423744
9503,0.83424
9504,0.69908
9505,0.523031
9506,0.723231
9507,0.661347
9508,0.975674
9509,0.476592
9510,0.792506
9511,0.712913
9512,0.770388
9513,0.922017
9514,0.910924
9515,0.569054
9516,0.517129
9517,0.537667
9518,0.776925
9519,0.64553
9520,0.88319
9521,0.827411
9522,0.716569
9523,0.606124
9524,0.460714
9525,0.865069
9526,0.743458
9527,0.87564
9528,0.942051
9529,0.841511
9530,0.895262
9531,0.710405
9532,0.820841
9533,0.606286
9534,0.588513
9535,0.536562
9536,0.509347
9537,0.650314
9538,0.919323
9539,0.696816
9540,0.966273
9541,0.704009
9542,0.846157
9543,0.715519
9544,0.560416
9545,0.811925
9546,0.831239
9547,0.83057
9548,0.88156
9549,0.545089
9550,0.648103
9551,0.786621
9552,0.95031
9553,0.778075
9554,0.707608
9555,0.892157
9556,0.573278
9557,0.744271
9558,0.673568
9559,0.629336
9560,0.739543
9561,0.682245
9562,0.511658
9563,0.956662
9564,0.620523
9565,0.743233
9566,0.954917
9567,0.77037
9568,0.838978
9569,0.747453
9570,0.720248
9571,0.887305
9572,0.913834
9573,0.836855
9574,0.714926
9575,0.691079
9576,0.822848
9577,0.783019
9578,0.857864
9579,0.877433
9580,0.602572
9581,0.900932
9582,0.82784
9583,0.577956
9584,0.986173
9585,0.859351
9586,0.509996
9587,0.665686
9588,0.944087
9589,0.75093
9590,0.417407
9591,0.897697
9592,0.568888
9593,0.58006
9594,0.966406
9595,0.574517
9596,0.528186
9597,0.30203
9598,0.745365
9599,0.808714
9600,0.619375
9601,0.813374
9602,0.631785
9603,0.721406
9604,0.610341
9605,0.603475
9606,0.79242
9607,0.386429
9608,0.802648
9609,0.839842
9610,0.78218
9611,0.547206
9612,0.982187
9613,0.701182
9614,0.639299
9615,0.68088
9616,0.907819
9617,0.712571
9618,0.932377
9619,0.701451
9620,0.66383
9621,0.492748
9622,0.879469
9623,0.90086
9624,0.765904
9625,0.589594
9626,0.911277
9627,0.787987
9628,0.840737
9629,0.606426
9630,0.598441
9631,0.909866
9632,0.705196
9633,0.862436
9634,0.836111
9635,0.848619
9636,0.872195
9637,0.783466
9638,0.759926
9639,0.421213
9640,0.704896
9641,0.714989
9642,0.586777
9643,0.647698
9644,0.700208
9645,0.721747
9646,0.489548
9647,0.851306
9648,0.640626
9649,0.942994
9650,0.59763
9651,0.973697
9652,0.801578
9653,0.697788
9654,0.870199
9655,0.649749
9656,0.927419
9657,0.695688
9658,0.573076
9659,0.54354
9660,0.707581
9661,0.542637
9662,0.961984
9663,0.658148
9664,0.955982
9665,0.697166
9666,0.707842
9667,0.899266
9668,0.568851
9669,0.490826
9670,0.847834
9671,0.755801
9672,0.683858
9673,0.866054
9674,0.678772
9675,0.545222
9676,0.760999
9677,0.98229
9678,0.837122
9679,0.509562
9680,0.190694
9681,0.47347
9682,0.80244
9683,0.620031
9684,0.709062
9685,0.921533
9686,0.779413
9687,0.829089
9688,0.882075
9689,0.195379
9690,0.746496
9691,0.850476
9692,0.874802
9693,0.753895
9694,0.842934
9695,0.861688
9696,0.631461
9697,0.492678
9698,0.688626
9699,0.864423
9700,0.639314
9701,0.23114
9702,0.694084
9703,0.84903
9704,0.502942
9705,0.930502
9706,0.500003
9707,0.456613
9708,0.620017
9709,0.819362
9710,0.820226
9711,0.901722
9712,0.894089
9713,0.886748
9714,0.973412
9715,0.531866
9716,0.962728
9717,0.67699
9718,0.881846
9719,0.72652
9720,0.791537
9721,0.883192
9722,0.870152
9723,0.519698
9724,0.678576
9725,0.922632
9726,0.872705
9727,0.386059
9728,0.755907
9729,0.51949
9730,0.907165
9731,0.685216
9732,0.896504
9733,0.950849
9734,0.931491
9735,0.687932
9736,0.196053
9737,0.053146
9738,0.313911
9739,0.507627
9740,0.924269
9741,0.621182
9742,0.41566
9743,0.654082
9744,0.822072
9745,0.587471
9746,0.915058
9747,0.636017
9748,0.850942
9749,0.777465
9750,0.761365
9751,0.320087
9752,0.801948
9753,0.840246
9754,0.448902
9755,0.772816
9756,0.67942
9757,0.736616
9758,0.536906
9759,0.672651
9760,0.93514
9761,0.775119
9762,0.656782
9763,0.351488
9764,0.51552
9765,0.727124
9766,0.56342
9767,0.654184
9768,0.962709
9769,0.710312
9770,0.536965
9771,0.498706
9772,0.609556
9773,0.50269
9774,0.84801
9775,0.936804
9776,0.842932
9777,0.456553
9778,0.588165
9779,0.29632
9780,0.623303
9781,0.5321
9782,0.471482
9783,0.720302
9784,0.427423
9785,0.188181
9786,0.770388
9787,0.786916
9788,0.950717
9789,0.610386
9790,0.691719
9791,0.250899
9792,0.958512
9793,0.792548
9794,0.851753
9795,0.735353
9796,0.91415
9797,0.716059
9798,0.314554
9799,0.646418
9800,0.606636
9801,0.51921
9802,0.205861
9803,0.938442
9804,0.678499
9805,0.534753
9806,0.942315
9807,0.696797
9808,0.48171
9809,0.780154
9810,0.982692
9811,0.817301
9812,0.652826
9813,0.112737
9814,0.661676
9815,0.92268
9816,0.614892
9817,0.562071
9818,0.934609
9819,0.82565
9820,0.856583
9821,0.149747
9822,0.940805
9823,0.512378
9824,0.702718
9825,0.794991
9826,0.552868
9827,0.840326
9828,0.462312
9829,0.566102
9830,0.736418
9831,0.541186
9832,0.562659
9833,0.955102
9834,0.888811
9835,0.418776
9836,0.806099
9837,0.600862
9838,0.482839
9839,0.563438
9840,0.647355
9841,0.724272
9842,0.275287
9843,0.954839
9844,0.92655
9845,0.698923
9846,0.946479
9847,0.895995
9848,0.864856
9849,0.71182
9850,0.733907
9851,0.59504
9852,0.693147
9853,0.507735
9854,0.914178
9855,0.788017
9856,0.897624
9857,0.779214
9858,0.850152
9859,0.201674
9860,0.669315
9861,0.767155
9862,0.634296
9863,0.890207
9864,0.561227
9865,0.740889
9866,0.709005
9867,0.697487
9868,0.903684
9869,0.785564
9870,0.847538
9871,0.589386
9872,0.782424
9873,0.926365
9874,0.871297
9875,0.610178
9876,0.202697
9877,0.72513
9878,0.726608
9879,0.748455
9880,0.775606
9881,0.650329
9882,0.496978
9883,0.724443
9884,0.703642
9885,0.846374
9886,0.842153
9887,0.716027
9888,0.708875
9889,0.932389
9890,0.811292
9891,0.79325
9892,0.631863
9893,0.688711
9894,0.69813
9895,0.61527
9896,0.722203
9897,0.76813
9898,0.727816
9899,0.687468
9900,0.697136
9901,0.366617
9902,0.694123
9903,0.958012
9904,0.796536
9905,0.202254
9906,0.802189
9907,0.791566
9908,0.691986
9909,0.699935
9910,0.503116
9911,0.834765
9912,0.951927
9913,0.49957
9914,0.923121
9915,0.67073
9916,0.894176
9917,0.601289
9918,0.796613
9919,0.683136
9920,0.372138
9921,0.53353
9922,0.771587
9923,0.473507
9924,0.612057
9925,0.84782
9926,0.893679
9927,0.870293
9928,0.402518
9929,0.643541
9930,0.796421
9931,0.967818
9932,0.909608
9933,0.669376
9934,0.284048
9935,0.652705
9936,0.755863
9937,0.60988
9938,0.417307
9939,0.430605
9940,0.728007
9941,0.935298
9942,0.571169
9943,0.659595
9944,0.548155
9945,0.781421
9946,0.81684
9947,0.964299
9948,0.946503
9949,0.779761
9950,0.453896
9951,0.614616
9952,0.88203
9953,0.923288
9954,0.31132
9955,0.504202
9956,0.969862
9957,0.679462
9958,0.724679
9959,0.620985
9960,0.932427
9961,0.595239
9962,0.617399
9963,0.572619
9964,0.732892
9965,0.726506
9966,0.72209
9967,0.745958
9968,0.90144
9969,0.941545
9970,0.358467
9971,0.806638
9972,0.626462
9973,0.610734
9974,0.647919
9975,0.57495
9976,0.848963
9977,0.086821
9978,0.725925
9979,0.871458
9980,0.829867
9981,0.612013
9982,0.622132
9983,0.67267
9984,0.662857
9985,0.765531
9986,0.656978
9987,0.434244
9988,0.534841
9989,0.638929
9990,0.70215
9991,0.676539
9992,0.734586
9993,0.522057
9994,0.617328
9995,0.712028
9996,0.883839
9997,0.646797
9998,0.617969
9999,0.486954
10000,0.924249
10001,0.826214
10002,0.773167
10003,0.43037
10004,0.782146
10005,0.86573
10006,0.681526
10007,0.709649
10008,0.334725
10009,0.799978
10010,0.776475
10011,0.758425
10012,0.773584
10013,0.422757
10014,0.75656
10015,0.563753
10016,0.773333
10017,0.751711
10018,0.882627
10019,0.886489
10020,0.456296
10021,0.293619
10022,0.954675
10023,0.365926
10024,0.783375
10025,0.963275
10026,0.708732
10027,0.654544
10028,0.698925
10029,0.978612
10030,0.936399
10031,0.717845
10032,0.747966
10033,0.722759
10034,0.548716
10035,0.850093
10036,0.585987
10037,0.595724
10038,0.618167
10039,0.763313
10040,0.890496
10041,0.97217
10042,0.893218
10043,0.706187
10044,0.928549
10045,0.514379
10046,0.947138
10047,0.790761
10048,0.823669
10049,0.736115
10050,0.919949
10051,0.55743
10052,0.847511
10053,0.667245
10054,0.744763
10055,0.341111
10056,0.70548
10057,0.641991
10058,0.683445
10059,0.859812
10060,0.873378
10061,0.742299
10062,0.396491
10063,0.685691
10064,0.821159
10065,0.874363
10066,0.687654
10067,0.926592
10068,0.763121
10069,0.536037
10070,0.762489
10071,0.791666
10072,0.738793
10073,0.868784
10074,0.659131
10075,0.83696
10076,0.970931
10077,0.522394
10078,0.756512
10079,0.386372
10080,0.706997
10081,0.947877
10082,0.783941
10083,0.742507
10084,0.8485
10085,0.844951
10086,0.842664
10087,0.569544
10088,0.458194
10089,0.819433
10090,0.76198
10091,0.889381
10092,0.759097
10093,0.638676
10094,0.824404
10095,0.856217
10096,0.856337
10097,0.649143
10098,0.918606
10099,0.829506
10100,0.567359
10101,0.775567
10102,0.750465
10103,0.576411
10104,0.641351
10105,0.916556
10106,0.789425
10107,0.776296
10108,0.9585
10109,0.541571
10110,0.867118
10111,0.959279
10112,0.772129
10113,0.867372
10114,0.841868
10115,0.389391
10116,0.792508
10117,0.647979
10118,0.886463
10119,0.904635
10120,0.758278
10121,0.950264
10122,0.225859
10123,0.488388
10124,0.958064
10125,0.900554
10126,0.822729
10127,0.751293
10128,0.802253
10129,0.667909
10130,0.612876
10131,0.84349
10132,0.803671
10133,0.740855
10134,0.775965
10135,0.920112
10136,0.874844
10137,0.748614
10138,0.790285
10139,0.479205
10140,0.780345
10141,0.640119
10142,0.828376
10143,0.931084
10144,0.671036
10145,0.656123
10146,0.695382
10147,0.872627
10148,0.567046
10149,0.745397
10150,0.913019
10151,0.402475
10152,0.711047
10153,0.59025
10154,0.640034
10155,0.751964
10156,0.59235
10157,0.83373
10158,0.668075
10159,0.641069
10160,0.542796
10161,0.868545
10162,0.773902
10163,0.869522
10164,0.957875
10165,0.500574
10166,0.616502
10167,0.849649
10168,0.859338
10169,0.580268
10170,0.529319
10171,0.802178
10172,0.449346
10173,0.894931
10174,0.619167
10175,0.657194
10176,0.677201
10177,0.897941
10178,0.634244
10179,0.658855
10180,0.861701
10181,0.564505
10182,0.863549
10183,0.962546
10184,0.626227
10185,0.733339
10186,0.741264
10187,0.455035
10188,0.806136
10189,0.725746
10190,0.767691
10191,0.647682
10192,0.94851
10193,0.882277
10194,0.55662
10195,0.454941
10196,0.741615
10197,0.837234
10198,0.893232
10199,0.951678
10200,0.792077
10201,0.644964
10202,0.84608
10203,0.803435
10204,0.965392
10205,0.665097
10206,0.77612
10207,0.861418
10208,0.891705
10209,0.727387
10210,0.704154
10211,0.632762
10212,0.639376
10213,0.808123
10214,0.876077
10215,0.645749
10216,0.592948
10217,0.848293
10218,0.650123
10219,0.36088
10220,0.851108
10221,0.815723
10222,0.743966
10223,0.579173
10224,0.665505
10225,0.870941
10226,0.642886
10227,0.778681
10228,0.56336
10229,0.680727
10230,0.518944
10231,0.694845
10232,0.62876
10233,0.869398
10234,0.683792
10235,0.683374
10236,0.78061
10237,0.45286
10238,0.891091
10239,0.736761
10240,0.82244
10241,0.889388
10242,0.406146
10243,0.55614
10244,0.617492
10245,0.258637
10246,0.606634
10247,0.75104
10248,0.418545
10249,0.380153
10250,0.66354
10251,0.744431
10252,0.250516
10253,0.779364
10254,0.623107
10255,0.915524
10256,0.6772
10257,0.560605
10258,0.584024
10259,0.825723
10260,0.744405
10261,0.968728
10262,0.93728
10263,0.966105
10264,0.875838
10265,0.683581
10266,0.630781
10267,0.851264
10268,0.904296
10269,0.542502
10270,0.754067
10271,0.740614
10272,0.971514
10273,0.486607
10274,0.926256
10275,0.77399
10276,0.740205
10277,0.700953
10278,0.684974
10279,0.783321
10280,0.936289
10281,0.73048
10282,0.826306
10283,0.761006
10284,0.650186
10285,0.795768
10286,0.65034
10287,0.828573
10288,0.77303
10289,0.665058
10290,0.565978
10291,0.563603
10292,0.917066
10293,0.587432
10294,0.882065
10295,0.451738
10296,0.813425
10297,0.840313
10298,0.714111
10299,0.201193
10300,0.570714
10301,0.467695
10302,0.879574
10303,0.867208
10304,0.72948
10305,0.713517
10306,0.704466
10307,0.270162
10308,0.874665
10309,0.92627
10310,0.949663
10311,0.637467
10312,0.85021
10313,0.576338
10314,0.858383
10315,0.836619
10316,0.314754
10317,0.763536
10318,0.440789
10319,0.881637
10320,0.383734
10321,0.528586
10322,0.676896
10323,0.94981
10324,0.686519
10325,0.749956
10326,0.369936
10327,0.642998
10328,0.741989
10329,0.883486
10330,0.736936
10331,0.860185
10332,0.949882
10333,0.733812
10334,0.967064
10335,0.684682
10336,0.870505
10337,0.567361
10338,0.689749
10339,0.120483
10340,0.852925
10341,0.915672
10342,0.974894
10343,0.47238
10344,0.951146
10345,0.905555
10346,0.75103
10347,0.749101
10348,0.399343
10349,0.834471
10350,0.66549
10351,0.619253
10352,0.773109
10353,0.647136
10354,0.635655
10355,0.980266
10356,0.584301
10357,0.758928
10358,0.873562
10359,0.831703
10360,0.697508
10361,0.861081
10362,0.543188
10363,0.935526
10364,0.432953
10365,0.522532
10366,0.646942
10367,0.94897
10368,0.697749
10369,0.798702
10370,0.86082
10371,0.583799
10372,0.968732
10373,0.597176
10374,0.92066
10375,0.561858
10376,0.531359
10377,0.696014
10378,0.758134
10379,0.775476
10380,0.577823
10381,0.766433
10382,0.605264
10383,0.655971
10384,0.72452
10385,0.699881
10386,0.58957
10387,0.958649
10388,0.380095
10389,0.657649
10390,0.707241
10391,0.355425
10392,0.55229
10393,0.874295
10394,0.420519
10395,0.766133
10396,0.632364
10397,0.859498
10398,0.759602
10399,0.930277
10400,0.726267
10401,0.715282
10402,0.747422
10403,0.660307
10404,0.486651
10405,0.695882
10406,0.797013
10407,0.621592
10408,0.601688
10409,0.893394
10410,0.597394
10411,0.817285
10412,0.775259
10413,0.81162
10414,0.93383
10415,0.527164
10416,0.796696
10417,0.782817
10418,0.569729
10419,0.919135
10420,0.692515
10421,0.665749
10422,0.837012
10423,0.913269
10424,0.698419
10425,0.907861
10426,0.555515
10427,0.780993
10428,0.532203
10429,0.749704
10430,0.953473
10431,0.714512
10432,0.814293
10433,0.712737
10434,0.915299
10435,0.805171
10436,0.51537
10437,0.799858
10438,0.921958
10439,0.928231
10440,0.54644
10441,0.71314
10442,0.843014
10443,0.745798
10444,0.675131
10445,0.694223
10446,0.857339
10447,0.813249
10448,0.645697
10449,0.894019
10450,0.696141
10451,0.657996
10452,0.38803
10453,0.446848
10454,0.888233
10455,0.87706
10456,0.63931
10457,0.609943
10458,0.832861
10459,0.965703
10460,0.410813
10461,0.925514
10462,0.56287
10463,0.378326
10464,0.788021
10465,0.921057
10466,0.524745
10467,0.222219
10468,0.969586
10469,0.703741
10470,0.904323
10471,0.909009
10472,0.442611
10473,0.554695
10474,0.817905
10475,0.898493
10476,0.781116
10477,0.881828
10478,0.880065
10479,0.627196
10480,0.73765
10481,0.72047
10482,0.784586
10483,0.685301
10484,0.828822
10485,0.904199
10486,0.908437
10487,0.606367
10488,0.868457
10489,0.890465
10490,0.726228
10491,0.804559
10492,0.646518
10493,0.776155
10494,0.554292
10495,0.854663
10496,0.788474
10497,0.418697
10498,0.60629
10499,0.2652
10500,0.46941
10501,0.572108
10502,0.634715
10503,0.755776
10504,0.772225
10505,0.618714
10506,0.885542
10507,0.707344
10508,0.739472
10509,0.714305
10510,0.707432
10511,0.712187
10512,0.489767
10513,0.885301
10514,0.539275
10515,0.901592
10516,0.752884
10517,0.94162
10518,0.959485
10519,0.815164
10520,0.508269
10521,0.517644
10522,0.691825
10523,0.716055
10524,0.595855
10525,0.942971
10526,0.851021
10527,0.963476
10528,0.710283
10529,0.623448
10530,0.847474
10531,0.927894
10532,0.974193
10533,0.840902
10534,0.825003
10535,0.890511
10536,0.840086
10537,0.85292
10538,0.762686
10539,0.763751
10540,0.964171
10541,0.901362
10542,0.253219
10543,0.792294
10544,0.805519
10545,0.661309
10546,0.959175
10547,0.480592
10548,0.546339
10549,0.805053
10550,0.653514
10551,0.779869
10552,0.91127
10553,0.685179
10554,0.833865
10555,0.315499
10556,0.762028
10557,0.70968
10558,0.577354
10559,0.496762
10560,0.231435
10561,0.839784
10562,0.970979
10563,0.824206
10564,0.366953
10565,0.982286
10566,0.797051
10567,0.919454
10568,0.728635
10569,0.565598
10570,0.918646
10571,0.760921
10572,0.423884
10573,0.868867
10574,0.953134
10575,0.818431
10576,0.456987
10577,0.641415
10578,0.94548
10579,0.879834
10580,0.785179
10581,0.644026
10582,0.767611
10583,0.872427
10584,0.909388
10585,0.89331
10586,0.799762
10587,0.644167
10588,0.546075
10589,0.621922
10590,0.478528
10591,0.68092
10592,0.90235
10593,0.882913
10594,0.889132
10595,0.7486
10596,0.755909
10597,0.584666
10598,0.937102
10599,0.705204
10600,0.233448
10601,0.664257
10602,0.719412
10603,0.788875
10604,0.575068
10605,0.946425
10606,0.648059
10607,0.720995
10608,0.827968
10609,0.595486
10610,0.823542
10611,0.825739
10612,0.716923
10613,0.905847
10614,0.848864
10615,0.25298
10616,0.701718
10617,0.423862
10618,0.669944
10619,0.789329
10620,0.659644
10621,0.695215
10622,0.622854
10623,0.722995
10624,0.173805
10625,0.686118
10626,0.522387
10627,0.801903
10628,0.826252
10629,0.813995
10630,0.82687
10631,0.76462
10632,0.613081
10633,0.77347
10634,0.914133
10635,0.807017
10636,0.975319
10637,0.50086
10638,0.67497
10639,0.688434
10640,0.773465
10641,0.700738
10642,0.213462
10643,0.841535
10644,0.987811
10645,0.24152
10646,0.827375
10647,0.256047
10648,0.60698
10649,0.772272
10650,0.650858
10651,0.602303
10652,0.980212
10653,0.850241
10654,0.509017
10655,0.635137
10656,0.413386
10657,0.456897
10658,0.880248
10659,0.283099
10660,0.496834
10661,0.64655
10662,0.667364
10663,0.232585
10664,0.703476
10665,0.721519
10666,0.686672
10667,0.460515
10668,0.805438
10669,0.710992
10670,0.690166
10671,0.928303
10672,0.643999
10673,0.707751
10674,0.673308
10675,0.763428
10676,0.940942
10677,0.507005
10678,0.897472
10679,0.959027
10680,0.307008
10681,0.6302
10682,0.354266
10683,0.741968
10684,0.677559
10685,0.921736
10686,0.85969
10687,0.666869
10688,0.608012
10689,0.929289
10690,0.239899
10691,0.170046
10692,0.651089
10693,0.865517
10694,0.626895
10695,0.637065
10696,0.786372
10697,0.927527
10698,0.637374
10699,0.720113
10700,0.651429
10701,0.933925
10702,0.760397
10703,0.728296
10704,0.625017
10705,0.641328
10706,0.761608
10707,0.754116
10708,0.664763
10709,0.821945
10710,0.494053
10711,0.958898
10712,0.602402
10713,0.481446
10714,0.663425
10715,0.518727
10716,0.864892
10717,0.755155
10718,0.647318
10719,0.669211
10720,0.68347
10721,0.812246
10722,0.960948
10723,0.634793
10724,0.897906
10725,0.782207
10726,0.750474
10727,0.835702
10728,0.607881
10729,0.870813
10730,0.840096
10731,0.952991
10732,0.80214
10733,0.524975
10734,0.607861
10735,0.988416
10736,0.8455
10737,0.548678
10738,0.62804
10739,0.885874
10740,0.84876
10741,0.979562
10742,0.810064
10743,0.976065
10744,0.617178
10745,0.646138
10746,0.558396
10747,0.753229
10748,0.780059
10749,0.504519
10750,0.785047
10751,0.783127
10752,0.603936
10753,0.501826
10754,0.692039
10755,0.984188
10756,0.53533
10757,0.528205
10758,0.668932
10759,0.938004
10760,0.535909
10761,0.731448
10762,0.725745
10763,0.726256
10764,0.539518
10765,0.952685
10766,0.816556
10767,0.738931
10768,0.816738
10769,0.74628
10770,0.955653
10771,0.875379
10772,0.895368
10773,0.493858
10774,0.866711
10775,0.937584
10776,0.742592
10777,0.97099
10778,0.928441
10779,0.583433
10780,0.517887
10781,0.594089
10782,0.588928
10783,0.90908
10784,0.79684
10785,0.856289
10786,0.762215
10787,0.971643
10788,0.699343
10789,0.857967
10790,0.697466
10791,0.644677
10792,0.504824
10793,0.622087
10794,0.855671
10795,0.931102
10796,0.684498
10797,0.86155
10798,0.973437
10799,0.702589
10800,0.934585
10801,0.794068
10802,0.465635
10803,0.907413
10804,0.934733
10805,0.592643
10806,0.900312
10807,0.420417
10808,0.936262
10809,0.964358
10810,0.688033
10811,0.893731
10812,0.729014
10813,0.705899
10814,0.955643
10815,0.547271
10816,0.586588
10817,0.665574
10818,0.788545
10819,0.798997
10820,0.470996
10821,0.903449
10822,0.753039
10823,0.96596
10824,0.80648
10825,0.804591
10826,0.930345
10827,0.881592
10828,0.821881
10829,0.376062
10830,0.706008
10831,0.751459
10832,0.749891
10833,0.854585
10834,0.566837
10835,0.598569
10836,0.733775
10837,0.538178
10838,0.346637
10839,0.753442
10840,0.576274
10841,0.950719
10842,0.700292
10843,0.594602
10844,0.632528
10845,0.575471
10846,0.717549
10847,0.875019
10848,0.861475
10849,0.892164
10850,0.798199
10851,0.409011
10852,0.638097
10853,0.816712
10854,0.389878
10855,0.683219
10856,0.654966
10857,0.85674
10858,0.725703
10859,0.754562
10860,0.69304
10861,0.946614
10862,0.56157
10863,0.814917
10864,0.593295
10865,0.458776
10866,0.830388
10867,0.928125
10868,0.706519
10869,0.770106
10870,0.731763
10871,0.565225
10872,0.781772
10873,0.276175
10874,0.789703
10875,0.658179
10876,0.659891
10877,0.834015
10878,0.809001
10879,0.974148
10880,0.704876
10881,0.953993
10882,0.685302
10883,0.88851
10884,0.876706
10885,0.695091
10886,0.965367
10887,0.679237
10888,0.874257
10889,0.369417
10890,0.983436
10891,0.558421
10892,0.645153
10893,0.780729
10894,0.964757
10895,0.88883
10896,0.809532
10897,0.884343
10898,0.779262
10899,0.853932
10900,0.858537
10901,0.384714
10902,0.774219
10903,0.666492
10904,0.745399
10905,0.813207
10906,0.258408
10907,0.538405
10908,0.165518
10909,0.664685
10910,0.827329
10911,0.852131
10912,0.309755
10913,0.351295
10914,0.589501
10915,0.791524
10916,0.518234
10917,0.913468
10918,0.693184
10919,0.94667
10920,0.81671
10921,0.883359
10922,0.73393
10923,0.669507
10924,0.646334
10925,0.719918
10926,0.630225
10927,0.783801
10928,0.64132
10929,0.580877
10930,0.946626
10931,0.823501
10932,0.89888
10933,0.597346
10934,0.352896
10935,0.527983
10936,0.54542
10937,0.960499
10938,0.787788
10939,0.870214
10940,0.870853
10941,0.701073
10942,0.748719
10943,0.900118
10944,0.76708
10945,0.84756
10946,0.697872
10947,0.785657
10948,0.536764
10949,0.679147
10950,0.911373
10951,0.625772
10952,0.782678
10953,0.36731
10954,0.808705
10955,0.442858
10956,0.699005
10957,0.677921
10958,0.739491
10959,0.953827
10960,0.694713
10961,0.909567
10962,0.706279
10963,0.175071
10964,0.959695
10965,0.766369
10966,0.727062
10967,0.774711
10968,0.724099
10969,0.874071
10970,0.498271
10971,0.803856
10972,0.874189
10973,0.577042
10974,0.789175
10975,0.861724
10976,0.807135
10977,0.913609
10978,0.450386
10979,0.328174
10980,0.931348
10981,0.764382
10982,0.721045
10983,0.852027
10984,0.487742
10985,0.339767
10986,0.834219
10987,0.6521
10988,0.447841
10989,0.509068
10990,0.611554
10991,0.586939
10992,0.839591
10993,0.901424
10994,0.609491
10995,0.351552
10996,0.927848
10997,0.359841
10998,0.68632
10999,0.841187
11000,0.373618
11001,0.475523
11002,0.278134
11003,0.834621
11004,0.453262
11005,0.839091
11006,0.752358
11007,0.707959
11008,0.92641
11009,0.739537
11010,0.872375
11011,0.743436
11012,0.655367
11013,0.687302
11014,0.186245
11015,0.754314
11016,0.858736
11017,0.606973
11018,0.84492
11019,0.57238
11020,0.932088
11021,0.839326
11022,0.805236
11023,0.857683
11024,0.791822
11025,0.785645
11026,0.543603
11027,0.460616
11028,0.688616
11029,0.853379
11030,0.769356
11031,0.916129
11032,0.540683
11033,0.853414
11034,0.449664
11035,0.723687
11036,0.782171
11037,0.629282
11038,0.669794
11039,0.809903
11040,0.878061
11041,0.871699
11042,0.936077
11043,0.786308
11044,0.450523
11045,0.836123
11046,0.833798
11047,0.574042
11048,0.568415
11049,0.15635
11050,0.519633
11051,0.410802
11052,0.846466
11053,0.789095
11054,0.959753
11055,0.867514
11056,0.547141
11057,0.488315
11058,0.421049
11059,0.674771
11060,0.237601
11061,0.851261
11062,0.270485
11063,0.636611
11064,0.557254
11065,0.844336
11066,0.707886
11067,0.52991
11068,0.446107
11069,0.752709
11070,0.96885
11071,0.542854
11072,0.676037
11073,0.719035
11074,0.563174
11075,0.84719
11076,0.964017
11077,0.729
11078,0.975952
11079,0.702169
11080,0.808854
11081,0.745128
11082,0.410516
11083,0.585003
11084,0.862604
11085,0.587271
11086,0.379432
11087,0.706798
11088,0.525324
11089,0.937049
11090,0.954506
11091,0.480784
11092,0.798697
11093,0.739104
11094,0.506115
11095,0.918582
11096,0.539256
11097,0.473958
11098,0.800274
11099,0.934811
11100,0.811197
11101,0.879097
11102,0.910498
11103,0.763513
11104,0.738614
11105,0.714055
11106,0.806385
11107,0.231379
11108,0.825301
11109,0.676373
11110,0.641997
11111,0.950256
11112,0.640586
11113,0.50993
11114,0.674721
11115,0.707729
11116,0.618473
11117,0.759462
11118,0.521199
11119,0.983483
11120,0.644254
11121,0.958426
11122,0.768648
11123,0.853453
11124,0.60855
11125,0.469131
11126,0.442495
11127,0.906478
11128,0.792629
11129,0.671974
11130,0.791268
11131,0.46734
11132,0.547631
11133,0.674617
11134,0.374321
11135,0.866498
11136,0.871813
11137,0.915498
11138,0.633754
11139,0.594807
11140,0.439128
11141,0.893876
11142,0.795584
11143,0.865638
11144,0.771145
11145,0.697037
11146,0.904397
11147,0.340018
11148,0.633686
11149,0.55793
11150,0.832635
11151,0.487604
11152,0.882836
11153,0.893362
11154,0.801686
11155,0.978927
11156,0.835683
11157,0.793716
11158,0.240871
11159,0.945326
11160,0.903509
11161,0.553676
11162,0.17602
11163,0.52813
11164,0.947745
11165,0.606644
11166,0.78721
11167,0.71573
11168,0.930288
11169,0.802279
11170,0.769623
11171,0.934021
11172,0.86904
11173,0.667442
11174,0.246034
11175,0.456682
11176,0.559159
11177,0.847946
11178,0.6185
11179,0.750798
11180,0.657347
11181,0.764036
11182,0.416375
11183,0.663794
11184,0.76758
11185,0.746264
11186,0.673594
11187,0.631906
11188,0.957548
11189,0.563135
11190,0.810372
11191,0.799211
11192,0.979562
11193,0.588947
11194,0.737402
11195,0.846943
11196,0.904222
11197,0.872541
11198,0.953418
11199,0.869232
11200,0.81917
11201,0.842093
11202,0.910812
11203,0.67559
11204,0.67255
11205,0.930625
11206,0.960283
11207,0.634742
11208,0.673576
11209,0.736365
11210,0.819091
11211,0.494685
11212,0.593213
11213,0.660893
11214,0.588768
11215,0.691133
11216,0.538722
11217,0.913089
11218,0.783702
11219,0.892303
11220,0.69075
11221,0.901619
11222,0.713388
11223,0.892815
11224,0.667914
11225,0.560824
11226,0.657571
11227,0.595394
11228,0.869561
11229,0.783301
11230,0.833206
11231,0.665237
11232,0.664293
11233,0.758655
11234,0.686887
11235,0.728326
11236,0.962177
11237,0.626093
11238,0.738074
11239,0.711737
11240,0.663585
11241,0.609427
11242,0.728323
11243,0.699633
11244,0.649105
11245,0.645527
11246,0.355186
11247,0.826197
11248,0.804007
11249,0.956515
11250,0.751243
11251,0.657399
11252,0.58932
11253,0.583471
11254,0.711846
11255,0.804476
11256,0.688711
11257,0.959798
11258,0.639426
11259,0.75456
11260,0.605827
11261,0.7687
11262,0.64238
11263,0.640096
11264,0.441949
11265,0.945443
11266,0.948207
11267,0.551651
11268,0.745495
11269,0.581495
11270,0.95862
11271,0.643567
11272,0.963665
11273,0.877414
11274,0.503286
11275,0.952183
11276,0.649775
11277,0.643595
11278,0.681352
11279,0.777223
11280,0.857771
11281,0.641272
11282,0.544021
11283,0.722711
11284,0.525457
11285,0.896781
11286,0.890042
11287,0.684109
11288,0.89827
11289,0.954978
11290,0.694054
11291,0.917502
11292,0.824202
11293,0.758553
11294,0.712312
11295,0.869803
11296,0.65037
11297,0.56383
11298,0.360686
11299,0.800308
11300,0.569179
11301,0.630357
11302,0.601236
11303,0.85151
11304,0.921114
11305,0.269801
11306,0.454132
11307,0.904898
11308,0.669619
11309,0.800843
11310,0.853171
11311,0.646577
11312,0.312514
11313,0.932612
11314,0.423144
11315,0.69066
11316,0.379889
11317,0.534072
11318,0.578645
11319,0.768285
11320,0.312796
11321,0.843784
11322,0.441411
11323,0.794917
11324,0.568862
11325,0.679972
11326,0.94954
11327,0.648876
11328,0.505061
11329,0.896345
11330,0.777803
11331,0.863586
11332,0.905017
11333,0.581858
11334,0.581868
11335,0.958569
11336,0.78888
11337,0.634741
11338,0.8775
11339,0.869602
11340,0.890517
11341,0.582252
11342,0.584709
11343,0.801206
11344,0.444745
11345,0.751948
11346,0.798013
11347,0.947971
11348,0.787597
11349,0.486114
11350,0.677527
11351,0.937951
11352,0.715918
11353,0.726665
11354,0.676859
11355,0.714732
11356,0.644326
11357,0.526456
11358,0.790478
11359,0.947532
11360,0.621559
11361,0.373305
11362,0.567315
11363,0.819387
11364,0.33678
11365,0.830514
11366,0.671707
11367,0.788338
11368,0.692365
11369,0.85662
11370,0.478299
11371,0.735355
11372,0.303289
11373,0.609985
11374,0.696597
11375,0.929182
11376,0.937861
11377,0.616743
11378,0.87906
11379,0.705626
11380,0.697496
11381,0.201785
11382,0.601863
11383,0.956087
11384,0.734077
11385,0.448734
11386,0.593696
11387,0.786038
11388,0.966465
11389,0.29245
11390,0.799763
11391,0.740787
11392,0.690808
11393,0.897634
11394,0.691352
11395,0.978062
11396,0.583651
11397,0.879421
11398,0.612755
11399,0.699077
11400,0.890921
11401,0.382361
11402,0.917459
11403,0.854861
11404,0.733894
11405,0.692737
11406,0.953622
11407,0.547033
11408,0.931242
11409,0.640907
11410,0.673463
11411,0.675215
11412,0.568452
11413,0.547139
11414,0.423831
11415,0.916614
11416,0.769877
11417,0.848999
11418,0.768973
11419,0.713091
11420,0.931616
11421,0.108804
11422,0.798628
11423,0.799213
11424,0.72548
11425,0.946052
11426,0.734136
11427,0.460707
11428,0.471459
11429,0.691408
11430,0.663569
11431,0.736383
11432,0.808031
11433,0.743677
11434,0.770877
11435,0.841375
11436,0.405176
11437,0.647893
11438,0.703952
11439,0.924793
11440,0.592127
11441,0.699492
11442,0.692384
11443,0.806173
11444,0.488765
11445,0.937271
11446,0.848717
11447,0.667365
11448,0.911535
11449,0.639573
11450,0.288723
11451,0.736634
11452,0.692731
11453,0.91449
11454,0.593187
11455,0.356473
11456,0.20562
11457,0.609011
11458,0.515457
11459,0.598043
11460,0.941786
11461,0.70362
11462,0.855088
11463,0.723475
11464,0.246381
11465,0.548031
11466,0.899425
11467,0.309272
11468,0.761007
11469,0.399372
11470,0.666344
11471,0.803931
11472,0.74244
11473,0.759342
11474,0.46064
11475,0.764826
11476,0.315107
11477,0.862961
11478,0.933419
11479,0.440019
11480,0.655338
11481,0.629826
11482,0.561128
11483,0.860112
11484,0.81214
11485,0.946178
11486,0.962031
11487,0.661438
11488,0.704068
11489,0.76308
11490,0.683777
11491,0.954223
11492,0.612927
11493,0.726747
11494,0.569896
11495,0.726573
11496,0.747073
11497,0.816228
11498,0.773677
11499,0.896057
11500,0.551795
11501,0.835924
11502,0.889417
11503,0.684747
11504,0.952168
11505,0.567797
11506,0.852323
11507,0.631994
11508,0.157609
11509,0.875881
11510,0.807468
11511,0.167685
11512,0.864841
11513,0.922169
11514,0.894272
11515,0.629086
11516,0.975701
11517,0.973808
11518,0.534067
11519,0.891899
11520,0.73836
11521,0.964296
11522,0.880171
11523,0.951347
11524,0.640625
11525,0.524093
11526,0.981018
11527,0.740412
11528,0.822153
11529,0.936404
11530,0.402224
11531,0.653388
11532,0.837476
11533,0.854814
11534,0.636245
11535,0.905114
11536,0.931144
11537,0.982131
11538,0.70606
11539,0.539231
11540,0.119316
11541,0.906733
11542,0.926582
11543,0.72615
11544,0.70494
11545,0.466767
11546,0.940796
11547,0.797412
11548,0.832019
11549,0.93958
11550,0.635184
11551,0.627324
11552,0.486086
11553,0.501117
11554,0.881473
11555,0.737745
11556,0.816907
11557,0.411434
11558,0.311578
11559,0.533162
11560,0.762502
11561,0.511366
11562,0.466536
11563,0.910684
11564,0.762904
11565,0.865183
11566,0.59945
11567,0.894673
11568,0.942596
11569,0.880011
11570,0.714671
11571,0.864122
11572,0.772476
11573,0.231148
11574,0.802589
11575,0.651164
11576,0.921879
11577,0.932624
11578,0.925901
11579,0.796016
11580,0.670515
11581,0.428783
11582,0.669756
11583,0.576147
11584,0.651489
11585,0.801173
11586,0.535697
11587,0.369955
11588,0.753726
11589,0.710971
11590,0.810695
11591,0.83304
11592,0.450052
11593,0.678748
11594,0.584635
11595,0.739153
11596,0.8588
11597,0.785573
11598,0.957876
11599,0.678051
11600,0.431553
11601,0.798564
11602,0.732764
11603,0.739272
11604,0.776383
11605,0.688389
11606,0.858013
11607,0.699884
11608,0.938529
11609,0.5286
11610,0.80771
11611,0.556262
11612,0.695145
11613,0.586523
11614,0.969468
11615,0.638691
11616,0.687346
11617,0.837152
11618,0.961408
11619,0.798371
11620,0.340326
11621,0.735563
11622,0.973086
11623,0.563353
11624,0.635058
11625,0.305276
11626,0.523803
11627,0.542269
11628,0.839759
11629,0.832857
11630,0.651662
11631,0.912178
11632,0.986629
11633,0.512345
11634,0.626151
11635,0.545294
11636,0.94954
11637,0.537108
11638,0.926309
11639,0.72635
11640,0.826625
11641,0.96237
11642,0.762456
11643,0.704594
11644,0.589421
11645,0.454516
11646,0.858645
11647,0.773505
11648,0.757033
11649,0.830615
11650,0.887989
11651,0.738832
11652,0.848412
11653,0.570914
11654,0.444205
11655,0.765025
11656,0.706131
11657,0.882296
11658,0.880923
11659,0.965255
11660,0.549618
11661,0.528668
11662,0.602515
11663,0.700312
11664,0.636685
11665,0.902115
11666,0.672851
11667,0.598954
11668,0.617884
11669,0.738838
11670,0.844177
11671,0.765547
11672,0.908447
11673,0.783881
11674,0.925284
11675,0.741791
11676,0.932517
11677,0.649553
11678,0.895171
11679,0.298647
11680,0.932321
11681,0.941287
11682,0.702659
11683,0.465228
11684,0.901608
11685,0.838109
11686,0.90268
11687,0.681408
11688,0.876305
11689,0.809729
11690,0.559263
11691,0.241045
11692,0.947913
11693,0.982871
11694,0.390497
11695,0.877318
11696,0.86715
11697,0.869729
11698,0.621003
11699,0.982651
11700,0.979354
11701,0.964358
11702,0.751167
11703,0.704597
11704,0.682797
11705,0.677447
11706,0.713106
11707,0.978194
11708,0.850563
11709,0.887391
11710,0.750029
11711,0.872001
11712,0.889285
11713,0.796411
11714,0.50946
11715,0.565396
11716,0.824418
11717,0.906882
11718,0.967552
11719,0.88677
11720,0.795478
11721,0.745524
11722,0.861949
11723,0.815104
11724,0.850716
11725,0.762951
11726,0.438976
11727,0.73038
11728,0.696719
11729,0.539761
11730,0.866195
11731,0.588333
11732,0.814086
11733,0.733337
11734,0.930267
11735,0.829269
11736,0.54348
11737,0.850255
11738,0.443424
11739,0.829911
11740,0.776649
11741,0.578116
11742,0.694887
11743,0.87045
11744,0.821125
11745,0.761075
11746,0.473123
11747,0.536303
11748,0.633602
11749,0.555914
11750,0.84951
11751,0.869463
11752,0.775292
11753,0.882361
11754,0.70263
11755,0.394852
11756,0.815667
11757,0.967962
11758,0.838375
11759,0.561534
11760,0.870318
11761,0.78563
11762,0.408092
11763,0.944215
11764,0.752071
11765,0.962705
11766,0.617983
11767,0.490443
11768,0.801256
11769,0.83258
11770,0.632229
11771,0.678143
11772,0.836636
11773,0.693876
11774,0.722736
11775,0.515251
11776,0.634843
11777,0.980164
11778,0.922765
11779,0.757039
11780,0.767244
11781,0.82717
11782,0.807273
11783,0.785495
11784,0.855283
11785,0.787681
11786,0.765639
11787,0.855651
11788,0.771668
11789,0.682412
11790,0.634816
11791,0.646238
11792,0.829397
11793,0.72038
11794,0.618979
11795,0.764934
11796,0.963291
11797,0.174145
11798,0.667718
11799,0.725844
11800,0.740647
11801,0.837936
11802,0.926625
11803,0.684204
11804,0.978675
11805,0.771475
11806,0.343792
11807,0.676005
11808,0.61246
11809,0.601667
11810,0.162848
11811,0.667372
11812,0.900924
11813,0.805416
11814,0.714853
11815,0.756766
11816,0.946256
11817,0.421398
11818,0.772608
11819,0.962464
11820,0.739581
11821,0.586968
11822,0.723488
11823,0.941341
11824,0.615531
11825,0.325023
11826,0.719358
11827,0.959208
11828,0.578256
11829,0.608358
11830,0.607664
11831,0.84532
11832,0.676773
11833,0.689098
11834,0.647078
11835,0.846525
11836,0.876402
11837,0.871476
11838,0.896502
11839,0.622023
11840,0.453817
11841,0.918952
11842,0.556519
11843,0.601765
11844,0.829148
11845,0.841456
11846,0.740995
11847,0.716648
11848,0.98069
11849,0.642474
11850,0.769026
11851,0.479241
11852,0.611559
11853,0.962121
11854,0.551993
11855,0.7562
11856,0.683682
11857,0.857245
11858,0.855829
11859,0.917784
11860,0.621488
11861,0.784066
11862,0.779939
11863,0.610615
11864,0.694186
11865,0.766251
11866,0.477662
11867,0.454529
11868,0.718418
11869,0.900625
11870,0.948872
11871,0.485445
11872,0.777095
11873,0.928455
11874,0.691641
11875,0.800474
11876,0.676279
11877,0.96517
11878,0.579054
11879,0.876699
11880,0.811957
11881,0.886684
11882,0.302907
11883,0.960967
11884,0.974839
11885,0.583975
11886,0.834075
11887,0.881962
11888,0.979812
11889,0.870994
11890,0.909645
11891,0.652658
11892,0.922034
11893,0.854803
11894,0.552
11895,0.536994
11896,0.698282
11897,0.910056
11898,0.70059
11899,0.20661
11900,0.73992
11901,0.846475
11902,0.742813
11903,0.604251
11904,0.84425
11905,0.857233
11906,0.746604
11907,0.814455
11908,0.641843
11909,0.783438
11910,0.884597
11911,0.796097
11912,0.514446
11913,0.390673
11914,0.720495
11915,0.696561
11916,0.68027
11917,0.624711
11918,0.781243
11919,0.911178
11920,0.830795
11921,0.763736
11922,0.764751
11923,0.68976
11924,0.72059
11925,0.46565
11926,0.580998
11927,0.166974
11928,0.742059
11929,0.655959
11930,0.887851
11931,0.608827
11932,0.535578
11933,0.764356
11934,0.672763
11935,0.682908
11936,0.843692
11937,0.760148
11938,0.740016
11939,0.818071
11940,0.888786
11941,0.455477
11942,0.667869
11943,0.338147
11944,0.687759
11945,0.597946
11946,0.658015
11947,0.604177
11948,0.478498
11949,0.651796
11950,0.795119
11951,0.836346
11952,0.741316
11953,0.680138
11954,0.758541
11955,0.646379
11956,0.929081
11957,0.554838
11958,0.959561
11959,0.689199
11960,0.590393
11961,0.840827
11962,0.763124
11963,0.17992
11964,0.696936
11965,0.705654
11966,0.817331
11967,0.578857
11968,0.669653
11969,0.819016
11970,0.478433
11971,0.6814
11972,0.601912
11973,0.903102
11974,0.703804
11975,0.709161
11976,0.649432
11977,0.719441
11978,0.757245
11979,0.501958
11980,0.654702
11981,0.59377
11982,0.536236
11983,0.820134
11984,0.750167
11985,0.62002
11986,0.668525
11987,0.576117
11988,0.460645
11989,0.227876
11990,0.697821
11991,0.722177
11992,0.566427
11993,0.857265
11994,0.836663
11995,0.257724
11996,0.702431
11997,0.537871
11998,0.846311
11999,0.741553
12000,0.488498
12001,0.78072
12002,0.797346
12003,0.926571
12004,0.705623
12005,0.583015
12006,0.89436
12007,0.844933
12008,0.405635
12009,0.675077
12010,0.558953
12011,0.491701
12012,0.614023
12013,0.676243
12014,0.658857
12015,0.512676
12016,0.580727
12017,0.959717
12018,0.782886
12019,0.893939
12020,0.903413
12021,0.579809
12022,0.418131
12023,0.643287
12024,0.631655
12025,0.782909
12026,0.551858
12027,0.57723
12028,0.753127
12029,0.555938
12030,0.584876
12031,0.702895
12032,0.633814
12033,0.930443
12034,0.594601
12035,0.798799
12036,0.873013
12037,0.904163
12038,0.411844
12039,0.668358
12040,0.39695
12041,0.688258
12042,0.791621
12043,0.585331
12044,0.615374
12045,0.720093
12046,0.566759
12047,0.621191
12048,0.901394
12049,0.864115
12050,0.620274
12051,0.955736
12052,0.654624
12053,0.832001
12054,0.736379
12055,0.867109
12056,0.74283
12057,0.721595
12058,0.908586
12059,0.727173
12060,0.852444
12061,0.769095
12062,0.687396
12063,0.7382
12064,0.407235
12065,0.895334
12066,0.589114
12067,0.606905
12068,0.658985
12069,0.594235
12070,0.69639
12071,0.232115
12072,0.473345
12073,0.544217
12074,0.754594
12075,0.771208
12076,0.458065
12077,0.760099
12078,0.831739
12079,0.768562
12080,0.132764
12081,0.514122
12082,0.83509
12083,0.834276
12084,0.596189
12085,0.59927
12086,0.62225
12087,0.574666
12088,0.901361
12089,0.729065
12090,0.611255
12091,0.70419
12092,0.665193
12093,0.620854
12094,0.969538
12095,0.778561
12096,0.136724
12097,0.688384
12098,0.837969
12099,0.678542
12100,0.677356
12101,0.614921
12102,0.954446
12103,0.715121
12104,0.427751
12105,0.447146
12106,0.829689
12107,0.614318
12108,0.720914
12109,0.834831
12110,0.771126
12111,0.375618
12112,0.655769
12113,0.689511
12114,0.793007
12115,0.801734
12116,0.782872
12117,0.906678
12118,0.866036
12119,0.63879
12120,0.766036
12121,0.789717
12122,0.905063
12123,0.715284
12124,0.54197
12125,0.52432
12126,0.905702
12127,0.586611
12128,0.886029
12129,0.565174
12130,0.692677
12131,0.851448
12132,0.685947
12133,0.8677
12134,0.837712
12135,0.922824
12136,0.746034
12137,0.501534
12138,0.226022
12139,0.506587
12140,0.751755
12141,0.579754
12142,0.647525
12143,0.823683
12144,0.86968
12145,0.60706
12146,0.69601
12147,0.498013
12148,0.892847
12149,0.821651
12150,0.827282
12151,0.438072
12152,0.908369
12153,0.588043
12154,0.777779
12155,0.836096
12156,0.556299
12157,0.573475
12158,0.880808
12159,0.624892
12160,0.930595
12161,0.793794
12162,0.605186
12163,0.935948
12164,0.711229
12165,0.733806
12166,0.967225
12167,0.639361
12168,0.596477
12169,0.762864
12170,0.881717
12171,0.735473
12172,0.714139
12173,0.683082
12174,0.921271
12175,0.154991
12176,0.957597
12177,0.871563
12178,0.818332
12179,0.63044
12180,0.880826
12181,0.741716
12182,0.454872
12183,0.786552
12184,0.693089
12185,0.622254
12186,0.562977
12187,0.43483
12188,0.962797
12189,0.365574
12190,0.764315
12191,0.547083
12192,0.986796
12193,0.794482
12194,0.803009
12195,0.834264
12196,0.733517
12197,0.931475
12198,0.878534
12199,0.883307
12200,0.66473
12201,0.652186
12202,0.788583
12203,0.872086
12204,0.479218
12205,0.82175
12206,0.69153
12207,0.908256
12208,0.677077
12209,0.903432
12210,0.879026
12211,0.688478
12212,0.961888
12213,0.79988
12214,0.757373
12215,0.661552
12216,0.704226
12217,0.896981
12218,0.49298
12219,0.501231
12220,0.559056
12221,0.845319
12222,0.54927
12223,0.829305
12224,0.875537
12225,0.357268
12226,0.76857
12227,0.715579
12228,0.659063
12229,0.738736
12230,0.887684
12231,0.655172
12232,0.644016
12233,0.605192
12234,0.82596
12235,0.730942
12236,0.95035
12237,0.740936
12238,0.81737
12239,0.840354
12240,0.682626
12241,0.217102
12242,0.831792
12243,0.482012
12244,0.857492
12245,0.707186
12246,0.863048
12247,0.41453
12248,0.628387
12249,0.702015
12250,0.799294
12251,0.868512
12252,0.530614
12253,0.660929
12254,0.884384
12255,0.725763
12256,0.980815
12257,0.721929
12258,0.604923
12259,0.888725
12260,0.938353
12261,0.115448
12262,0.896632
12263,0.568829
12264,0.424206
12265,0.621023
12266,0.733248
12267,0.737928
12268,0.908758
12269,0.637688
12270,0.843276
12271,0.652404
12272,0.946973
12273,0.852067
12274,0.914941
12275,0.845248
12276,0.575737
12277,0.410128
12278,0.894718
12279,0.597457
12280,0.944055
12281,0.868213
12282,0.718413
12283,0.459174
12284,0.755646
12285,0.838293
12286,0.659273
12287,0.680731
12288,0.694508
12289,0.656601
12290,0.940878
12291,0.871262
12292,0.662823
12293,0.729464
12294,0.44782
12295,0.915437
12296,0.890513
12297,0.740828
12298,0.896435
12299,0.658277
12300,0.938584
12301,0.606524
12302,0.8113
12303,0.968524
12304,0.568561
12305,0.868951
12306,0.942814
12307,0.768442
12308,0.971391
12309,0.548872
12310,0.894653
12311,0.842259
12312,0.847845
12313,0.811161
12314,0.124528
12315,0.340391
12316,0.927837
12317,0.640547
12318,0.311429
12319,0.844556
12320,0.645078
12321,0.735988
12322,0.648334
12323,0.59581
12324,0.50439
12325,0.549337
12326,0.425346
12327,0.740622
12328,0.528546
12329,0.520068
12330,0.811794
12331,0.777296
12332,0.500936
12333,0.674255
12334,0.861657
12335,0.777059
12336,0.377188
12337,0.322552
12338,0.729033
12339,0.67411
12340,0.73938
12341,0.614655
12342,0.832348
12343,0.620929
12344,0.787457
12345,0.79931
12346,0.947662
12347,0.80467
12348,0.50862
12349,0.668449
12350,0.714706
12351,0.627931
12352,0.97204
12353,0.887656
12354,0.707459
12355,0.974193
12356,0.847214
12357,0.802109
12358,0.894017
12359,0.164175
12360,0.963693
12361,0.732304
12362,0.698465
12363,0.333441
12364,0.805049
12365,0.550028
12366,0.725195
12367,0.709911
12368,0.772024
12369,0.526573
12370,0.69696
12371,0.931652
12372,0.418536
12373,0.941494
12374,0.922809
12375,0.708911
12376,0.80229
12377,0.924918
12378,0.830252
12379,0.838667
12380,0.492337
12381,0.634537
12382,0.950099
12383,0.80403
12384,0.860213
12385,0.674903
12386,0.668995
12387,0.765864
12388,0.777481
12389,0.773118
12390,0.770249
12391,0.882579
12392,0.538524
12393,0.566454
12394,0.94112
12395,0.922156
12396,0.28245
12397,0.773358
12398,0.632622
12399,0.951458
12400,0.670163
12401,0.618251
12402,0.46649
12403,0.572908
12404,0.696118
12405,0.896789
12406,0.761044
12407,0.83289
12408,0.543281
12409,0.730781
12410,0.785156
12411,0.941567
12412,0.606186
12413,0.648325
12414,0.91789
12415,0.843786
12416,0.903504
12417,0.692083
12418,0.66207
12419,0.683089
12420,0.970038
12421,0.689544
12422,0.478441
12423,0.855917
12424,0.9407
12425,0.401473
12426,0.938167
12427,0.976846
12428,0.921029
12429,0.259166
12430,0.660005
12431,0.211896
12432,0.696448
12433,0.907084
12434,0.655062
12435,0.319599
12436,0.910094
12437,0.940317
12438,0.799729
12439,0.870786
12440,0.877878
12441,0.782411
12442,0.962941
12443,0.733302
12444,0.888706
12445,0.883793
12446,0.780649
12447,0.757434
12448,0.296485
12449,0.790726
12450,0.92728
12451,0.666484
12452,0.717579
12453,0.634603
12454,0.665716
12455,0.85182
12456,0.884036
12457,0.910652
12458,0.80096
12459,0.648348
12460,0.578196
12461,0.592601
12462,0.720821
12463,0.860109
12464,0.862985
12465,0.752249
12466,0.945707
12467,0.758385
12468,0.729692
12469,0.826986
12470,0.691302
12471,0.432087
12472,0.844511
12473,0.75463
12474,0.950395
12475,0.865612
12476,0.724293
12477,0.824899
12478,0.483544
12479,0.634827
12480,0.63571
12481,0.339506
12482,0.787601
12483,0.9208
12484,0.6764
12485,0.578804
12486,0.557228
12487,0.909226
12488,0.924309
12489,0.846937
12490,0.238966
12491,0.960988
12492,0.787451
12493,0.596664
12494,0.929982
12495,0.763071
12496,0.902439
12497,0.844631
12498,0.473591
12499,0.485721
12500,0.691492
12501,0.546321
12502,0.959512
12503,0.693108
12504,0.646415
12505,0.867503
12506,0.83986
12507,0.748846
12508,0.429586
12509,0.484403
12510,0.228244
12511,0.790876
12512,0.856469
12513,0.718836
12514,0.842227
12515,0.665371
12516,0.673643
12517,0.762885
12518,0.806343
12519,0.654802
12520,0.825217
12521,0.502944
12522,0.922606
12523,0.532223
12524,0.638992
12525,0.744513
12526,0.661942
12527,0.933514
12528,0.597489
12529,0.238009
12530,0.528641
12531,0.923831
12532,0.842423
12533,0.919056
12534,0.639641
12535,0.786496
12536,0.547918
12537,0.84765
12538,0.541171
12539,0.66333
12540,0.57695
12541,0.816228
12542,0.753256
12543,0.597409
12544,0.771392
12545,0.716801
12546,0.398875
12547,0.781951
12548,0.32762
12549,0.92884
12550,0.58875
12551,0.547375
12552,0.62613
12553,0.925378
12554,0.813388
12555,0.853526
12556,0.873117
12557,0.56936
12558,0.913865
12559,0.864972
12560,0.625814
12561,0.754745
12562,0.326168
12563,0.907309
12564,0.44888
12565,0.519933
12566,0.735993
12567,0.500979
12568,0.857408
12569,0.8821
12570,0.706943
12571,0.931289
12572,0.984337
12573,0.899242
12574,0.850801
12575,0.848709
12576,0.852914
12577,0.692474
12578,0.860011
12579,0.37982
12580,0.727267
12581,0.294142
12582,0.745538
12583,0.898224
12584,0.804559
12585,0.456917
12586,0.90835
12587,0.545148
12588,0.675356
12589,0.598076
12590,0.872734
12591,0.721683
12592,0.790648
12593,0.638034
12594,0.420082
12595,0.509147
12596,0.74036
12597,0.178089
12598,0.806261
12599,0.880094
12600,0.751579
12601,0.835024
12602,0.910404
12603,0.953018
12604,0.725864
12605,0.827489
12606,0.917811
12607,0.729163
12608,0.646873
12609,0.779144
12610,0.512949
12611,0.76775
12612,0.608788
12613,0.80431
12614,0.816117
12615,0.794932
12616,0.816221
12617,0.810795
12618,0.820132
12619,0.578186
12620,0.393688
12621,0.695151
12622,0.879977
12623,0.742641
12624,0.65852
12625,0.652026
12626,0.834714
12627,0.694003
12628,0.630103
12629,0.978829
12630,0.633175
12631,0.740333
12632,0.95238
12633,0.957773
12634,0.816026
12635,0.520547
12636,0.740916
12637,0.71101
12638,0.671068
12639,0.179443
12640,0.600271
12641,0.613158
12642,0.70098
12643,0.760008
12644,0.925645
12645,0.553616
12646,0.713352
12647,0.718827
12648,0.835771
12649,0.533967
12650,0.954062
12651,0.908919
12652,0.474808
12653,0.615909
12654,0.536436
12655,0.908268
12656,0.733622
12657,0.871382
12658,0.723323
12659,0.81967
12660,0.55755
12661,0.84051
12662,0.81582
12663,0.722295
12664,0.420337
12665,0.609738
12666,0.634877
12667,0.771034
12668,0.914926
12669,0.585959
12670,0.79772
12671,0.974575
12672,0.639495
12673,0.907938
12674,0.740977
12675,0.603136
12676,0.671776
12677,0.509207
12678,0.733741
12679,0.824154
12680,0.519565
12681,0.417785
12682,0.777133
12683,0.930859
12684,0.845437
12685,0.822214
12686,0.648683
12687,0.456875
12688,0.481257
12689,0.690377
12690,0.900702
12691,0.74427
12692,0.775082
12693,0.895073
12694,0.626352
12695,0.914269
12696,0.698625
12697,0.756911
12698,0.800076
12699,0.416941
12700,0.944556
12701,0.233382
12702,0.649933
12703,0.817346
12704,0.932525
12705,0.714934
12706,0.640156
12707,0.968333
12708,0.972558
12709,0.76256
12710,0.677265
12711,0.722622
12712,0.785824
12713,0.691104
12714,0.755611
12715,0.848898
12716,0.766324
12717,0.846265
12718,0.851272
12719,0.549125
12720,0.738641
12721,0.459146
12722,0.251267
12723,0.492807
12724,0.872718
12725,0.821901
12726,0.825867
12727,0.683386
12728,0.593087
12729,0.583272
12730,0.395483
12731,0.733327
12732,0.665184
12733,0.674088
12734,0.61448
12735,0.657472
12736,0.543455
12737,0.754539
12738,0.848212
12739,0.639249
12740,0.660333
12741,0.592223
12742,0.702549
12743,0.860155
12744,0.868065
12745,0.76561
12746,0.511591
12747,0.692557
12748,0.860744
12749,0.321797
12750,0.89553
12751,0.498391
12752,0.885602
12753,0.95208
12754,0.699602
12755,0.918772
12756,0.752944
12757,0.480489
12758,0.961221
12759,0.717568
12760,0.751554
12761,0.439726
12762,0.874842
12763,0.260014
12764,0.68158
12765,0.839959
12766,0.57298
12767,0.889932
12768,0.656555
12769,0.840232
12770,0.702185
12771,0.843746
12772,0.616499
12773,0.495534
12774,0.618355
12775,0.584309
12776,0.792739
12777,0.709769
12778,0.630896
12779,0.829031
12780,0.677247
12781,0.769771
12782,0.731933
12783,0.693494
12784,0.533563
12785,0.588726
12786,0.572894
12787,0.675978
12788,0.80878
12789,0.572335
12790,0.874597
12791,0.800391
12792,0.594211
12793,0.875002
12794,0.666526
12795,0.676908
12796,0.895281
12797,0.863786
12798,0.623415
12799,0.900161
12800,0.509122
12801,0.591449
12802,0.768989
12803,0.653065
12804,0.981283
12805,0.79368
12806,0.651274
12807,0.78572
12808,0.903057
12809,0.130189
12810,0.630357
12811,0.597688
12812,0.86721
12813,0.493239
12814,0.562362
12815,0.854235
12816,0.753683
12817,0.725993
12818,0.888868
12819,0.805036
12820,0.715218
12821,0.931979
12822,0.63842
12823,0.74386
12824,0.907912
12825,0.566161
12826,0.465526
12827,0.672276
12828,0.798496
12829,0.827299
12830,0.717251
12831,0.960222
12832,0.970615
12833,0.553999
12834,0.685749
12835,0.882528
12836,0.425641
12837,0.7148
12838,0.770018
12839,0.62013
12840,0.191961
12841,0.617894
12842,0.729662
12843,0.82689
12844,0.70072
12845,0.903697
12846,0.725438
12847,0.561616
12848,0.639099
12849,0.461674
12850,0.753994
12851,0.878706
12852,0.623225
12853,0.975167
12854,0.873618
12855,0.626146
12856,0.804574
12857,0.955638
12858,0.233947
12859,0.780522
12860,0.586078
12861,0.760063
12862,0.757175
12863,0.984957
12864,0.506006
12865,0.979286
12866,0.891565
12867,0.984603
12868,0.437284
12869,0.704035
12870,0.441751
12871,0.697186
12872,0.863509
12873,0.652328
12874,0.835689
12875,0.701369
12876,0.967306
12877,0.427563
12878,0.752229
12879,0.860012
12880,0.876121
12881,0.362367
12882,0.704304
12883,0.699134
12884,0.756535
12885,0.970338
12886,0.812418
12887,0.682952
12888,0.972894
12889,0.789636
12890,0.850616
12891,0.842507
12892,0.923353
12893,0.70031
12894,0.931502
12895,0.932754
12896,0.846285
12897,0.694129
12898,0.639869
12899,0.683745
12900,0.578671
12901,0.745514
12902,0.842216
12903,0.700689
12904,0.926568
12905,0.466202
12906,0.609711
12907,0.83072
12908,0.880948
12909,0.737369
12910,0.805271
12911,0.839188
12912,0.277626
12913,0.747894
12914,0.965563
12915,0.47443
12916,0.49501
12917,0.678566
12918,0.414693
12919,0.676447
12920,0.571041
12921,0.616884
12922,0.498329
12923,0.636276
12924,0.776539
12925,0.712523
12926,0.832054
12927,0.554434
12928,0.650577
12929,0.804826
12930,0.788139
12931,0.461867
12932,0.498615
12933,0.837028
12934,0.759123
12935,0.581107
12936,0.622505
12937,0.855828
12938,0.794154
12939,0.680974
12940,0.893852
12941,0.828831
12942,0.606549
12943,0.720233
12944,0.426858
12945,0.412476
12946,0.945152
12947,0.964159
12948,0.873286
12949,0.951442
12950,0.557933
12951,0.830003
12952,0.598248
12953,0.87193
12954,0.829495
12955,0.803977
12956,0.591698
12957,0.217668
12958,0.807616
12959,0.804181
12960,0.63571
12961,0.647651
12962,0.927822
12963,0.720987
12964,0.952824
12965,0.351142
12966,0.844017
12967,0.689748
12968,0.551457
12969,0.574854
12970,0.609135
12971,0.737003
12972,0.385549
12973,0.695593
12974,0.601448
12975,0.89437
12976,0.879601
12977,0.685815
12978,0.928118
12979,0.613136
12980,0.709113
12981,0.698415
12982,0.666778
12983,0.792405
12984,0.464079
12985,0.786881
12986,0.692687
12987,0.267972
12988,0.368546
12989,0.542752
12990,0.975649
12991,0.17047
12992,0.792022
12993,0.58056
12994,0.829045
12995,0.747382
12996,0.648888
12997,0.950962
12998,0.399822
12999,0.901449
13000,0.766622
13001,0.862187
13002,0.55321
13003,0.690815
13004,0.73996
13005,0.864544
13006,0.678082
13007,0.635381
13008,0.763929
13009,0.575186
13010,0.513934
13011,0.690232
13012,0.851967
13013,0.945085
13014,0.414381
13015,0.850691
13016,0.583056
13017,0.841502
13018,0.837299
13019,0.811044
13020,0.797185
13021,0.898033
13022,0.787382
13023,0.594625
13024,0.622662
13025,0.587492
13026,0.752839
13027,0.253414
13028,0.927249
13029,0.905481
13030,0.297082
13031,0.637075
13032,0.762803
13033,0.791455
13034,0.524792
13035,0.812965
13036,0.620502
13037,0.956394
13038,0.717139
13039,0.59266
13040,0.968554
13041,0.769437
13042,0.651844
13043,0.756771
13044,0.839805
13045,0.661045
13046,0.925857
13047,0.841865
13048,0.799142
13049,0.70664
13050,0.578886
13051,0.352409
13052,0.673234
13053,0.577765
13054,0.560927
13055,0.695673
13056,0.825726
13057,0.651492
13058,0.304291
13059,0.658117
13060,0.559216
13061,0.669055
13062,0.89359
13063,0.603853
13064,0.592113
13065,0.840653
13066,0.902964
13067,0.907383
13068,0.845289
13069,0.699552
13070,0.289864
13071,0.571632
13072,0.789981
13073,0.630555
13074,0.837236
13075,0.506397
13076,0.74131
13077,0.587163
13078,0.418318
13079,0.631416
13080,0.892189
13081,0.355693
13082,0.72919
13083,0.664707
13084,0.711064
13085,0.373742
13086,0.53672
13087,0.514837
13088,0.687419
13089,0.786461
13090,0.861081
13091,0.763399
13092,0.536865
13093,0.922631
13094,0.922697
13095,0.845741
13096,0.369535
13097,0.593792
13098,0.504579
13099,0.716859
13100,0.411371
13101,0.678628
13102,0.62387
13103,0.698544
13104,0.668654
13105,0.171843
13106,0.682272
13107,0.572926
13108,0.733266
13109,0.669314
13110,0.502493
13111,0.606385
13112,0.957282
13113,0.737155
13114,0.279289
13115,0.747633
13116,0.489311
13117,0.763359
13118,0.613745
13119,0.933941
13120,0.652582
13121,0.684288
13122,0.786828
13123,0.498829
13124,0.698129
13125,0.669723
13126,0.604509
13127,0.464307
13128,0.710575
13129,0.743505
13130,0.669237
13131,0.759379
13132,0.879273
13133,0.948711
13134,0.845706
13135,0.517517
13136,0.538743
13137,0.681755
13138,0.612572
13139,0.943158
13140,0.614102
13141,0.603249
13142,0.817627
13143,0.691435
13144,0.488117
13145,0.560237
13146,0.783977
13147,0.943855
13148,0.543001
13149,0.768573
13150,0.631812
13151,0.635054
13152,0.18392
13153,0.790882
13154,0.61357
13155,0.667477
13156,0.729975
13157,0.654248
13158,0.750864
13159,0.938952
13160,0.870804
13161,0.69881
13162,0.905428
13163,0.792171
13164,0.940879
13165,0.757743
13166,0.72857
13167,0.740788
13168,0.827673
13169,0.508713
13170,0.714547
13171,0.877636
13172,0.850513
13173,0.670489
13174,0.601339
13175,0.727839
13176,0.483726
13177,0.965966
13178,0.834884
13179,0.600826
13180,0.919316
13181,0.687336
13182,0.486032
13183,0.748152
13184,0.87634
13185,0.626836
13186,0.479619
13187,0.903329
13188,0.835047
13189,0.666964
13190,0.346644
13191,0.723378
13192,0.698466
13193,0.927036
13194,0.627446
13195,0.542505
13196,0.7023
13197,0.846588
13198,0.402302
13199,0.971427
13200,0.945476
13201,0.963612
13202,0.907664
13203,0.795034
13204,0.899228
13205,0.684391
13206,0.931714
13207,0.371649
13208,0.573485
13209,0.547801
13210,0.531484
13211,0.667729
13212,0.769641
13213,0.667361
13214,0.695942
13215,0.760031
13216,0.785227
13217,0.595598
13218,0.910094
13219,0.797297
13220,0.706386
13221,0.889132
13222,0.726712
13223,0.93055
13224,0.788157
13225,0.65429
13226,0.76598
13227,0.678348
13228,0.654574
13229,0.7222
13230,0.678464
13231,0.36994
13232,0.678719
13233,0.788798
13234,0.584008
13235,0.759146
13236,0.797519
13237,0.776451
13238,0.957613
13239,0.672396
13240,0.905118
13241,0.646148
13242,0.560577
13243,0.865753
13244,0.888441
13245,0.648958
13246,0.757705
13247,0.778834
13248,0.864363
13249,0.711754
13250,0.417292
13251,0.712083
13252,0.508816
13253,0.840965
13254,0.544333
13255,0.889499
13256,0.671425
13257,0.595259
13258,0.972253
13259,0.814206
13260,0.920624
13261,0.931491
13262,0.378469
13263,0.924631
13264,0.870487
13265,0.57495
13266,0.845491
13267,0.536347
13268,0.871253
13269,0.625231
13270,0.473615
13271,0.580786
13272,0.840078
13273,0.662222
13274,0.511299
13275,0.58363
13276,0.760951
13277,0.340448
13278,0.752334
13279,0.730406
13280,0.484437
13281,0.859238
13282,0.631637
13283,0.450646
13284,0.758655
13285,0.605999
13286,0.384079
13287,0.579252
13288,0.860005
13289,0.210617
13290,0.655085
13291,0.851141
13292,0.657593
13293,0.755702
13294,0.602929
13295,0.984421
13296,0.865024
13297,0.632247
13298,0.68802
13299,0.635969
13300,0.876566
13301,0.704139
13302,0.941103
13303,0.716633
13304,0.984976
13305,0.566419
13306,0.593294
13307,0.918757
13308,0.398368
13309,0.780252
13310,0.981154
13311,0.862233
13312,0.332125
13313,0.866612
13314,0.769443
13315,0.8135
13316,0.485997
13317,0.918375
13318,0.442979
13319,0.888636
13320,0.61852
13321,0.208266
13322,0.334028
13323,0.924558
13324,0.456672
13325,0.646071
13326,0.857395
13327,0.631286
13328,0.670274
13329,0.848599
13330,0.710571
13331,0.945692
13332,0.964121
13333,0.775848
13334,0.772952
13335,0.586752
13336,0.835942
13337,0.478559
13338,0.696345
13339,0.864114
13340,0.610214
13341,0.646717
13342,0.733113
13343,0.410843
13344,0.525936
13345,0.775865
13346,0.807259
13347,0.824253
13348,0.514007
13349,0.677149
13350,0.641245
13351,0.690715
13352,0.858653
13353,0.912791
13354,0.468866
13355,0.717293
13356,0.841532
13357,0.479624
13358,0.70002
13359,0.459528
13360,0.750829
13361,0.748769
13362,0.809372
13363,0.634491
13364,0.808268
13365,0.980588
13366,0.731149
13367,0.657455
13368,0.588778
13369,0.69032
13370,0.595066
13371,0.657197
13372,0.821203
13373,0.6541
13374,0.771051
13375,0.873605
13376,0.79648
13377,0.723414
13378,0.513159
13379,0.952737
13380,0.23958
13381,0.920611
13382,0.893117
13383,0.784353
13384,0.447757
13385,0.677066
13386,0.773695
13387,0.794458
13388,0.719707
13389,0.868027
13390,0.193342
13391,0.188566
13392,0.71412
13393,0.969653
13394,0.93623
13395,0.800621
13396,0.81871
13397,0.483832
13398,0.782458
13399,0.697666
13400,0.85545
13401,0.584197
13402,0.673397
13403,0.670564
13404,0.675916
13405,0.763457
13406,0.909775
13407,0.930462
13408,0.722731
13409,0.520858
13410,0.92354
13411,0.964578
13412,0.764268
13413,0.907879
13414,0.440836
13415,0.898761
13416,0.473735
13417,0.83141
13418,0.498584
13419,0.923129
13420,0.844328
13421,0.368049
13422,0.81099
13423,0.56891
13424,0.843999
13425,0.650914
13426,0.724577
13427,0.472546
13428,0.773872
13429,0.692769
13430,0.953155
13431,0.446223
13432,0.587573
13433,0.799191
13434,0.483401
13435,0.944678
13436,0.645842
13437,0.354187
13438,0.770104
13439,0.74442
13440,0.664509
13441,0.734229
13442,0.223738
13443,0.730125
13444,0.691483
13445,0.529395
13446,0.948422
13447,0.946781
13448,0.965157
13449,0.784711
13450,0.882276
13451,0.780172
13452,0.934581
13453,0.482249
13454,0.760237
13455,0.846846
13456,0.203455
13457,0.844022
13458,0.84847
13459,0.731461
13460,0.598463
13461,0.718389
13462,0.492097
13463,0.669723
13464,0.559914
13465,0.526288
13466,0.631324
13467,0.666351
13468,0.66573
13469,0.547026
13470,0.960152
13471,0.885444
13472,0.717158
13473,0.654683
13474,0.554743
13475,0.653314
13476,0.530922
13477,0.914403
13478,0.6713
13479,0.72866
13480,0.644383
13481,0.905445
13482,0.59936
13483,0.914447
13484,0.744119
13485,0.831555
13486,0.820591
13487,0.834142
13488,0.485564
13489,0.587223
13490,0.800926
13491,0.714234
13492,0.946181
13493,0.73852
13494,0.749373
13495,0.464099
13496,0.750706
13497,0.6999
13498,0.795125
13499,0.482918
13500,0.903953
13501,0.800081
13502,0.954371
13503,0.865973
13504,0.781314
13505,0.753452
13506,0.771525
13507,0.716779
13508,0.235667
13509,0.822361
13510,0.840957
13511,0.619358
13512,0.792855
13513,0.896292
13514,0.636234
13515,0.844963
13516,0.727238
13517,0.913376
13518,0.695868
13519,0.665425
13520,0.496163
13521,0.567226
13522,0.890664
13523,0.700976
13524,0.477693
13525,0.43466
13526,0.792054
13527,0.826817
13528,0.295454
13529,0.836002
13530,0.821082
13531,0.535205
13532,0.775943
13533,0.680617
13534,0.750819
13535,0.127768
13536,0.738455
13537,0.479131
13538,0.358006
13539,0.87721
13540,0.740092
13541,0.619718
13542,0.732205
13543,0.949688
13544,0.911611
13545,0.722773
13546,0.859276
13547,0.485095
13548,0.438387
13549,0.737883
13550,0.856323
13551,0.685604
13552,0.506501
13553,0.879667
13554,0.533938
13555,0.733434
13556,0.465668
13557,0.93219
13558,0.835158
13559,0.750764
13560,0.881065
13561,0.824259
13562,0.965334
13563,0.636394
13564,0.149724
13565,0.490935
13566,0.675254
13567,0.853841
13568,0.978175
13569,0.819669
13570,0.671325
13571,0.853049
13572,0.911263
13573,0.379831
13574,0.768618
13575,0.816985
13576,0.736547
13577,0.81699
13578,0.535073
13579,0.85431
13580,0.553795
13581,0.701507
13582,0.909909
13583,0.353151
13584,0.629474
13585,0.947366
13586,0.820385
13587,0.950133
13588,0.688955
13589,0.919072
13590,0.626992
13591,0.883468
13592,0.539298
13593,0.251675
13594,0.867319
13595,0.984909
13596,0.917006
13597,0.95293
13598,0.450338
13599,0.395871
13600,0.722084
13601,0.74464
13602,0.911228
13603,0.693021
13604,0.774874
13605,0.624023
13606,0.814397
13607,0.771507
13608,0.741894
13609,0.871588
13610,0.686155
13611,0.380632
13612,0.716187
13613,0.871569
13614,0.681099
13615,0.763311
13616,0.934897
13617,0.732969
13618,0.527127
13619,0.784329
13620,0.876623
13621,0.859138
13622,0.919063
13623,0.701535
13624,0.747437
13625,0.598489
13626,0.953047
13627,0.444109
13628,0.921638
13629,0.780399
13630,0.659937
13631,0.938103
13632,0.652634
13633,0.430483
13634,0.905695
13635,0.722169
13636,0.854422
13637,0.811237
13638,0.687586
13639,0.635854
13640,0.757763
13641,0.662626
13642,0.696805
13643,0.742752
13644,0.620035
13645,0.72848
13646,0.418809
13647,0.512237
13648,0.507541
13649,0.700476
13650,0.515353
13651,0.693097
13652,0.484939
13653,0.892543
13654,0.611136
13655,0.796676
13656,0.316074
13657,0.636777
13658,0.824394
13659,0.584591
13660,0.596663
13661,0.657936
13662,0.652133
13663,0.425425
13664,0.915502
13665,0.699213
13666,0.698547
13667,0.734647
13668,0.781013
13669,0.737976
13670,0.671574
13671,0.611271
13672,0.895715
13673,0.590475
13674,0.620574
13675,0.928436
13676,0.882237
13677,0.866297
13678,0.692878
13679,0.91584
13680,0.674593
13681,0.406428
13682,0.69079
13683,0.11856
13684,0.926854
13685,0.719558
13686,0.870394
13687,0.418819
13688,0.848802
13689,0.95715
13690,0.898487
13691,0.491619
13692,0.920765
13693,0.587447
13694,0.727921
13695,0.712539
13696,0.251387
13697,0.590742
13698,0.942207
13699,0.671067
13700,0.892682
13701,0.889008
13702,0.906039
13703,0.353971
13704,0.756286
13705,0.561285
13706,0.74471
13707,0.253669
13708,0.867788
13709,0.792408
13710,0.719038
13711,0.611385
13712,0.513818
13713,0.855026
13714,0.871443
13715,0.851005
13716,0.877689
13717,0.964922
13718,0.758095
13719,0.750791
13720,0.734099
13721,0.668059
13722,0.936886
13723,0.950166
13724,0.909733
13725,0.967712
13726,0.421462
13727,0.602021
13728,0.41667
13729,0.741423
13730,0.975778
13731,0.67227
13732,0.987553
13733,0.933713
13734,0.960668
13735,0.861084
13736,0.79808
13737,0.887218
13738,0.758924
13739,0.51677
13740,0.314189
13741,0.955615
13742,0.303837
13743,0.476367
13744,0.409281
13745,0.647558
13746,0.866893
13747,0.126135
13748,0.686605
13749,0.806868
13750,0.851862
13751,0.880649
13752,0.941958
13753,0.668421
13754,0.72875
13755,0.635328
13756,0.530497
13757,0.308083
13758,0.773648
13759,0.878989
13760,0.565837
13761,0.788669
13762,0.903675
13763,0.5017
13764,0.661696
13765,0.667444
13766,0.972916
13767,0.63111
13768,0.790201
13769,0.640782
13770,0.852092
13771,0.919421
13772,0.706572
13773,0.82552
13774,0.65242
13775,0.870002
13776,0.816125
13777,0.648893
13778,0.812296
13779,0.618763
13780,0.802062
13781,0.983862
13782,0.503369
13783,0.8437
13784,0.953408
13785,0.884137
13786,0.693886
13787,0.709283
13788,0.74877
13789,0.61028
13790,0.273726
13791,0.940096
13792,0.783789
13793,0.604826
13794,0.807744
13795,0.945256
13796,0.536722
13797,0.904911
13798,0.454522
13799,0.736459
13800,0.637836
13801,0.948223
13802,0.769577
13803,0.577246
13804,0.914426
13805,0.51222
13806,0.903286
13807,0.636218
13808,0.666486
13809,0.673332
13810,0.443421
13811,0.918708
13812,0.816346
13813,0.670404
13814,0.520746
13815,0.963469
13816,0.688385
13817,0.742083
13818,0.815588
13819,0.818715
13820,0.723091
13821,0.648457
13822,0.581041
13823,0.775127
13824,0.785441
13825,0.911149
13826,0.641106
13827,0.871054
13828,0.508845
13829,0.981682
13830,0.67831
13831,0.710127
13832,0.521071
13833,0.619799
13834,0.892564
13835,0.910523
13836,0.847244
13837,0.973467
13838,0.990252
13839,0.809362
13840,0.83274
13841,0.826834
13842,0.864048
13843,0.67836
13844,0.371016
13845,0.726367
13846,0.843084
13847,0.265139
13848,0.435664
13849,0.46423
13850,0.592901
13851,0.845445
13852,0.766757
13853,0.942863
13854,0.565263
13855,0.753796
13856,0.815679
13857,0.479645
13858,0.784396
13859,0.713463
13860,0.865333
13861,0.84642
13862,0.775232
13863,0.915064
13864,0.95826
13865,0.788246
13866,0.904503
13867,0.746089
13868,0.896424
13869,0.685036
13870,0.632591
13871,0.726404
13872,0.767269
13873,0.926284
13874,0.942359
13875,0.853281
13876,0.618401
13877,0.737757
13878,0.813564
13879,0.790476
13880,0.980606
13881,0.767953
13882,0.874324
13883,0.811323
13884,0.65215
13885,0.864026
13886,0.582566
13887,0.954815
13888,0.332087
13889,0.694431
13890,0.569582
13891,0.800062
13892,0.972375
13893,0.8025
13894,0.914893
13895,0.873285
13896,0.815436
13897,0.59514
13898,0.457711
13899,0.938763
13900,0.812181
13901,0.723437
13902,0.606211
13903,0.657016
13904,0.669738
13905,0.558825
13906,0.666809
13907,0.914454
13908,0.658551
13909,0.8159
13910,0.836324
13911,0.722575
13912,0.555221
13913,0.784165
13914,0.972468
13915,0.675666
13916,0.85344
13917,0.63947
13918,0.96171
13919,0.961527
13920,0.718761
13921,0.579941
13922,0.295363
13923,0.564183
13924,0.662221
13925,0.803533
13926,0.51783
13927,0.629296
13928,0.614684
13929,0.688467
13930,0.624777
13931,0.784074
13932,0.902506
13933,0.744022
13934,0.889314
13935,0.740971
13936,0.711124
13937,0.926855
13938,0.836067
13939,0.891601
13940,0.784925
13941,0.4797
13942,0.55646
13943,0.793685
13944,0.712635
13945,0.67665
13946,0.574305
13947,0.645398
13948,0.592229
13949,0.76347
13950,0.691606
13951,0.316789
13952,0.966984
13953,0.658838
13954,0.967116
13955,0.498378
13956,0.42217
13957,0.969053
13958,0.794653
13959,0.534166
13960,0.519639
13961,0.606865
13962,0.577584
13963,0.705764
13964,0.679756
13965,0.873243
13966,0.912896
13967,0.793952
13968,0.627902
13969,0.653997
13970,0.766243
13971,0.786057
13972,0.451652
13973,0.783308
13974,0.491421
13975,0.738943
13976,0.963435
13977,0.648836
13978,0.766466
13979,0.40156
13980,0.922842
13981,0.742116
13982,0.627703
13983,0.714328
13984,0.834743
13985,0.839481
13986,0.633309
13987,0.704442
13988,0.499046
13989,0.669706
13990,0.906854
13991,0.735064
13992,0.745553
13993,0.458754
13994,0.935151
13995,0.801982
13996,0.987857
13997,0.83627
13998,0.695344
13999,0.532071
14000,0.488913
14001,0.698632
14002,0.664189
14003,0.721256
14004,0.682871
14005,0.832609
14006,0.77995
14007,0.430043
14008,0.837188
14009,0.963949
14010,0.969087
14011,0.705952
14012,0.573086
14013,0.60993
14014,0.697476
14015,0.744337
14016,0.828364
14017,0.711136
14018,0.93716
14019,0.488185
14020,0.703168
14021,0.633631
14022,0.973494
14023,0.493305
14024,0.771446
14025,0.499915
14026,0.976668
14027,0.522535
14028,0.976986
14029,0.865116
14030,0.886677
14031,0.527891
14032,0.607417
14033,0.843548
14034,0.974257
14035,0.96264
14036,0.805973
14037,0.456036
14038,0.477279
14039,0.51532
14040,0.968733
14041,0.754404
14042,0.76767
14043,0.704567
14044,0.821455
14045,0.364229
14046,0.838089
14047,0.84439
14048,0.264557
14049,0.97609
14050,0.170519
14051,0.725971
14052,0.587462
14053,0.684889
14054,0.79907
14055,0.781976
14056,0.933385
14057,0.623926
14058,0.802713
14059,0.460444
14060,0.220324
14061,0.730123
14062,0.820512
14063,0.474728
14064,0.921834
14065,0.917847
14066,0.539406
14067,0.310662
14068,0.826619
14069,0.633222
14070,0.570288
14071,0.533686
14072,0.984465
14073,0.705469
14074,0.201503
14075,0.6373
14076,0.649957
14077,0.591352
14078,0.680824
14079,0.232995
14080,0.825761
14081,0.840408
14082,0.931349
14083,0.769217
14084,0.65016
14085,0.934531
14086,0.377405
14087,0.949464
14088,0.938901
14089,0.516517
14090,0.860473
14091,0.6711
14092,0.891101
14093,0.64029
14094,0.654979
14095,0.77637
14096,0.834795
14097,0.687346
14098,0.773112
14099,0.902283
14100,0.65768
14101,0.923957
14102,0.479203
14103,0.674811
14104,0.811735
14105,0.759167
14106,0.856057
14107,0.966248
14108,0.608395
14109,0.617643
14110,0.890546
14111,0.724223
14112,0.98453
14113,0.54935
14114,0.615851
14115,0.899225
14116,0.780283
14117,0.959207
14118,0.696689
14119,0.926449
14120,0.596442
14121,0.903717
14122,0.896676
14123,0.687748
14124,0.884712
14125,0.525419
14126,0.785584
14127,0.724064
14128,0.56699
14129,0.798473
14130,0.443618
14131,0.63476
14132,0.508478
14133,0.299766
14134,0.804865
14135,0.782012
14136,0.466325
14137,0.715356
14138,0.945041
14139,0.727685
14140,0.921413
14141,0.886917
14142,0.580584
14143,0.602957
14144,0.819447
14145,0.274197
14146,0.596658
14147,0.642223
14148,0.742349
14149,0.964805
14150,0.82727
14151,0.824295
14152,0.771992
14153,0.120475
14154,0.869622
14155,0.820922
14156,0.680294
14157,0.529671
14158,0.675605
14159,0.943362
14160,0.486181
14161,0.57241
14162,0.647561
14163,0.124841
14164,0.890164
14165,0.631209
14166,0.924555
14167,0.64512
14168,0.454061
14169,0.583453
14170,0.957502
14171,0.396448
14172,0.837081
14173,0.90998
14174,0.686218
14175,0.535797
14176,0.895184
14177,0.750319
14178,0.427258
14179,0.524716
14180,0.8738
14181,0.223615
14182,0.909813
14183,0.802685
14184,0.776466
14185,0.824135
14186,0.940156
14187,0.881466
14188,0.518766
14189,0.864079
14190,0.725153
14191,0.881634
14192,0.844444
14193,0.896163
14194,0.696708
14195,0.723505
14196,0.93181
14197,0.29194
14198,0.802908
14199,0.843095
14200,0.756572
14201,0.942199
14202,0.632504
14203,0.593384
14204,0.807473
14205,0.560728
14206,0.739733
14207,0.618884
14208,0.409792
14209,0.854144
14210,0.854072
14211,0.953132
14212,0.694215
14213,0.66995
14214,0.629124
14215,0.631628
14216,0.523137
14217,0.573072
14218,0.9734
14219,0.835185
14220,0.959433
14221,0.649091
14222,0.635483
14223,0.863077
14224,0.804738
14225,0.922681
14226,0.726767
14227,0.796824
14228,0.729621
14229,0.648728
14230,0.674624
14231,0.844668
14232,0.883906
14233,0.815056
14234,0.61453
14235,0.881108
14236,0.760241
14237,0.890898
14238,0.518638
14239,0.581456
14240,0.615105
14241,0.944608
14242,0.640501
14243,0.964229
14244,0.703089
14245,0.711944
14246,0.918464
14247,0.634811
14248,0.822586
14249,0.784698
14250,0.884383
14251,0.611942
14252,0.700937
14253,0.56504
14254,0.785383
14255,0.961484
14256,0.844535
14257,0.558826
14258,0.965956
14259,0.55951
14260,0.692663
14261,0.616895
14262,0.864557
14263,0.903035
14264,0.763845
14265,0.648003
14266,0.465304
14267,0.806559
14268,0.805685
14269,0.981692
14270,0.874532
14271,0.787066
14272,0.921047
14273,0.843343
14274,0.646016
14275,0.855362
14276,0.847799
14277,0.364338
14278,0.579334
14279,0.933745
14280,0.989767
14281,0.742912
14282,0.844263
14283,0.941211
14284,0.878075
14285,0.672361
14286,0.764796
14287,0.755274
14288,0.410646
14289,0.842987
14290,0.681281
14291,0.851336
14292,0.703599
14293,0.621477
14294,0.628423
14295,0.363244
14296,0.304837
14297,0.769936
14298,0.364623
14299,0.841055
14300,0.657511
14301,0.955986
14302,0.872984
14303,0.933721
14304,0.938152
14305,0.843608
14306,0.903945
14307,0.644137
14308,0.949307
14309,0.487989
14310,0.939464
14311,0.633727
14312,0.686678
14313,0.800055
14314,0.878384
14315,0.643144
14316,0.78176
14317,0.690563
14318,0.831809
14319,0.691867
14320,0.367522
14321,0.896529
14322,0.851861
14323,0.892442
14324,0.708152
14325,0.815151
14326,0.647307
14327,0.738821
14328,0.637414
14329,0.827478
14330,0.334221
14331,0.603828
14332,0.509212
14333,0.882508
14334,0.865847
14335,0.512353
14336,0.764903
14337,0.763166
14338,0.853049
14339,0.826576
14340,0.762205
14341,0.161932
14342,0.852107
14343,0.716148
14344,0.358851
14345,0.657506
14346,0.261004
14347,0.817041
14348,0.592121
14349,0.838684
14350,0.228749
14351,0.352537
14352,0.447675
14353,0.81127
14354,0.864662
14355,0.355508
14356,0.933625
14357,0.881126
14358,0.661386
14359,0.585605
14360,0.976271
14361,0.868699
14362,0.89089
14363,0.614878
14364,0.191833
14365,0.828421
14366,0.76606
14367,0.839409
14368,0.571501
14369,0.633231
14370,0.705757
14371,0.790896
14372,0.70198
14373,0.321123
14374,0.8108
14375,0.512701
14376,0.466179
14377,0.770466
14378,0.276348
14379,0.699209
14380,0.485212
14381,0.953352
14382,0.616338
14383,0.569958
14384,0.657459
14385,0.613804
14386,0.460574
14387,0.463033
14388,0.822993
14389,0.660526
14390,0.759276
14391,0.367683
14392,0.57875
14393,0.690886
14394,0.690706
14395,0.46937
14396,0.549254
14397,0.650964
14398,0.812462
14399,0.718731
14400,0.725066
14401,0.536504
14402,0.70519
14403,0.975787
14404,0.775073
14405,0.691896
14406,0.681889
14407,0.90255
14408,0.904469
14409,0.94845
14410,0.394805
14411,0.973777
14412,0.672965
14413,0.715432
14414,0.937843
14415,0.592464
14416,0.97732
14417,0.502144
14418,0.598434
14419,0.802338
14420,0.883278
14421,0.658952
14422,0.786024
14423,0.833401
14424,0.942647
14425,0.785086
14426,0.822421
14427,0.788724
14428,0.387588
14429,0.690842
14430,0.458292
14431,0.182157
14432,0.731455
14433,0.696636
14434,0.530716
14435,0.796342
14436,0.540766
14437,0.857879
14438,0.617057
14439,0.743902
14440,0.551531
14441,0.837093
14442,0.821946
14443,0.840502
14444,0.677379
14445,0.60762
14446,0.79618
14447,0.794798
14448,0.779099
14449,0.963076
14450,0.770472
14451,0.876989
14452,0.877623
14453,0.445521
14454,0.980474
14455,0.693349
14456,0.368734
14457,0.84851
14458,0.581159
14459,0.404034
14460,0.757828
14461,0.653046
14462,0.839269
14463,0.602677
14464,0.807289
14465,0.937194
14466,0.647652
14467,0.295477
14468,0.918812
14469,0.777954
14470,0.828678
14471,0.706645
14472,0.714611
14473,0.625569
14474,0.810174
14475,0.609252
14476,0.588971
14477,0.632351
14478,0.853967
14479,0.765689
14480,0.928494
14481,0.708923
14482,0.697497
14483,0.867245
14484,0.462914
14485,0.623426
14486,0.910839
14487,0.845872
14488,0.124644
14489,0.854328
14490,0.595094
14491,0.757185
14492,0.766927
14493,0.978983
14494,0.82507
14495,0.761245
14496,0.676571
14497,0.979519
14498,0.641046
14499,0.723599
14500,0.750584
14501,0.770291
14502,0.956921
14503,0.765368
14504,0.802739
14505,0.594539
14506,0.691355
14507,0.72001
14508,0.960808
14509,0.763968
14510,0.772915
14511,0.710327
14512,0.655639
14513,0.636307
14514,0.563844
14515,0.495436
14516,0.886194
14517,0.666827
14518,0.883279
14519,0.752848
14520,0.633375
14521,0.891421
14522,0.853729
14523,0.847512
14524,0.381222
14525,0.187225
14526,0.884205
14527,0.691482
14528,0.455045
14529,0.863699
14530,0.603817
14531,0.746371
14532,0.756921
14533,0.823936
14534,0.831705
14535,0.320174
14536,0.552487
14537,0.881019
14538,0.766611
14539,0.852817
14540,0.412455
14541,0.692828
14542,0.581197
14543,0.943046
14544,0.682394
14545,0.711155
14546,0.558535
14547,0.617043
14548,0.586336
14549,0.6693
14550,0.824098
14551,0.907349
14552,0.764824
14553,0.514487
14554,0.809652
14555,0.760075
14556,0.728522
14557,0.683168
14558,0.552564
14559,0.760601
14560,0.708374
14561,0.64278
14562,0.617473
14563,0.481271
14564,0.690358
14565,0.954829
14566,0.78289
14567,0.401501
14568,0.843099
14569,0.607379
14570,0.896893
14571,0.90945
14572,0.862697
14573,0.874722
14574,0.751464
14575,0.807767
14576,0.815555
14577,0.828506
14578,0.785963
14579,0.756271
14580,0.293292
14581,0.855459
14582,0.809396
14583,0.891773
14584,0.82514
14585,0.646067
14586,0.983142
14587,0.670672
14588,0.493005
14589,0.436543
14590,0.954304
14591,0.792063
14592,0.828189
14593,0.511909
14594,0.7165
14595,0.549547
14596,0.821554
14597,0.700503
14598,0.653923
14599,0.826669
14600,0.528392
14601,0.59867
14602,0.895749
14603,0.691688
14604,0.679804
14605,0.6371
14606,0.667365
14607,0.784939
14608,0.502737
14609,0.624163
14610,0.822256
14611,0.571097
14612,0.693475
14613,0.859351
14614,0.942011
14615,0.442152
14616,0.9224
14617,0.791701
14618,0.779116
14619,0.697601
14620,0.844292
14621,0.715022
14622,0.732949
14623,0.702212
14624,0.857303
14625,0.700505
14626,0.516095
14627,0.407124
14628,0.721759
14629,0.623729
14630,0.813009
14631,0.330633
14632,0.678963
14633,0.796677
14634,0.513706
14635,0.828256
14636,0.738024
14637,0.759335
14638,0.470191
14639,0.819388
14640,0.670202
14641,0.536868
14642,0.803366
14643,0.826967
14644,0.727586
14645,0.767617
14646,0.850778
14647,0.900882
14648,0.859222
14649,0.957665
14650,0.842044
14651,0.412198
14652,0.495647
14653,0.544337
14654,0.909537
14655,0.458245
14656,0.715532
14657,0.930969
14658,0.430958
14659,0.607146
14660,0.854668
14661,0.849103
14662,0.961651
14663,0.850872
14664,0.640643
14665,0.407153
14666,0.898778
14667,0.802051
14668,0.769117
14669,0.651474
14670,0.808293
14671,0.914312
14672,0.565628
14673,0.503985
14674,0.882135
14675,0.974529
14676,0.94596
14677,0.509163
14678,0.584092
14679,0.662091
14680,0.797994
14681,0.699746
14682,0.79718
14683,0.741126
14684,0.646353
14685,0.647394
14686,0.677557
14687,0.759404
14688,0.823627
14689,0.870553
14690,0.928926
14691,0.855936
14692,0.580989
14693,0.733894
14694,0.689032
14695,0.67731
14696,0.787766
14697,0.488571
14698,0.571251
14699,0.718391
14700,0.748758
14701,0.54685
14702,0.768789
14703,0.637968
14704,0.632181
14705,0.603221
14706,0.521838
14707,0.768297
14708,0.770843
14709,0.876702
14710,0.720552
14711,0.819071
14712,0.847577
14713,0.664543
14714,0.319599
14715,0.743291
14716,0.716613
14717,0.58652
14718,0.405119
14719,0.767333
14720,0.560821
14721,0.705359
14722,0.528742
14723,0.86201
14724,0.556239
14725,0.599048
14726,0.547451
14727,0.900774
14728,0.392104
14729,0.965899
14730,0.551253
14731,0.854328
14732,0.869607
14733,0.761308
14734,0.601947
14735,0.912902
14736,0.926138
14737,0.916008
14738,0.974781
14739,0.90316
14740,0.691417
14741,0.611162
14742,0.850429
14743,0.920804
14744,0.850246
14745,0.721483
14746,0.668788
14747,0.648224
14748,0.597686
14749,0.963947
14750,0.857263
14751,0.940632
14752,0.844852
14753,0.2928
14754,0.155541
14755,0.974285
14756,0.854285
14757,0.841213
14758,0.87786
14759,0.574942
14760,0.737245
14761,0.497719
14762,0.530677
14763,0.894849
14764,0.922991
14765,0.623739
14766,0.680004
14767,0.686449
14768,0.955307
14769,0.692661
14770,0.467987
14771,0.934667
14772,0.759888
14773,0.874964
14774,0.892373
14775,0.733089
14776,0.731068
14777,0.710283
14778,0.354168
14779,0.689182
14780,0.65582
14781,0.733246
14782,0.757546
14783,0.556699
14784,0.677561
14785,0.794561
14786,0.693222
14787,0.713239
14788,0.826493
14789,0.489889
14790,0.723402
14791,0.862334
14792,0.893159
14793,0.581638
14794,0.787309
14795,0.897913
14796,0.787509
14797,0.768073
14798,0.86789
14799,0.631102
14800,0.65466
14801,0.539794
14802,0.831143
14803,0.607923
14804,0.724732
14805,0.646099
14806,0.922459
14807,0.499222
14808,0.556922
14809,0.909103
14810,0.90871
14811,0.776839
14812,0.886327
14813,0.766199
14814,0.576068
14815,0.565843
14816,0.858556
14817,0.768316
14818,0.940456
14819,0.55575
14820,0.856964
14821,0.767876
14822,0.873341
14823,0.620512
14824,0.720836
14825,0.802711
14826,0.658725
14827,0.960997
14828,0.670213
14829,0.934026
14830,0.975856
14831,0.71004
14832,0.865416
14833,0.720571
14834,0.66461
14835,0.605465
14836,0.820073
14837,0.637361
14838,0.511293
14839,0.833942
14840,0.686486
14841,0.47658
14842,0.824283
14843,0.889361
14844,0.481096
14845,0.615869
14846,0.57845
14847,0.923819
14848,0.772345
14849,0.455249
14850,0.980309
14851,0.971311
14852,0.679426
14853,0.970944
14854,0.589912
14855,0.979228
14856,0.197221
14857,0.404387
14858,0.451034
14859,0.74047
14860,0.817485
14861,0.893267
14862,0.573464
14863,0.62352
14864,0.583655
14865,0.731924
14866,0.541385
14867,0.227604
14868,0.705897
14869,0.577718
14870,0.945624
14871,0.850237
14872,0.396472
14873,0.692674
14874,0.747163
14875,0.892658
14876,0.42423
14877,0.527238
14878,0.815043
14879,0.803384
14880,0.835369
14881,0.943313
14882,0.878473
14883,0.239033
14884,0.701883
14885,0.876074
14886,0.545771
14887,0.654039
14888,0.957657
14889,0.180395
14890,0.720934
14891,0.779348
14892,0.583152
14893,0.656885
14894,0.649772
14895,0.961046
14896,0.817951
14897,0.972064
14898,0.947305
14899,0.569237
14900,0.758911
14901,0.663341
14902,0.602287
14903,0.591325
14904,0.698912
14905,0.830608
14906,0.672999
14907,0.496503
14908,0.904794
14909,0.718729
14910,0.955678
14911,0.734232
14912,0.809713
14913,0.691855
14914,0.817854
14915,0.605696
14916,0.814112
14917,0.971677
14918,0.785255
14919,0.755772
14920,0.945728
14921,0.770796
14922,0.760452
14923,0.62315
14924,0.729728
14925,0.638865
14926,0.92197
14927,0.895731
14928,0.743991
14929,0.752227
14930,0.555985
14931,0.659177
14932,0.668715
14933,0.930146
14934,0.488783
14935,0.662681
14936,0.594083
14937,0.542211
14938,0.635824
14939,0.441208
14940,0.840928
14941,0.947718
14942,0.567121
14943,0.847894
14944,0.707423
14945,0.438637
14946,0.568025
14947,0.469293
14948,0.691446
14949,0.64473
14950,0.676758
14951,0.820001
14952,0.4939
14953,0.544254
14954,0.942826
14955,0.859535
14956,0.439892
14957,0.702131
14958,0.747924
14959,0.468853
14960,0.74152
14961,0.679039
14962,0.492688
14963,0.803067
14964,0.751882
14965,0.632871
14966,0.566594
14967,0.669848
14968,0.939591
14969,0.620641
14970,0.820026
14971,0.71905
14972,0.897594
14973,0.947175
14974,0.593381
14975,0.524741
14976,0.821842
14977,0.696028
14978,0.700107
14979,0.628983
14980,0.714725
14981,0.808249
14982,0.61074
14983,0.839134
14984,0.709783
14985,0.973412
14986,0.77074
14987,0.867888
14988,0.673079
14989,0.773218
14990,0.804087
14991,0.872703
14992,0.548723
14993,0.864544
14994,0.957968
14995,0.92294
14996,0.428955
14997,0.971479
14998,0.717357
14999,0.493708
15000,0.940111
15001,0.661273
15002,0.930054
15003,0.895377
15004,0.701082
15005,0.880734
15006,0.765073
15007,0.909898
15008,0.798135
15009,0.536042
15010,0.473798
15011,0.767361
15012,0.885071
15013,0.554503
15014,0.596285
15015,0.823803
15016,0.669654
15017,0.611038
15018,0.975719
15019,0.742741
15020,0.545554
15021,0.852807
15022,0.672126
15023,0.73874
15024,0.710967
15025,0.795255
15026,0.563368
15027,0.654112
15028,0.800199
15029,0.573453
15030,0.632442
15031,0.514293
15032,0.670584
15033,0.633585
15034,0.529862
15035,0.50798
15036,0.972684
15037,0.73912
15038,0.754439
15039,0.583021
15040,0.506467
15041,0.783035
15042,0.697983
15043,0.475723
15044,0.660771
15045,0.468432
15046,0.861787
15047,0.776909
15048,0.533747
15049,0.752277
15050,0.722907
15051,0.860856
15052,0.557772
15053,0.928096
15054,0.68313
15055,0.469357
15056,0.756764
15057,0.664905
15058,0.6295
15059,0.964811
15060,0.394103
15061,0.844501
15062,0.599578
15063,0.82146
15064,0.89006
15065,0.796239
15066,0.635108
15067,0.923554
15068,0.926298
15069,0.653864
15070,0.666063
15071,0.820372
15072,0.221847
15073,0.869376
15074,0.786581
15075,0.524955
15076,0.331334
15077,0.879825
15078,0.980181
15079,0.754935
15080,0.660983
15081,0.721241
15082,0.520266
15083,0.834884
15084,0.734964
15085,0.618271
15086,0.754748
15087,0.761752
15088,0.365121
15089,0.958044
15090,0.867073
15091,0.801433
15092,0.758736
15093,0.713899
15094,0.943198
15095,0.797297
15096,0.928332
15097,0.851052
15098,0.78037
15099,0.644003
15100,0.689718
15101,0.353408
15102,0.557377
15103,0.632185
15104,0.771342
15105,0.422455
15106,0.513045
15107,0.914996
15108,0.560611
15109,0.687655
15110,0.811348
15111,0.748205
15112,0.79915
15113,0.752196
15114,0.832904
15115,0.679762
15116,0.674012
15117,0.9008
15118,0.891221
15119,0.660499
15120,0.57455
15121,0.901484
15122,0.97561
15123,0.643252
15124,0.573552
15125,0.488824
15126,0.881774
15127,0.720614
15128,0.925782
15129,0.798319
15130,0.726419
15131,0.500305
15132,0.71663
15133,0.819947
15134,0.667512
15135,0.522618
15136,0.673194
15137,0.610879
15138,0.734351
15139,0.936249
15140,0.790124
15141,0.515755
15142,0.428338
15143,0.72837
15144,0.840142
15145,0.603989
15146,0.679963
15147,0.551782
15148,0.725552
15149,0.948599
15150,0.829749
15151,0.863209
15152,0.862852
15153,0.419655
15154,0.905201
15155,0.625836
15156,0.504182
15157,0.564984
15158,0.746285
15159,0.844681
15160,0.838339
15161,0.977634
15162,0.501345
15163,0.677721
15164,0.603099
15165,0.546546
15166,0.730005
15167,0.564143
15168,0.630828
15169,0.697016
15170,0.8427
15171,0.984903
15172,0.217487
15173,0.972228
15174,0.752343
15175,0.773867
15176,0.578107
15177,0.250614
15178,0.443444
15179,0.900755
15180,0.890375
15181,0.742138
15182,0.674985
15183,0.506055
15184,0.495937
15185,0.872328
15186,0.771935
15187,0.412012
15188,0.873125
15189,0.642455
15190,0.865278
15191,0.694199
15192,0.694767
15193,0.806721
15194,0.836564
15195,0.765922
15196,0.755786
15197,0.715684
15198,0.560241
15199,0.96488
15200,0.898892
15201,0.840707
15202,0.739018
15203,0.753521
15204,0.783076
15205,0.931419
15206,0.855639
15207,0.69135
15208,0.210346
15209,0.94615
15210,0.557982
15211,0.689231
15212,0.968025
15213,0.473484
15214,0.974881
15215,0.965181
15216,0.515581
15217,0.691138
15218,0.554337
15219,0.364258
15220,0.779778
15221,0.849066
15222,0.827821
15223,0.902901
15224,0.822736
15225,0.534043
15226,0.703674
15227,0.775727
15228,0.63712
15229,0.961493
15230,0.613246
15231,0.584894
15232,0.648064
15233,0.455312
15234,0.890325
15235,0.91254
15236,0.71151
15237,0.931506
15238,0.715835
15239,0.759799
15240,0.73137
15241,0.875744
15242,0.682204
15243,0.855184
15244,0.708856
15245,0.76145
15246,0.601671
15247,0.762507
15248,0.804659
15249,0.737013
15250,0.552017
15251,0.512853
15252,0.721922
15253,0.603961
15254,0.464572
15255,0.483968
15256,0.503822
15257,0.793184
15258,0.721618
15259,0.914092
15260,0.533044
15261,0.718025
15262,0.806694
15263,0.522189
15264,0.602996
15265,0.663488
15266,0.478577
15267,0.95542
15268,0.406778
15269,0.898226
15270,0.555532
15271,0.557226
15272,0.541399
15273,0.553196
15274,0.769999
15275,0.712857
15276,0.472952
15277,0.486586
15278,0.648824
15279,0.847448
15280,0.427038
15281,0.766692
15282,0.876743
15283,0.947513
15284,0.703276
15285,0.386393
15286,0.623192
15287,0.650972
15288,0.734277
15289,0.503463
15290,0.527118
15291,0.841116
15292,0.759766
15293,0.601453
15294,0.533416
15295,0.893118
15296,0.937463
15297,0.900387
15298,0.972365
15299,0.960835
15300,0.716508
15301,0.835589
15302,0.785414
15303,0.681547
15304,0.816707
15305,0.570561
15306,0.729882
15307,0.815501
15308,0.265151
15309,0.741992
15310,0.584108
15311,0.781661
15312,0.821651
15313,0.647823
15314,0.785975
15315,0.294487
15316,0.466152
15317,0.888531
15318,0.572168
15319,0.628609
15320,0.911434
15321,0.840045
15322,0.610713
15323,0.85462
15324,0.584293
15325,0.573991
15326,0.751996
15327,0.653764
15328,0.634981
15329,0.574896
15330,0.681095
15331,0.268119
15332,0.887163
15333,0.546108
15334,0.62331
15335,0.404128
15336,0.561423
15337,0.667713
15338,0.860399
15339,0.935429
15340,0.674204
15341,0.557614
15342,0.651154
15343,0.714058
15344,0.711204
15345,0.735667
15346,0.579207
15347,0.672611
15348,0.89774
15349,0.862076
15350,0.754833
15351,0.965397
15352,0.30072
15353,0.604086
15354,0.777576
15355,0.620165
15356,0.478118
15357,0.963185
15358,0.743318
15359,0.782259
15360,0.528242
15361,0.472085
15362,0.423634
15363,0.724392
15364,0.672151
15365,0.775025
15366,0.80447
15367,0.660913
15368,0.619809
15369,0.74036
15370,0.355357
15371,0.360314
15372,0.854027
15373,0.816199
15374,0.50303
15375,0.932696
15376,0.88042
15377,0.907894
15378,0.172208
15379,0.868201
15380,0.784108
15381,0.817274
15382,0.584688
15383,0.815293
15384,0.639547
15385,0.934134
15386,0.545778
15387,0.602961
15388,0.855474
15389,0.591068
15390,0.538177
15391,0.670611
15392,0.91861
15393,0.721153
15394,0.836134
15395,0.545454
15396,0.774926
15397,0.595619
15398,0.825678
15399,0.40884
15400,0.731424
15401,0.735007
15402,0.57495
15403,0.694296
15404,0.671347
15405,0.938988
15406,0.492823
15407,0.762221
15408,0.796929
15409,0.838173
15410,0.873382
15411,0.433158
15412,0.6861
15413,0.964114
15414,0.776054
15415,0.402942
15416,0.53318
15417,0.763993
15418,0.511279
15419,0.882995
15420,0.600468
15421,0.898576
15422,0.840653
15423,0.709329
15424,0.21859
15425,0.32689
15426,0.851991
15427,0.371205
15428,0.61783
15429,0.938403
15430,0.253705
15431,0.71171
15432,0.892403
15433,0.160268
15434,0.654455
15435,0.970332
15436,0.707774
15437,0.616547
15438,0.608811
15439,0.810416
15440,0.823911
15441,0.452423
15442,0.399466
15443,0.61297
15444,0.633685
15445,0.828753
15446,0.672186
15447,0.683842
15448,0.949885
15449,0.66956
15450,0.435778
15451,0.548868
15452,0.838165
15453,0.856287
15454,0.730932
15455,0.72721
15456,0.69021
15457,0.839237
15458,0.930755
15459,0.774585
15460,0.863305
15461,0.631184
15462,0.666906
15463,0.43186
15464,0.858074
15465,0.406356
15466,0.842777
15467,0.621453
15468,0.298354
15469,0.907502
15470,0.916325
15471,0.606194
15472,0.853827
15473,0.936709
15474,0.903683
15475,0.624355
15476,0.747699
15477,0.745387
15478,0.793662
15479,0.903665
15480,0.86637
15481,0.569331
15482,0.859577
15483,0.73409
15484,0.472337
15485,0.964674
15486,0.793758
15487,0.466517
15488,0.71086
15489,0.55079
15490,0.642614
15491,0.65762
15492,0.679762
15493,0.681863
15494,0.724603
15495,0.456715
15496,0.575154
15497,0.931629
15498,0.266876
15499,0.908934
15500,0.519938
15501,0.723074
15502,0.696956
15503,0.169169
15504,0.638456
15505,0.614376
15506,0.567862
15507,0.761412
15508,0.464644
15509,0.964474
15510,0.357627
15511,0.950056
15512,0.720239
15513,0.602224
15514,0.72614
15515,0.39756
15516,0.501196
15517,0.478596
15518,0.967909
15519,0.879407
15520,0.449661
15521,0.724961
15522,0.88957
15523,0.955609
15524,0.844593
15525,0.689601
15526,0.925792
15527,0.844688
15528,0.635228
15529,0.796331
15530,0.894676
15531,0.765037
15532,0.796607
15533,0.383277
15534,0.876487
15535,0.870854
15536,0.958245
15537,0.930186
15538,0.785386
15539,0.61184
15540,0.977716
15541,0.698035
15542,0.731113
15543,0.841926
15544,0.558551
15545,0.390166
15546,0.7263
15547,0.708367
15548,0.574415
15549,0.885688
15550,0.617673
15551,0.889105
15552,0.413236
15553,0.926302
15554,0.569164
15555,0.748854
15556,0.8291
15557,0.310881
15558,0.165258
15559,0.947985
15560,0.346033
15561,0.786258
15562,0.626854
15563,0.773671
15564,0.662295
15565,0.679798
15566,0.887837
15567,0.810714
15568,0.91988
15569,0.666169
15570,0.444532
15571,0.916227
15572,0.887018
15573,0.456507
15574,0.963925
15575,0.795892
15576,0.67452
15577,0.849663
15578,0.879959
15579,0.883585
15580,0.657326
15581,0.514079
15582,0.925467
15583,0.946505
15584,0.557116
15585,0.548611
15586,0.224327
15587,0.699727
15588,0.795802
15589,0.928753
15590,0.413977
15591,0.763214
15592,0.833917
15593,0.811477
15594,0.790447
15595,0.711656
15596,0.713345
15597,0.630825
15598,0.514228
15599,0.503969
15600,0.609382
15601,0.885016
15602,0.771505
15603,0.612117
15604,0.855563
15605,0.612802
15606,0.57097
15607,0.889869
15608,0.940536
15609,0.722325
15610,0.813694
15611,0.605738
15612,0.879393
15613,0.663134
15614,0.588188
15615,0.860446
15616,0.497878
15617,0.592532
15618,0.940593
15619,0.837512
15620,0.57847
15621,0.335276
15622,0.753158
15623,0.9816
15624,0.73994
15625,0.518886
15626,0.724511
15627,0.979977
15628,0.619568
15629,0.879724
15630,0.838891
15631,0.813531
15632,0.451338
15633,0.9223
15634,0.939228
15635,0.558332
15636,0.407576
15637,0.52215
15638,0.373095
15639,0.846569
15640,0.922754
15641,0.70391
15642,0.793079
15643,0.331213
15644,0.682657
15645,0.851165
15646,0.80705
15647,0.294048
15648,0.853917
15649,0.909091
15650,0.837867
15651,0.805617
15652,0.775415
15653,0.867619
15654,0.539774
15655,0.84745
15656,0.807163
15657,0.802299
15658,0.438897
15659,0.629847
15660,0.952249
15661,0.557148
15662,0.990305
15663,0.660525
15664,0.687775
15665,0.514924
15666,0.981277
15667,0.693569
15668,0.866657
15669,0.825565
15670,0.821751
15671,0.906507
15672,0.608983
15673,0.558207
15674,0.97975
15675,0.947791
15676,0.489559
15677,0.71958
15678,0.764579
15679,0.813727
15680,0.825648
15681,0.595541
15682,0.812528
15683,0.622949
15684,0.753858
15685,0.821313
15686,0.900185
15687,0.929233
15688,0.773393
15689,0.856165
15690,0.564872
15691,0.949123
15692,0.865374
15693,0.653366
15694,0.661116
15695,0.541496
15696,0.909424
15697,0.873981
15698,0.896926
15699,0.795402
15700,0.258069
15701,0.801686
15702,0.48952
15703,0.862341
15704,0.713182
15705,0.833305
15706,0.800077
15707,0.986429
15708,0.982649
15709,0.730149
15710,0.605116
15711,0.968558
15712,0.830373
15713,0.847715
15714,0.776064
15715,0.653434
15716,0.822496
15717,0.957721
15718,0.833595
15719,0.575554
15720,0.561544
15721,0.790007
15722,0.409316
15723,0.590493
15724,0.927262
15725,0.79713
15726,0.553848
15727,0.651848
15728,0.612144
15729,0.971093
15730,0.697305
15731,0.476548
15732,0.823212
15733,0.448745
15734,0.870272
15735,0.288994
15736,0.958207
15737,0.57174
15738,0.691103
15739,0.608088
15740,0.679894
15741,0.595114
15742,0.765714
15743,0.723798
15744,0.840675
15745,0.783833
15746,0.612907
15747,0.825148
15748,0.937869
15749,0.899252
15750,0.965387
15751,0.439841
15752,0.46847
15753,0.600881
15754,0.897074
15755,0.641707
15756,0.797605
15757,0.688567
15758,0.756179
15759,0.78772
15760,0.913232
15761,0.891366
15762,0.565825
15763,0.786258
15764,0.811752
15765,0.950462
15766,0.922124
15767,0.434909
15768,0.651034
15769,0.247847
15770,0.828613
15771,0.806321
15772,0.579421
15773,0.742305
15774,0.760809
15775,0.36247
15776,0.847277
15777,0.595411
15778,0.265271
15779,0.579727
15780,0.40457
15781,0.719688
15782,0.701011
15783,0.829373
15784,0.470494
15785,0.362235
15786,0.914332
15787,0.755515
15788,0.578833
15789,0.94358
15790,0.746098
15791,0.762053
15792,0.937251
15793,0.660163
15794,0.615932
15795,0.747104
15796,0.558082
15797,0.806595
15798,0.748687
15799,0.667088
15800,0.644973
15801,0.667169
15802,0.797289
15803,0.808245
15804,0.71467
15805,0.840958
15806,0.643738
15807,0.476474
15808,0.744953
15809,0.634018
15810,0.89868
15811,0.930835
15812,0.523283
15813,0.595687
15814,0.715965
15815,0.814982
15816,0.62293
15817,0.811851
15818,0.797947
15819,0.929902
15820,0.898615
15821,0.719723
15822,0.855619
15823,0.755149
15824,0.944507
15825,0.870223
15826,0.621756
15827,0.487559
15828,0.93157
15829,0.899536
15830,0.70122
15831,0.615687
15832,0.382309
15833,0.625682
15834,0.857633
15835,0.968536
15836,0.873639
15837,0.645194
15838,0.663326
15839,0.915961
15840,0.69803
15841,0.559557
15842,0.721629
15843,0.734549
15844,0.528488
15845,0.49559
15846,0.892867
15847,0.515226
15848,0.886901
15849,0.708219
15850,0.651714
15851,0.715386
15852,0.743582
15853,0.380479
15854,0.521672
15855,0.814671
15856,0.878545
15857,0.851258
15858,0.435575
15859,0.658213
15860,0.788585
15861,0.621029
15862,0.87032
15863,0.551752
15864,0.869149
15865,0.739246
15866,0.295723
15867,0.40488
15868,0.953279
15869,0.894011
15870,0.67933
15871,0.788344
15872,0.873435
15873,0.87251
15874,0.667071
15875,0.938672
15876,0.828221
15877,0.677591
15878,0.941164
15879,0.651515
15880,0.663917
15881,0.81465
15882,0.765146
15883,0.492919
15884,0.410347
15885,0.83395
15886,0.591805
15887,0.900867
15888,0.740555
15889,0.811687
15890,0.570141
15891,0.585519
15892,0.977419
15893,0.806081
15894,0.496527
15895,0.450009
15896,0.667936
15897,0.96239
15898,0.867792
15899,0.610634
15900,0.798951
15901,0.471749
15902,0.584294
15903,0.648396
15904,0.856944
15905,0.961351
15906,0.647889
15907,0.959545
15908,0.230913
15909,0.912665
15910,0.689852
15911,0.743463
15912,0.354208
15913,0.907711
15914,0.978892
15915,0.879695
15916,0.640121
15917,0.679023
15918,0.973576
15919,0.444276
15920,0.863593
15921,0.810569
15922,0.663934
15923,0.793421
15924,0.826727
15925,0.658781
15926,0.412646
15927,0.873327
15928,0.463606
15929,0.401432
15930,0.569269
15931,0.703242
15932,0.953062
15933,0.902936
15934,0.524521
15935,0.94157
15936,0.554473
15937,0.90944
15938,0.71074
15939,0.673028
15940,0.665126
15941,0.708457
15942,0.347549
15943,0.927701
15944,0.986478
15945,0.805087
15946,0.648172
15947,0.788061
15948,0.208024
15949,0.955682
15950,0.737154
15951,0.950699
15952,0.816274
15953,0.767225
15954,0.879833
15955,0.630651
15956,0.462376
15957,0.428414
15958,0.842828
15959,0.958822
15960,0.624787
15961,0.748924
15962,0.408568
15963,0.728252
15964,0.760697
15965,0.896046
15966,0.721839
15967,0.920073
15968,0.866392
15969,0.719233
15970,0.889948
15971,0.591927
15972,0.56084
15973,0.943682
15974,0.693955
15975,0.644282
15976,0.810875
15977,0.828125
15978,0.765345
15979,0.329671
15980,0.934693
15981,0.934354
15982,0.629389
15983,0.564765
15984,0.772992
15985,0.973759
15986,0.732228
15987,0.721221
15988,0.672259
15989,0.577024
15990,0.871926
15991,0.507921
15992,0.576395
15993,0.813076
15994,0.660158
15995,0.918924
15996,0.558696
15997,0.904289
15998,0.893607
15999,0.857553
16000,0.869221
16001,0.867803
16002,0.641854
16003,0.410434
16004,0.729709
16005,0.704891
16006,0.788946
16007,0.767501
16008,0.906803
16009,0.791194
16010,0.91227
16011,0.80502
16012,0.682119
16013,0.91347
16014,0.774685
16015,0.577992
16016,0.702685
16017,0.961722
16018,0.607849
16019,0.154049
16020,0.880184
16021,0.96574
16022,0.852553
16023,0.743778
16024,0.923996
16025,0.586656
16026,0.47513
16027,0.680953
16028,0.734734
16029,0.932593
16030,0.685601
16031,0.721869
16032,0.542788
16033,0.773798
16034,0.953454
16035,0.501481
16036,0.698784
16037,0.715222
16038,0.6316
16039,0.667252
16040,0.761378
16041,0.779087
16042,0.739907
16043,0.743872
16044,0.496048
16045,0.45618
16046,0.797896
16047,0.479748
16048,0.916892
16049,0.782835
16050,0.601792
16051,0.611477
16052,0.72283
16053,0.867344
16054,0.556055
16055,0.82945
16056,0.741865
16057,0.70908
16058,0.557558
16059,0.752966
16060,0.751283
16061,0.853571
16062,0.526446
16063,0.853187
16064,0.894012
16065,0.512737
16066,0.863149
16067,0.709097
16068,0.611683
16069,0.957513
16070,0.975917
16071,0.876277
16072,0.897185
16073,0.581936
16074,0.773349
16075,0.165711
16076,0.869529
16077,0.903162
16078,0.396823
16079,0.689165
16080,0.779376
16081,0.162594
16082,0.536408
16083,0.946626
16084,0.766401
16085,0.872948
16086,0.761804
16087,0.403952
16088,0.551583
16089,0.791952
16090,0.470527
16091,0.689425
16092,0.775399
16093,0.433119
16094,0.644554
16095,0.633754
16096,0.673966
16097,0.787125
16098,0.365545
16099,0.82758
16100,0.923042
16101,0.862685
16102,0.528572
16103,0.604591
16104,0.514582
16105,0.508482
16106,0.71791
16107,0.931981
16108,0.685483
16109,0.669616
16110,0.821521
16111,0.625958
16112,0.721754
16113,0.857724
16114,0.942623
16115,0.708685
16116,0.804198
16117,0.261363
16118,0.926626
16119,0.739922
16120,0.850144
16121,0.835176
16122,0.819008
16123,0.907419
16124,0.819008
16125,0.7607
16126,0.775619
16127,0.643935
16128,0.664224
16129,0.806958
16130,0.563892
16131,0.785542
16132,0.823297
16133,0.775322
16134,0.810874
16135,0.730705
16136,0.559316
16137,0.373717
16138,0.788089
16139,0.628835
16140,0.850274
16141,0.526668
16142,0.919151
16143,0.593207
16144,0.537556
16145,0.948006
16146,0.719672
16147,0.494383
16148,0.650536
16149,0.46762
16150,0.774677
16151,0.54828
16152,0.777062
16153,0.336154
16154,0.661435
16155,0.608735
16156,0.450102
16157,0.684725
16158,0.739242
16159,0.613005
16160,0.73552
16161,0.93487
16162,0.752946
16163,0.820755
16164,0.866936
16165,0.505743
16166,0.795352
16167,0.490316
16168,0.695487
16169,0.943238
16170,0.680036
16171,0.441203
16172,0.917079
16173,0.906999
16174,0.808924
16175,0.875352
16176,0.73392
16177,0.590427
16178,0.728667
16179,0.556884
16180,0.878455
16181,0.807767
16182,0.765728
16183,0.842126
16184,0.885631
16185,0.724283
16186,0.720353
16187,0.707847
16188,0.932813
16189,0.374156
16190,0.75554
16191,0.868771
16192,0.915865
16193,0.496809
16194,0.561905
16195,0.764659
16196,0.248308
16197,0.836537
16198,0.805768
16199,0.838692
16200,0.621578
16201,0.738007
16202,0.670213
16203,0.894357
16204,0.793508
16205,0.565069
16206,0.860691
16207,0.883026
16208,0.667933
16209,0.54304
16210,0.963115
16211,0.491274
16212,0.898692
16213,0.647659
16214,0.691852
16215,0.87175
16216,0.770428
16217,0.536487
16218,0.823608
16219,0.895545
16220,0.556822
16221,0.863712
16222,0.922237
16223,0.963728
16224,0.369023
16225,0.697681
16226,0.944254
16227,0.862409
16228,0.693209
16229,0.819377
16230,0.897922
16231,0.762137
16232,0.601279
16233,0.563306
16234,0.427484
16235,0.836248
16236,0.772014
16237,0.362547
16238,0.933521
16239,0.886066
16240,0.801299
16241,0.835183
16242,0.783932
16243,0.44951
16244,0.861125
16245,0.649192
16246,0.746932
16247,0.73407
16248,0.713829
16249,0.97722
16250,0.575953
16251,0.740245
16252,0.825356
16253,0.901424
16254,0.689745
16255,0.786757
16256,0.686532
16257,0.848572
16258,0.956851
16259,0.475868
16260,0.582012
16261,0.650768
16262,0.596918
16263,0.973189
16264,0.697237
16265,0.66907
16266,0.724714
16267,0.689241
16268,0.684124
16269,0.881159
16270,0.487379
16271,0.782776
16272,0.549711
16273,0.913265
16274,0.524786
16275,0.799534
16276,0.940254
16277,0.43706
16278,0.15184
16279,0.117387
16280,0.66051
16281,0.685121
16282,0.518845
16283,0.623965
16284,0.825062
16285,0.731253
16286,0.662556
16287,0.599606
16288,0.803337
16289,0.564886
16290,0.934934
16291,0.924369
16292,0.435334
16293,0.92737
16294,0.790092
16295,0.539517
16296,0.773227
16297,0.532593
16298,0.533233
16299,0.687156
16300,0.593275
16301,0.870758
16302,0.926559
16303,0.593265
16304,0.864385
16305,0.960894
16306,0.806909
16307,0.873262
16308,0.52029
16309,0.63961
16310,0.599654
16311,0.910901
16312,0.430179
16313,0.467291
16314,0.51255
16315,0.614367
16316,0.818803
16317,0.597074
16318,0.65663
16319,0.694575
16320,0.515347
16321,0.60558
16322,0.49388
16323,0.825245
16324,0.891838
16325,0.679351
16326,0.715804
16327,0.763574
16328,0.948886
16329,0.677114
16330,0.670608
16331,0.759065
16332,0.512496
16333,0.715925
16334,0.603964
16335,0.724894
16336,0.199334
16337,0.926868
16338,0.944499
16339,0.664254
16340,0.794443
16341,0.809805
16342,0.931458
16343,0.851956
16344,0.667016
16345,0.700739
16346,0.665855
16347,0.868864
16348,0.902675
16349,0.778697
16350,0.610949
16351,0.859344
16352,0.489459
16353,0.806128
16354,0.728245
16355,0.679278
16356,0.747041
16357,0.974161
16358,0.727195
16359,0.837031
16360,0.69607
16361,0.502476
16362,0.856007
16363,0.668106
16364,0.60102
16365,0.255577
16366,0.656214
16367,0.748203
16368,0.581638
16369,0.875495
16370,0.751595
16371,0.859674
16372,0.918006
16373,0.964772
16374,0.660919
16375,0.964852
16376,0.817322
16377,0.688811
16378,0.702836
16379,0.891112
16380,0.865274
16381,0.911369
16382,0.730335
16383,0.79296
16384,0.183153
16385,0.76553
16386,0.64549
16387,0.583189
16388,0.69717
16389,0.77033
16390,0.948112
16391,0.862511
16392,0.950867
16393,0.721026
16394,0.607987
16395,0.404905
16396,0.829374
16397,0.89515
16398,0.556001
16399,0.889472
16400,0.88051
16401,0.713785
16402,0.497616
16403,0.6908
16404,0.702484
16405,0.170664
16406,0.891859
16407,0.796441
16408,0.946901
16409,0.876044
16410,0.60927
16411,0.849736
16412,0.46757
16413,0.79434
16414,0.882361
16415,0.614322
16416,0.956339
16417,0.364882
16418,0.404123
16419,0.727207
16420,0.635804
16421,0.822816
16422,0.931464
16423,0.72495
16424,0.558231
16425,0.775484
16426,0.557884
16427,0.699934
16428,0.928733
16429,0.627148
16430,0.56716
16431,0.621252
16432,0.698694
16433,0.770698
16434,0.857435
16435,0.71843
16436,0.79851
16437,0.833366
16438,0.7683
16439,0.281497
16440,0.480705
16441,0.621926
16442,0.957076
16443,0.739572
16444,0.257022
16445,0.687686
16446,0.888616
16447,0.642105
16448,0.854441
16449,0.887165
16450,0.642061
16451,0.79016
16452,0.759748
16453,0.892045
16454,0.872576
16455,0.563472
16456,0.812751
16457,0.655445
16458,0.947568
16459,0.61659
16460,0.803714
16461,0.158424
16462,0.533974
16463,0.608196
16464,0.544287
16465,0.950555
16466,0.967737
16467,0.900856
16468,0.769389
16469,0.740503
16470,0.739241
16471,0.847703
16472,0.40401
16473,0.685253
16474,0.842236
16475,0.676175
16476,0.957379
16477,0.978517
16478,0.789738
16479,0.653337
16480,0.971441
16481,0.920729
16482,0.748819
16483,0.805367
16484,0.521909
16485,0.346578
16486,0.873009
16487,0.424317
16488,0.775523
16489,0.943938
16490,0.947885
16491,0.802582
16492,0.821125
16493,0.662267
16494,0.863354
16495,0.505987
16496,0.808618
16497,0.984456
16498,0.219203
16499,0.922028
16500,0.687236
16501,0.75456
16502,0.711413
16503,0.638598
16504,0.531476
16505,0.510096
16506,0.845677
16507,0.791576
16508,0.590836
16509,0.683585
16510,0.123998
16511,0.50209
16512,0.910562
16513,0.857718
16514,0.416076
16515,0.958772
16516,0.403007
16517,0.758934
16518,0.909734
16519,0.809555
16520,0.754482
16521,0.438514
16522,0.692105
16523,0.787306
16524,0.533399
16525,0.59611
16526,0.69374
16527,0.615445
16528,0.685662
16529,0.739891
16530,0.332153
16531,0.448573
16532,0.968127
16533,0.845968
16534,0.963737
16535,0.638808
16536,0.826646
16537,0.952704
16538,0.705483
16539,0.561699
16540,0.642478
16541,0.846835
16542,0.790364
16543,0.794556
16544,0.616689
16545,0.51741
16546,0.462735
16547,0.969531
16548,0.581676
16549,0.785346
16550,0.521707
16551,0.562153
16552,0.616064
16553,0.685706
16554,0.457451
16555,0.93911
16556,0.311381
16557,0.987071
16558,0.699489
16559,0.534316
16560,0.684272
16561,0.763658
16562,0.786964
16563,0.896303
16564,0.827114
16565,0.415993
16566,0.928049
16567,0.673876
16568,0.954864
16569,0.698691
16570,0.928148
16571,0.578531
16572,0.764009
16573,0.874343
16574,0.500418
16575,0.47802
16576,0.816828
16577,0.462951
16578,0.70766
16579,0.854629
16580,0.719187
16581,0.508633
16582,0.762986
16583,0.621823
16584,0.666242
16585,0.773545
16586,0.89784
16587,0.910826
16588,0.417446
16589,0.477868
16590,0.658414
16591,0.555741
16592,0.805571
16593,0.965951
16594,0.922577
16595,0.853462
16596,0.629636
16597,0.447351
16598,0.726848
16599,0.781971
16600,0.523802
16601,0.659344
16602,0.616524
16603,0.61901
16604,0.876571
16605,0.741116
16606,0.806974
16607,0.925249
16608,0.706615
16609,0.826313
16610,0.749525
16611,0.869667
16612,0.547152
16613,0.813701
16614,0.648976
16615,0.899298
16616,0.57188
16617,0.244188
16618,0.922886
16619,0.541161
16620,0.757899
16621,0.880652
16622,0.715344
16623,0.20064
16624,0.69137
16625,0.524781
16626,0.871013
16627,0.099927
16628,0.641734
16629,0.569409
16630,0.984294
16631,0.399557
16632,0.562267
16633,0.859714
16634,0.725055
16635,0.675622
16636,0.823548
16637,0.94937
16638,0.545501
16639,0.62315
16640,0.614818
16641,0.827769
16642,0.982499
16643,0.625769
16644,0.984364
16645,0.675592
16646,0.951971
16647,0.90915
16648,0.873605
16649,0.800199
16650,0.494194
16651,0.761442
16652,0.764163
16653,0.972572
16654,0.935386
16655,0.643627
16656,0.84933
16657,0.323803
16658,0.526075
16659,0.885459
16660,0.512849
16661,0.731858
16662,0.412806
16663,0.624456
16664,0.841854
16665,0.69397
16666,0.586879
16667,0.926266
16668,0.77964
16669,0.671174
16670,0.776319
16671,0.611244
16672,0.648471
16673,0.619846
16674,0.463446
16675,0.879476
16676,0.911889
16677,0.566151
16678,0.155971
16679,0.739754
16680,0.845866
16681,0.533392
16682,0.449675
16683,0.723812
16684,0.793158
16685,0.563802
16686,0.485796
16687,0.662525
16688,0.699312
16689,0.720784
16690,0.867148
16691,0.80253
16692,0.892545
16693,0.342339
16694,0.437003
16695,0.869766
16696,0.904215
16697,0.906134
16698,0.695346
16699,0.653834
16700,0.540617
16701,0.482717
16702,0.511822
16703,0.910916
16704,0.82571
16705,0.614718
16706,0.807328
16707,0.86415
16708,0.621207
16709,0.940037
16710,0.273433
16711,0.855552
16712,0.852655
16713,0.548327
16714,0.855711
16715,0.521715
16716,0.794774
16717,0.838516
16718,0.584284
16719,0.613625
16720,0.942881
16721,0.752833
16722,0.467815
16723,0.525177
16724,0.732572
16725,0.774008
16726,0.874258
16727,0.780941
16728,0.783952
16729,0.754199
16730,0.93885
16731,0.650863
16732,0.616543
16733,0.354471
16734,0.86742
16735,0.687367
16736,0.686666
16737,0.653817
16738,0.582226
16739,0.840692
16740,0.863367
16741,0.88751
16742,0.490371
16743,0.743417
16744,0.946785
16745,0.886481
16746,0.945578
16747,0.390074
16748,0.70264
16749,0.508611
16750,0.870026
16751,0.79263
16752,0.804585
16753,0.659507
16754,0.638169
16755,0.655662
16756,0.840932
16757,0.625042
16758,0.65227
16759,0.68653
16760,0.598042
16761,0.709906
16762,0.972552
16763,0.740499
16764,0.909809
16765,0.335694
16766,0.748958
16767,0.656319
16768,0.734863
16769,0.71706
16770,0.905459
16771,0.628685
16772,0.550561
16773,0.906492
16774,0.498707
16775,0.858289
16776,0.443381
16777,0.716542
16778,0.907998
16779,0.905258
16780,0.77763
16781,0.797745
16782,0.791411
16783,0.767753
16784,0.630699
16785,0.71261
16786,0.964914
16787,0.441824
16788,0.918658
16789,0.640313
16790,0.734825
16791,0.642096
16792,0.65534
16793,0.907718
16794,0.554902
16795,0.816043
16796,0.920294
16797,0.721344
16798,0.493227
16799,0.596416
16800,0.910338
16801,0.876403
16802,0.82911
16803,0.96899
16804,0.785046
16805,0.948207
16806,0.704461
16807,0.812428
16808,0.551832
16809,0.694869
16810,0.955375
16811,0.774554
16812,0.790348
16813,0.579488
16814,0.858655
16815,0.751407
16816,0.987376
16817,0.582439
16818,0.887739
16819,0.89002
16820,0.797416
16821,0.697046
16822,0.960039
16823,0.7655
16824,0.930764
16825,0.506666
16826,0.738824
16827,0.610462
16828,0.597343
16829,0.63304
16830,0.749567
16831,0.371511
16832,0.835606
16833,0.681412
16834,0.845002
16835,0.860361
16836,0.911173
16837,0.956488
16838,0.767803
16839,0.696295
16840,0.50405
16841,0.644318
16842,0.941307
16843,0.628574
16844,0.887742
16845,0.581433
16846,0.839386
16847,0.744842
16848,0.76552
16849,0.451956
16850,0.824507
16851,0.820722
16852,0.451415
16853,0.582057
16854,0.754063
16855,0.603317
16856,0.653169
16857,0.804555
16858,0.791885
16859,0.463676
16860,0.902948
16861,0.886607
16862,0.758292
16863,0.788382
16864,0.823036
16865,0.508544
16866,0.85043
16867,0.816165
16868,0.601854
16869,0.574464
16870,0.844673
16871,0.616475
16872,0.887577
16873,0.407456
16874,0.790305
16875,0.394259
16876,0.570598
16877,0.609682
16878,0.615992
16879,0.80397
16880,0.396388
16881,0.687976
16882,0.823582
16883,0.634964
16884,0.885916
16885,0.779592
16886,0.633131
16887,0.724914
16888,0.433128
16889,0.683473
16890,0.900417
16891,0.719221
16892,0.8233
16893,0.567943
16894,0.905483
16895,0.7296
16896,0.93397
16897,0.706706
16898,0.810757
16899,0.696862
16900,0.725624
16901,0.659859
16902,0.453277
16903,0.826675
16904,0.760785
16905,0.464434
16906,0.881024
16907,0.416964
16908,0.701206
16909,0.345234
16910,0.78886
16911,0.668236
16912,0.677323
16913,0.130238
16914,0.79539
16915,0.615338
16916,0.518995
16917,0.901104
16918,0.647635
16919,0.608649
16920,0.629851
16921,0.654484
16922,0.699939
16923,0.929641
16924,0.690393
16925,0.550002
16926,0.635609
16927,0.65649
16928,0.739574
16929,0.735942
16930,0.489357
16931,0.847928
16932,0.981178
16933,0.920279
16934,0.660638
16935,0.871053
16936,0.961175
16937,0.832623
16938,0.71884
16939,0.889287
16940,0.764494
16941,0.77415
16942,0.861815
16943,0.892586
16944,0.923364
16945,0.849791
16946,0.754237
16947,0.943229
16948,0.733117
16949,0.885344
16950,0.632466
16951,0.232219
16952,0.914759
16953,0.835339
16954,0.63363
16955,0.979913
16956,0.964372
16957,0.749664
16958,0.856771
16959,0.853401
16960,0.581646
16961,0.706914
16962,0.739654
16963,0.844566
16964,0.827544
16965,0.85656
16966,0.796954
16967,0.418478
16968,0.896494
16969,0.811431
16970,0.880658
16971,0.9613
16972,0.94469
16973,0.857141
16974,0.663938
16975,0.788033
16976,0.862723
16977,0.347004
16978,0.652753
16979,0.639738
16980,0.799149
16981,0.750245
16982,0.834021
16983,0.87286
16984,0.587896
16985,0.559128
16986,0.70749
16987,0.705242
16988,0.682081
16989,0.784624
16990,0.747293
16991,0.780211
16992,0.789625
16993,0.72962
16994,0.870394
16995,0.868283
16996,0.847888
16997,0.479934
16998,0.554371
16999,0.608642
17000,0.691126
17001,0.556978
17002,0.738376
17003,0.492776
17004,0.880537
17005,0.433084
17006,0.614265
17007,0.898421
17008,0.82986
17009,0.892162
17010,0.819653
17011,0.862809
17012,0.738585
17013,0.946969
17014,0.725116
17015,0.979465
17016,0.963773
17017,0.581089
17018,0.691144
17019,0.723196
17020,0.750467
17021,0.661539
17022,0.9647
17023,0.575585
17024,0.793203
17025,0.722338
17026,0.647358
17027,0.903247
17028,0.834364
17029,0.851186
17030,0.207693
17031,0.195025
17032,0.742158
17033,0.818433
17034,0.763958
17035,0.347823
17036,0.549887
17037,0.48369
17038,0.882711
17039,0.58968
17040,0.668562
17041,0.980403
17042,0.520696
17043,0.312959
17044,0.493659
17045,0.606904
17046,0.856243
17047,0.59703
17048,0.535609
17049,0.932449
17050,0.618827
17051,0.810225
17052,0.652366
17053,0.576419
17054,0.878175
17055,0.562324
17056,0.837978
17057,0.809173
17058,0.517202
17059,0.622038
17060,0.848799
17061,0.804656
17062,0.982279
17063,0.844188
17064,0.644264
17065,0.468038
17066,0.263183
17067,0.586091
17068,0.711639
17069,0.663024
17070,0.198137
17071,0.556648
17072,0.82491
17073,0.903199
17074,0.901593
17075,0.946455
17076,0.856188
17077,0.919647
17078,0.763915
17079,0.692682
17080,0.977648
17081,0.812066
17082,0.163387
17083,0.772586
17084,0.805434
17085,0.620275
17086,0.771413
17087,0.923268
17088,0.868478
17089,0.73952
17090,0.810032
17091,0.731686
17092,0.659571
17093,0.695458
17094,0.608085
17095,0.856085
17096,0.894207
17097,0.688138
17098,0.928956
17099,0.962755
17100,0.669093
17101,0.526218
17102,0.954309
17103,0.544568
17104,0.730063
17105,0.134017
17106,0.635401
17107,0.636972
17108,0.67298
17109,0.961947
17110,0.874861
17111,0.699068
17112,0.79989
17113,0.884827
17114,0.786275
17115,0.441498
17116,0.830546
17117,0.869637
17118,0.894839
17119,0.497821
17120,0.920421
17121,0.329078
17122,0.797146
17123,0.748241
17124,0.785483
17125,0.935139
17126,0.712074
17127,0.902867
17128,0.554324
17129,0.728441
17130,0.972627
17131,0.461456
17132,0.83324
17133,0.798421
17134,0.716499
17135,0.662002
17136,0.483144
17137,0.699348
17138,0.537174
17139,0.744938
17140,0.944572
17141,0.649214
17142,0.56667
17143,0.280124
17144,0.812516
17145,0.681772
17146,0.9631
17147,0.614354
17148,0.422151
17149,0.510868
17150,0.650482
17151,0.910577
17152,0.615834
17153,0.873646
17154,0.754303
17155,0.617324
17156,0.943745
17157,0.739743
17158,0.923597
17159,0.872327
17160,0.954502
17161,0.783408
17162,0.719231
17163,0.65555
17164,0.841282
17165,0.356756
17166,0.664672
17167,0.953257
17168,0.852253
17169,0.795412
17170,0.388429
17171,0.566258
17172,0.460501
17173,0.890678
17174,0.723068
17175,0.757235
17176,0.882607
17177,0.80427
17178,0.624643
17179,0.762994
17180,0.732227
17181,0.676635
17182,0.754955
17183,0.600699
17184,0.725567
17185,0.842059
17186,0.59717
17187,0.711902
17188,0.560281
17189,0.835738
17190,0.787402
17191,0.654659
17192,0.799867
17193,0.848965
17194,0.731874
17195,0.834092
17196,0.68517
17197,0.730746
17198,0.520029
17199,0.608234
17200,0.767212
17201,0.61623
17202,0.662074
17203,0.956883
17204,0.491832
17205,0.568248
17206,0.790587
17207,0.783817
17208,0.650347
17209,0.667938
17210,0.43771
17211,0.836521
17212,0.600785
17213,0.956904
17214,0.927414
17215,0.718211
17216,0.446444
17217,0.953337
17218,0.902586
17219,0.490918
17220,0.914192
17221,0.647216
17222,0.780354
17223,0.934848
17224,0.83362
17225,0.920745
17226,0.645618
17227,0.779822
17228,0.225575
17229,0.584703
17230,0.388609
17231,0.503366
17232,0.781193
17233,0.775941
17234,0.900099
17235,0.574798
17236,0.910256
17237,0.836193
17238,0.480787
17239,0.915629
17240,0.845712
17241,0.793797
17242,0.772364
17243,0.844411
17244,0.587951
17245,0.771907
17246,0.722658
17247,0.905056
17248,0.591743
17249,0.959344
17250,0.738355
17251,0.813298
17252,0.710476
17253,0.90236
17254,0.621228
17255,0.888948
17256,0.388384
17257,0.664798
17258,0.816487
17259,0.361203
17260,0.600565
17261,0.59087
17262,0.598079
17263,0.677006
17264,0.704314
17265,0.945556
17266,0.633252
17267,0.858165
17268,0.825323
17269,0.750883
17270,0.607156
17271,0.736258
17272,0.637538
17273,0.596321
17274,0.331367
17275,0.90263
17276,0.928401
17277,0.964746
17278,0.957006
17279,0.422293
17280,0.815986
17281,0.730497
17282,0.668047
17283,0.665848
17284,0.737014
17285,0.33967
17286,0.790553
17287,0.965839
17288,0.785668
17289,0.672937
17290,0.786349
17291,0.728097
17292,0.671606
17293,0.258212
17294,0.686138
17295,0.483616
17296,0.678631
17297,0.806437
17298,0.54349
17299,0.776878
17300,0.399103
17301,0.612882
17302,0.675723
17303,0.784016
17304,0.70672
17305,0.564227
17306,0.977606
17307,0.839513
17308,0.433061
17309,0.671995
17310,0.728228
17311,0.765759
17312,0.787571
17313,0.629213
17314,0.878132
17315,0.760483
17316,0.8922
17317,0.796614
17318,0.852825
17319,0.945943
17320,0.915164
17321,0.535279
17322,0.901014
17323,0.910755
17324,0.897428
17325,0.963439
17326,0.760472
17327,0.327642
17328,0.643931
17329,0.654522
17330,0.950333
17331,0.616569
17332,0.886217
17333,0.838608
17334,0.968012
17335,0.689052
17336,0.882504
17337,0.823429
17338,0.666535
17339,0.573668
17340,0.479604
17341,0.931782
17342,0.918445
17343,0.859095
17344,0.610868
17345,0.832943
17346,0.960796
17347,0.793547
17348,0.842728
17349,0.64146
17350,0.854248
17351,0.305994
17352,0.890999
17353,0.751383
17354,0.979458
17355,0.956371
17356,0.977124
17357,0.494176
17358,0.558996
17359,0.223543
17360,0.916866
17361,0.783678
17362,0.830078
17363,0.568408
17364,0.923572
17365,0.754175
17366,0.679023
17367,0.637868
17368,0.614695
17369,0.515176
17370,0.784323
17371,0.72407
17372,0.721836
17373,0.262338
17374,0.85604
17375,0.581615
17376,0.324402
17377,0.51173
17378,0.449609
17379,0.632389
17380,0.279992
17381,0.596352
17382,0.687864
17383,0.236436
17384,0.793751
17385,0.798247
17386,0.646956
17387,0.722301
17388,0.859887
17389,0.598643
17390,0.525832
17391,0.706502
17392,0.379614
17393,0.780452
17394,0.825045
17395,0.803505
17396,0.977685
17397,0.889736
17398,0.781108
17399,0.617653
17400,0.737569
17401,0.783139
17402,0.868975
17403,0.645832
17404,0.870722
17405,0.797888
17406,0.944568
17407,0.654528
17408,0.894799
17409,0.225733
17410,0.525056
17411,0.786276
17412,0.761575
17413,0.775884
17414,0.80706
17415,0.595644
17416,0.784065
17417,0.618898
17418,0.667825
17419,0.738871
17420,0.838876
17421,0.67228
17422,0.463357
17423,0.823534
17424,0.517608
17425,0.709075
17426,0.92942
17427,0.927082
17428,0.893092
17429,0.883835
17430,0.560204
17431,0.487348
17432,0.962849
17433,0.844838
17434,0.587772
17435,0.886882
17436,0.739911
17437,0.183041
17438,0.927156
17439,0.382947
17440,0.770984
17441,0.835818
17442,0.746971
17443,0.361075
17444,0.819404
17445,0.556886
17446,0.891939
17447,0.557017
17448,0.536863
17449,0.967887
17450,0.953487
17451,0.456635
17452,0.556436
17453,0.646586
17454,0.734249
17455,0.779877
17456,0.425056
17457,0.624558
17458,0.844683
17459,0.880122
17460,0.705531
17461,0.732791
17462,0.374046
17463,0.197192
17464,0.595737
17465,0.380979
17466,0.95306
17467,0.900073
17468,0.745044
17469,0.966499
17470,0.898419
17471,0.961582
17472,0.913217
17473,0.783841
17474,0.429537
17475,0.70285
17476,0.52392
17477,0.909777
17478,0.955865
17479,0.799771
17480,0.502593
17481,0.915256
17482,0.793846
17483,0.961701
17484,0.926052
17485,0.884797
17486,0.457871
17487,0.97021
17488,0.824707
17489,0.895535
17490,0.405611
17491,0.906755
17492,0.854051
17493,0.902542
17494,0.814951
17495,0.730692
17496,0.75499
17497,0.73054
17498,0.607687
17499,0.835211
17500,0.589679
17501,0.946596
17502,0.60014
17503,0.665891
17504,0.558492
17505,0.733005
17506,0.801298
17507,0.622528
17508,0.898014
17509,0.927044
17510,0.762933
17511,0.826832
17512,0.913313
17513,0.759626
17514,0.699292
17515,0.562707
17516,0.914399
17517,0.543618
17518,0.535843
17519,0.858332
17520,0.766592
17521,0.538609
17522,0.848338
17523,0.939861
17524,0.28929
17525,0.940322
17526,0.807397
17527,0.74013
17528,0.683364
17529,0.501545
17530,0.891719
17531,0.872741
17532,0.618039
17533,0.860166
17534,0.731527
17535,0.803531
17536,0.929181
17537,0.878412
17538,0.433389
17539,0.680656
17540,0.815876
17541,0.785947
17542,0.693379
17543,0.576561
17544,0.680245
17545,0.888978
17546,0.785826
17547,0.702213
17548,0.873747
17549,0.910205
17550,0.482956
17551,0.904393
17552,0.755949
17553,0.893783
17554,0.892744
17555,0.847265
17556,0.86695
17557,0.817097
17558,0.457602
17559,0.68915
17560,0.917106
17561,0.850932
17562,0.677978
17563,0.919089
17564,0.846514
17565,0.513915
17566,0.842163
17567,0.688458
17568,0.911402
17569,0.828686
17570,0.418371
17571,0.718105
17572,0.662977
17573,0.767132
17574,0.870912
17575,0.785679
17576,0.872982
17577,0.949433
17578,0.54458
17579,0.415467
17580,0.975305
17581,0.942367
17582,0.970972
17583,0.897869
17584,0.736837
17585,0.67954
17586,0.598909
17587,0.719486
17588,0.907989
17589,0.730596
17590,0.775236
17591,0.735427
17592,0.83673
17593,0.741194
17594,0.784604
17595,0.767175
17596,0.803074
17597,0.854126
17598,0.554537
17599,0.765312
17600,0.391825
17601,0.605709
17602,0.665484
17603,0.699795
17604,0.583809
17605,0.586432
17606,0.856133
17607,0.55249
17608,0.829154
17609,0.84954
17610,0.494877
17611,0.740821
17612,0.778438
17613,0.700393
17614,0.652982
17615,0.824715
17616,0.910057
17617,0.328052
17618,0.198786
17619,0.784139
17620,0.962846
17621,0.926496
17622,0.527275
17623,0.616607
17624,0.420498
17625,0.810398
17626,0.962616
17627,0.857521
17628,0.912679
17629,0.611114
17630,0.784823
17631,0.817245
17632,0.68875
17633,0.591576
17634,0.252752
17635,0.20729
17636,0.854098
17637,0.724976
17638,0.839433
17639,0.841275
17640,0.696439
17641,0.642118
17642,0.772052
17643,0.826008
17644,0.69398
17645,0.731395
17646,0.968879
17647,0.655911
17648,0.476501
17649,0.503997
17650,0.8115
17651,0.91107
17652,0.572735
17653,0.689125
17654,0.66353
17655,0.935335
17656,0.90625
17657,0.606978
17658,0.949916
17659,0.884637
17660,0.584177
17661,0.894264
17662,0.602423
17663,0.891787
17664,0.717024
17665,0.635173
17666,0.713569
17667,0.68795
17668,0.894395
17669,0.558942
17670,0.473895
17671,0.700365
17672,0.750457
17673,0.446424
17674,0.939556
17675,0.915963
17676,0.705616
17677,0.590226
17678,0.904373
17679,0.724496
17680,0.651306
17681,0.856674
17682,0.86018
17683,0.722203
17684,0.506034
17685,0.893435
17686,0.868773
17687,0.823045
17688,0.656007
17689,0.095623
17690,0.885387
17691,0.701662
17692,0.762599
17693,0.746097
17694,0.392021
17695,0.693529
17696,0.579531
17697,0.805044
17698,0.429199
17699,0.938141
17700,0.887856
17701,0.734469
17702,0.672472
17703,0.912448
17704,0.477631
17705,0.544438
17706,0.669084
17707,0.861735
17708,0.678174
17709,0.88268
17710,0.758162
17711,0.945335
17712,0.841674
17713,0.411346
17714,0.79556
17715,0.848724
17716,0.701389
17717,0.677925
17718,0.643448
17719,0.832976
17720,0.521332
17721,0.774347
17722,0.881096
17723,0.955524
17724,0.515048
17725,0.916266
17726,0.847597
17727,0.913728
17728,0.674187
17729,0.180331
17730,0.837033
17731,0.793249
17732,0.13696
17733,0.699716
17734,0.664631
17735,0.864807
17736,0.838586
17737,0.72123
17738,0.731908
17739,0.379433
17740,0.884734
17741,0.804999
17742,0.578557
17743,0.938661
17744,0.88632
17745,0.385452
17746,0.582205
17747,0.953771
17748,0.896302
17749,0.298906
17750,0.775752
17751,0.788148
17752,0.799549
17753,0.720492
17754,0.985118
17755,0.810363
17756,0.823285
17757,0.900909
17758,0.852576
17759,0.659644
17760,0.763805
17761,0.889534
17762,0.669651
17763,0.694031
17764,0.801746
17765,0.521236
17766,0.943926
17767,0.602723
17768,0.399375
17769,0.695453
17770,0.951401
17771,0.680755
17772,0.416102
17773,0.568902
17774,0.694965
17775,0.954014
17776,0.746827
17777,0.979144
17778,0.680324
17779,0.414711
17780,0.85291
17781,0.693045
17782,0.840476
17783,0.647326
17784,0.648145
17785,0.814373
17786,0.564925
17787,0.84479
17788,0.734749
17789,0.91939
17790,0.350174
17791,0.655204
17792,0.753863
17793,0.434456
17794,0.748975
17795,0.588222
17796,0.434873
17797,0.681544
17798,0.583094
17799,0.913453
17800,0.489908
17801,0.958568
17802,0.354386
17803,0.502936
17804,0.601582
17805,0.577428
17806,0.55422
17807,0.686037
17808,0.496689
17809,0.718012
17810,0.858759
17811,0.877945
17812,0.91816
17813,0.779159
17814,0.517996
17815,0.852251
17816,0.867366
17817,0.626552
17818,0.965565
17819,0.66006
17820,0.675033
17821,0.81407
17822,0.634377
17823,0.112143
17824,0.679208
17825,0.633632
17826,0.891022
17827,0.848849
17828,0.947712
17829,0.789389
17830,0.439461
17831,0.937207
17832,0.713666
17833,0.974778
17834,0.834615
17835,0.532902
17836,0.377982
17837,0.501492
17838,0.693362
17839,0.58013
17840,0.945925
17841,0.981622
17842,0.548145
17843,0.71215
17844,0.794546
17845,0.576096
17846,0.656416
17847,0.373921
17848,0.664253
17849,0.938542
17850,0.69153
17851,0.910524
17852,0.659945
17853,0.551526
17854,0.844476
17855,0.566518
17856,0.809078
17857,0.458561
17858,0.90675
17859,0.598089
17860,0.70834
17861,0.883915
17862,0.847922
17863,0.89606
17864,0.667529
17865,0.893358
17866,0.708805
17867,0.820163
17868,0.94657
17869,0.804239
17870,0.810549
17871,0.436033
17872,0.976889
17873,0.93766
17874,0.716733
17875,0.664945
17876,0.858318
17877,0.391094
17878,0.666195
17879,0.466827
17880,0.54878
17881,0.927492
17882,0.942286
17883,0.67989
17884,0.640887
17885,0.102125
17886,0.511721
17887,0.775623
17888,0.724362
17889,0.89032
17890,0.726815
17891,0.782636
17892,0.759662
17893,0.459422
17894,0.794936
17895,0.581122
17896,0.472221
17897,0.647922
17898,0.732214
17899,0.778048
17900,0.47656
17901,0.909175
17902,0.906853
17903,0.314527
17904,0.898688
17905,0.479905
17906,0.878007
17907,0.585167
17908,0.547509
17909,0.838144
17910,0.341967
17911,0.828129
17912,0.890562
17913,0.914127
17914,0.32967
17915,0.442385
17916,0.749685
17917,0.898213
17918,0.976871
17919,0.763342
17920,0.740034
17921,0.649535
17922,0.844748
17923,0.851784
17924,0.95222
17925,0.843989
17926,0.790515
17927,0.632308
17928,0.86958
17929,0.801786
17930,0.566768
17931,0.898703
17932,0.568519
17933,0.191613
17934,0.951836
17935,0.619883
17936,0.655389
17937,0.737844
17938,0.883309
17939,0.430359
17940,0.819886
17941,0.80676
17942,0.688226
17943,0.466308
17944,0.731079
17945,0.560917
17946,0.968742
17947,0.659888
17948,0.790473
17949,0.522751
17950,0.752041
17951,0.83691
17952,0.621277
17953,0.895621
17954,0.471768
17955,0.525901
17956,0.63025
17957,0.695021
17958,0.588124
17959,0.929594
17960,0.565892
17961,0.556696
17962,0.780347
17963,0.644278
17964,0.541907
17965,0.815409
17966,0.881175
17967,0.640189
17968,0.936576
17969,0.508964
17970,0.41896
17971,0.870613
17972,0.964843
17973,0.862317
17974,0.930454
17975,0.685608
17976,0.43859
17977,0.667852
17978,0.908633
17979,0.778173
17980,0.428373
17981,0.884253
17982,0.754047
17983,0.825022
17984,0.819827
17985,0.678695
17986,0.621939
17987,0.912607
17988,0.830085
17989,0.291854
17990,0.886002
17991,0.915605
17992,0.802619
17993,0.619501
17994,0.848707
17995,0.596619
17996,0.285285
17997,0.689866
17998,0.511965
17999,0.800932
18000,0.693673
18001,0.786863
18002,0.694938
18003,0.947162
18004,0.771438
18005,0.538176
18006,0.963768
18007,0.557996
18008,0.473046
18009,0.964486
18010,0.856576
18011,0.947178
18012,0.803783
18013,0.800412
18014,0.474892
18015,0.953662
18016,0.679422
18017,0.958326
18018,0.984315
18019,0.923984
18020,0.841799
18021,0.48896
18022,0.901436
18023,0.69503
18024,0.656062
18025,0.595424
18026,0.628706
18027,0.421443
18028,0.499515
18029,0.556283
18030,0.714041
18031,0.900517
18032,0.674018
18033,0.750397
18034,0.364545
18035,0.691782
18036,0.721092
18037,0.474745
18038,0.886669
18039,0.47618
18040,0.829497
18041,0.835503
18042,0.915312
18043,0.774609
18044,0.786107
18045,0.679554
18046,0.939097
18047,0.884576
18048,0.783647
18049,0.708241
18050,0.482004
18051,0.890328
18052,0.708312
18053,0.750628
18054,0.706407
18055,0.914411
18056,0.175839
18057,0.809269
18058,0.514919
18059,0.743179
18060,0.945144
18061,0.956532
18062,0.826333
18063,0.715625
18064,0.604875
18065,0.498176
18066,0.708656
18067,0.78904
18068,0.804589
18069,0.885816
18070,0.37113
18071,0.947525
18072,0.913418
18073,0.738048
18074,0.753064
18075,0.91073
18076,0.871603
18077,0.77417
18078,0.720021
18079,0.85834
18080,0.771214
18081,0.805828
18082,0.85798
18083,0.518678
18084,0.952539
18085,0.829784
18086,0.954997
18087,0.457362
18088,0.338642
18089,0.64744
18090,0.907696
18091,0.906315
18092,0.71015
18093,0.70896
18094,0.486644
18095,0.958601
18096,0.697729
18097,0.792247
18098,0.901845
18099,0.846132
18100,0.789418
18101,0.659583
18102,0.941008
18103,0.92587
18104,0.85641
18105,0.760458
18106,0.717176
18107,0.688269
18108,0.840041
18109,0.646453
18110,0.731473
18111,0.706053
18112,0.908436
18113,0.638701
18114,0.924829
18115,0.726699
18116,0.745732
18117,0.877345
18118,0.716865
18119,0.825044
18120,0.55114
18121,0.83205
18122,0.753458
18123,0.584897
18124,0.675894
18125,0.910687
18126,0.583081
18127,0.755116
18128,0.582104
18129,0.651763
18130,0.599996
18131,0.874156
18132,0.901252
18133,0.48855
18134,0.875165
18135,0.893757
18136,0.974444
18137,0.897976
18138,0.748519
18139,0.923533
18140,0.262776
18141,0.745605
18142,0.955642
18143,0.877195
18144,0.869375
18145,0.171721
18146,0.334142
18147,0.888236
18148,0.616481
18149,0.93213
18150,0.62968
18151,0.938884
18152,0.779577
18153,0.920096
18154,0.968566
18155,0.595677
18156,0.676876
18157,0.673659
18158,0.627299
18159,0.762701
18160,0.246671
18161,0.736662
18162,0.561349
18163,0.907029
18164,0.673082
18165,0.449568
18166,0.747657
18167,0.7585
18168,0.765862
18169,0.698665
18170,0.644773
18171,0.606397
18172,0.596104
18173,0.600368
18174,0.734152
18175,0.670901
18176,0.913649
18177,0.665486
18178,0.917643
18179,0.929338
18180,0.864853
18181,0.657257
18182,0.125732
18183,0.931707
18184,0.741583
18185,0.803886
18186,0.749942
18187,0.603543
18188,0.808424
18189,0.72026
18190,0.182391
18191,0.733886
18192,0.717097
18193,0.562634
18194,0.660617
18195,0.546458
18196,0.669044
18197,0.846006
18198,0.942849
18199,0.625904
18200,0.627125
18201,0.958252
18202,0.867135
18203,0.688311
18204,0.550756
18205,0.519086
18206,0.922181
18207,0.533213
18208,0.843041
18209,0.663022
18210,0.865105
18211,0.215291
18212,0.901715
18213,0.911608
18214,0.718884
18215,0.542392
18216,0.602744
18217,0.868222
18218,0.735105
18219,0.93699
18220,0.722102
18221,0.898223
18222,0.620834
18223,0.770147
18224,0.544827
18225,0.56478
18226,0.646032
18227,0.638126
18228,0.913152
18229,0.481983
18230,0.658128
18231,0.948204
18232,0.870656
18233,0.851511
18234,0.756769
18235,0.695117
18236,0.704242
18237,0.771472
18238,0.62964
18239,0.534473
18240,0.496383
18241,0.612353
18242,0.661319
18243,0.884114
18244,0.853529
18245,0.643859
18246,0.561016
18247,0.7577
18248,0.660375
18249,0.85285
18250,0.762022
18251,0.895231
18252,0.770717
18253,0.639007
18254,0.605142
18255,0.820351
18256,0.629173
18257,0.869586
18258,0.912021
18259,0.760601
18260,0.271748
18261,0.698746
18262,0.597311
18263,0.870505
18264,0.689312
18265,0.825106
18266,0.168581
18267,0.733185
18268,0.631697
18269,0.636727
18270,0.840517
18271,0.915044
18272,0.918069
18273,0.719146
18274,0.610342
18275,0.478912
18276,0.754908
18277,0.312288
18278,0.924165
18279,0.600666
18280,0.589451
18281,0.908997
18282,0.604461
18283,0.542693
18284,0.733755
18285,0.782698
18286,0.706109
18287,0.647868
18288,0.572482
18289,0.765206
18290,0.812941
18291,0.512593
18292,0.873518
18293,0.451728
18294,0.758447
18295,0.612232
18296,0.90815
18297,0.652945
18298,0.852087
18299,0.489436
18300,0.946486
18301,0.586115
18302,0.575465
18303,0.770432
18304,0.801887
18305,0.815022
18306,0.382539
18307,0.812124
18308,0.593714
18309,0.939417
18310,0.778834
18311,0.91411
18312,0.675933
18313,0.815089
18314,0.676279
18315,0.947257
18316,0.55361
18317,0.359414
18318,0.688016
18319,0.850623
18320,0.934604
18321,0.152723
18322,0.914896
18323,0.613878
18324,0.676492
18325,0.536818
18326,0.764948
18327,0.693607
18328,0.731186
18329,0.922782
18330,0.671397
18331,0.615941
18332,0.955805
18333,0.832081
18334,0.837914
18335,0.474996
18336,0.828613
18337,0.679918
18338,0.579968
18339,0.822573
18340,0.631115
18341,0.964304
18342,0.779904
18343,0.623623
18344,0.71133
18345,0.924449
18346,0.781063
18347,0.653695
18348,0.682925
18349,0.334859
18350,0.724289
18351,0.815343
18352,0.316926
18353,0.858245
18354,0.750588
18355,0.864583
18356,0.805882
18357,0.88672
18358,0.854782
18359,0.717538
18360,0.844719
18361,0.424056
18362,0.832727
18363,0.708374
18364,0.18199
18365,0.945303
18366,0.622386
18367,0.57496
18368,0.683956
18369,0.56254
18370,0.626376
18371,0.677846
18372,0.91102
18373,0.846958
18374,0.718959
18375,0.765364
18376,0.430992
18377,0.903617
18378,0.670311
18379,0.774347
18380,0.901051
18381,0.934176
18382,0.977253
18383,0.576661
18384,0.70838
18385,0.707252
18386,0.609927
18387,0.680722
18388,0.309018
18389,0.887082
18390,0.256678
18391,0.202476
18392,0.63573
18393,0.773787
18394,0.665105
18395,0.985683
18396,0.601093
18397,0.610223
18398,0.772576
18399,0.717332
18400,0.723129
18401,0.532968
18402,0.308405
18403,0.70889
18404,0.817223
18405,0.892841
18406,0.948527
18407,0.893216
18408,0.553094
18409,0.506284
18410,0.881783
18411,0.840743
18412,0.682273
18413,0.778518
18414,0.755062
18415,0.690593
18416,0.978916
18417,0.762416
18418,0.481599
18419,0.924537
18420,0.312254
18421,0.561167
18422,0.887132
18423,0.559749
18424,0.977114
18425,0.71799
18426,0.961327
18427,0.809811
18428,0.774157
18429,0.543884
18430,0.753106
18431,0.676108
18432,0.297741
18433,0.790012
18434,0.791928
18435,0.57258
18436,0.926444
18437,0.795092
18438,0.585569
18439,0.790454
18440,0.851236
18441,0.530385
18442,0.915985
18443,0.560724
18444,0.84039
18445,0.679108
18446,0.978103
18447,0.790065
18448,0.619519
18449,0.542245
18450,0.467021
18451,0.555672
18452,0.283946
18453,0.759899
18454,0.819399
18455,0.62531
18456,0.779373
18457,0.772752
18458,0.952638
18459,0.86333
18460,0.829139
18461,0.934839
18462,0.607394
18463,0.511861
18464,0.739867
18465,0.700123
18466,0.793993
18467,0.884861
18468,0.44806
18469,0.772869
18470,0.924042
18471,0.808795
18472,0.77509
18473,0.84061
18474,0.587345
18475,0.658766
18476,0.218817
18477,0.588067
18478,0.640531
18479,0.517674
18480,0.524141
18481,0.909621
18482,0.9503
18483,0.912541
18484,0.775486
18485,0.904968
18486,0.610855
18487,0.790207
18488,0.777675
18489,0.818162
18490,0.847475
18491,0.648835
18492,0.440884
18493,0.370965
18494,0.551114
18495,0.725668
18496,0.670931
18497,0.735116
18498,0.802994
18499,0.309829
18500,0.562506
18501,0.818968
18502,0.635248
18503,0.732597
18504,0.668748
18505,0.778483
18506,0.731965
18507,0.463536
18508,0.960621
18509,0.666078
18510,0.978302
18511,0.3829
18512,0.722942
18513,0.859612
18514,0.975185
18515,0.646439
18516,0.689918
18517,0.935535
18518,0.605471
18519,0.428231
18520,0.927513
18521,0.581467
18522,0.86191
18523,0.629772
18524,0.282642
18525,0.489688
18526,0.797116
18527,0.974437
18528,0.836324
18529,0.503494
18530,0.706979
18531,0.809214
18532,0.787876
18533,0.812228
18534,0.854163
18535,0.873582
18536,0.624549
18537,0.26486
18538,0.497715
18539,0.682942
18540,0.859076
18541,0.943342
18542,0.432702
18543,0.482466
18544,0.779693
18545,0.723886
18546,0.936721
18547,0.74481
18548,0.445308
18549,0.735246
18550,0.832552
18551,0.668468
18552,0.911738
18553,0.612601
18554,0.889536
18555,0.632043
18556,0.834749
18557,0.789029
18558,0.726164
18559,0.905849
18560,0.86226
18561,0.687279
18562,0.812784
18563,0.952913
18564,0.231548
18565,0.561662
18566,0.84211
18567,0.757236
18568,0.718903
18569,0.89257
18570,0.218216
18571,0.639385
18572,0.744963
18573,0.849651
18574,0.233946
18575,0.592508
18576,0.847992
18577,0.189871
18578,0.932116
18579,0.681483
18580,0.645213
18581,0.543892
18582,0.766718
18583,0.485092
18584,0.180099
18585,0.796459
18586,0.504227
18587,0.81448
18588,0.575705
18589,0.854367
18590,0.610029
18591,0.855475
18592,0.78124
18593,0.671437
18594,0.591705
18595,0.855215
18596,0.730248
18597,0.544108
18598,0.803002
18599,0.864993
18600,0.836256
18601,0.504325
18602,0.879424
18603,0.63041
18604,0.714249
18605,0.450051
18606,0.69712
18607,0.731968
18608,0.705422
18609,0.701516
18610,0.934335
18611,0.943693
18612,0.834465
18613,0.78164
18614,0.48428
18615,0.898797
18616,0.932683
18617,0.540856
18618,0.866536
18619,0.88286
18620,0.907039
18621,0.604027
18622,0.648461
18623,0.684714
18624,0.523388
18625,0.755531
18626,0.866125
18627,0.91982
18628,0.702479
18629,0.716827
18630,0.71717
18631,0.946013
18632,0.540004
18633,0.759849
18634,0.703875
18635,0.672564
18636,0.34919
18637,0.952481
18638,0.876716
18639,0.38985
18640,0.838521
18641,0.841263
18642,0.657932
18643,0.585301
18644,0.877519
18645,0.951304
18646,0.745717
18647,0.197014
18648,0.60714
18649,0.915139
18650,0.426992
18651,0.806942
18652,0.759149
18653,0.829319
18654,0.675873
18655,0.804913
18656,0.886427
18657,0.32072
18658,0.696058
18659,0.67693
18660,0.273515
18661,0.815867
18662,0.671636
18663,0.986344
18664,0.593746
18665,0.788813
18666,0.83057
18667,0.863526
18668,0.67366
18669,0.722559
18670,0.770143
18671,0.805448
18672,0.628697
18673,0.511836
18674,0.709033
18675,0.21452
18676,0.881059
18677,0.442237
18678,0.702587
18679,0.985044
18680,0.854929
18681,0.730229
18682,0.810361
18683,0.593112
18684,0.229432
18685,0.911233
18686,0.213503
18687,0.590039
18688,0.780849
18689,0.555652
18690,0.432396
18691,0.928056
18692,0.594864
18693,0.758064
18694,0.701588
18695,0.545337
18696,0.963081
18697,0.849145
18698,0.558654
18699,0.907094
18700,0.829112
18701,0.534436
18702,0.984561
18703,0.907571
18704,0.712587
18705,0.858528
18706,0.522696
18707,0.408335
18708,0.640758
18709,0.743799
18710,0.714108
18711,0.755093
18712,0.911629
18713,0.831635
18714,0.512164
18715,0.85318
18716,0.832471
18717,0.76774
18718,0.532394
18719,0.708687
18720,0.901229
18721,0.96641
18722,0.720713
18723,0.692082
18724,0.813506
18725,0.58754
18726,0.622954
18727,0.933947
18728,0.835555
18729,0.866111
18730,0.911663
18731,0.820923
18732,0.510724
18733,0.821126
18734,0.595342
18735,0.88856
18736,0.947828
18737,0.844075
18738,0.261712
18739,0.885603
18740,0.800745
18741,0.659364
18742,0.909575
18743,0.976802
18744,0.85817
18745,0.626889
18746,0.685554
18747,0.275211
18748,0.81583
18749,0.914957
18750,0.859247
18751,0.912834
18752,0.56947
18753,0.956174
18754,0.8359
18755,0.390361
18756,0.839328
18757,0.904378
18758,0.727435
18759,0.844215
18760,0.797713
18761,0.949561
18762,0.726568
18763,0.807796
18764,0.577335
18765,0.73212
18766,0.820667
18767,0.579937
18768,0.69166
18769,0.761224
18770,0.958978
18771,0.390314
18772,0.577362
18773,0.861278
18774,0.826161
18775,0.974873
18776,0.779058
18777,0.933959
18778,0.645578
18779,0.870331
18780,0.701506
18781,0.897597
18782,0.58269
18783,0.170088
18784,0.620497
18785,0.442799
18786,0.805789
18787,0.768567
18788,0.566088
18789,0.704647
18790,0.505645
18791,0.864238
18792,0.804675
18793,0.796516
18794,0.749534
18795,0.821946
18796,0.77635
18797,0.644737
18798,0.269471
18799,0.846238
18800,0.776759
18801,0.832084
18802,0.468217
18803,0.685815
18804,0.867251
18805,0.91649
18806,0.284309
18807,0.985381
18808,0.924008
18809,0.837459
18810,0.939017
18811,0.964841
18812,0.731519
18813,0.607669
18814,0.625837
18815,0.60199
18816,0.791644
18817,0.824007
18818,0.435294
18819,0.865278
18820,0.927633
18821,0.591336
18822,0.734478
18823,0.887473
18824,0.399057
18825,0.642637
18826,0.1951
18827,0.912061
18828,0.637351
18829,0.273889
18830,0.708467
18831,0.785571
18832,0.623023
18833,0.914166
18834,0.499969
18835,0.661629
18836,0.821584
18837,0.632923
18838,0.783647
18839,0.837506
18840,0.766471
18841,0.839585
18842,0.536708
18843,0.714602
18844,0.654147
18845,0.604137
18846,0.657286
18847,0.945268
18848,0.629211
18849,0.644352
18850,0.470125
18851,0.173365
18852,0.614463
18853,0.843753
18854,0.884457
18855,0.587081
18856,0.92691
18857,0.827632
18858,0.624431
18859,0.651877
18860,0.584579
18861,0.784789
18862,0.928429
18863,0.794655
18864,0.093272
18865,0.797515
18866,0.608045
18867,0.579013
18868,0.908414
18869,0.674906
18870,0.936204
18871,0.620684
18872,0.782147
18873,0.89628
18874,0.788244
18875,0.906232
18876,0.805894
18877,0.802381
18878,0.979081
18879,0.797356
18880,0.760353
18881,0.90203
18882,0.659214
18883,0.573112
18884,0.954896
18885,0.927639
18886,0.431319
18887,0.783674
18888,0.602018
18889,0.916545
18890,0.877803
18891,0.687724
18892,0.689389
18893,0.816059
18894,0.172955
18895,0.803591
18896,0.730909
18897,0.735737
18898,0.579373
18899,0.622465
18900,0.87329
18901,0.909816
18902,0.859907
18903,0.901195
18904,0.797796
18905,0.588216
18906,0.878495
18907,0.810165
18908,0.952893
18909,0.593504
18910,0.815537
18911,0.736676
18912,0.137264
18913,0.831661
18914,0.665973
18915,0.444396
18916,0.284836
18917,0.811312
18918,0.190253
18919,0.896233
18920,0.853227
18921,0.57595
18922,0.555899
18923,0.523205
18924,0.251486
18925,0.763206
18926,0.756422
18927,0.980922
18928,0.894505
18929,0.778045
18930,0.839
18931,0.680919
18932,0.891024
18933,0.94757
18934,0.722071
18935,0.938574
18936,0.806514
18937,0.945206
18938,0.975609
18939,0.677308
18940,0.265508
18941,0.552348
18942,0.901474
18943,0.39797
18944,0.948328
18945,0.887105
18946,0.353105
18947,0.82551
18948,0.800626
18949,0.54624
18950,0.782367
18951,0.695668
18952,0.70733
18953,0.70285
18954,0.393343
18955,0.730351
18956,0.91429
18957,0.665794
18958,0.573676
18959,0.468757
18960,0.868419
18961,0.506897
18962,0.984083
18963,0.561432
18964,0.902055
18965,0.813261
18966,0.600985
18967,0.645336
18968,0.500271
18969,0.505524
18970,0.404946
18971,0.853905
18972,0.350537
18973,0.248644
18974,0.924934
18975,0.874601
18976,0.703667
18977,0.807803
18978,0.728278
18979,0.858235
18980,0.82792
18981,0.471314
18982,0.755793
18983,0.613045
18984,0.859388
18985,0.695166
18986,0.88353
18987,0.86206
18988,0.271173
18989,0.909542
18990,0.475592
18991,0.687907
18992,0.51973
18993,0.847223
18994,0.712019
18995,0.899604
18996,0.718201
18997,0.718915
18998,0.524591
18999,0.74831
19000,0.633387
19001,0.19065
19002,0.841068
19003,0.618125
19004,0.940779
19005,0.648547
19006,0.762816
19007,0.243294
19008,0.833441
19009,0.605317
19010,0.347937
19011,0.511939
19012,0.875025
19013,0.501366
19014,0.957687
19015,0.505815
19016,0.702995
19017,0.601799
19018,0.770636
19019,0.711976
19020,0.901136
19021,0.636691
19022,0.462836
19023,0.917562
19024,0.90051
19025,0.646236
19026,0.680146
19027,0.749115
19028,0.786073
19029,0.736144
19030,0.772902
19031,0.69429
19032,0.741716
19033,0.868319
19034,0.948617
19035,0.766783
19036,0.823318
19037,0.803191
19038,0.672866
19039,0.583699
19040,0.796713
19041,0.577917
19042,0.717748
19043,0.733606
19044,0.73045
19045,0.70718
19046,0.203254
19047,0.705999
19048,0.651283
19049,0.674826
19050,0.610051
19051,0.878701
19052,0.829787
19053,0.89545
19054,0.476201
19055,0.96832
19056,0.452691
19057,0.979441
19058,0.703924
19059,0.750694
19060,0.928567
19061,0.83652
19062,0.774427
19063,0.867594
19064,0.835815
19065,0.813981
19066,0.804885
19067,0.899589
19068,0.929966
19069,0.913843
19070,0.789364
19071,0.411624
19072,0.935213
19073,0.602739
19074,0.967783
19075,0.694427
19076,0.942935
19077,0.835344
19078,0.911778
19079,0.809303
19080,0.944658
19081,0.713955
19082,0.482897
19083,0.953087
19084,0.681961
19085,0.79646
19086,0.754377
19087,0.920686
19088,0.413785
19089,0.891298
19090,0.646274
19091,0.228044
19092,0.811937
19093,0.766498
19094,0.964384
19095,0.535444
19096,0.677467
19097,0.966663
19098,0.304913
19099,0.566218
19100,0.681067
19101,0.804435
19102,0.578658
19103,0.735152
19104,0.630126
19105,0.582959
19106,0.825877
19107,0.77931
19108,0.523149
19109,0.817424
19110,0.509746
19111,0.668899
19112,0.842746
19113,0.678018
19114,0.562157
19115,0.340983
19116,0.769974
19117,0.879517
19118,0.835094
19119,0.636268
19120,0.819495
19121,0.630323
19122,0.985076
19123,0.901962
19124,0.98523
19125,0.688198
19126,0.763288
19127,0.912925
19128,0.951894
19129,0.824987
19130,0.626945
19131,0.894178
19132,0.936656
19133,0.571776
19134,0.901975
19135,0.625738
19136,0.665679
19137,0.52604
19138,0.707305
19139,0.883864
19140,0.842794
19141,0.923168
19142,0.555158
19143,0.942993
19144,0.937093
19145,0.526676
19146,0.595008
19147,0.874427
19148,0.810541
19149,0.778289
19150,0.70826
19151,0.893225
19152,0.949421
19153,0.785348
19154,0.574557
19155,0.191505
19156,0.695596
19157,0.78102
19158,0.928432
19159,0.800202
19160,0.678861
19161,0.981976
19162,0.666842
19163,0.805661
19164,0.676582
19165,0.747673
19166,0.840111
19167,0.906374
19168,0.939922
19169,0.806814
19170,0.612235
19171,0.69762
19172,0.989113
19173,0.574341
19174,0.96285
19175,0.984814
19176,0.624197
19177,0.869606
19178,0.629766
19179,0.799693
19180,0.899603
19181,0.902173
19182,0.844572
19183,0.854603
19184,0.85655
19185,0.700307
19186,0.633059
19187,0.90953
19188,0.974968
19189,0.772259
19190,0.727505
19191,0.911825
19192,0.89734
19193,0.927265
19194,0.790727
19195,0.419475
19196,0.857455
19197,0.771813
19198,0.806143
19199,0.72296
19200,0.578834
19201,0.586532
19202,0.709456
19203,0.794626
19204,0.666389
19205,0.816549
19206,0.933081
19207,0.667792
19208,0.80544
19209,0.664558
19210,0.988794
19211,0.697721
19212,0.650553
19213,0.728443
19214,0.913092
19215,0.882529
19216,0.589897
19217,0.629941
19218,0.497584
19219,0.936705
19220,0.205668
19221,0.786628
19222,0.61517
19223,0.878736
19224,0.821196
19225,0.647523
19226,0.457162
19227,0.760991
19228,0.599455
19229,0.743054
19230,0.569109
19231,0.922547
19232,0.854428
19233,0.68184
19234,0.976038
19235,0.979948
19236,0.797877
19237,0.656291
19238,0.970439
19239,0.943014
19240,0.927284
19241,0.872369
19242,0.972107
19243,0.636912
19244,0.882985
19245,0.856688
19246,0.772248
19247,0.906013
19248,0.817424
19249,0.56991
19250,0.93754
19251,0.675559
19252,0.760056
19253,0.566295
19254,0.678582
19255,0.825911
19256,0.633579
19257,0.912452
19258,0.669394
19259,0.879493
19260,0.644211
19261,0.588006
19262,0.520307
19263,0.517253
19264,0.890865
19265,0.897189
19266,0.66619
19267,0.718682
19268,0.608258
19269,0.591754
19270,0.47125
19271,0.848002
19272,0.885668
19273,0.686923
19274,0.708441
19275,0.501959
19276,0.743881
19277,0.965963
19278,0.629466
19279,0.754465
19280,0.608506
19281,0.294042
19282,0.744925
19283,0.736644
19284,0.73812
19285,0.907889
19286,0.656016
19287,0.555607
19288,0.579306
19289,0.744563
19290,0.810802
19291,0.73944
19292,0.811134
19293,0.935441
19294,0.536994
19295,0.532036
19296,0.831764
19297,0.738164
19298,0.3334
19299,0.693801
19300,0.869392
19301,0.778505
19302,0.960633
19303,0.9259
19304,0.604666
19305,0.957459
19306,0.743472
19307,0.678479
19308,0.648706
19309,0.808397
19310,0.735054
19311,0.394099
19312,0.95337
19313,0.515103
19314,0.791845
19315,0.739832
19316,0.744305
19317,0.833278
19318,0.840313
19319,0.823057
19320,0.565926
19321,0.640593
19322,0.830072
19323,0.541523
19324,0.657664
19325,0.829589
19326,0.96681
19327,0.833506
19328,0.8016
19329,0.834626
19330,0.715546
19331,0.737516
19332,0.856849
19333,0.897966
19334,0.922267
19335,0.929886
19336,0.53913
19337,0.636241
19338,0.910351
19339,0.910663
19340,0.963765
19341,0.772698
19342,0.944428
19343,0.539878
19344,0.709916
19345,0.73297
19346,0.719229
19347,0.762118
19348,0.923891
19349,0.972171
19350,0.853213
19351,0.735327
19352,0.337609
19353,0.438312
19354,0.907535
19355,0.960071
19356,0.961579
19357,0.596336
19358,0.678717
19359,0.834001
19360,0.187067
19361,0.925543
19362,0.485862
19363,0.826608
19364,0.870094
19365,0.730551
19366,0.922614
19367,0.463977
19368,0.83627
19369,0.414031
19370,0.851961
19371,0.688221
19372,0.783019
19373,0.767196
19374,0.820985
19375,0.617752
19376,0.627656
19377,0.502738
19378,0.372645
19379,0.951968
19380,0.573662
19381,0.53426
19382,0.551184
19383,0.901578
19384,0.515217
19385,0.669331
19386,0.912989
19387,0.931073
19388,0.725949
19389,0.903062
19390,0.815237
19391,0.895218
19392,0.755477
19393,0.783905
19394,0.729518
19395,0.840224
19396,0.390996
19397,0.646794
19398,0.987562
19399,0.667062
19400,0.891077
19401,0.871525
19402,0.651045
19403,0.789174
19404,0.699861
19405,0.962232
19406,0.945174
19407,0.826867
19408,0.84432
19409,0.73248
19410,0.233309
19411,0.712642
19412,0.865046
19413,0.705166
19414,0.914008
19415,0.389334
19416,0.37686
19417,0.877168
19418,0.574036
19419,0.643877
19420,0.573598
19421,0.84947
19422,0.821188
19423,0.337154
19424,0.482735
19425,0.607289
19426,0.795966
19427,0.862253
19428,0.926432
19429,0.811673
19430,0.544385
19431,0.638728
19432,0.965841
19433,0.514817
19434,0.788617
19435,0.588876
19436,0.634055
19437,0.646066
19438,0.699845
19439,0.486524
19440,0.607188
19441,0.831847
19442,0.822114
19443,0.596611
19444,0.272517
19445,0.765697
19446,0.879801
19447,0.825302
19448,0.712455
19449,0.815865
19450,0.691254
19451,0.668029
19452,0.969422
19453,0.505041
19454,0.815721
19455,0.807499
19456,0.704931
19457,0.764935
19458,0.797768
19459,0.599765
19460,0.813085
19461,0.781438
19462,0.856801
19463,0.670868
19464,0.692544
19465,0.846855
19466,0.899314
19467,0.753427
19468,0.421931
19469,0.775249
19470,0.681681
19471,0.983087
19472,0.87984
19473,0.598919
19474,0.926135
19475,0.813904
19476,0.934104
19477,0.698845
19478,0.485969
19479,0.507216
19480,0.47345
19481,0.540342
19482,0.625357
19483,0.927846
19484,0.812698
19485,0.805151
19486,0.580039
19487,0.706067
19488,0.707199
19489,0.200795
19490,0.712825
19491,0.77163
19492,0.945904
19493,0.817989
19494,0.704324
19495,0.668803
19496,0.517203
19497,0.92518
19498,0.481969
19499,0.878622
19500,0.667877
19501,0.799104
19502,0.65106
19503,0.366424
19504,0.752055
19505,0.216259
19506,0.670002
19507,0.81695
19508,0.740531
19509,0.635583
19510,0.752266
19511,0.735155
19512,0.757472
19513,0.657269
19514,0.697731
19515,0.783439
19516,0.680092
19517,0.812884
19518,0.599308
19519,0.90873
19520,0.488442
19521,0.677541
19522,0.895261
19523,0.50518
19524,0.964352
19525,0.576423
19526,0.95943
19527,0.875906
19528,0.607667
19529,0.791229
19530,0.643155
19531,0.550091
19532,0.909268
19533,0.526103
19534,0.920857
19535,0.567113
19536,0.625296
19537,0.90493
19538,0.257845
19539,0.413299
19540,0.638492
19541,0.863276
19542,0.532215
19543,0.87682
19544,0.115636
19545,0.504916
19546,0.212762
19547,0.595352
19548,0.527122
19549,0.907662
19550,0.583209
19551,0.678693
19552,0.734049
19553,0.96683
19554,0.683809
19555,0.930538
19556,0.779098
19557,0.663573
19558,0.628931
19559,0.584695
19560,0.121426
19561,0.785131
19562,0.710195
19563,0.871929
19564,0.467537
19565,0.665952
19566,0.671093
19567,0.755419
19568,0.731773
19569,0.42998
19570,0.790659
19571,0.878797
19572,0.837105
19573,0.865405
19574,0.859976
19575,0.764951
19576,0.933706
19577,0.542424
19578,0.747249
19579,0.643834
19580,0.460242
19581,0.655726
19582,0.642163
19583,0.663532
19584,0.849397
19585,0.199718
19586,0.653114
19587,0.362254
19588,0.657597
19589,0.910002
19590,0.891245
19591,0.883448
19592,0.727778
19593,0.923208
19594,0.80285
19595,0.6958
19596,0.874748
19597,0.905468
19598,0.811941
19599,0.388337
19600,0.883342
19601,0.765273
19602,0.744613
19603,0.853433
19604,0.78516
19605,0.828634
19606,0.979347
19607,0.607119
19608,0.966836
19609,0.746112
19610,0.842409
19611,0.868645
19612,0.518542
19613,0.977194
19614,0.760395
19615,0.836216
19616,0.756514
19617,0.944443
19618,0.880323
19619,0.778015
19620,0.666259
19621,0.742298
19622,0.872916
19623,0.815811
19624,0.613042
19625,0.848736
19626,0.926101
19627,0.668302
19628,0.645003
19629,0.541848
19630,0.770143
19631,0.877122
19632,0.865122
19633,0.812765
19634,0.762278
19635,0.869734
19636,0.793059
19637,0.420218
19638,0.89603
19639,0.513181
19640,0.821537
19641,0.791254
19642,0.635378
19643,0.895882
19644,0.85158
19645,0.832587
19646,0.880972
19647,0.800189
19648,0.734381
19649,0.851097
19650,0.607723
19651,0.744188
19652,0.729351
19653,0.887747
19654,0.932009
19655,0.730503
19656,0.962053
19657,0.887781
19658,0.152029
19659,0.550066
19660,0.59811
19661,0.66476
19662,0.894027
19663,0.950459
19664,0.705353
19665,0.764114
19666,0.768735
19667,0.68315
19668,0.689429
19669,0.935164
19670,0.534373
19671,0.425651
19672,0.843764
19673,0.761155
19674,0.177627
19675,0.935299
19676,0.482815
19677,0.638224
19678,0.695508
19679,0.858925
19680,0.720897
19681,0.984015
19682,0.805596
19683,0.424258
19684,0.850751
19685,0.637965
19686,0.884653
19687,0.699243
19688,0.742597
19689,0.685441
19690,0.620768
19691,0.624321
19692,0.783838
19693,0.985064
19694,0.83173
19695,0.984161
19696,0.843977
19697,0.986866
19698,0.84912
19699,0.788858
19700,0.241096
19701,0.710788
19702,0.513972
19703,0.768342
19704,0.847283
19705,0.967011
19706,0.908726
19707,0.966854
19708,0.828502
19709,0.941854
19710,0.823393
19711,0.586003
19712,0.571605
19713,0.817339
19714,0.847688
19715,0.449102
19716,0.835636
19717,0.855819
19718,0.821276
19719,0.763064
19720,0.628711
19721,0.955103
19722,0.828487
19723,0.418371
19724,0.517791
19725,0.809219
19726,0.882982
19727,0.701409
19728,0.343263
19729,0.811408
19730,0.87579
19731,0.737428
19732,0.544515
19733,0.56175
19734,0.852947
19735,0.690844
19736,0.700156
19737,0.500233
19738,0.861819
19739,0.732451
19740,0.604381
19741,0.488333
19742,0.869741
19743,0.899816
19744,0.127762
19745,0.813231
19746,0.632873
19747,0.280199
19748,0.722546
19749,0.546485
19750,0.698824
19751,0.843512
19752,0.447942
19753,0.651079
19754,0.499031
19755,0.832548
19756,0.966275
19757,0.370361
19758,0.239037
19759,0.781174
19760,0.942317
19761,0.94925
19762,0.759104
19763,0.54922
19764,0.379239
19765,0.818464
19766,0.639749
19767,0.700854
19768,0.512449
19769,0.896553
19770,0.564431
19771,0.737601
19772,0.944126
19773,0.908189
19774,0.285334
19775,0.933071
19776,0.954236
19777,0.711648
19778,0.761603
19779,0.760793
19780,0.731068
19781,0.826957
19782,0.960186
19783,0.91021
19784,0.865851
19785,0.781832
19786,0.690004
19787,0.744091
19788,0.605443
19789,0.298226
19790,0.834562
19791,0.888593
19792,0.678218
19793,0.859663
19794,0.617959
19795,0.753009
19796,0.574792
19797,0.114885
19798,0.703179
19799,0.933651
19800,0.888145
19801,0.601761
19802,0.92965
19803,0.598997
19804,0.638288
19805,0.168433
19806,0.446236
19807,0.420727
19808,0.86036
19809,0.664125
19810,0.631498
19811,0.596929
19812,0.686087
19813,0.970503
19814,0.777979
19815,0.631796
19816,0.340365
19817,0.623625
19818,0.79575
19819,0.551083
19820,0.356809
19821,0.672106
19822,0.732652
19823,0.938747
19824,0.441235
19825,0.834932
19826,0.388651
19827,0.774507
19828,0.822841
19829,0.944079
19830,0.892933
19831,0.771663
19832,0.801743
19833,0.819176
19834,0.659355
19835,0.824398
19836,0.812684
19837,0.883676
19838,0.800187
19839,0.903899
19840,0.626579
19841,0.620785
19842,0.502082
19843,0.687124
19844,0.667258
19845,0.739451
19846,0.531928
19847,0.607678
19848,0.442273
19849,0.693621
19850,0.797882
19851,0.535526
19852,0.627962
19853,0.505856
19854,0.831721
19855,0.662851
19856,0.854815
19857,0.642259
19858,0.866139
19859,0.578112
19860,0.594162
19861,0.947974
19862,0.614147
19863,0.692103
19864,0.745016
19865,0.65155
19866,0.656529
19867,0.79366
19868,0.985451
19869,0.628884
19870,0.866422
19871,0.341868
19872,0.816921
19873,0.798869
19874,0.596268
19875,0.91271
19876,0.733036
19877,0.752202
19878,0.844782
19879,0.932436
19880,0.687831
19881,0.587266
19882,0.911906
19883,0.17875
19884,0.985688
19885,0.814858
19886,0.965537
19887,0.861403
19888,0.789318
19889,0.678095
19890,0.737794
19891,0.881081
19892,0.964051
19893,0.857785
19894,0.605773
19895,0.67246
19896,0.619138
19897,0.927404
19898,0.96105
19899,0.572266
19900,0.736033
19901,0.492402
19902,0.825541
19903,0.576203
19904,0.986013
19905,0.734206
19906,0.894517
19907,0.944661
19908,0.927386
19909,0.840756
19910,0.425315
19911,0.805375
19912,0.651239
19913,0.823903
19914,0.869612
19915,0.661222
19916,0.872872
19917,0.953913
19918,0.836484
19919,0.814662
19920,0.667259
19921,0.73067
19922,0.721386
19923,0.308023
19924,0.77317
19925,0.544642
19926,0.717208
19927,0.758264
19928,0.925634
19929,0.674803
19930,0.740544
19931,0.669342
19932,0.649587
19933,0.667849
19934,0.9129
19935,0.753954
19936,0.906797
19937,0.725245
19938,0.783405
19939,0.92638
19940,0.761839
19941,0.639158
19942,0.597058
19943,0.865973
19944,0.827441
19945,0.864235
19946,0.604362
19947,0.97957
19948,0.891672
19949,0.831666
19950,0.578267
19951,0.882112
19952,0.701568
19953,0.684112
19954,0.875591
19955,0.698584
19956,0.89146
19957,0.489322
19958,0.931936
19959,0.726891
19960,0.97398
19961,0.824639
19962,0.716125
19963,0.859376
19964,0.920723
19965,0.598772
19966,0.43327
19967,0.924146
19968,0.848337
19969,0.815892
19970,0.825228
19971,0.527845
19972,0.944703
19973,0.748339
19974,0.461077
19975,0.733886
19976,0.909067
19977,0.83445
19978,0.957372
19979,0.85823
19980,0.860437
19981,0.43981
19982,0.643682
19983,0.888132
19984,0.95261
19985,0.709052
19986,0.747612
19987,0.641224
19988,0.863207
19989,0.785439
19990,0.661809
19991,0.925675
19992,0.980909
19993,0.852785
19994,0.742097
19995,0.907852
19996,0.632592
19997,0.919087
19998,0.7348
19999,0.979581
20000,0.825117
20001,0.683183
20002,0.578014
20003,0.715219
20004,0.677494
20005,0.59648
20006,0.777541
20007,0.873456
20008,0.963195
20009,0.796186
20010,0.608756
20011,0.149894
20012,0.889812
20013,0.860211
20014,0.849717
20015,0.730776
20016,0.541691
20017,0.646856
20018,0.603251
20019,0.686587
20020,0.641314
20021,0.945009
20022,0.845906
20023,0.695884
20024,0.862521
20025,0.448067
20026,0.819069
20027,0.931083
20028,0.540194
20029,0.601579
20030,0.733439
20031,0.916955
20032,0.756902
20033,0.754889
20034,0.525816
20035,0.918516
20036,0.735458
20037,0.453927
20038,0.882026
20039,0.906226
20040,0.745039
20041,0.935349
20042,0.273503
20043,0.55782
20044,0.484313
20045,0.644185
20046,0.921829
20047,0.691744
20048,0.69828
20049,0.882474
20050,0.966601
20051,0.87692
20052,0.466877
20053,0.756189
20054,0.741658
20055,0.455836
20056,0.528688
20057,0.612349
20058,0.838018
20059,0.592744
20060,0.797913
20061,0.717622
20062,0.12214
20063,0.902185
20064,0.686788
20065,0.96958
20066,0.637061
20067,0.441254
20068,0.890675
20069,0.729534
20070,0.549413
20071,0.715932
20072,0.589816
20073,0.731703
20074,0.548402
20075,0.845726
20076,0.254175
20077,0.890989
20078,0.746247
20079,0.96736
20080,0.594601
20081,0.230123
20082,0.697874
20083,0.846931
20084,0.839811
20085,0.59146
20086,0.927227
20087,0.713094
20088,0.688528
20089,0.858138
20090,0.805767
20091,0.744165
20092,0.788205
20093,0.524992
20094,0.742821
20095,0.738761
20096,0.861083
20097,0.429907
20098,0.253225
20099,0.724609
20100,0.766595
20101,0.423065
20102,0.808736
20103,0.859415
20104,0.814749
20105,0.134558
20106,0.574996
20107,0.765508
20108,0.432727
20109,0.585289
20110,0.982193
20111,0.886481
20112,0.910181
20113,0.640552
20114,0.498934
20115,0.592059
20116,0.432053
20117,0.889986
20118,0.629498
20119,0.636205
20120,0.868032
20121,0.522075
20122,0.399243
20123,0.405856
20124,0.50039
20125,0.442284
20126,0.863866
20127,0.965705
20128,0.948578
20129,0.607694
20130,0.73806
20131,0.640722
20132,0.903221
20133,0.855262
20134,0.589105
20135,0.72057
20136,0.27303
20137,0.561661
20138,0.744402
20139,0.561367
20140,0.602977
20141,0.712924
20142,0.507008
20143,0.610073
20144,0.329511
20145,0.986613
20146,0.276093
20147,0.95853
20148,0.826443
20149,0.46801
20150,0.802463
20151,0.449452
20152,0.799448
20153,0.812081
20154,0.747175
20155,0.929205
20156,0.679333
20157,0.806591
20158,0.868435
20159,0.777961
20160,0.735603
20161,0.566796
20162,0.574426
20163,0.528078
20164,0.701246
20165,0.463324
20166,0.734504
20167,0.795528
20168,0.657504
20169,0.573696
20170,0.687257
20171,0.938583
20172,0.683336
20173,0.793134
20174,0.797405
20175,0.867211
20176,0.534458
20177,0.754631
20178,0.713074
20179,0.585854
20180,0.454132
20181,0.814675
20182,0.824611
20183,0.295527
20184,0.728086
20185,0.588845
20186,0.800684
20187,0.571015
20188,0.953155
20189,0.560373
20190,0.653378
20191,0.761891
20192,0.790354
20193,0.869918
20194,0.631646
20195,0.614082
20196,0.77804
20197,0.58167
20198,0.748965
20199,0.411042
20200,0.395691
20201,0.522401
20202,0.503722
20203,0.737262
20204,0.873068
20205,0.731828
20206,0.673912
20207,0.793272
20208,0.633383
20209,0.916544
20210,0.475957
20211,0.577055
20212,0.842013
20213,0.629498
20214,0.505528
20215,0.884435
20216,0.908734
20217,0.889129
20218,0.880627
20219,0.902087
20220,0.536616
20221,0.561934
20222,0.98616
20223,0.776809
20224,0.601188
20225,0.476458
20226,0.710394
20227,0.841846
20228,0.899573
20229,0.768095
20230,0.623594
20231,0.81692
20232,0.302933
20233,0.929517
20234,0.811296
20235,0.809698
20236,0.611934
20237,0.354444
20238,0.661403
20239,0.31135
20240,0.695014
20241,0.772932
20242,0.745495
20243,0.436849
20244,0.555398
20245,0.58589
20246,0.721891
20247,0.906213
20248,0.703532
20249,0.525908
20250,0.735123
20251,0.708817
20252,0.838089
20253,0.75313
20254,0.957074
20255,0.608601
20256,0.829328
20257,0.666683
20258,0.541364
20259,0.807137
20260,0.820743
20261,0.66449
20262,0.823123
20263,0.635347
20264,0.841404
20265,0.495039
20266,0.441052
20267,0.269324
20268,0.549365
20269,0.68495
20270,0.923017
20271,0.766152
20272,0.67741
20273,0.403302
20274,0.884567
20275,0.781618
20276,0.976586
20277,0.807897
20278,0.674262
20279,0.594135
20280,0.913238
20281,0.617168
20282,0.598915
20283,0.579659
20284,0.890165
20285,0.63141
20286,0.652965
20287,0.944861
20288,0.812228
20289,0.782503
20290,0.91822
20291,0.778688
20292,0.471646
20293,0.439722
20294,0.722259
20295,0.820619
20296,0.395812
20297,0.736538
20298,0.346566
20299,0.741952
20300,0.631005
20301,0.811136
20302,0.68374
20303,0.927458
20304,0.949163
20305,0.845087
20306,0.460619
20307,0.68361
20308,0.125549
20309,0.79011
20310,0.895994
20311,0.735057
20312,0.879239
20313,0.899352
20314,0.875102
20315,0.773505
20316,0.68944
20317,0.758985
20318,0.785374
20319,0.258353
20320,0.93362
20321,0.851705
20322,0.156754
20323,0.915676
20324,0.290649
20325,0.833937
20326,0.927009
20327,0.865615
20328,0.844645
20329,0.66523
20330,0.546771
20331,0.718727
20332,0.959007
20333,0.915381
20334,0.916381
20335,0.919187
20336,0.843128
20337,0.689182
20338,0.848629
20339,0.259903
20340,0.793379
20341,0.866703
20342,0.958654
20343,0.853787
20344,0.84564
20345,0.551003
20346,0.880367
20347,0.355731
20348,0.912611
20349,0.670761
20350,0.869751
20351,0.883142
20352,0.702263
20353,0.983876
20354,0.625167
20355,0.650554
20356,0.66314
20357,0.62917
20358,0.851433
20359,0.819389
20360,0.608387
20361,0.840031
20362,0.489259
20363,0.562011
20364,0.75512
20365,0.794315
20366,0.531123
20367,0.944133
20368,0.781145
20369,0.699556
20370,0.703357
20371,0.964913
20372,0.768378
20373,0.892495
20374,0.666493
20375,0.975043
20376,0.791904
20377,0.621055
20378,0.842003
20379,0.634538
20380,0.621196
20381,0.778818
20382,0.651856
20383,0.474781
20384,0.903373
20385,0.743701
20386,0.561854
20387,0.854762
20388,0.671724
20389,0.85333
20390,0.977203
20391,0.710961
20392,0.551402
20393,0.482912
20394,0.480071
20395,0.901654
20396,0.93681
20397,0.573673
20398,0.512794
20399,0.633793
20400,0.631271
20401,0.979154
20402,0.503529
20403,0.575984
20404,0.505772
20405,0.646726
20406,0.60778
20407,0.564914
20408,0.859929
20409,0.729723
20410,0.361358
20411,0.403698
20412,0.877555
20413,0.713756
20414,0.93222
20415,0.588195
20416,0.890036
20417,0.857667
20418,0.735033
20419,0.910993
20420,0.800628
20421,0.661225
20422,0.634913
20423,0.581608
20424,0.574627
20425,0.897547
20426,0.783794
20427,0.679893
20428,0.485048
20429,0.51239
20430,0.745168
20431,0.975841
20432,0.179067
20433,0.720332
20434,0.899355
20435,0.768079
20436,0.817145
20437,0.806987
20438,0.720949
20439,0.322012
20440,0.756614
20441,0.747865
20442,0.825429
20443,0.684728
20444,0.702514
20445,0.958924
20446,0.557632
20447,0.595583
20448,0.859704
20449,0.908973
20450,0.526325
20451,0.811508
20452,0.738027
20453,0.640872
20454,0.576642
20455,0.865335
20456,0.821328
20457,0.203052
20458,0.761387
20459,0.725903
20460,0.801012
20461,0.943407
20462,0.835531
20463,0.862175
20464,0.502626
20465,0.550659
20466,0.974539
20467,0.662892
20468,0.221052
20469,0.813429
20470,0.629318
20471,0.596046
20472,0.30201
20473,0.650195
20474,0.61797
20475,0.517569
20476,0.753509
20477,0.694267
20478,0.797915
20479,0.86047
20480,0.863549
20481,0.949037
20482,0.580892
20483,0.619337
20484,0.804776
20485,0.892262
20486,0.961199
20487,0.801113
20488,0.672208
20489,0.540124
20490,0.695701
20491,0.476436
20492,0.445931
20493,0.866344
20494,0.673581
20495,0.720922
20496,0.567155
20497,0.920955
20498,0.83722
20499,0.576303
20500,0.66851
20501,0.965781
20502,0.82047
20503,0.730804
20504,0.9684
20505,0.956786
20506,0.592167
20507,0.225898
20508,0.299167
20509,0.668937
20510,0.951062
20511,0.848677
20512,0.543275
20513,0.90075
20514,0.583211
20515,0.577565
20516,0.601676
20517,0.72193
20518,0.913374
20519,0.671769
20520,0.90478
20521,0.144158
20522,0.873398
20523,0.374098
20524,0.845945
20525,0.724719
20526,0.574815
20527,0.910684
20528,0.195074
20529,0.602023
20530,0.602187
20531,0.67743
20532,0.815716
20533,0.962372
20534,0.82869
20535,0.729303
20536,0.928273
20537,0.818582
20538,0.419823
20539,0.728693
20540,0.731519
20541,0.909216
20542,0.635214
20543,0.62952
20544,0.959371
20545,0.924464
20546,0.717167
20547,0.851852
20548,0.932101
20549,0.588843
20550,0.572102
20551,0.696592
20552,0.813985
20553,0.970797
20554,0.886888
20555,0.778379
20556,0.689864
20557,0.871934
20558,0.774439
20559,0.583306
20560,0.584237
20561,0.958961
20562,0.595902
20563,0.629246
20564,0.800075
20565,0.90329
20566,0.684833
20567,0.414583
20568,0.837416
20569,0.840285
20570,0.82506
20571,0.588085
20572,0.77736
20573,0.723676
20574,0.833235
20575,0.670898
20576,0.718341
20577,0.733047
20578,0.414071
20579,0.754838
20580,0.887618
20581,0.609935
20582,0.904613
20583,0.895432
20584,0.81956
20585,0.743665
20586,0.890415
20587,0.902425
20588,0.800166
20589,0.944995
20590,0.466714
20591,0.577586
20592,0.839173
20593,0.84675
20594,0.916653
20595,0.539313
20596,0.417582
20597,0.734342
20598,0.753438
20599,0.668432
20600,0.826656
20601,0.464479
20602,0.786135
20603,0.660222
20604,0.913537
20605,0.311633
20606,0.793698
20607,0.66476
20608,0.925181
20609,0.502582
20610,0.380462
20611,0.843548
20612,0.596328
20613,0.98416
20614,0.883575
20615,0.51499
20616,0.57747
20617,0.826624
20618,0.827494
20619,0.55035
20620,0.711083
20621,0.58466
20622,0.558928
20623,0.796514
20624,0.76939
20625,0.959836
20626,0.936492
20627,0.369723
20628,0.956783
20629,0.77304
20630,0.942235
20631,0.60078
20632,0.786163
20633,0.590087
20634,0.828837
20635,0.799805
20636,0.206794
20637,0.4615
20638,0.763252
20639,0.62467
20640,0.879287
20641,0.607557
20642,0.927583
20643,0.600477
20644,0.587522
20645,0.925101
20646,0.864699
20647,0.774885
20648,0.699634
20649,0.890091
20650,0.93957
20651,0.801979
20652,0.956528
20653,0.678468
20654,0.642641
20655,0.840985
20656,0.590871
20657,0.96388
20658,0.708523
20659,0.207555
20660,0.445059
20661,0.102746
20662,0.799447
20663,0.780827
20664,0.711636
20665,0.867384
20666,0.757683
20667,0.582586
20668,0.760537
20669,0.814677
20670,0.926861
20671,0.586963
20672,0.62428
20673,0.875361
20674,0.582453
20675,0.809686
20676,0.699202
20677,0.538413
20678,0.584793
20679,0.442785
20680,0.661203
20681,0.686426
20682,0.529077
20683,0.800753
20684,0.734643
20685,0.952449
20686,0.968101
20687,0.185043
20688,0.908103
20689,0.632611
20690,0.640404
20691,0.599767
20692,0.681132
20693,0.776812
20694,0.457238
20695,0.748931
20696,0.872024
20697,0.681761
20698,0.811058
20699,0.849646
20700,0.749037
20701,0.659048
20702,0.842298
20703,0.890083
20704,0.439429
20705,0.232694
20706,0.862786
20707,0.487184
20708,0.594048
20709,0.62339
20710,0.733836
20711,0.58978
20712,0.882045
20713,0.861867
20714,0.693773
20715,0.8894
20716,0.861419
20717,0.953744
20718,0.805088
20719,0.705056
20720,0.681816
20721,0.685955
20722,0.553007
20723,0.65158
20724,0.933975
20725,0.601007
20726,0.625573
20727,0.753705
20728,0.496347
20729,0.204239
20730,0.764483
20731,0.325072
20732,0.825023
20733,0.947532
20734,0.660351
20735,0.625848
20736,0.807929
20737,0.52738
20738,0.945249
20739,0.746243
20740,0.798881
20741,0.777275
20742,0.64248
20743,0.76269
20744,0.748818
20745,0.52588
20746,0.714706
20747,0.703005
20748,0.578914
20749,0.460632
20750,0.794505
20751,0.695157
20752,0.958757
20753,0.938307
20754,0.633036
20755,0.421272
20756,0.903493
20757,0.821297
20758,0.953914
20759,0.403288
20760,0.894396
20761,0.782389
20762,0.710982
20763,0.90397
20764,0.391483
20765,0.839904
20766,0.829327
20767,0.895072
20768,0.874156
20769,0.716272
20770,0.802591
20771,0.849075
20772,0.554167
20773,0.885043
20774,0.493181
20775,0.727432
20776,0.932376
20777,0.793446
20778,0.89036
20779,0.597843
20780,0.92192
20781,0.559922
20782,0.674021
20783,0.86672
20784,0.662011
20785,0.752242
20786,0.92059
20787,0.900068
20788,0.654809
20789,0.96914
20790,0.478327
20791,0.707106
20792,0.809899
20793,0.826616
20794,0.593484
20795,0.784165
20796,0.700158
20797,0.659173
20798,0.92423
20799,0.731933
20800,0.549008
20801,0.924626
20802,0.663188
20803,0.681164
20804,0.858233
20805,0.809071
20806,0.924142
20807,0.977371
20808,0.636098
20809,0.506104
20810,0.959144
20811,0.392694
20812,0.677362
20813,0.621622
20814,0.863949
20815,0.426979
20816,0.462818
20817,0.665077
20818,0.78636
20819,0.680224
20820,0.777264
20821,0.96607
20822,0.941461
20823,0.568034
20824,0.932454
20825,0.575445
20826,0.872281
20827,0.628212
20828,0.6935
20829,0.952652
20830,0.645029
20831,0.740479
20832,0.938001
20833,0.862337
20834,0.752302
20835,0.834844
20836,0.446926
20837,0.727015
20838,0.862313
20839,0.779801
20840,0.88134
20841,0.7145
20842,0.804232
20843,0.504085
20844,0.633081
20845,0.503833
20846,0.922834
20847,0.653088
20848,0.707636
20849,0.492826
20850,0.836694
20851,0.598592
20852,0.861717
20853,0.761593
20854,0.751661
20855,0.702312
20856,0.658181
20857,0.515991
20858,0.716174
20859,0.829353
20860,0.54496
20861,0.915587
20862,0.56741
20863,0.75036
20864,0.316958
20865,0.658627
20866,0.510008
20867,0.406105
20868,0.71004
20869,0.514094
20870,0.886441
20871,0.841821
20872,0.842488
20873,0.733092
20874,0.340336
20875,0.712998
20876,0.726028
20877,0.625675
20878,0.694414
20879,0.799989
20880,0.965815
20881,0.633876
20882,0.850732
20883,0.891797
20884,0.671781
20885,0.339042
20886,0.906149
20887,0.734283
20888,0.743143
20889,0.852337
20890,0.85588
20891,0.433106
20892,0.970956
20893,0.765691
20894,0.677132
20895,0.779118
20896,0.634621
20897,0.668159
20898,0.704025
20899,0.869676
20900,0.583806
20901,0.812591
20902,0.596693
20903,0.856886
20904,0.636237
20905,0.925126
20906,0.819937
20907,0.654078
20908,0.772616
20909,0.460867
20910,0.729481
20911,0.811602
20912,0.907771
20913,0.717222
20914,0.830712
20915,0.817384
20916,0.598257
20917,0.556486
20918,0.680998
20919,0.772267
20920,0.773411
20921,0.890672
20922,0.857959
20923,0.450574
20924,0.550435
20925,0.811508
20926,0.541702
20927,0.904874
20928,0.792991
20929,0.523646
20930,0.594341
20931,0.489182
20932,0.78076
20933,0.69935
20934,0.695991
20935,0.663704
20936,0.45948
20937,0.349078
20938,0.876156
20939,0.769314
20940,0.71778
20941,0.475947
20942,0.780304
20943,0.905957
20944,0.512633
20945,0.977842
20946,0.903752
20947,0.590421
20948,0.585746
20949,0.813571
20950,0.879105
20951,0.935374
20952,0.75407
20953,0.741628
20954,0.754133
20955,0.427511
20956,0.747177
20957,0.62685
20958,0.287564
20959,0.649184
20960,0.799497
20961,0.581367
20962,0.55324
20963,0.747567
20964,0.807042
20965,0.567558
20966,0.971989
20967,0.749944
20968,0.767552
20969,0.806494
20970,0.436936
20971,0.911739
20972,0.592531
20973,0.839104
20974,0.926556
20975,0.887188
20976,0.959087
20977,0.835867
20978,0.81828
20979,0.597564
20980,0.773817
20981,0.912036
20982,0.837689
20983,0.767665
20984,0.197307
20985,0.477204
20986,0.754971
20987,0.564244
20988,0.581389
20989,0.583995
20990,0.437914
20991,0.703724
20992,0.571657
20993,0.953626
20994,0.637236
20995,0.616041
20996,0.425109
20997,0.864749
20998,0.729329
20999,0.512885
21000,0.920244
21001,0.477428
21002,0.486154
21003,0.670444
21004,0.490804
21005,0.837363
21006,0.644431
21007,0.78293
21008,0.724625
21009,0.773502
21010,0.830728
21011,0.559648
21012,0.897234
21013,0.737322
21014,0.800109
21015,0.615979
21016,0.709286
21017,0.559648
21018,0.838173
21019,0.645111
21020,0.531595
21021,0.958341
21022,0.700074
21023,0.674537
21024,0.795563
21025,0.558298
21026,0.830299
21027,0.971217
21028,0.354322
21029,0.921886
21030,0.852278
21031,0.659108
21032,0.72476
21033,0.417669
21034,0.904317
21035,0.797351
21036,0.272975
21037,0.911157
21038,0.914586
21039,0.699937
21040,0.938718
21041,0.974149
21042,0.677367
21043,0.760645
21044,0.894534
21045,0.857159
21046,0.596137
21047,0.911813
21048,0.800664
21049,0.504732
21050,0.491691
21051,0.837906
21052,0.948921
21053,0.499864
21054,0.646884
21055,0.406191
21056,0.609057
21057,0.641608
21058,0.759068
21059,0.798506
21060,0.751683
21061,0.612809
21062,0.674797
21063,0.663632
21064,0.915971
21065,0.693524
21066,0.945779
21067,0.674054
21068,0.679377
21069,0.781495
21070,0.912729
21071,0.748818
21072,0.708706
21073,0.594053
21074,0.835212
21075,0.583017
21076,0.707513
21077,0.511112
21078,0.93901
21079,0.916595
21080,0.918765
21081,0.238002
21082,0.911876
21083,0.642091
21084,0.438658
21085,0.493049
21086,0.917836
21087,0.678666
21088,0.840461
21089,0.878888
21090,0.619654
21091,0.716381
21092,0.708931
21093,0.732934
21094,0.918661
21095,0.495319
21096,0.822703
21097,0.874674
21098,0.801817
21099,0.892481
21100,0.903558
21101,0.658195
21102,0.791629
21103,0.440056
21104,0.789494
21105,0.889432
21106,0.448992
21107,0.962318
21108,0.822563
21109,0.724104
21110,0.63772
21111,0.834994
21112,0.725115
21113,0.770554
21114,0.389638
21115,0.478993
21116,0.931425
21117,0.905497
21118,0.836464
21119,0.828887
21120,0.86935
21121,0.892555
21122,0.709718
21123,0.53774
21124,0.635917
21125,0.868373
21126,0.784857
21127,0.656097
21128,0.966435
21129,0.872793
21130,0.499074
21131,0.929626
21132,0.71752
21133,0.699232
21134,0.817111
21135,0.733784
21136,0.550819
21137,0.233801
21138,0.929216
21139,0.839837
21140,0.755888
21141,0.493579
21142,0.4612
21143,0.848031
21144,0.841323
21145,0.453245
21146,0.828159
21147,0.796154
21148,0.622662
21149,0.323669
21150,0.887478
21151,0.945492
21152,0.954168
21153,0.745245
21154,0.607075
21155,0.784042
21156,0.933038
21157,0.842717
21158,0.974904
21159,0.885931
21160,0.232278
21161,0.693994
21162,0.864085
21163,0.632746
21164,0.822805
21165,0.949309
21166,0.889046
21167,0.550436
21168,0.393203
21169,0.287964
21170,0.723745
21171,0.638814
21172,0.653108
21173,0.696959
21174,0.940166
21175,0.663959
21176,0.653758
21177,0.630521
21178,0.62202
21179,0.96603
21180,0.503022
21181,0.794537
21182,0.887308
21183,0.859231
21184,0.706929
21185,0.945736
21186,0.921627
21187,0.500342
21188,0.685417
21189,0.486836
21190,0.598437
21191,0.664341
21192,0.686309
21193,0.623724
21194,0.727442
21195,0.514644
21196,0.92169
21197,0.594597
21198,0.602043
21199,0.412349
21200,0.610387
21201,0.590668
21202,0.698961
21203,0.753312
21204,0.906547
21205,0.690619
21206,0.640211
21207,0.751823
21208,0.599966
21209,0.744999
21210,0.378946
21211,0.532458
21212,0.957031
21213,0.733868
21214,0.73461
21215,0.732661
21216,0.502999
21217,0.95873
21218,0.950744
21219,0.87547
21220,0.705152
21221,0.894611
21222,0.512712
21223,0.920688
21224,0.800932
21225,0.773391
21226,0.547059
21227,0.574748
21228,0.73678
21229,0.977039
21230,0.788282
21231,0.977122
21232,0.979249
21233,0.949527
21234,0.579803
21235,0.801781
21236,0.877941
21237,0.913354
21238,0.93282
21239,0.755876
21240,0.863917
21241,0.967128
21242,0.591188
21243,0.825736
21244,0.607889
21245,0.707334
21246,0.720869
21247,0.259864
21248,0.421767
21249,0.656901
21250,0.669899
21251,0.860794
21252,0.69956
21253,0.638268
21254,0.846069
21255,0.882677
21256,0.769354
21257,0.376904
21258,0.820534
21259,0.638578
21260,0.720219
21261,0.716204
21262,0.780204
21263,0.649327
21264,0.49894
21265,0.742553
21266,0.89683
21267,0.544434
21268,0.823512
21269,0.773017
21270,0.638169
21271,0.786253
21272,0.393948
21273,0.623816
21274,0.713604
21275,0.906557
21276,0.926891
21277,0.929572
21278,0.719815
21279,0.74624
21280,0.653696
21281,0.73304
21282,0.844939
21283,0.777449
21284,0.195352
21285,0.821728
21286,0.778772
21287,0.771918
21288,0.755981
21289,0.983167
21290,0.585316
21291,0.84416
21292,0.833304
21293,0.947206
21294,0.561512
21295,0.881143
21296,0.648943
21297,0.953008
21298,0.495361
21299,0.764939
21300,0.274065
21301,0.910781
21302,0.95282
21303,0.902747
21304,0.573516
21305,0.973632
21306,0.633498
21307,0.746435
21308,0.890103
21309,0.695824
21310,0.937293
21311,0.868275
21312,0.549145
21313,0.818056
21314,0.944715
21315,0.846707
21316,0.760622
21317,0.607684
21318,0.578345
21319,0.894631
21320,0.822454
21321,0.966179
21322,0.633104
21323,0.915978
21324,0.620764
21325,0.663414
21326,0.749247
21327,0.88443
21328,0.716738
21329,0.735254
21330,0.523303
21331,0.646874
21332,0.954917
21333,0.538746
21334,0.743633
21335,0.257528
21336,0.802187
21337,0.745357
21338,0.763515
21339,0.730831
21340,0.765868
21341,0.972041
21342,0.912455
21343,0.775419
21344,0.960721
21345,0.787078
21346,0.617923
21347,0.410515
21348,0.769865
21349,0.41327
21350,0.919824
21351,0.916101
21352,0.929136
21353,0.919803
21354,0.717176
21355,0.918176
21356,0.799195
21357,0.637644
21358,0.83723
21359,0.489384
21360,0.850214
21361,0.846817
21362,0.472411
21363,0.828392
21364,0.529406
21365,0.90905
21366,0.75352
21367,0.894822
21368,0.942495
21369,0.463032
21370,0.781
21371,0.43806
21372,0.595927
21373,0.869402
21374,0.744506
21375,0.537745
21376,0.827731
21377,0.409716
21378,0.913825
21379,0.788004
21380,0.761903
21381,0.669249
21382,0.777385
21383,0.635352
21384,0.833918
21385,0.620583
21386,0.893051
21387,0.751104
21388,0.883432
21389,0.62971
21390,0.84039
21391,0.588044
21392,0.448497
21393,0.861831
21394,0.633418
21395,0.80612
21396,0.671601
21397,0.567857
21398,0.680284
21399,0.760492
21400,0.376634
21401,0.833838
21402,0.554919
21403,0.755699
21404,0.740631
21405,0.952089
21406,0.67027
21407,0.821839
21408,0.642699
21409,0.491503
21410,0.906124
21411,0.37374
21412,0.424358
21413,0.644724
21414,0.852128
21415,0.947523
21416,0.895741
21417,0.622676
21418,0.49844
21419,0.67951
21420,0.528476
21421,0.723375
21422,0.975232
21423,0.804372
21424,0.717376
21425,0.6894
21426,0.496751
21427,0.744964
21428,0.673961
21429,0.743855
21430,0.67404
21431,0.194066
21432,0.812738
21433,0.652416
21434,0.823705
21435,0.557606
21436,0.817843
21437,0.790745
21438,0.968215
21439,0.889437
21440,0.656024
21441,0.284838
21442,0.82897
21443,0.87689
21444,0.245661
21445,0.97594
21446,0.629216
21447,0.887986
21448,0.920308
21449,0.714426
21450,0.718904
21451,0.919352
21452,0.731901
21453,0.86053
21454,0.893557
21455,0.550388
21456,0.740222
21457,0.76684
21458,0.726508
21459,0.811711
21460,0.93359
21461,0.696464
21462,0.456263
21463,0.841511
21464,0.49115
21465,0.182681
21466,0.57938
21467,0.614722
21468,0.854241
21469,0.634998
21470,0.905235
21471,0.722332
21472,0.942314
21473,0.735014
21474,0.550829
21475,0.792777
21476,0.847619
21477,0.690158
21478,0.552727
21479,0.625332
21480,0.521625
21481,0.690211
21482,0.923508
21483,0.866636
21484,0.897638
21485,0.981817
21486,0.68701
21487,0.489186
21488,0.728129
21489,0.863246
21490,0.619466
21491,0.160135
21492,0.185612
21493,0.874271
21494,0.924957
21495,0.606298
21496,0.789105
21497,0.918866
21498,0.591017
21499,0.512625
21500,0.712208
21501,0.77009
21502,0.863242
21503,0.69129
21504,0.885783
21505,0.739088
21506,0.726803
21507,0.695335
21508,0.928258
21509,0.895501
21510,0.754657
21511,0.942855
21512,0.809203
21513,0.318687
21514,0.902087
21515,0.52231
21516,0.790522
21517,0.690792
21518,0.905676
21519,0.87183
21520,0.679785
21521,0.623631
21522,0.980575
21523,0.692992
21524,0.609565
21525,0.581195
21526,0.714768
21527,0.683498
21528,0.791162
21529,0.943015
21530,0.662579
21531,0.744255
21532,0.483836
21533,0.720418
21534,0.95849
21535,0.670641
21536,0.513005
21537,0.486515
21538,0.849371
21539,0.679629
21540,0.77835
21541,0.981148
21542,0.58552
21543,0.588049
21544,0.735045
21545,0.875265
21546,0.862607
21547,0.985162
21548,0.767164
21549,0.743266
21550,0.419899
21551,0.781135
21552,0.707241
21553,0.912424
21554,0.895107
21555,0.776392
21556,0.721943
21557,0.200508
21558,0.279816
21559,0.688149
21560,0.700262
21561,0.448878
21562,0.669198
21563,0.467301
21564,0.40736
21565,0.920014
21566,0.92495
21567,0.633169
21568,0.607187
21569,0.594204
21570,0.581483
21571,0.801692
21572,0.784869
21573,0.56552
21574,0.883391
21575,0.473631
21576,0.642307
21577,0.814752
21578,0.885666
21579,0.361538
21580,0.768491
21581,0.781444
21582,0.943828
21583,0.613198
21584,0.851356
21585,0.878023
21586,0.61044
21587,0.798534
21588,0.886659
21589,0.73456
21590,0.924234
21591,0.70319
21592,0.667311
21593,0.877553
21594,0.684439
21595,0.704302
21596,0.420808
21597,0.788363
21598,0.26922
21599,0.612375
21600,0.894387
21601,0.920497
21602,0.788259
21603,0.49016
21604,0.958446
21605,0.472115
21606,0.250784
21607,0.509513
21608,0.50319
21609,0.737166
21610,0.497868
21611,0.173832
21612,0.925784
21613,0.954947
21614,0.893047
21615,0.933386
21616,0.885286
21617,0.806333
21618,0.601643
21619,0.803366
21620,0.924318
21621,0.862674
21622,0.673665
21623,0.39643
21624,0.677353
21625,0.687992
21626,0.637179
21627,0.842872
21628,0.68207
21629,0.950438
21630,0.726527
21631,0.510432
21632,0.164486
21633,0.780905
21634,0.771995
21635,0.726838
21636,0.898357
21637,0.458014
21638,0.96645
21639,0.898241
21640,0.927
21641,0.538403
21642,0.742012
21643,0.848336
21644,0.845159
21645,0.272739
21646,0.757003
21647,0.938475
21648,0.569762
21649,0.855437
21650,0.768355
21651,0.916764
21652,0.526305
21653,0.260044
21654,0.138181
21655,0.963538
21656,0.495594
21657,0.898885
21658,0.538382
21659,0.804553
21660,0.681569
21661,0.896489
21662,0.713317
21663,0.698589
21664,0.687015
21665,0.721618
21666,0.508122
21667,0.638064
21668,0.625832
21669,0.884417
21670,0.671172
21671,0.958577
21672,0.846595
21673,0.578031
21674,0.58032
21675,0.648152
21676,0.885459
21677,0.962192
21678,0.861949
21679,0.649722
21680,0.867224
21681,0.657188
21682,0.59518
21683,0.733453
21684,0.854726
21685,0.822419
21686,0.71426
21687,0.745347
21688,0.545116
21689,0.5614
21690,0.552385
21691,0.838269
21692,0.518571
21693,0.63151
21694,0.661702
21695,0.851796
21696,0.765811
21697,0.512473
21698,0.706121
21699,0.772449
21700,0.936061
21701,0.893759
21702,0.526015
21703,0.555822
21704,0.66154
21705,0.804972
21706,0.264794
21707,0.582507
21708,0.743757
21709,0.927198
21710,0.845906
21711,0.699736
21712,0.594694
21713,0.9202
21714,0.627738
21715,0.781155
21716,0.87785
21717,0.795633
21718,0.608283
21719,0.923286
21720,0.850147
21721,0.879445
21722,0.818313
21723,0.655605
21724,0.820482
21725,0.930844
21726,0.841776
21727,0.596182
21728,0.883382
21729,0.596244
21730,0.842066
21731,0.793959
21732,0.953718
21733,0.938405
21734,0.697267
21735,0.833073
21736,0.836569
21737,0.46148
21738,0.917272
21739,0.902763
21740,0.938109
21741,0.441767
21742,0.815606
21743,0.921167
21744,0.836448
21745,0.927368
21746,0.655646
21747,0.656353
21748,0.702575
21749,0.493625
21750,0.573963
21751,0.548745
21752,0.661902
21753,0.774227
21754,0.678472
21755,0.799971
21756,0.751806
21757,0.79525
21758,0.549051
21759,0.547001
21760,0.487111
21761,0.607332
21762,0.933235
21763,0.225799
21764,0.965047
21765,0.707617
21766,0.700059
21767,0.326012
21768,0.835773
21769,0.911792
21770,0.869152
21771,0.605294
21772,0.68498
21773,0.836978
21774,0.91091
21775,0.946974
21776,0.865884
21777,0.728026
21778,0.945208
21779,0.888899
21780,0.894005
21781,0.400111
21782,0.9526
21783,0.846636
21784,0.611793
21785,0.767108
21786,0.595933
21787,0.976646
21788,0.509858
21789,0.715616
21790,0.348759
21791,0.911988
21792,0.575433
21793,0.858354
21794,0.790798
21795,0.159486
21796,0.816456
21797,0.553946
21798,0.700468
21799,0.634448
21800,0.276724
21801,0.58312
21802,0.480035
21803,0.863198
21804,0.70307
21805,0.956206
21806,0.801451
21807,0.797307
21808,0.663771
21809,0.727111
21810,0.898172
21811,0.752569
21812,0.761429
21813,0.75407
21814,0.667578
21815,0.83515
21816,0.211683
21817,0.694877
21818,0.634519
21819,0.843015
21820,0.879611
21821,0.863704
21822,0.846849
21823,0.704006
21824,0.876408
21825,0.499221
21826,0.582765
21827,0.697696
21828,0.805107
21829,0.606302
21830,0.565056
21831,0.886181
21832,0.760996
21833,0.785354
21834,0.707529
21835,0.597569
21836,0.641745
21837,0.71132
21838,0.561303
21839,0.249072
21840,0.934439
21841,0.762746
21842,0.478499
21843,0.741918
21844,0.837308
21845,0.694664
21846,0.9144
21847,0.631634
21848,0.702949
21849,0.919559
21850,0.733758
21851,0.593231
21852,0.856123
21853,0.934746
21854,0.955848
21855,0.685263
21856,0.659596
21857,0.504731
21858,0.852687
21859,0.89668
21860,0.66739
21861,0.858727
21862,0.80298
21863,0.767798
21864,0.757514
21865,0.610523
21866,0.794578
21867,0.720128
21868,0.552166
21869,0.6163
21870,0.607636
21871,0.652585
21872,0.584861
21873,0.564474
21874,0.684999
21875,0.900655
21876,0.822749
21877,0.731198
21878,0.690348
21879,0.50948
21880,0.559235
21881,0.681347
21882,0.600566
21883,0.70257
21884,0.682225
21885,0.61317
21886,0.692339
21887,0.589649
21888,0.780677
21889,0.935854
21890,0.758793
21891,0.734954
21892,0.915757
21893,0.787906
21894,0.822424
21895,0.526639
21896,0.853748
21897,0.646829
21898,0.518795
21899,0.845352
21900,0.434438
21901,0.919322
21902,0.953173
21903,0.9391
21904,0.859478
21905,0.447985
21906,0.67805
21907,0.531285
21908,0.717257
21909,0.823097
21910,0.701332
21911,0.541369
21912,0.941049
21913,0.823112
21914,0.965
21915,0.341467
21916,0.895361
21917,0.945592
21918,0.968808
21919,0.795492
21920,0.297151
21921,0.590076
21922,0.66078
21923,0.855982
21924,0.844896
21925,0.726347
21926,0.663394
21927,0.766602
21928,0.940662
21929,0.682213
21930,0.691538
21931,0.651714
21932,0.926822
21933,0.304703
21934,0.656092
21935,0.542309
21936,0.858905
21937,0.75319
21938,0.81231
21939,0.705078
21940,0.960838
21941,0.527711
21942,0.916974
21943,0.257234
21944,0.862484
21945,0.894422
21946,0.969626
21947,0.708683
21948,0.813344
21949,0.774001
21950,0.760054
21951,0.91648
21952,0.797666
21953,0.649467
21954,0.849781
21955,0.615628
21956,0.883777
21957,0.825804
21958,0.601226
21959,0.738902
21960,0.50752
21961,0.858551
21962,0.871405
21963,0.762406
21964,0.680153
21965,0.519652
21966,0.610429
21967,0.612126
21968,0.89057
21969,0.798938
21970,0.754808
21971,0.803332
21972,0.845115
21973,0.678849
21974,0.61898
21975,0.827398
21976,0.533977
21977,0.752667
21978,0.906827
21979,0.853176
21980,0.771936
21981,0.961868
21982,0.935973
21983,0.976914
21984,0.8594
21985,0.606678
21986,0.820841
21987,0.755659
21988,0.799164
21989,0.703797
21990,0.820527
21991,0.595749
21992,0.682142
21993,0.654101
21994,0.862733
21995,0.587331
21996,0.862417
21997,0.808501
21998,0.553148
21999,0.869128
22000,0.889884
22001,0.731674
22002,0.438409
22003,0.721252
22004,0.731183
22005,0.830815
22006,0.32314
22007,0.872618
22008,0.849088
22009,0.327637
22010,0.548073
22011,0.819174
22012,0.513118
22013,0.679308
22014,0.700646
22015,0.282507
22016,0.638655
22017,0.930497
22018,0.849643
22019,0.775317
22020,0.856921
22021,0.856708
22022,0.715496
22023,0.583415
22024,0.873524
22025,0.794299
22026,0.955129
22027,0.737584
22028,0.496727
22029,0.936687
22030,0.888021
22031,0.925134
22032,0.617714
22033,0.618896
22034,0.694172
22035,0.423008
22036,0.615615
22037,0.786161
22038,0.759276
22039,0.654107
22040,0.909535
22041,0.835836
22042,0.936783
22043,0.59962
22044,0.90072
22045,0.527546
22046,0.543037
22047,0.766986
22048,0.529705
22049,0.679824
22050,0.89045
22051,0.876587
22052,0.743233
22053,0.887441
22054,0.733536
22055,0.853975
22056,0.763277
22057,0.691477
22058,0.904411
22059,0.964961
22060,0.815183
22061,0.54943
22062,0.847515
22063,0.733715
22064,0.883451
22065,0.658646
22066,0.809726
22067,0.424276
22068,0.450604
22069,0.825133
22070,0.984827
22071,0.759529
22072,0.725677
22073,0.553497
22074,0.829573
22075,0.952481
22076,0.834378
22077,0.429642
22078,0.367982
22079,0.640479
22080,0.810909
22081,0.252161
22082,0.960085
22083,0.582428
22084,0.689981
22085,0.4453
22086,0.845564
22087,0.810439
22088,0.548142
22089,0.709011
22090,0.879049
22091,0.97276
22092,0.765796
22093,0.855229
22094,0.916584
22095,0.921331
22096,0.762324
22097,0.720396
22098,0.923294
22099,0.898117
22100,0.842106
22101,0.256626
22102,0.846957
22103,0.701513
22104,0.944531
22105,0.584458
22106,0.60277
22107,0.6104
22108,0.676939
22109,0.395452
22110,0.903016
22111,0.777645
22112,0.97606
22113,0.430947
22114,0.854025
22115,0.109974
22116,0.616939
22117,0.902158
22118,0.940157
22119,0.681083
22120,0.598875
22121,0.866762
22122,0.719807
22123,0.642689
22124,0.329512
22125,0.578529
22126,0.650445
22127,0.748367
22128,0.837304
22129,0.953041
22130,0.91237
22131,0.722789
22132,0.928972
22133,0.941407
22134,0.557637
22135,0.688301
22136,0.688807
22137,0.189847
22138,0.932745
22139,0.758002
22140,0.796033
22141,0.66892
22142,0.887447
22143,0.516703
22144,0.809441
22145,0.522261
22146,0.858847
22147,0.514653
22148,0.890443
22149,0.800574
22150,0.834445
22151,0.955201
22152,0.609834
22153,0.617962
22154,0.67296
22155,0.636004
22156,0.804635
22157,0.451928
22158,0.965415
22159,0.608552
22160,0.708468
22161,0.392733
22162,0.974201
22163,0.280096
22164,0.898036
22165,0.980884
22166,0.973321
22167,0.66919
22168,0.707707
22169,0.612285
22170,0.623231
22171,0.668479
22172,0.668399
22173,0.529603
22174,0.909223
22175,0.746625
22176,0.745793
22177,0.629385
22178,0.594192
22179,0.776666
22180,0.632636
22181,0.863478
22182,0.744807
22183,0.889188
22184,0.507763
22185,0.777367
22186,0.626749
22187,0.785039
22188,0.825587
22189,0.322536
22190,0.600732
22191,0.481977
22192,0.948122
22193,0.750237
22194,0.81419
22195,0.882546
22196,0.863626
22197,0.985342
22198,0.889789
22199,0.613081
22200,0.65997
22201,0.959572
22202,0.920285
22203,0.50388
22204,0.783558
22205,0.721017
22206,0.972123
22207,0.640948
22208,0.678921
22209,0.945426
22210,0.831705
22211,0.657072
22212,0.767754
22213,0.682362
22214,0.822142
22215,0.614438
22216,0.802853
22217,0.748259
22218,0.766163
22219,0.51861
22220,0.851777
22221,0.844503
22222,0.963357
22223,0.715007
22224,0.861897
22225,0.655351
22226,0.8137
22227,0.951285
22228,0.551215
22229,0.494213
22230,0.829214
22231,0.799431
22232,0.089682
22233,0.192795
22234,0.637017
22235,0.942311
22236,0.274271
22237,0.863674
22238,0.809069
22239,0.702903
22240,0.494349
22241,0.946015
22242,0.828315
22243,0.691707
22244,0.632283
22245,0.475968
22246,0.598958
22247,0.726792
22248,0.74584
22249,0.772305
22250,0.659545
22251,0.774866
22252,0.838308
22253,0.903042
22254,0.636154
22255,0.615808
22256,0.474548
22257,0.293475
22258,0.48832
22259,0.564912
22260,0.694624
22261,0.887964
22262,0.543427
22263,0.80333
22264,0.79789
22265,0.849811
22266,0.242734
22267,0.531342
22268,0.604129
22269,0.983169
22270,0.818184
22271,0.24498
22272,0.786434
22273,0.864075
22274,0.796331
22275,0.949799
22276,0.822976
22277,0.694101
22278,0.918592
22279,0.513659
22280,0.289985
22281,0.533782
22282,0.689911
22283,0.947328
22284,0.697315
22285,0.759115
22286,0.751375
22287,0.925775
22288,0.560625
22289,0.799082
22290,0.486072
22291,0.502841
22292,0.688482
22293,0.775168
22294,0.62608
22295,0.935332
22296,0.870349
22297,0.605215
22298,0.833683
22299,0.721016
22300,0.894172
22301,0.878668
22302,0.369512
22303,0.707191
22304,0.496635
22305,0.593531
22306,0.903133
22307,0.597885
22308,0.64643
22309,0.7244
22310,0.91284
22311,0.340003
22312,0.944032
22313,0.7409
22314,0.760074
22315,0.561604
22316,0.6165
22317,0.649174
22318,0.638732
22319,0.768683
22320,0.602797
22321,0.918976
22322,0.705908
22323,0.765355
22324,0.728461
22325,0.626701
22326,0.572737
22327,0.501882
22328,0.647796
22329,0.835269
22330,0.97398
22331,0.888782
22332,0.67126
22333,0.612464
22334,0.615681
22335,0.970841
22336,0.927596
22337,0.751592
22338,0.764226
22339,0.821962
22340,0.709042
22341,0.892988
22342,0.9139
22343,0.523722
22344,0.784727
22345,0.958209
22346,0.906985
22347,0.910061
22348,0.785158
22349,0.944793
22350,0.641811
22351,0.648113
22352,0.606001
22353,0.802982
22354,0.920031
22355,0.970316
22356,0.755766
22357,0.280837
22358,0.573112
22359,0.752867
22360,0.651439
22361,0.933943
22362,0.855166
22363,0.755505
22364,0.856987
22365,0.376149
22366,0.666653
22367,0.609815
22368,0.805647
22369,0.779627
22370,0.645445
22371,0.688924
22372,0.876115
22373,0.595741
22374,0.64121
22375,0.676374
22376,0.726753
22377,0.582363
22378,0.877186
22379,0.849507
22380,0.864852
22381,0.630917
22382,0.618485
22383,0.868181
22384,0.435533
22385,0.701454
22386,0.76832
22387,0.502342
22388,0.464628
22389,0.850646
22390,0.776213
22391,0.843914
22392,0.883886
22393,0.58931
22394,0.846316
22395,0.835517
22396,0.743098
22397,0.900582
22398,0.742438
22399,0.787628
22400,0.650264
22401,0.771491
22402,0.19854
22403,0.947965
22404,0.825826
22405,0.648057
22406,0.632083
22407,0.770484
22408,0.743808
22409,0.767533
22410,0.702711
22411,0.919707
22412,0.729518
22413,0.631086
22414,0.946539
22415,0.913709
22416,0.947506
22417,0.552589
22418,0.883687
22419,0.691371
22420,0.671261
22421,0.550218
22422,0.525974
22423,0.769508
22424,0.913676
22425,0.198808
22426,0.793794
22427,0.556121
22428,0.75527
22429,0.625326
22430,0.945189
22431,0.826307
22432,0.751872
22433,0.934237
22434,0.689766
22435,0.810829
22436,0.802658
22437,0.822668
22438,0.679436
22439,0.377886
22440,0.976702
22441,0.596971
22442,0.813208
22443,0.84613
22444,0.471454
22445,0.559338
22446,0.238257
22447,0.666752
22448,0.587157
22449,0.360947
22450,0.552715
22451,0.804845
22452,0.708908
22453,0.525711
22454,0.549386
22455,0.697637
22456,0.645705
22457,0.722185
22458,0.923798
22459,0.981802
22460,0.629337
22461,0.529858
22462,0.800702
22463,0.493026
22464,0.638342
22465,0.682779
22466,0.755359
22467,0.675128
22468,0.971961
22469,0.946449
22470,0.843332
22471,0.954198
22472,0.467015
22473,0.84988
22474,0.897588
22475,0.713521
22476,0.709961
22477,0.759658
22478,0.562434
22479,0.895374
22480,0.685822
22481,0.858617
22482,0.620097
22483,0.744424
22484,0.72708
22485,0.685323
22486,0.805727
22487,0.694634
22488,0.761963
22489,0.746518
22490,0.37003
22491,0.75009
22492,0.330616
22493,0.570115
22494,0.919574
22495,0.950364
22496,0.65095
22497,0.94657
22498,0.325677
22499,0.685307
22500,0.672763
22501,0.759301
22502,0.916233
22503,0.103524
22504,0.780812
22505,0.802976
22506,0.665956
22507,0.608152
22508,0.611513
22509,0.922373
22510,0.84578
22511,0.571753
22512,0.783065
22513,0.920363
22514,0.735369
22515,0.786936
22516,0.920619
22517,0.799616
22518,0.75497
22519,0.959878
22520,0.612531
22521,0.932465
22522,0.563056
22523,0.614644
22524,0.923931
22525,0.855133
22526,0.897312
22527,0.667239
22528,0.639939
22529,0.612802
22530,0.725262
22531,0.875262
22532,0.632319
22533,0.890903
22534,0.898037
22535,0.78872
22536,0.820679
22537,0.719141
22538,0.634916
22539,0.898536
22540,0.739539
22541,0.804525
22542,0.733642
22543,0.877053
22544,0.534441
22545,0.570152
22546,0.924963
22547,0.74218
22548,0.61091
22549,0.915403
22550,0.887357
22551,0.604661
22552,0.718823
22553,0.782756
22554,0.945669
22555,0.754248
22556,0.787832
22557,0.871096
22558,0.730108
22559,0.502976
22560,0.815205
22561,0.575276
22562,0.875538
22563,0.350742
22564,0.810971
22565,0.300141
22566,0.75243
22567,0.780321
22568,0.969595
22569,0.65846
22570,0.66969
22571,0.719677
22572,0.757291
22573,0.141186
22574,0.586185
22575,0.639946
22576,0.250685
22577,0.697707
22578,0.798244
22579,0.784365
22580,0.864786
22581,0.745351
22582,0.576556
22583,0.764432
22584,0.501828
22585,0.784498
22586,0.922944
22587,0.678734
22588,0.932952
22589,0.672165
22590,0.836301
22591,0.811188
22592,0.74563
22593,0.871534
22594,0.736337
22595,0.969169
22596,0.730219
22597,0.759946
22598,0.570559
22599,0.851029
22600,0.89963
22601,0.512366
22602,0.696518
22603,0.668701
22604,0.942316
22605,0.708369
22606,0.749042
22607,0.863083
22608,0.541925
22609,0.738712
22610,0.318339
22611,0.762038
22612,0.873165
22613,0.264577
22614,0.775845
22615,0.368957
22616,0.514935
22617,0.968261
22618,0.546723
22619,0.665515
22620,0.56694
22621,0.657341
22622,0.644559
22623,0.690354
22624,0.82657
22625,0.766507
22626,0.639275
22627,0.974818
22628,0.828846
22629,0.654792
22630,0.8226
22631,0.907714
22632,0.269462
22633,0.886855
22634,0.950537
22635,0.896494
22636,0.315495
22637,0.929567
22638,0.525417
22639,0.614017
22640,0.759466
22641,0.59105
22642,0.650493
22643,0.748366
22644,0.939228
22645,0.974263
22646,0.135876
22647,0.771077
22648,0.72896
22649,0.38263
22650,0.443854
22651,0.747085
22652,0.773629
22653,0.695179
22654,0.926076
22655,0.743214
22656,0.610382
22657,0.770917
22658,0.798595
22659,0.651238
22660,0.513418
22661,0.62668
22662,0.353097
22663,0.760438
22664,0.543198
22665,0.917988
22666,0.498149
22667,0.429663
22668,0.881327
22669,0.576349
22670,0.619797
22671,0.642921
22672,0.611985
22673,0.897497
22674,0.744392
22675,0.874772
22676,0.636116
22677,0.928289
22678,0.716726
22679,0.956291
22680,0.804623
22681,0.872419
22682,0.227778
22683,0.695614
22684,0.620839
22685,0.740248
22686,0.699534
22687,0.593634
22688,0.580241
22689,0.983775
22690,0.489469
22691,0.672599
22692,0.713236
22693,0.982087
22694,0.729752
22695,0.765875
22696,0.195789
22697,0.169425
22698,0.708469
22699,0.673167
22700,0.92863
22701,0.742996
22702,0.490127
22703,0.921343
22704,0.559274
22705,0.205472
22706,0.963908
22707,0.289189
22708,0.405872
22709,0.779307
22710,0.948655
22711,0.59099
22712,0.571822
22713,0.947287
22714,0.832645
22715,0.350873
22716,0.583514
22717,0.71036
22718,0.11351
22719,0.637568
22720,0.973608
22721,0.751461
22722,0.577805
22723,0.876176
22724,0.847873
22725,0.446061
22726,0.895348
22727,0.681124
22728,0.675249
22729,0.916522
22730,0.694554
22731,0.757246
22732,0.809582
22733,0.599647
22734,0.443077
22735,0.566003
22736,0.504044
22737,0.681839
22738,0.793356
22739,0.812767
22740,0.613415
22741,0.690614
22742,0.815152
22743,0.629253
22744,0.893827
22745,0.741248
22746,0.877712
22747,0.625479
22748,0.782629
22749,0.72461
22750,0.780804
22751,0.690353
22752,0.46033
22753,0.870051
22754,0.874018
22755,0.899344
22756,0.505355
22757,0.556668
22758,0.879004
22759,0.932357
22760,0.654844
22761,0.712138
22762,0.785435
22763,0.455085
22764,0.62376
22765,0.679214
22766,0.839563
22767,0.604958
22768,0.935386
22769,0.86737
22770,0.692578
22771,0.751297
22772,0.589846
22773,0.640195
22774,0.905384
22775,0.523443
22776,0.796326
22777,0.925302
22778,0.566134
22779,0.943403
22780,0.922941
22781,0.766878
22782,0.614045
22783,0.833594
22784,0.763647
22785,0.52836
22786,0.837558
22787,0.432452
22788,0.92226
22789,0.271737
22790,0.71687
22791,0.44194
22792,0.769045
22793,0.821177
22794,0.378398
22795,0.768012
22796,0.553527
22797,0.515499
22798,0.108261
22799,0.719605
22800,0.822986
22801,0.834313
22802,0.658722
22803,0.741891
22804,0.473311
22805,0.480814
22806,0.810936
22807,0.542085
22808,0.941635
22809,0.904278
22810,0.977593
22811,0.815469
22812,0.529117
22813,0.684987
22814,0.511142
22815,0.263613
22816,0.648451
22817,0.646935
22818,0.877632
22819,0.677132
22820,0.851831
22821,0.801236
22822,0.888909
22823,0.839115
22824,0.694979
22825,0.7467
22826,0.770603
22827,0.727376
22828,0.914894
22829,0.862997
22830,0.50295
22831,0.979792
22832,0.766799
22833,0.502067
22834,0.354374
22835,0.244635
22836,0.142891
22837,0.627872
22838,0.654413
22839,0.690439
22840,0.663465
22841,0.925079
22842,0.44514
22843,0.930389
22844,0.607833
22845,0.82112
22846,0.976839
22847,0.675034
22848,0.811282
22849,0.822453
22850,0.870222
22851,0.843581
22852,0.828754
22853,0.9302
22854,0.578039
22855,0.663465
22856,0.616723
22857,0.337199
22858,0.542761
22859,0.818874
22860,0.921835
22861,0.892797
22862,0.692475
22863,0.44079
22864,0.830905
22865,0.830541
22866,0.619665
22867,0.762129
22868,0.863435
22869,0.931214
22870,0.32006
22871,0.8164
22872,0.635914
22873,0.742459
22874,0.566786
22875,0.508952
22876,0.918357
22877,0.217631
22878,0.759725
22879,0.965323
22880,0.860854
22881,0.363317
22882,0.940497
22883,0.676747
22884,0.339208
22885,0.876751
22886,0.597632
22887,0.510667
22888,0.601976
22889,0.54715
22890,0.951139
22891,0.857402
22892,0.772925
22893,0.475749
22894,0.651902
22895,0.682699
22896,0.834833
22897,0.916652
22898,0.72017
22899,0.888692
22900,0.703719
22901,0.825202
22902,0.839753
22903,0.642878
22904,0.765222
22905,0.568289
22906,0.666997
22907,0.737678
22908,0.717494
22909,0.242046
22910,0.883021
22911,0.746702
22912,0.668155
22913,0.710064
22914,0.614883
22915,0.378127
22916,0.812918
22917,0.384156
22918,0.612652
22919,0.69826
22920,0.703564
22921,0.709858
22922,0.805923
22923,0.884775
22924,0.470468
22925,0.766378
22926,0.405465
22927,0.837159
22928,0.831398
22929,0.363429
22930,0.621842
22931,0.605349
22932,0.47173
22933,0.45488
22934,0.568215
22935,0.647154
22936,0.754662
22937,0.78311
22938,0.736168
22939,0.777412
22940,0.682618
22941,0.818048
22942,0.799086
22943,0.605462
22944,0.688989
22945,0.504235
22946,0.702983
22947,0.655382
22948,0.593745
22949,0.81539
22950,0.757926
22951,0.74417
22952,0.671018
22953,0.903464
22954,0.569158
22955,0.570466
22956,0.913684
22957,0.539377
22958,0.542266
22959,0.701999
22960,0.400468
22961,0.378366
22962,0.748778
22963,0.794197
22964,0.730961
22965,0.86497
22966,0.737878
22967,0.618453
22968,0.560935
22969,0.58082
22970,0.748042
22971,0.835241
22972,0.941976
22973,0.942225
22974,0.965158
22975,0.852013
22976,0.989243
22977,0.256136
22978,0.746585
22979,0.695663
22980,0.909544
22981,0.88173
22982,0.949865
22983,0.943443
22984,0.644671
22985,0.841941
22986,0.173868
22987,0.698713
22988,0.395644
22989,0.901886
22990,0.726114
22991,0.771705
22992,0.705852
22993,0.849417
22994,0.942421
22995,0.793438
22996,0.90404
22997,0.826245
22998,0.828738
22999,0.659091
23000,0.495603
23001,0.674613
23002,0.577525
23003,0.706595
23004,0.878328
23005,0.231376
23006,0.607236
23007,0.551915
23008,0.679862
23009,0.533521
23010,0.673551
23011,0.626671
23012,0.378808
23013,0.620095
23014,0.916901
23015,0.811046
23016,0.690334
23017,0.952211
23018,0.690487
23019,0.706032
23020,0.732074
23021,0.916372
23022,0.765519
23023,0.975484
23024,0.672878
23025,0.754039
23026,0.907638
23027,0.759183
23028,0.899905
23029,0.620422
23030,0.740752
23031,0.928821
23032,0.700107
23033,0.799066
23034,0.858588
23035,0.536624
23036,0.836673
23037,0.401907
23038,0.854678
23039,0.421202
23040,0.823876
23041,0.319729
23042,0.126287
23043,0.846374
23044,0.746203
23045,0.911498
23046,0.770007
23047,0.795555
23048,0.917158
23049,0.700931
23050,0.695957
23051,0.630402
23052,0.89722
23053,0.71068
23054,0.71428
23055,0.769871
23056,0.918331
23057,0.803944
23058,0.946984
23059,0.61626
23060,0.915198
23061,0.733902
23062,0.869772
23063,0.831504
23064,0.817927
23065,0.906324
23066,0.585208
23067,0.852126
23068,0.596001
23069,0.694425
23070,0.622851
23071,0.592207
23072,0.398535
23073,0.747885
23074,0.5374
23075,0.19401
23076,0.81785
23077,0.823602
23078,0.777233
23079,0.807273
23080,0.70874
23081,0.521966
23082,0.922715
23083,0.815916
23084,0.613309
23085,0.675036
23086,0.430502
23087,0.709306
23088,0.782729
23089,0.648268
23090,0.539953
23091,0.81734
23092,0.33307
23093,0.369608
23094,0.82981
23095,0.513734
23096,0.867203
23097,0.873691
23098,0.816996
23099,0.678491
23100,0.862332
23101,0.310051
23102,0.27179
23103,0.793165
23104,0.934011
23105,0.854264
23106,0.621636
23107,0.914721
23108,0.498848
23109,0.764839
23110,0.736844
23111,0.59191
23112,0.815474
23113,0.571536
23114,0.740144
23115,0.765846
23116,0.604696
23117,0.543127
23118,0.362969
23119,0.629903
23120,0.380819
23121,0.532838
23122,0.701334
23123,0.654013
23124,0.836025
23125,0.865964
23126,0.689262
23127,0.815836
23128,0.593193
23129,0.587976
23130,0.603366
23131,0.899162
23132,0.959513
23133,0.699848
23134,0.965893
23135,0.700832
23136,0.736092
23137,0.470377
23138,0.646092
23139,0.944859
23140,0.812887
23141,0.803138
23142,0.631744
23143,0.564624
23144,0.908138
23145,0.687519
23146,0.711374
23147,0.469084
23148,0.63063
23149,0.423805
23150,0.420254
23151,0.827118
23152,0.760692
23153,0.932956
23154,0.7423
23155,0.287072
23156,0.628275
23157,0.894374
23158,0.530158
23159,0.717087
23160,0.826521
23161,0.727274
23162,0.963946
23163,0.383429
23164,0.773562
23165,0.735407
23166,0.82416
23167,0.978045
23168,0.911696
23169,0.704283
23170,0.529863
23171,0.740752
23172,0.950342
23173,0.919378
23174,0.845088
23175,0.721361
23176,0.622301
23177,0.923444
23178,0.651805
23179,0.654386
23180,0.616515
23181,0.671985
23182,0.951621
23183,0.53922
23184,0.442086
23185,0.442475
23186,0.86633
23187,0.605667
23188,0.872404
23189,0.505705
23190,0.901607
23191,0.600437
23192,0.23577
23193,0.42369
23194,0.403313
23195,0.796936
23196,0.739115
23197,0.971175
23198,0.678426
23199,0.694963
23200,0.421777
23201,0.897315
23202,0.608236
23203,0.83786
23204,0.733612
23205,0.528626
23206,0.560385
23207,0.699149
23208,0.505565
23209,0.736233
23210,0.606461
23211,0.165092
23212,0.770869
23213,0.514105
23214,0.762324
23215,0.893369
23216,0.835055
23217,0.705088
23218,0.789809
23219,0.633745
23220,0.750953
23221,0.863492
23222,0.936167
23223,0.7901
23224,0.720467
23225,0.80695
23226,0.717749
23227,0.822993
23228,0.901844
23229,0.574797
23230,0.589543
23231,0.43724
23232,0.762237
23233,0.879639
23234,0.851458
23235,0.292647
23236,0.833669
23237,0.632769
23238,0.581622
23239,0.609778
23240,0.935487
23241,0.797147
23242,0.925796
23243,0.529208
23244,0.718719
23245,0.448529
23246,0.674728
23247,0.68553
23248,0.65535
23249,0.554445
23250,0.778604
23251,0.779697
23252,0.795726
23253,0.783885
23254,0.777179
23255,0.830462
23256,0.892422
23257,0.735829
23258,0.892636
23259,0.676031
23260,0.74732
23261,0.987047
23262,0.623946
23263,0.814596
23264,0.879553
23265,0.88851
23266,0.883005
23267,0.590229
23268,0.772957
23269,0.931293
23270,0.862436
23271,0.385981
23272,0.794958
23273,0.804718
23274,0.463861
23275,0.786727
23276,0.513678
23277,0.352905
23278,0.562871
23279,0.658973
23280,0.323165
23281,0.629191
23282,0.782657
23283,0.643719
23284,0.892119
23285,0.778513
23286,0.902062
23287,0.535867
23288,0.896057
23289,0.359912
23290,0.579372
23291,0.755582
23292,0.909993
23293,0.845162
23294,0.808087
23295,0.57487
23296,0.687557
23297,0.90014
23298,0.641356
23299,0.505112
23300,0.517366
23301,0.754559
23302,0.714777
23303,0.706184
23304,0.810174
23305,0.768507
23306,0.656378
23307,0.855571
23308,0.444803
23309,0.916127
23310,0.976403
23311,0.688808
23312,0.731398
23313,0.854381
23314,0.59678
23315,0.882017
23316,0.736786
23317,0.789358
23318,0.654764
23319,0.574466
23320,0.765915
23321,0.803144
23322,0.823686
23323,0.784797
23324,0.490468
23325,0.595311
23326,0.601592
23327,0.858994
23328,0.681506
23329,0.967808
23330,0.526222
23331,0.788002
23332,0.681084
23333,0.798387
23334,0.846624
23335,0.657032
23336,0.837176
23337,0.598623
23338,0.71353
23339,0.700191
23340,0.624055
23341,0.681179
23342,0.488875
23343,0.953077
23344,0.915284
23345,0.271769
23346,0.564091
23347,0.587851
23348,0.975822
23349,0.655887
23350,0.661186
23351,0.660362
23352,0.713134
23353,0.863099
23354,0.646744
23355,0.519292
23356,0.972598
23357,0.731404
23358,0.945671
23359,0.644859
23360,0.755583
23361,0.895533
23362,0.793821
23363,0.967433
23364,0.457432
23365,0.571001
23366,0.482764
23367,0.946254
23368,0.886667
23369,0.650324
23370,0.804498
23371,0.476906
23372,0.524056
23373,0.681857
23374,0.765317
23375,0.897057
23376,0.830037
23377,0.77534
23378,0.848883
23379,0.376716
23380,0.6481
23381,0.652297
23382,0.365382
23383,0.284643
23384,0.828125
23385,0.786319
23386,0.633883
23387,0.803158
23388,0.943401
23389,0.78875
23390,0.681261
23391,0.867025
23392,0.376872
23393,0.863532
23394,0.725286
23395,0.935265
23396,0.508094
23397,0.803995
23398,0.575175
23399,0.895407
23400,0.665272
23401,0.453544
23402,0.583448
23403,0.544961
23404,0.138791
23405,0.904195
23406,0.733008
23407,0.612589
23408,0.7234
23409,0.582369
23410,0.849212
23411,0.962917
23412,0.686031
23413,0.944854
23414,0.400366
23415,0.400949
23416,0.755519
23417,0.831851
23418,0.43032
23419,0.888786
23420,0.41866
23421,0.806026
23422,0.769103
23423,0.446483
23424,0.428411
23425,0.679852
23426,0.871773
23427,0.872912
23428,0.736306
23429,0.892178
23430,0.903923
23431,0.59057
23432,0.455346
23433,0.839631
23434,0.745282
23435,0.884604
23436,0.728223
23437,0.748483
23438,0.834407
23439,0.89154
23440,0.725756
23441,0.97451
23442,0.934144
23443,0.830437
23444,0.873273
23445,0.934815
23446,0.380417
23447,0.7314
23448,0.811496
23449,0.549814
23450,0.626728
23451,0.63977
23452,0.831211
23453,0.361063
23454,0.6352
23455,0.909778
23456,0.84208
23457,0.902933
23458,0.689707
23459,0.595685
23460,0.825184
23461,0.952856
23462,0.934929
23463,0.951123
23464,0.902637
23465,0.889428
23466,0.74872
23467,0.5014
23468,0.690617
23469,0.653635
23470,0.87614
23471,0.540144
23472,0.740367
23473,0.701368
23474,0.488985
23475,0.788495
23476,0.902861
23477,0.458654
23478,0.694898
23479,0.467403
23480,0.716734
23481,0.573686
23482,0.710614
23483,0.823505
23484,0.726476
23485,0.973911
23486,0.862694
23487,0.66294
23488,0.897648
23489,0.588905
23490,0.764637
23491,0.628382
23492,0.73379
23493,0.646202
23494,0.939677
23495,0.716785
23496,0.426116
23497,0.648227
23498,0.798149
23499,0.796316
23500,0.936009
23501,0.710546
23502,0.644684
23503,0.658619
23504,0.581907
23505,0.863409
23506,0.791345
23507,0.932836
23508,0.746585
23509,0.980044
23510,0.740425
23511,0.717953
23512,0.707371
23513,0.9415
23514,0.818224
23515,0.640295
23516,0.807162
23517,0.642373
23518,0.84937
23519,0.624765
23520,0.751422
23521,0.786147
23522,0.604069
23523,0.583678
23524,0.90278
23525,0.65564
23526,0.783345
23527,0.229321
23528,0.869616
23529,0.72975
23530,0.971906
23531,0.659411
23532,0.889463
23533,0.763014
23534,0.857103
23535,0.718489
23536,0.823767
23537,0.608201
23538,0.75004
23539,0.388291
23540,0.802161
23541,0.752011
23542,0.763129
23543,0.656357
23544,0.881171
23545,0.849424
23546,0.896393
23547,0.399303
23548,0.677234
23549,0.920035
23550,0.782316
23551,0.779529
23552,0.832973
23553,0.953706
23554,0.405992
23555,0.396127
23556,0.855367
23557,0.437351
23558,0.698058
23559,0.891022
23560,0.749848
23561,0.805724
23562,0.953785
23563,0.752665
23564,0.886535
23565,0.914253
23566,0.948319
23567,0.837378
23568,0.69778
23569,0.962274
23570,0.792114
23571,0.783052
23572,0.782799
23573,0.711708
23574,0.852537
23575,0.874028
23576,0.662521
23577,0.488396
23578,0.585102
23579,0.658962
23580,0.639111
23581,0.942853
23582,0.652522
23583,0.880965
23584,0.306456
23585,0.476012
23586,0.591593
23587,0.37975
23588,0.757336
23589,0.465787
23590,0.792954
23591,0.849555
23592,0.67383
23593,0.560691
23594,0.801936
23595,0.426336
23596,0.613779
23597,0.80092
23598,0.770868
23599,0.7917
23600,0.845529
23601,0.913659
23602,0.844619
23603,0.938703
23604,0.591296
23605,0.765298
23606,0.677419
23607,0.200386
23608,0.947979
23609,0.743817
23610,0.951191
23611,0.793853
23612,0.780601
23613,0.819321
23614,0.640064
23615,0.793699
23616,0.651494
23617,0.833462
23618,0.675663
23619,0.743655
23620,0.625366
23621,0.532147
23622,0.905196
23623,0.69459
23624,0.639011
23625,0.690748
23626,0.851459
23627,0.952263
23628,0.800993
23629,0.461675
23630,0.59521
23631,0.851135
23632,0.718656
23633,0.65473
23634,0.938794
23635,0.740311
23636,0.490678
23637,0.299941
23638,0.620859
23639,0.882704
23640,0.580391
23641,0.910284
23642,0.927126
23643,0.830096
23644,0.702872
23645,0.729246
23646,0.684462
23647,0.822082
23648,0.547325
23649,0.508129
23650,0.813936
23651,0.788166
23652,0.867354
23653,0.898976
23654,0.682957
23655,0.489514
23656,0.709572
23657,0.539159
23658,0.55662
23659,0.38758
23660,0.547365
23661,0.556196
23662,0.805551
23663,0.446789
23664,0.888833
23665,0.942912
23666,0.597342
23667,0.572221
23668,0.565836
23669,0.975316
23670,0.649512
23671,0.642416
23672,0.913343
23673,0.397079
23674,0.724791
23675,0.45106
23676,0.922291
23677,0.150536
23678,0.659856
23679,0.583893
23680,0.830573
23681,0.772267
23682,0.60436
23683,0.508763
23684,0.929829
23685,0.643875
23686,0.821322
23687,0.592645
23688,0.878939
23689,0.27547
23690,0.824055
23691,0.607555
23692,0.595944
23693,0.671749
23694,0.677235
23695,0.817557
23696,0.740429
23697,0.698895
23698,0.426585
23699,0.882098
23700,0.682969
23701,0.934846
23702,0.804959
23703,0.922628
23704,0.925928
23705,0.548745
23706,0.640152
23707,0.789443
23708,0.184906
23709,0.345788
23710,0.565663
23711,0.971614
23712,0.745722
23713,0.674548
23714,0.864379
23715,0.748312
23716,0.800048
23717,0.366832
23718,0.809213
23719,0.453306
23720,0.831058
23721,0.968074
23722,0.622247
23723,0.784618
23724,0.979312
23725,0.880038
23726,0.605581
23727,0.86943
23728,0.316046
23729,0.53115
23730,0.561538
23731,0.612835
23732,0.511442
23733,0.571911
23734,0.825956
23735,0.4607
23736,0.808393
23737,0.642972
23738,0.190586
23739,0.966952
23740,0.84667
23741,0.224979
23742,0.66417
23743,0.682323
23744,0.739897
23745,0.703419
23746,0.725432
23747,0.551352
23748,0.689286
23749,0.884387
23750,0.544925
23751,0.77164
23752,0.792656
23753,0.889371
23754,0.801802
23755,0.670961
23756,0.952118
23757,0.647015
23758,0.537282
23759,0.985675
23760,0.968158
23761,0.268364
23762,0.85621
23763,0.867918
23764,0.752985
23765,0.962071
23766,0.653989
23767,0.632299
23768,0.534862
23769,0.541001
23770,0.630519
23771,0.284673
23772,0.754821
23773,0.887667
23774,0.552945
23775,0.931561
23776,0.721761
23777,0.686629
23778,0.562133
23779,0.891039
23780,0.637231
23781,0.431344
23782,0.786285
23783,0.930582
23784,0.540981
23785,0.619094
23786,0.776978
23787,0.766941
23788,0.624131
23789,0.906275
23790,0.938982
23791,0.533299
23792,0.249528
23793,0.502942
23794,0.71052
23795,0.650829
23796,0.532242
23797,0.501143
23798,0.138371
23799,0.722064
23800,0.913851
23801,0.862493
23802,0.670358
23803,0.858844
23804,0.665342
23805,0.840201
23806,0.839854
23807,0.849026
23808,0.752904
23809,0.930305
23810,0.60426
23811,0.940085
23812,0.561382
23813,0.807016
23814,0.871906
23815,0.726631
23816,0.652072
23817,0.739669
23818,0.977313
23819,0.925053
23820,0.685051
23821,0.716677
23822,0.599098
23823,0.679501
23824,0.548988
23825,0.86619
23826,0.816973
23827,0.904756
23828,0.683905
23829,0.774185
23830,0.889853
23831,0.638278
23832,0.467203
23833,0.662919
23834,0.396628
23835,0.953991
23836,0.581054
23837,0.763656
23838,0.219263
23839,0.708293
23840,0.873978
23841,0.857769
23842,0.864681
23843,0.949374
23844,0.968037
23845,0.85092
23846,0.950082
23847,0.901533
23848,0.634314
23849,0.81168
23850,0.77929
23851,0.454433
23852,0.88627
23853,0.721948
23854,0.51952
23855,0.648775
23856,0.861231
23857,0.711177
23858,0.690315
23859,0.52342
23860,0.918836
23861,0.8013
23862,0.768082
23863,0.766753
23864,0.70103
23865,0.90738
23866,0.694685
23867,0.546375
23868,0.973456
23869,0.461312
23870,0.522557
23871,0.616656
23872,0.937998
23873,0.14787
23874,0.835273
23875,0.772824
23876,0.604397
23877,0.638704
23878,0.721772
23879,0.96509
23880,0.977064
23881,0.920354
23882,0.317096
23883,0.530846
23884,0.79975
23885,0.564441
23886,0.649454
23887,0.878811
23888,0.900882
23889,0.472099
23890,0.755024
23891,0.723931
23892,0.603336
23893,0.860233
23894,0.34225
23895,0.786836
23896,0.681232
23897,0.809763
23898,0.823703
23899,0.926962
23900,0.910862
23901,0.917121
23902,0.927838
23903,0.776673
23904,0.862655
23905,0.936603
23906,0.245967
23907,0.719936
23908,0.655703
23909,0.540709
23910,0.426638
23911,0.837974
23912,0.356579
23913,0.597111
23914,0.539693
23915,0.697757
23916,0.708395
23917,0.663092
23918,0.778159
23919,0.380484
23920,0.677521
23921,0.926444
23922,0.794428
23923,0.271762
23924,0.943201
23925,0.648737
23926,0.722132
23927,0.559717
23928,0.742243
23929,0.631431
23930,0.956449
23931,0.87458
23932,0.446202
23933,0.487465
23934,0.654918
23935,0.282697
23936,0.910533
23937,0.844119
23938,0.618352
23939,0.528577
23940,0.288192
23941,0.806828
23942,0.648144
23943,0.615344
23944,0.670447
23945,0.961804
23946,0.639903
23947,0.842523
23948,0.501784
23949,0.936459
23950,0.708807
23951,0.660108
23952,0.791697
23953,0.493122
23954,0.618092
23955,0.978471
23956,0.523437
23957,0.83856
23958,0.856672
23959,0.68917
23960,0.954963
23961,0.788891
23962,0.526922
23963,0.647
23964,0.582069
23965,0.82681
23966,0.922271
23967,0.856715
23968,0.461635
23969,0.353802
23970,0.656163
23971,0.750727
23972,0.933059
23973,0.791929
23974,0.81913
23975,0.728578
23976,0.62908
23977,0.604154
23978,0.850753
23979,0.950798
23980,0.6942
23981,0.956295
23982,0.743589
23983,0.55067
23984,0.704866
23985,0.581359
23986,0.612245
23987,0.755986
23988,0.770065
23989,0.195796
23990,0.717033
23991,0.752357
23992,0.766561
23993,0.892667
23994,0.495878
23995,0.859602
23996,0.92603
23997,0.832599
23998,0.863331
23999,0.800129
24000,0.604272
24001,0.703824
24002,0.724179
24003,0.57964
24004,0.882212
24005,0.482959
24006,0.941145
24007,0.709645
24008,0.952489
24009,0.664851
24010,0.79319
24011,0.551248
24012,0.733095
24013,0.579601
24014,0.896394
24015,0.940594
24016,0.246045
24017,0.670342
24018,0.243749
24019,0.431644
24020,0.889345
24021,0.500914
24022,0.897226
24023,0.844728
24024,0.920994
24025,0.573302
24026,0.560659
24027,0.967871
24028,0.676877
24029,0.529901
24030,0.577469
24031,0.890339
24032,0.154021
24033,0.492547
24034,0.377196
24035,0.736197
24036,0.60144
24037,0.471175
24038,0.678102
24039,0.580874
24040,0.205316
24041,0.561691
24042,0.612192
24043,0.856815
24044,0.912336
24045,0.889983
24046,0.920727
24047,0.788808
24048,0.834303
24049,0.476555
24050,0.584846
24051,0.638752
24052,0.759304
24053,0.839221
24054,0.563804
24055,0.639724
24056,0.932832
24057,0.945938
24058,0.529324
24059,0.946693
24060,0.785396
24061,0.774054
24062,0.73081
24063,0.930795
24064,0.407902
24065,0.515663
24066,0.469473
24067,0.737501
24068,0.642003
24069,0.596823
24070,0.475791
24071,0.667806
24072,0.803477
24073,0.890799
24074,0.932175
24075,0.874467
24076,0.911323
24077,0.566982
24078,0.637086
24079,0.869935
24080,0.77532
24081,0.796014
24082,0.748618
24083,0.215252
24084,0.849592
24085,0.33529
24086,0.713156
24087,0.417608
24088,0.729209
24089,0.960054
24090,0.49149
24091,0.506647
24092,0.52928
24093,0.803751
24094,0.618914
24095,0.888322
24096,0.686043
24097,0.796034
24098,0.447185
24099,0.720589
24100,0.754008
24101,0.791744
24102,0.476639
24103,0.813113
24104,0.7772
24105,0.669828
24106,0.752778
24107,0.917005
24108,0.948491
24109,0.775848
24110,0.492655
24111,0.599456
24112,0.952073
24113,0.771339
24114,0.760026
24115,0.744555
24116,0.537226
24117,0.91218
24118,0.70201
24119,0.771937
24120,0.385888
24121,0.647513
24122,0.685435
24123,0.906402
24124,0.476106
24125,0.681635
24126,0.664416
24127,0.875449
24128,0.700812
24129,0.961259
24130,0.843355
24131,0.593032
24132,0.607358
24133,0.623742
24134,0.793839
24135,0.67129
24136,0.418367
24137,0.627543
24138,0.428117
24139,0.899374
24140,0.651296
24141,0.71085
24142,0.967368
24143,0.91895
24144,0.797561
24145,0.819832
24146,0.925056
24147,0.875573
24148,0.889884
24149,0.887183
24150,0.798066
24151,0.611185
24152,0.792219
24153,0.878294
24154,0.971609
24155,0.720398
24156,0.713656
24157,0.826494
24158,0.757755
24159,0.863626
24160,0.821991
24161,0.925719
24162,0.372991
24163,0.656855
24164,0.59988
24165,0.922515
24166,0.341127
24167,0.669545
24168,0.661597
24169,0.859581
24170,0.825735
24171,0.934566
24172,0.880168
24173,0.873838
24174,0.706764
24175,0.88469
24176,0.973412
24177,0.97182
24178,0.808023
24179,0.565955
24180,0.75898
24181,0.894305
24182,0.570166
24183,0.456956
24184,0.635295
24185,0.493579
24186,0.852206
24187,0.902277
24188,0.649581
24189,0.773582
24190,0.655101
24191,0.564834
24192,0.712155
24193,0.928886
24194,0.520806
24195,0.607453
24196,0.6244
24197,0.770458
24198,0.923004
24199,0.82314
24200,0.683765
24201,0.704497
24202,0.911735
24203,0.924269
24204,0.581557
24205,0.810811
24206,0.487422
24207,0.70769
24208,0.639664
24209,0.726758
24210,0.697664
24211,0.93588
24212,0.810322
24213,0.453128
24214,0.630859
24215,0.933985
24216,0.624722
24217,0.734585
24218,0.676179
24219,0.820916
24220,0.865698
24221,0.668884
24222,0.635403
24223,0.55815
24224,0.623451
24225,0.938833
24226,0.852153
24227,0.715738
24228,0.572456
24229,0.827118
24230,0.87062
24231,0.606462
24232,0.802896
24233,0.953234
24234,0.617713
24235,0.853177
24236,0.780899
24237,0.793929
24238,0.415257
24239,0.84627
24240,0.505816
24241,0.557654
24242,0.741865
24243,0.953914
24244,0.190703
24245,0.692446
24246,0.931584
24247,0.79868
24248,0.607291
24249,0.90961
24250,0.566959
24251,0.743795
24252,0.797057
24253,0.532222
24254,0.937737
24255,0.682253
24256,0.731653
24257,0.556924
24258,0.832422
24259,0.82976
24260,0.602761
24261,0.763159
24262,0.685432
24263,0.902541
24264,0.738762
24265,0.67229
24266,0.576297
24267,0.624503
24268,0.826859
24269,0.611878
24270,0.964037
24271,0.82731
24272,0.749243
24273,0.786748
24274,0.641652
24275,0.566294
24276,0.501168
24277,0.898818
24278,0.978687
24279,0.884923
24280,0.704555
24281,0.951062
24282,0.917767
24283,0.906846
24284,0.604576
24285,0.750584
24286,0.813349
24287,0.816164
24288,0.759447
24289,0.582663
24290,0.682226
24291,0.565563
24292,0.901606
24293,0.689369
24294,0.703406
24295,0.578537
24296,0.766172
24297,0.645996
24298,0.808454
24299,0.858315
24300,0.858304
24301,0.647627
24302,0.411789
24303,0.347514
24304,0.583631
24305,0.54052
24306,0.86419
24307,0.859091
24308,0.651432
24309,0.224002
24310,0.942035
24311,0.245232
24312,0.869169
24313,0.777062
24314,0.624441
24315,0.67382
24316,0.619286
24317,0.923642
24318,0.558048
24319,0.307331
24320,0.359448
24321,0.487535
24322,0.606462
24323,0.814169
24324,0.818407
24325,0.486652
24326,0.270584
24327,0.690472
24328,0.660073
24329,0.813191
24330,0.797969
24331,0.843899
24332,0.77066
24333,0.507495
24334,0.426416
24335,0.744806
24336,0.532776
24337,0.751696
24338,0.625261
24339,0.857315
24340,0.96388
24341,0.651563
24342,0.787631
24343,0.704537
24344,0.619541
24345,0.42151
24346,0.555129
24347,0.539286
24348,0.481642
24349,0.739683
24350,0.665035
24351,0.591857
24352,0.619456
24353,0.741001
24354,0.579739
24355,0.563462
24356,0.969646
24357,0.908311
24358,0.889667
24359,0.106299
24360,0.958938
24361,0.691272
24362,0.683731
24363,0.528984
24364,0.618082
24365,0.644095
24366,0.651162
24367,0.48141
24368,0.755029
24369,0.732131
24370,0.720862
24371,0.756029
24372,0.635123
24373,0.887238
24374,0.629676
24375,0.245296
24376,0.619566
24377,0.736234
24378,0.9318
24379,0.754518
24380,0.893179
24381,0.773384
24382,0.55034
24383,0.644737
24384,0.765134
24385,0.768716
24386,0.639152
24387,0.692669
24388,0.473212
24389,0.576172
24390,0.690602
24391,0.579435
24392,0.924116
24393,0.604858
24394,0.802324
24395,0.959783
24396,0.918811
24397,0.764757
24398,0.870594
24399,0.825304
24400,0.650054
24401,0.348845
24402,0.57483
24403,0.498003
24404,0.649398
24405,0.890552
24406,0.409223
24407,0.890139
24408,0.672947
24409,0.899752
24410,0.723679
24411,0.874739
24412,0.833289
24413,0.50572
24414,0.888601
24415,0.843966
24416,0.580255
24417,0.89618
24418,0.452136
24419,0.720255
24420,0.697312
24421,0.657223
24422,0.643795
24423,0.47306
24424,0.438602
24425,0.629602
24426,0.767536
24427,0.919466
24428,0.831559
24429,0.801254
24430,0.785487
24431,0.815314
24432,0.901467
24433,0.939821
24434,0.825541
24435,0.570461
24436,0.860636
24437,0.852482
24438,0.463273
24439,0.878574
24440,0.732553
24441,0.581803
24442,0.861663
24443,0.51758
24444,0.972203
24445,0.942859
24446,0.706848
24447,0.74546
24448,0.97752
24449,0.761519
24450,0.617935
24451,0.565719
24452,0.876885
24453,0.805704
24454,0.858128
24455,0.950597
24456,0.567897
24457,0.783754
24458,0.395128
24459,0.835172
24460,0.425707
24461,0.593794
24462,0.617615
24463,0.789244
24464,0.515078
24465,0.896355
24466,0.967482
24467,0.648689
24468,0.866156
24469,0.940239
24470,0.544891
24471,0.748243
24472,0.533161
24473,0.707004
24474,0.687534
24475,0.896368
24476,0.446403
24477,0.657241
24478,0.769972
24479,0.540065
24480,0.780553
24481,0.582327
24482,0.839883
24483,0.64248
24484,0.482164
24485,0.708482
24486,0.778403
24487,0.700765
24488,0.777285
24489,0.770741
24490,0.773198
24491,0.721283
24492,0.651545
24493,0.671683
24494,0.815727
24495,0.932555
24496,0.692841
24497,0.982813
24498,0.554327
24499,0.76088
24500,0.818416
24501,0.775462
24502,0.427207
24503,0.747411
24504,0.966052
24505,0.763368
24506,0.82261
24507,0.889301
24508,0.684089
24509,0.615948
24510,0.877943
24511,0.372395
24512,0.859103
24513,0.837199
24514,0.853947
24515,0.468507
24516,0.622576
24517,0.873005
24518,0.95955
24519,0.699831
24520,0.628322
24521,0.899908
24522,0.621578
24523,0.808819
24524,0.97424
24525,0.832756
24526,0.918117
24527,0.676018
24528,0.882636
24529,0.764363
24530,0.137175
24531,0.302105
24532,0.77983
24533,0.776902
24534,0.869522
24535,0.757571
24536,0.934747
24537,0.578794
24538,0.499064
24539,0.812023
24540,0.908633
24541,0.722859
24542,0.685047
24543,0.609393
24544,0.958754
24545,0.613327
24546,0.571562
24547,0.789389
24548,0.563514
24549,0.919695
24550,0.345754
24551,0.858354
24552,0.421909
24553,0.956854
24554,0.919037
24555,0.873535
24556,0.248199
24557,0.558964
24558,0.432222
24559,0.865157
24560,0.908595
24561,0.647466
24562,0.574337
24563,0.756215
24564,0.324751
24565,0.177207
24566,0.534536
24567,0.671007
24568,0.959338
24569,0.79853
24570,0.87666
24571,0.81996
24572,0.513521
24573,0.678454
24574,0.546446
24575,0.628527
24576,0.852376
24577,0.768889
24578,0.389834
24579,0.870128
24580,0.876202
24581,0.687094
24582,0.631631
24583,0.886968
24584,0.678966
24585,0.725389
24586,0.735979
24587,0.891608
24588,0.88418
24589,0.840314
24590,0.928577
24591,0.429994
24592,0.66752
24593,0.775881
24594,0.848335
24595,0.751531
24596,0.678061
24597,0.88571
24598,0.562903
24599,0.12525
24600,0.804543
24601,0.634867
24602,0.962292
24603,0.602645
24604,0.876982
24605,0.935139
24606,0.753677
24607,0.704325
24608,0.626951
24609,0.896138
24610,0.827809
24611,0.908376
24612,0.927986
24613,0.874365
24614,0.592659
24615,0.919758
24616,0.768963
24617,0.644746
24618,0.275661
24619,0.45887
24620,0.78454
24621,0.257176
24622,0.95324
24623,0.771589
24624,0.727644
24625,0.875545
24626,0.949992
24627,0.789686
24628,0.568474
24629,0.346226
24630,0.765744
24631,0.714767
24632,0.739627
24633,0.463909
24634,0.612518
24635,0.731044
24636,0.630958
24637,0.647491
24638,0.652926
24639,0.939095
24640,0.630644
24641,0.886172
24642,0.509527
24643,0.6747
24644,0.8072
24645,0.564687
24646,0.406593
24647,0.639045
24648,0.926163
24649,0.855831
24650,0.826262
24651,0.829605
24652,0.844625
24653,0.683014
24654,0.885221
24655,0.644594
24656,0.894984
24657,0.790931
24658,0.921123
24659,0.862473
24660,0.971
24661,0.80345
24662,0.849196
24663,0.579074
24664,0.493801
24665,0.71574
24666,0.956138
24667,0.535898
24668,0.707871
24669,0.625455
24670,0.902256
24671,0.623049
24672,0.939435
24673,0.880082
24674,0.563892
24675,0.544299
24676,0.98322
24677,0.839537
24678,0.693575
24679,0.735792
24680,0.528066
24681,0.685241
24682,0.72914
24683,0.93811
24684,0.160327
24685,0.745341
24686,0.611742
24687,0.615507
24688,0.768413
24689,0.714671
24690,0.550635
24691,0.718332
24692,0.373976
24693,0.837051
24694,0.48081
24695,0.757868
24696,0.792007
24697,0.884151
24698,0.669712
24699,0.610494
24700,0.52163
24701,0.907039
24702,0.809913
24703,0.612323
24704,0.479484
24705,0.875892
24706,0.759053
24707,0.560184
24708,0.349539
24709,0.926029
24710,0.537229
24711,0.670365
24712,0.739793
24713,0.630748
24714,0.55296
24715,0.737669
24716,0.951226
24717,0.874969
24718,0.715953
24719,0.855517
24720,0.882253
24721,0.700055
24722,0.860723
24723,0.576853
24724,0.938607
24725,0.590404
24726,0.96548
24727,0.868377
24728,0.70717
24729,0.664446
24730,0.67784
24731,0.766702
24732,0.55186
24733,0.820692
24734,0.791873
24735,0.737568
24736,0.738498
24737,0.944354
24738,0.541461
24739,0.754515
24740,0.267516
24741,0.697866
24742,0.488437
24743,0.66188
24744,0.137978
24745,0.145312
24746,0.694146
24747,0.890951
24748,0.542129
24749,0.711591
24750,0.657388
24751,0.73995
24752,0.632463
24753,0.751988
24754,0.558421
24755,0.512834
24756,0.807888
24757,0.965536
24758,0.775423
24759,0.697813
24760,0.961274
24761,0.901468
24762,0.962664
24763,0.529617
24764,0.76214
24765,0.688277
24766,0.93872
24767,0.747989
24768,0.771543
24769,0.989159
24770,0.856971
24771,0.743076
24772,0.637218
24773,0.635988
24774,0.496091
24775,0.949854
24776,0.740029
24777,0.915661
24778,0.844905
24779,0.783577
24780,0.877403
24781,0.822277
24782,0.401669
24783,0.30052
24784,0.922967
24785,0.86397
24786,0.328821
24787,0.94254
24788,0.829802
24789,0.32205
24790,0.632496
24791,0.7195
24792,0.915705
24793,0.503605
24794,0.942687
24795,0.944928
24796,0.877694
24797,0.724495
24798,0.988341
24799,0.787977
24800,0.610529
24801,0.266706
24802,0.701104
24803,0.738145
24804,0.704427
24805,0.862119
24806,0.252428
24807,0.435469
24808,0.890894
24809,0.580542
24810,0.958706
24811,0.415118
24812,0.846941
24813,0.793595
24814,0.755635
24815,0.67254
24816,0.843494
24817,0.56083
24818,0.743275
24819,0.904927
24820,0.699055
24821,0.730135
24822,0.956971
24823,0.929429
24824,0.881084
24825,0.920033
24826,0.693012
24827,0.696163
24828,0.234088
24829,0.575955
24830,0.859191
24831,0.553628
24832,0.758577
24833,0.859219
24834,0.579352
24835,0.671652
24836,0.389708
24837,0.838404
24838,0.428811
24839,0.641717
24840,0.770029
24841,0.531844
24842,0.80871
24843,0.7588
24844,0.915243
24845,0.947465
24846,0.713472
24847,0.908006
24848,0.816858
24849,0.969681
24850,0.870495
24851,0.710591
24852,0.941359
24853,0.594305
24854,0.815391
24855,0.790727
24856,0.645734
24857,0.270916
24858,0.40495
24859,0.316241
24860,0.855678
24861,0.592749
24862,0.620481
24863,0.780646
24864,0.98687
24865,0.797984
24866,0.636346
24867,0.985008
24868,0.935988
24869,0.462362
24870,0.749561
24871,0.729461
24872,0.877245
24873,0.890063
24874,0.355955
24875,0.876578
24876,0.873939
24877,0.768411
24878,0.938152
24879,0.694612
24880,0.775606
24881,0.826708
24882,0.562168
24883,0.918772
24884,0.627332
24885,0.585139
24886,0.976188
24887,0.642712
24888,0.804876
24889,0.154832
24890,0.651388
24891,0.959076
24892,0.823007
24893,0.827014
24894,0.854232
24895,0.555585
24896,0.877969
24897,0.721621
24898,0.891146
24899,0.595053
24900,0.553338
24901,0.601809
24902,0.718045
24903,0.806842
24904,0.758338
24905,0.890623
24906,0.636066
24907,0.900244
24908,0.594979
24909,0.820815
24910,0.815407
24911,0.775891
24912,0.814952
24913,0.796288
24914,0.753269
24915,0.587931
24916,0.846635
24917,0.28169
24918,0.913028
24919,0.632601
24920,0.57313
24921,0.264685
24922,0.614442
24923,0.880009
24924,0.800527
24925,0.871265
24926,0.888543
24927,0.694414
24928,0.185081
24929,0.738245
24930,0.72944
24931,0.67027
24932,0.797516
24933,0.715408
24934,0.74181
24935,0.495455
24936,0.631616
24937,0.649081
24938,0.519657
24939,0.939288
24940,0.595492
24941,0.675552
24942,0.834976
24943,0.894594
24944,0.6465
24945,0.874657
24946,0.912441
24947,0.52655
24948,0.68201
24949,0.707996
24950,0.786843
24951,0.860363
24952,0.806126
24953,0.462747
24954,0.254792
24955,0.663207
24956,0.305965
24957,0.755397
24958,0.738643
24959,0.71446
24960,0.482575
24961,0.854593
24962,0.937599
24963,0.511816
24964,0.670385
24965,0.597112
24966,0.814801
24967,0.961725
24968,0.466118
24969,0.372757
24970,0.644705
24971,0.837775
24972,0.957821
24973,0.831244
24974,0.807455
24975,0.709945
24976,0.51989
24977,0.760486
24978,0.610768
24979,0.62066
24980,0.383188
24981,0.897256
24982,0.920506
24983,0.946974
24984,0.61779
24985,0.935348
24986,0.366223
24987,0.884438
24988,0.827521
24989,0.589956
24990,0.755224
24991,0.564871
24992,0.55139
24993,0.73809
24994,0.690194
24995,0.935995
24996,0.903372
24997,0.967555
24998,0.695825
24999,0.531554
25000,0.616694
25001,0.689839
25002,0.969917
25003,0.832908
25004,0.364738
25005,0.34404
25006,0.908486
25007,0.859799
25008,0.507018
25009,0.668173
25010,0.806163
25011,0.689359
25012,0.718643
25013,0.669074
25014,0.633208
25015,0.635384
25016,0.895083
25017,0.78025
25018,0.862204
25019,0.192122
25020,0.540934
25021,0.741423
25022,0.713579
25023,0.563327
25024,0.583673
25025,0.962613
25026,0.457834
25027,0.911916
25028,0.978423
25029,0.785957
25030,0.911422
25031,0.746102
25032,0.621524
25033,0.591625
25034,0.946035
25035,0.75863
25036,0.6055
25037,0.870397
25038,0.571499
25039,0.925596
25040,0.940013
25041,0.844145
25042,0.608565
25043,0.789234
25044,0.7016
25045,0.699518
25046,0.469643
25047,0.850003
25048,0.680139
25049,0.805637
25050,0.959605
25051,0.830612
25052,0.511005
25053,0.661302
25054,0.686254
25055,0.42543
25056,0.647754
25057,0.833119
25058,0.978839
25059,0.977628
25060,0.604587
25061,0.617709
25062,0.713464
25063,0.502502
25064,0.731369
25065,0.617482
25066,0.765126
25067,0.68821
25068,0.723086
25069,0.820538
25070,0.836884
25071,0.889134
25072,0.68453
25073,0.675354
25074,0.765223
25075,0.905241
25076,0.892912
25077,0.677707
25078,0.760383
25079,0.59192
25080,0.555749
25081,0.806703
25082,0.768247
25083,0.962506
25084,0.683671
25085,0.787901
25086,0.565874
25087,0.332277
25088,0.6213
25089,0.551135
25090,0.895859
25091,0.871286
25092,0.769552
25093,0.782833
25094,0.722227
25095,0.506755
25096,0.723813
25097,0.764404
25098,0.757063
25099,0.599101
25100,0.691587
25101,0.46208
25102,0.692326
25103,0.945623
25104,0.78473
25105,0.826732
25106,0.933092
25107,0.785502
25108,0.622824
25109,0.467901
25110,0.89398
25111,0.563899
25112,0.786681
25113,0.744239
25114,0.73296
25115,0.696659
25116,0.463369
25117,0.253063
25118,0.844301
25119,0.594991
25120,0.843013
25121,0.727547
25122,0.664508
25123,0.969762
25124,0.873294
25125,0.77694
25126,0.637812
25127,0.664059
25128,0.889912
25129,0.804758
25130,0.170502
25131,0.71376
25132,0.535064
25133,0.806094
25134,0.699789
25135,0.591903
25136,0.562909
25137,0.634466
25138,0.52693
25139,0.565372
25140,0.672598
25141,0.959773
25142,0.579785
25143,0.904596
25144,0.726115
25145,0.863699
25146,0.87805
25147,0.913696
25148,0.974827
25149,0.858169
25150,0.527168
25151,0.635877
25152,0.921461
25153,0.585116
25154,0.638312
25155,0.635443
25156,0.597218
25157,0.789166
25158,0.610807
25159,0.748675
25160,0.790004
25161,0.584546
25162,0.810066
25163,0.812591
25164,0.87418
25165,0.97061
25166,0.844475
25167,0.820223
25168,0.635482
25169,0.904006
25170,0.576993
25171,0.879337
25172,0.841226
25173,0.789195
25174,0.738709
25175,0.662947
25176,0.244829
25177,0.715024
25178,0.764575
25179,0.590285
25180,0.969776
25181,0.66739
25182,0.956487
25183,0.813299
25184,0.946332
25185,0.63994
25186,0.603411
25187,0.528382
25188,0.351573
25189,0.851569
25190,0.621179
25191,0.930233
25192,0.830774
25193,0.600712
25194,0.505683
25195,0.505695
25196,0.893726
25197,0.62846
25198,0.973695
25199,0.731174
25200,0.391407
25201,0.638266
25202,0.715812
25203,0.868356
25204,0.900457
25205,0.869285
25206,0.604665
25207,0.409665
25208,0.945274
25209,0.686952
25210,0.653114
25211,0.828178
25212,0.69311
25213,0.716614
25214,0.691181
25215,0.549745
25216,0.571546
25217,0.678884
25218,0.891346
25219,0.622666
25220,0.876319
25221,0.835365
25222,0.67097
25223,0.683733
25224,0.894429
25225,0.71636
25226,0.642033
25227,0.374916
25228,0.698467
25229,0.899671
25230,0.515445
25231,0.731231
25232,0.839909
25233,0.670007
25234,0.959036
25235,0.745953
25236,0.954105
25237,0.745717
25238,0.743393
25239,0.59161
25240,0.716309
25241,0.657104
25242,0.584041
25243,0.870925
25244,0.777754
25245,0.809638
25246,0.374954
25247,0.715488
25248,0.898688
25249,0.719548
25250,0.590949
25251,0.72702
25252,0.626303
25253,0.795798
25254,0.500414
25255,0.97138
25256,0.515528
25257,0.528376
25258,0.754936
25259,0.867873
25260,0.734358
25261,0.653761
25262,0.825357
25263,0.789112
25264,0.612507
25265,0.959341
25266,0.85886
25267,0.521508
25268,0.882108
25269,0.65819
25270,0.661471
25271,0.863205
25272,0.453907
25273,0.243958
25274,0.548974
25275,0.713588
25276,0.857027
25277,0.834378
25278,0.72138
25279,0.741699
25280,0.584977
25281,0.881936
25282,0.639044
25283,0.522254
25284,0.917609
25285,0.66587
25286,0.71166
25287,0.885974
25288,0.706134
25289,0.736237
25290,0.840813
25291,0.645373
25292,0.658564
25293,0.921181
25294,0.927162
25295,0.842256
25296,0.906529
25297,0.963784
25298,0.736062
25299,0.663177
25300,0.854706
25301,0.8713
25302,0.505664
25303,0.759125
25304,0.883932
25305,0.653372
25306,0.557516
25307,0.910152
25308,0.630248
25309,0.544061
25310,0.621034
25311,0.652753
25312,0.668965
25313,0.746946
25314,0.527164
25315,0.72774
25316,0.750553
25317,0.63563
25318,0.955859
25319,0.728835
25320,0.653099
25321,0.603846
25322,0.874104
25323,0.873686
25324,0.699982
25325,0.898101
25326,0.698097
25327,0.575053
25328,0.79375
25329,0.97058
25330,0.665153
25331,0.531534
25332,0.928711
25333,0.831441
25334,0.632076
25335,0.767453
25336,0.906617
25337,0.974706
25338,0.805523
25339,0.932379
25340,0.887255
25341,0.799249
25342,0.888254
25343,0.974976
25344,0.618709
25345,0.716505
25346,0.418909
25347,0.840651
25348,0.209289
25349,0.743265
25350,0.793844
25351,0.475574
25352,0.50885
25353,0.784456
25354,0.674952
25355,0.968326
25356,0.623262
25357,0.488208
25358,0.55964
25359,0.82335
25360,0.474571
25361,0.858451
25362,0.752116
25363,0.908599
25364,0.820159
25365,0.533818
25366,0.957833
25367,0.88042
25368,0.749195
25369,0.737818
25370,0.737667
25371,0.955543
25372,0.725991
25373,0.675805
25374,0.919835
25375,0.588577
25376,0.717247
25377,0.634084
25378,0.858051
25379,0.525636
25380,0.838703
25381,0.432815
25382,0.909553
25383,0.472686
25384,0.89807
25385,0.545204
25386,0.762305
25387,0.796396
25388,0.884226
25389,0.91918
25390,0.594586
25391,0.691237
25392,0.944741
25393,0.613355
25394,0.239229
25395,0.949997
25396,0.810026
25397,0.777491
25398,0.74143
25399,0.6051
25400,0.885803
25401,0.5839
25402,0.956746
25403,0.978527
25404,0.652263
25405,0.75571
25406,0.959294
25407,0.586436
25408,0.615727
25409,0.782683
25410,0.86356
25411,0.948798
25412,0.728863
25413,0.865932
25414,0.836333
25415,0.201286
25416,0.821792
25417,0.870917
25418,0.176089
25419,0.677596
25420,0.885887
25421,0.688625
25422,0.662853
25423,0.480112
25424,0.521612
25425,0.746373
25426,0.611829
25427,0.558062
25428,0.787947
25429,0.757185
25430,0.774807
25431,0.905339
25432,0.843472
25433,0.620645
25434,0.757449
25435,0.180527
25436,0.687437
25437,0.933972
25438,0.824868
25439,0.930011
25440,0.812217
25441,0.899213
25442,0.560469
25443,0.855776
25444,0.829925
25445,0.630791
25446,0.868245
25447,0.613829
25448,0.869473
25449,0.283667
25450,0.974759
25451,0.614322
25452,0.924475
25453,0.949938
25454,0.458897
25455,0.848064
25456,0.766137
25457,0.92827
25458,0.779453
25459,0.617016
25460,0.222286
25461,0.780513
25462,0.826436
25463,0.491693
25464,0.8176
25465,0.830797
25466,0.719604
25467,0.694605
25468,0.531853
25469,0.783235
25470,0.896778
25471,0.852894
25472,0.514495
25473,0.653783
25474,0.710401
25475,0.809471
25476,0.509377
25477,0.615261
25478,0.652634
25479,0.327353
25480,0.561902
25481,0.652529
25482,0.848314
25483,0.84722
25484,0.668256
25485,0.686515
25486,0.874501
25487,0.904206
25488,0.890002
25489,0.629847
25490,0.975666
25491,0.912247
25492,0.762371
25493,0.770604
25494,0.746265
25495,0.979539
25496,0.505539
25497,0.89215
25498,0.840851
25499,0.767968
25500,0.858847
25501,0.601173
25502,0.803459
25503,0.88975
25504,0.706085
25505,0.628278
25506,0.916468
25507,0.812671
25508,0.865568
25509,0.27862
25510,0.438979
25511,0.677211
25512,0.459337
25513,0.781968
25514,0.683461
25515,0.730505
25516,0.589082
25517,0.778867
25518,0.51684
25519,0.919299
25520,0.627324
25521,0.683493
25522,0.681412
25523,0.615129
25524,0.58067
25525,0.740753
25526,0.459146
25527,0.498583
25528,0.53759
25529,0.913796
25530,0.543751
25531,0.921823
25532,0.674092
25533,0.815022
25534,0.677199
25535,0.792504
25536,0.40241
25537,0.518591
25538,0.579703
25539,0.953052
25540,0.73328
25541,0.703772
25542,0.641105
25543,0.714396
25544,0.489492
25545,0.571836
25546,0.864596
25547,0.561696
25548,0.814798
25549,0.807525
25550,0.689418
25551,0.746659
25552,0.51083
25553,0.838522
25554,0.863435
25555,0.831863
25556,0.606433
25557,0.834158
25558,0.647586
25559,0.879075
25560,0.522301
25561,0.678956
25562,0.97855
25563,0.727083
25564,0.518671
25565,0.238045
25566,0.9475
25567,0.68691
25568,0.394171
25569,0.657688
25570,0.61492
25571,0.924889
25572,0.122263
25573,0.808714
25574,0.635293
25575,0.943112
25576,0.529001
25577,0.691148
25578,0.931794
25579,0.80641
25580,0.463786
25581,0.830838
25582,0.768208
25583,0.487202
25584,0.601735
25585,0.806794
25586,0.956584
25587,0.689933
25588,0.789862
25589,0.748751
25590,0.594293
25591,0.796269
25592,0.901194
25593,0.615303
25594,0.730882
25595,0.190349
25596,0.85266
25597,0.597788
25598,0.659093
25599,0.592149
25600,0.794477
25601,0.877987
25602,0.810624
25603,0.265291
25604,0.683895
25605,0.887314
25606,0.425272
25607,0.691514
25608,0.404443
25609,0.6586
25610,0.5839
25611,0.818267
25612,0.937537
25613,0.460119
25614,0.953557
25615,0.927232
25616,0.668977
25617,0.849523
25618,0.622511
25619,0.908167
25620,0.177647
25621,0.82433
25622,0.412769
25623,0.605852
25624,0.887261
25625,0.394456
25626,0.810308
25627,0.830569
25628,0.738798
25629,0.597016
25630,0.613321
25631,0.579872
25632,0.721303
25633,0.90614
25634,0.978147
25635,0.658049
25636,0.953943
25637,0.632971
25638,0.67203
25639,0.842465
25640,0.948515
25641,0.439014
25642,0.875513
25643,0.844216
25644,0.80422
25645,0.620342
25646,0.85676
25647,0.609608
25648,0.857546
25649,0.781671
25650,0.723538
25651,0.579983
25652,0.813207
25653,0.920517
25654,0.822075
25655,0.978752
25656,0.970356
25657,0.836526
25658,0.646847
25659,0.91914
25660,0.400296
25661,0.71268
25662,0.638535
25663,0.876498
25664,0.936534
25665,0.821537
25666,0.922056
25667,0.730569
25668,0.82165
25669,0.763877
25670,0.806077
25671,0.863638
25672,0.913948
25673,0.773133
25674,0.583866
25675,0.463082
25676,0.973552
25677,0.988007
25678,0.824973
25679,0.70827
25680,0.718755
25681,0.886368
25682,0.101105
25683,0.580529
25684,0.432586
25685,0.62104
25686,0.357707
25687,0.847312
25688,0.883339
25689,0.828634
25690,0.546923
25691,0.544508
25692,0.728832
25693,0.807408
25694,0.727329
25695,0.524536
25696,0.773169
25697,0.952487
25698,0.789916
25699,0.876407
25700,0.771915
25701,0.513735
25702,0.948074
25703,0.678385
25704,0.90341
25705,0.751904
25706,0.791254
25707,0.742064
25708,0.882226
25709,0.883119
25710,0.897856
25711,0.612381
25712,0.982181
25713,0.903697
25714,0.95172
25715,0.84905
25716,0.542588
25717,0.737501
25718,0.673861
25719,0.856871
25720,0.97218
25721,0.722512
25722,0.861762
25723,0.921031
25724,0.517479
25725,0.739156
25726,0.751729
25727,0.569074
25728,0.83969
25729,0.288774
25730,0.385677
25731,0.841888
25732,0.772136
25733,0.952168
25734,0.486461
25735,0.706961
25736,0.900498
25737,0.442973
25738,0.860572
25739,0.908686
25740,0.895891
25741,0.228336
25742,0.864679
25743,0.73174
25744,0.92993
25745,0.524352
25746,0.937025
25747,0.62138
25748,0.615174
25749,0.651202
25750,0.831565
25751,0.803658
25752,0.532456
25753,0.290094
25754,0.61134
25755,0.971189
25756,0.903916
25757,0.438046
25758,0.788286
25759,0.810137
25760,0.60975
25761,0.738323
25762,0.885162
25763,0.557713
25764,0.785679
25765,0.779507
25766,0.915696
25767,0.534556
25768,0.8673
25769,0.936878
25770,0.923718
25771,0.905799
25772,0.439897
25773,0.654406
25774,0.710504
25775,0.882338
25776,0.613745
25777,0.552047
25778,0.858559
25779,0.412418
25780,0.788931
25781,0.723775
25782,0.84975
25783,0.600811
25784,0.80786
25785,0.666355
25786,0.772746
25787,0.796132
25788,0.490133
25789,0.646154
25790,0.884503
25791,0.62127
25792,0.80895
25793,0.498351
25794,0.639404
25795,0.524099
25796,0.791764
25797,0.57264
25798,0.441587
25799,0.922391
25800,0.757082
25801,0.859467
25802,0.62048
25803,0.793423
25804,0.805569
25805,0.715297
25806,0.750262
25807,0.617624
25808,0.649939
25809,0.767619
25810,0.711695
25811,0.697592
25812,0.591619
25813,0.365077
25814,0.930987
25815,0.850914
25816,0.687078
25817,0.868992
25818,0.641006
25819,0.871724
25820,0.439798
25821,0.774824
25822,0.243487
25823,0.6742
25824,0.689073
25825,0.892176
25826,0.985815
25827,0.751514
25828,0.653158
25829,0.74116
25830,0.720357
25831,0.461515
25832,0.785285
25833,0.561151
25834,0.966992
25835,0.747912
25836,0.755646
25837,0.726994
25838,0.864886
25839,0.917271
25840,0.679291
25841,0.722452
25842,0.787806
25843,0.802385
25844,0.717412
25845,0.775835
25846,0.865362
25847,0.824335
25848,0.835579
25849,0.777553
25850,0.769121
25851,0.841286
25852,0.899077
25853,0.765159
25854,0.668347
25855,0.728519
25856,0.678581
25857,0.79931
25858,0.816864
25859,0.659664
25860,0.757093
25861,0.779818
25862,0.930815
25863,0.743603
25864,0.95054
25865,0.350507
25866,0.703961
25867,0.525086
25868,0.265856
25869,0.672197
25870,0.718276
25871,0.902693
25872,0.597586
25873,0.813617
25874,0.827865
25875,0.953498
25876,0.689053
25877,0.83039
25878,0.60092
25879,0.880712
25880,0.964799
25881,0.457551
25882,0.740108
25883,0.90833
25884,0.776208
25885,0.913679
25886,0.854209
25887,0.632306
25888,0.91076
25889,0.764394
25890,0.625218
25891,0.223764
25892,0.515713
25893,0.21898
25894,0.766479
25895,0.744287
25896,0.54975
25897,0.455722
25898,0.901101
25899,0.730841
25900,0.504836
25901,0.789641
25902,0.644899
25903,0.850838
25904,0.902359
25905,0.669863
25906,0.234942
25907,0.950995
25908,0.615313
25909,0.63602
25910,0.440436
25911,0.655992
25912,0.944214
25913,0.856909
25914,0.47477
25915,0.963389
25916,0.903279
25917,0.511648
25918,0.576114
25919,0.879515
25920,0.623328
25921,0.553904
25922,0.581091
25923,0.872401
25924,0.694524
25925,0.527984
25926,0.617793
25927,0.812216
25928,0.812326
25929,0.587243
25930,0.651604
25931,0.453872
25932,0.923985
25933,0.970559
25934,0.574209
25935,0.803849
25936,0.742369
25937,0.667948
25938,0.652491
25939,0.514137
25940,0.794155
25941,0.971111
25942,0.784748
25943,0.870784
25944,0.663004
25945,0.920925
25946,0.861955
25947,0.5588
25948,0.822121
25949,0.929464
25950,0.734865
25951,0.825177
25952,0.792919
25953,0.701096
25954,0.513596
25955,0.588314
25956,0.806845
25957,0.775612
25958,0.910855
25959,0.964805
25960,0.766324
25961,0.772512
25962,0.933972
25963,0.936608
25964,0.899479
25965,0.644353
25966,0.605573
25967,0.892414
25968,0.945391
25969,0.504358
25970,0.475631
25971,0.29388
25972,0.739363
25973,0.923725
25974,0.716711
25975,0.554011
25976,0.711117
25977,0.613284
25978,0.741403
25979,0.756811
25980,0.532279
25981,0.68838
25982,0.96139
25983,0.942774
25984,0.664996
25985,0.538534
25986,0.464621
25987,0.581892
25988,0.789906
25989,0.800544
25990,0.943979
25991,0.76326
25992,0.49721
25993,0.965211
25994,0.470063
25995,0.685588
25996,0.91991
25997,0.816429
25998,0.556625
25999,0.539493
26000,0.676533
26001,0.47714
26002,0.588252
26003,0.911041
26004,0.628199
26005,0.915015
26006,0.722893
26007,0.896653
26008,0.55408
26009,0.807391
26010,0.772869
26011,0.74373
26012,0.96595
26013,0.572648
26014,0.830929
26015,0.54477
26016,0.917598
26017,0.790068
26018,0.766424
26019,0.814459
26020,0.427473
26021,0.832193
26022,0.817564
26023,0.820837
26024,0.943592
26025,0.748045
26026,0.881489
26027,0.49055
26028,0.773561
26029,0.747279
26030,0.70671
26031,0.956286
26032,0.684958
26033,0.45131
26034,0.178498
26035,0.271962
26036,0.801302
26037,0.616588
26038,0.541961
26039,0.76103
26040,0.931166
26041,0.885453
26042,0.333472
26043,0.817736
26044,0.684531
26045,0.705157
26046,0.897819
26047,0.483971
26048,0.518952
26049,0.312391
26050,0.619432
26051,0.979713
26052,0.661839
26053,0.625436
26054,0.974446
26055,0.646659
26056,0.51563
26057,0.962725
26058,0.948142
26059,0.413837
26060,0.776302
26061,0.600933
26062,0.780946
26063,0.513174
26064,0.463165
26065,0.832475
26066,0.891309
26067,0.824573
26068,0.74223
26069,0.888121
26070,0.565484
26071,0.855327
26072,0.835274
26073,0.982325
26074,0.834514
26075,0.518562
26076,0.682835
26077,0.669644
26078,0.769072
26079,0.895565
26080,0.764507
26081,0.855269
26082,0.667088
26083,0.91784
26084,0.760481
26085,0.521721
26086,0.79678
26087,0.534222
26088,0.527643
26089,0.628452
26090,0.689827
26091,0.777896
26092,0.542051
26093,0.904866
26094,0.771173
26095,0.958485
26096,0.612185
26097,0.546446
26098,0.884986
26099,0.741441
26100,0.606286
26101,0.870269
26102,0.715113
26103,0.73972
26104,0.382403
26105,0.644793
26106,0.81295
26107,0.802074
26108,0.532626
26109,0.722407
26110,0.544759
26111,0.850551
26112,0.619487
26113,0.807543
26114,0.524007
26115,0.602473
26116,0.959954
26117,0.614785
26118,0.78273
26119,0.221166
26120,0.724934
26121,0.35274
26122,0.943085
26123,0.961873
26124,0.916709
26125,0.808961
26126,0.965002
26127,0.766578
26128,0.82767
26129,0.455563
26130,0.692163
26131,0.749566
26132,0.502838
26133,0.742164
26134,0.833141
26135,0.918935
26136,0.731527
26137,0.600005
26138,0.61117
26139,0.57217
26140,0.923429
26141,0.726226
26142,0.602747
26143,0.527387
26144,0.701429
26145,0.733225
26146,0.951732
26147,0.962792
26148,0.811422
26149,0.69117
26150,0.410968
26151,0.70599
26152,0.894727
26153,0.879233
26154,0.640559
26155,0.475305
26156,0.660338
26157,0.73068
26158,0.700518
26159,0.641749
26160,0.584284
26161,0.688691
26162,0.854374
26163,0.852714
26164,0.965301
26165,0.761155
26166,0.285458
26167,0.867879
26168,0.626048
26169,0.741565
26170,0.761848
26171,0.444421
26172,0.570626
26173,0.832159
26174,0.555237
26175,0.83824
26176,0.754258
26177,0.862934
26178,0.691686
26179,0.676184
26180,0.82081
26181,0.802615
26182,0.772511
26183,0.756272
26184,0.794682
26185,0.565677
26186,0.574713
26187,0.824004
26188,0.92
26189,0.74916
26190,0.682496
26191,0.803682
26192,0.816035
26193,0.87558
26194,0.91795
26195,0.810029
26196,0.625839
26197,0.793446
26198,0.966374
26199,0.508341
26200,0.706819
26201,0.850062
26202,0.502879
26203,0.820382
26204,0.458971
26205,0.652227
26206,0.683187
26207,0.586275
26208,0.657065
26209,0.618787
26210,0.657857
26211,0.956216
26212,0.550754
26213,0.647617
26214,0.857576
26215,0.848708
26216,0.835499
26217,0.586164
26218,0.825088
26219,0.680097
26220,0.63175
26221,0.862636
26222,0.894613
26223,0.836
26224,0.723585
26225,0.793404
26226,0.6526
26227,0.887066
26228,0.619455
26229,0.85521
26230,0.660313
26231,0.722018
26232,0.96496
26233,0.459687
26234,0.777191
26235,0.850469
26236,0.776432
26237,0.857003
26238,0.905973
26239,0.901955
26240,0.65207
26241,0.83366
26242,0.645092
26243,0.763531
26244,0.731833
26245,0.516913
26246,0.959658
26247,0.523712
26248,0.824737
26249,0.790575
26250,0.938311
26251,0.448294
26252,0.460806
26253,0.780453
26254,0.624572
26255,0.505815
26256,0.83433
26257,0.975413
26258,0.967406
26259,0.886219
26260,0.935236
26261,0.693657
26262,0.513322
26263,0.723863
26264,0.542254
26265,0.632248
26266,0.541655
26267,0.567702
26268,0.517321
26269,0.880785
26270,0.912757
26271,0.82224
26272,0.530023
26273,0.659993
26274,0.621041
26275,0.758876
26276,0.80008
26277,0.875207
26278,0.692066
26279,0.744392
26280,0.905124
26281,0.764098
26282,0.50424
26283,0.54275
26284,0.494699
26285,0.837551
26286,0.601167
26287,0.846118
26288,0.529641
26289,0.58161
26290,0.909426
26291,0.866536
26292,0.396672
26293,0.627264
26294,0.800416
26295,0.665698
26296,0.554262
26297,0.711081
26298,0.594041
26299,0.72023
26300,0.451381
26301,0.605405
26302,0.851165
26303,0.73262
26304,0.702949
26305,0.832657
26306,0.801941
26307,0.883578
26308,0.653512
26309,0.610975
26310,0.784385
26311,0.946174
26312,0.933267
26313,0.790511
26314,0.805382
26315,0.718685
26316,0.546355
26317,0.715741
26318,0.651398
26319,0.949905
26320,0.502301
26321,0.686549
26322,0.675071
26323,0.807009
26324,0.614299
26325,0.948975
26326,0.635871
26327,0.880462
26328,0.651878
26329,0.954922
26330,0.933377
26331,0.747156
26332,0.238097
26333,0.660074
26334,0.952204
26335,0.854774
26336,0.583697
26337,0.76551
26338,0.744936
26339,0.665987
26340,0.872507
26341,0.850862
26342,0.76492
26343,0.828787
26344,0.855387
26345,0.474531
26346,0.798922
26347,0.825073
26348,0.513186
26349,0.887351
26350,0.939717
26351,0.752652
26352,0.888867
26353,0.873083
26354,0.862808
26355,0.882572
26356,0.477371
26357,0.794814
26358,0.59008
26359,0.457484
26360,0.809845
26361,0.680943
26362,0.504553
26363,0.725931
26364,0.244778
26365,0.672343
26366,0.932747
26367,0.728856
26368,0.975255
26369,0.816102
26370,0.814623
26371,0.489957
26372,0.614021
26373,0.37427
26374,0.953842
26375,0.700852
26376,0.61191
26377,0.684728
26378,0.449749
26379,0.467358
26380,0.858116
26381,0.66487
26382,0.951304
26383,0.605013
26384,0.478963
26385,0.589238
26386,0.61793
26387,0.851052
26388,0.696419
26389,0.342346
26390,0.482265
26391,0.32612
26392,0.625346
26393,0.970248
26394,0.925932
26395,0.678244
26396,0.597804
26397,0.866041
26398,0.646941
26399,0.482638
26400,0.759222
26401,0.892799
26402,0.779294
26403,0.560276
26404,0.553762
26405,0.673377
26406,0.956438
26407,0.78398
26408,0.89721
26409,0.927283
26410,0.799059
26411,0.885682
26412,0.991339
26413,0.699797
26414,0.7583
26415,0.831136
26416,0.729016
26417,0.735987
26418,0.979272
26419,0.563572
26420,0.729225
26421,0.740456
26422,0.961694
26423,0.644242
26424,0.831448
26425,0.82281
26426,0.969718
26427,0.879299
26428,0.441498
26429,0.639358
26430,0.877308
26431,0.950789
26432,0.842508
26433,0.91995
26434,0.592899
26435,0.625936
26436,0.579565
26437,0.692731
26438,0.657322
26439,0.612457
26440,0.572047
26441,0.675161
26442,0.596973
26443,0.60472
26444,0.705149
26445,0.981372
26446,0.796752
26447,0.756842
26448,0.821516
26449,0.770974
26450,0.813886
26451,0.7146
26452,0.799578
26453,0.410629
26454,0.94624
26455,0.913537
26456,0.807295
26457,0.533285
26458,0.75471
26459,0.787093
26460,0.892918
26461,0.149995
26462,0.267178
26463,0.923473
26464,0.765136
26465,0.789974
26466,0.685695
26467,0.433228
26468,0.379888
26469,0.897056
26470,0.83775
26471,0.876762
26472,0.44877
26473,0.750503
26474,0.86953
26475,0.591814
26476,0.920115
26477,0.623034
26478,0.884839
26479,0.954328
26480,0.82836
26481,0.575645
26482,0.784374
26483,0.415116
26484,0.678615
26485,0.769007
26486,0.956826
26487,0.746917
26488,0.849798
26489,0.656331
26490,0.702203
26491,0.864703
26492,0.76636
26493,0.405357
26494,0.159716
26495,0.683744
26496,0.759366
26497,0.850685
26498,0.902238
26499,0.521952
26500,0.813542
26501,0.868637
26502,0.763288
26503,0.786959
26504,0.891302
26505,0.465684
26506,0.700565
26507,0.694864
26508,0.764953
26509,0.591443
26510,0.917205
26511,0.653397
26512,0.789721
26513,0.53061
26514,0.826602
26515,0.81972
26516,0.623207
26517,0.834751
26518,0.640298
26519,0.600649
26520,0.72011
26521,0.759862
26522,0.881763
26523,0.768856
26524,0.757045
26525,0.775957
26526,0.911123
26527,0.718084
26528,0.620448
26529,0.782004
26530,0.952485
26531,0.886305
26532,0.821762
26533,0.723838
26534,0.935993
26535,0.601528
26536,0.827331
26537,0.82783
26538,0.224428
26539,0.9834
26540,0.849251
26541,0.528229
26542,0.627499
26543,0.914407
26544,0.850425
26545,0.729635
26546,0.805461
26547,0.806145
26548,0.844071
26549,0.512137
26550,0.949333
26551,0.757572
26552,0.744205
26553,0.853622
26554,0.800634
26555,0.495018
26556,0.920293
26557,0.707806
26558,0.75568
26559,0.44396
26560,0.40626
26561,0.626407
26562,0.900048
26563,0.903935
26564,0.690892
26565,0.825918
26566,0.841823
26567,0.698321
26568,0.887261
26569,0.640941
26570,0.574882
26571,0.394856
26572,0.694782
26573,0.827459
26574,0.723168
26575,0.411953
26576,0.561946
26577,0.928804
26578,0.87284
26579,0.66708
26580,0.957927
26581,0.659149
26582,0.888071
26583,0.667559
26584,0.960029
26585,0.894498
26586,0.89974
26587,0.875077
26588,0.507675
26589,0.916288
26590,0.501535
26591,0.778272
26592,0.636501
26593,0.622916
26594,0.810109
26595,0.332605
26596,0.6806
26597,0.8143
26598,0.952974
26599,0.548746
26600,0.851216
26601,0.939413
26602,0.759431
26603,0.898888
26604,0.269492
26605,0.551485
26606,0.390364
26607,0.824494
26608,0.825986
26609,0.874555
26610,0.749848
26611,0.646345
26612,0.557149
26613,0.785763
26614,0.967823
26615,0.909023
26616,0.680338
26617,0.729961
26618,0.656468
26619,0.776385
26620,0.831277
26621,0.930202
26622,0.833996
26623,0.838758
26624,0.572477
26625,0.214068
26626,0.573801
26627,0.653752
26628,0.140914
26629,0.829335
26630,0.818571
26631,0.132413
26632,0.732608
26633,0.675396
26634,0.654712
26635,0.774684
26636,0.75703
26637,0.344383
26638,0.75741
26639,0.50962
26640,0.14584
26641,0.724341
26642,0.778444
26643,0.933714
26644,0.955221
26645,0.53466
26646,0.766268
26647,0.821387
26648,0.97921
26649,0.613107
26650,0.848576
26651,0.65732
26652,0.949105
26653,0.90295
26654,0.5407
26655,0.921862
26656,0.92418
26657,0.759625
26658,0.778384
26659,0.711336
26660,0.650514
26661,0.84744
26662,0.890657
26663,0.736711
26664,0.588555
26665,0.761324
26666,0.510287
26667,0.6333
26668,0.73732
26669,0.761818
26670,0.910177
26671,0.610413
26672,0.625414
26673,0.899745
26674,0.811745
26675,0.848114
26676,0.466447
26677,0.846507
26678,0.594647
26679,0.727885
26680,0.828973
26681,0.707728
26682,0.881996
26683,0.505477
26684,0.905885
26685,0.587013
26686,0.673241
26687,0.942157
26688,0.64777
26689,0.807057
26690,0.880165
26691,0.227186
26692,0.70333
26693,0.357163
26694,0.869484
26695,0.838409
26696,0.71692
26697,0.80914
26698,0.658569
26699,0.641429
26700,0.892604
26701,0.68496
26702,0.716928
26703,0.789503
26704,0.875976
26705,0.689748
26706,0.80775
26707,0.69493
26708,0.439458
26709,0.653562
26710,0.762771
26711,0.650692
26712,0.843746
26713,0.796747
26714,0.818537
26715,0.791962
26716,0.849727
26717,0.424131
26718,0.820672
26719,0.528113
26720,0.944304
26721,0.867744
26722,0.514663
26723,0.516471
26724,0.915368
26725,0.754578
26726,0.667934
26727,0.825184
26728,0.70126
26729,0.925431
26730,0.960034
26731,0.964485
26732,0.344266
26733,0.888524
26734,0.544764
26735,0.628125
26736,0.946521
26737,0.765606
26738,0.540999
26739,0.630648
26740,0.497871
26741,0.674308
26742,0.200711
26743,0.828253
26744,0.694028
26745,0.317954
26746,0.511686
26747,0.511056
26748,0.812192
26749,0.866454
26750,0.693202
26751,0.723543
26752,0.707952
26753,0.971741
26754,0.62834
26755,0.612059
26756,0.580736
26757,0.910245
26758,0.786128
26759,0.33097
26760,0.697309
26761,0.948645
26762,0.636946
26763,0.462991
26764,0.835734
26765,0.57062
26766,0.955545
26767,0.753175
26768,0.877511
26769,0.444
26770,0.846363
26771,0.987267
26772,0.662611
26773,0.845107
26774,0.717024
26775,0.836125
26776,0.897977
26777,0.733356
26778,0.561107
26779,0.824977
26780,0.548066
26781,0.703603
26782,0.887256
26783,0.138701
26784,0.217667
26785,0.514621
26786,0.5247
26787,0.892336
26788,0.587304
26789,0.798887
26790,0.698195
26791,0.688556
26792,0.872337
26793,0.689512
26794,0.655091
26795,0.677617
26796,0.893099
26797,0.626458
26798,0.53131
26799,0.60734
26800,0.643619
26801,0.895908
26802,0.930093
26803,0.692409
26804,0.483884
26805,0.928361
26806,0.719402
26807,0.582271
26808,0.68108
26809,0.713922
26810,0.96234
26811,0.636134
26812,0.7549
26813,0.862997
26814,0.784263
26815,0.683293
26816,0.537891
26817,0.790581
26818,0.53966
26819,0.968402
26820,0.349605
26821,0.923635
26822,0.228373
26823,0.930552
26824,0.748044
26825,0.834476
26826,0.783236
26827,0.556771
26828,0.718706
26829,0.908076
26830,0.95581
26831,0.542959
26832,0.747304
26833,0.118648
26834,0.732169
26835,0.718896
26836,0.784965
26837,0.544512
26838,0.37861
26839,0.693253
26840,0.896664
26841,0.884635
26842,0.598508
26843,0.49435
26844,0.76464
26845,0.984726
26846,0.964324
26847,0.845547
26848,0.810842
26849,0.673596
26850,0.668343
26851,0.689407
26852,0.383573
26853,0.730777
26854,0.673583
26855,0.209822
26856,0.524859
26857,0.801643
26858,0.718945
26859,0.897752
26860,0.750445
26861,0.912672
26862,0.727893
26863,0.685235
26864,0.395299
26865,0.694118
26866,0.44403
26867,0.73712
26868,0.494381
26869,0.919288
26870,0.815884
26871,0.837973
26872,0.661998
26873,0.803199
26874,0.625413
26875,0.803702
26876,0.797416
26877,0.782201
26878,0.630025
26879,0.699058
26880,0.844071
26881,0.927362
26882,0.781673
26883,0.943984
26884,0.44916
26885,0.608199
26886,0.771361
26887,0.600707
26888,0.775055
26889,0.874225
26890,0.751818
26891,0.608873
26892,0.459283
26893,0.957219
26894,0.73219
26895,0.935644
26896,0.683266
26897,0.848323
26898,0.350585
26899,0.915847
26900,0.977242
26901,0.822975
26902,0.914984
26903,0.965655
26904,0.767402
26905,0.684847
26906,0.82423
26907,0.91427
26908,0.647531
26909,0.887301
26910,0.309246
26911,0.806926
26912,0.451129
26913,0.29051
26914,0.909355
26915,0.692685
26916,0.934368
26917,0.956429
26918,0.826656
26919,0.860384
26920,0.095607
26921,0.866996
26922,0.307162
26923,0.762525
26924,0.924023
26925,0.649457
26926,0.808318
26927,0.779513
26928,0.613756
26929,0.690939
26930,0.248196
26931,0.955254
26932,0.659891
26933,0.586518
26934,0.559861
26935,0.106891
26936,0.255467
26937,0.804139
26938,0.501046
26939,0.741557
26940,0.816186
26941,0.489849
26942,0.904269
26943,0.812708
26944,0.575433
26945,0.549544
26946,0.857148
26947,0.308396
26948,0.552139
26949,0.933961
26950,0.467172
26951,0.670904
26952,0.150638
26953,0.787644
26954,0.844116
26955,0.925539
26956,0.331584
26957,0.69233
26958,0.778397
26959,0.606593
26960,0.75053
26961,0.783433
26962,0.563339
26963,0.610495
26964,0.538485
26965,0.380762
26966,0.488961
26967,0.856196
26968,0.867673
26969,0.838793
26970,0.603246
26971,0.934122
26972,0.773476
26973,0.732035
26974,0.95445
26975,0.728352
26976,0.701052
26977,0.817485
26978,0.597807
26979,0.816516
26980,0.879001
26981,0.648485
26982,0.825744
26983,0.767369
26984,0.520403
26985,0.742963
26986,0.663316
26987,0.785901
26988,0.890025
26989,0.967373
26990,0.777464
26991,0.825647
26992,0.780936
26993,0.897994
26994,0.803641
26995,0.688976
26996,0.959859
26997,0.809054
26998,0.863406
26999,0.449248
27000,0.359413
27001,0.45948
27002,0.837195
27003,0.976405
27004,0.694484
27005,0.678281
27006,0.904304
27007,0.450636
27008,0.529374
27009,0.912161
27010,0.533648
27011,0.674524
27012,0.587761
27013,0.892447
27014,0.864394
27015,0.280387
27016,0.670259
27017,0.71939
27018,0.722688
27019,0.747985
27020,0.144539
27021,0.459855
27022,0.829134
27023,0.387103
27024,0.699132
27025,0.827731
27026,0.75015
27027,0.98869
27028,0.671886
27029,0.68363
27030,0.754065
27031,0.731331
27032,0.584416
27033,0.714001
27034,0.811503
27035,0.543335
27036,0.694999
27037,0.856166
27038,0.868943
27039,0.888755
27040,0.5291
27041,0.889725
27042,0.879669
27043,0.794679
27044,0.570948
27045,0.628562
27046,0.451281
27047,0.691559
27048,0.590353
27049,0.696125
27050,0.796797
27051,0.710421
27052,0.793715
27053,0.698479
27054,0.828914
27055,0.470306
27056,0.470652
27057,0.208216
27058,0.749072
27059,0.77766
27060,0.862998
27061,0.70519
27062,0.513023
27063,0.723275
27064,0.76094
27065,0.20663
27066,0.193541
27067,0.888079
27068,0.740373
27069,0.511174
27070,0.760878
27071,0.35856
27072,0.736134
27073,0.490808
27074,0.857809
27075,0.855648
27076,0.567461
27077,0.522805
27078,0.518999
27079,0.779989
27080,0.613025
27081,0.843632
27082,0.577771
27083,0.806022
27084,0.75777
27085,0.799791
27086,0.497292
27087,0.718415
27088,0.551401
27089,0.906174
27090,0.762442
27091,0.681055
27092,0.630997
27093,0.756828
27094,0.93197
27095,0.79693
27096,0.774188
27097,0.793795
27098,0.806924
27099,0.767565
27100,0.92421
27101,0.654464
27102,0.955407
27103,0.848373
27104,0.952072
27105,0.860085
27106,0.577612
27107,0.780134
27108,0.884739
27109,0.764277
27110,0.93284
27111,0.893319
27112,0.844799
27113,0.93665
27114,0.750986
27115,0.818393
27116,0.579243
27117,0.696343
27118,0.849599
27119,0.579566
27120,0.750928
27121,0.913388
27122,0.941528
27123,0.653753
27124,0.893454
27125,0.568052
27126,0.868497
27127,0.494949
27128,0.898613
27129,0.656829
27130,0.715144
27131,0.914018
27132,0.780134
27133,0.497722
27134,0.717939
27135,0.760845
27136,0.146014
27137,0.639727
27138,0.444028
27139,0.554472
27140,0.683022
27141,0.633534
27142,0.816154
27143,0.702006
27144,0.739755
27145,0.77473
27146,0.634158
27147,0.557048
27148,0.598493
27149,0.865881
27150,0.691801
27151,0.709091
27152,0.657353
27153,0.850546
27154,0.270374
27155,0.827509
27156,0.860052
27157,0.709096
27158,0.808346
27159,0.594246
27160,0.97754
27161,0.973391
27162,0.467012
27163,0.777598
27164,0.87858
27165,0.78115
27166,0.738483
27167,0.698711
27168,0.632326
27169,0.582762
27170,0.869344
27171,0.719646
27172,0.746595
27173,0.427079
27174,0.66927
27175,0.721472
27176,0.781287
27177,0.570824
27178,0.635653
27179,0.945492
27180,0.674267
27181,0.757802
27182,0.720903
27183,0.242059
27184,0.736066
27185,0.574781
27186,0.765641
27187,0.794689
27188,0.916462
27189,0.886055
27190,0.296191
27191,0.937454
27192,0.537221
27193,0.198629
27194,0.663039
27195,0.701946
27196,0.907625
27197,0.586836
27198,0.910611
27199,0.758445
27200,0.843003
27201,0.407735
27202,0.918691
27203,0.913644
27204,0.342884
27205,0.647393
27206,0.503674
27207,0.473012
27208,0.760463
27209,0.832345
27210,0.683537
27211,0.69193
27212,0.582771
27213,0.806351
27214,0.818318
27215,0.451748
27216,0.886203
27217,0.407379
27218,0.678482
27219,0.650553
27220,0.9724
27221,0.800291
27222,0.599834
27223,0.712529
27224,0.743309
27225,0.922144
27226,0.969109
27227,0.70597
27228,0.871848
27229,0.803269
27230,0.703114
27231,0.678172
27232,0.806073
27233,0.706036
27234,0.502845
27235,0.539046
27236,0.543601
27237,0.777149
27238,0.667388
27239,0.832305
27240,0.578717
27241,0.876365
27242,0.881574
27243,0.534338
27244,0.628368
27245,0.215683
27246,0.256593
27247,0.860062
27248,0.408958
27249,0.848925
27250,0.289947
27251,0.524852
27252,0.612914
27253,0.537724
27254,0.767267
27255,0.793976
27256,0.668331
27257,0.693932
27258,0.67051
27259,0.480352
27260,0.722694
27261,0.676643
27262,0.803847
27263,0.951645
27264,0.64816
27265,0.680261
27266,0.720938
27267,0.673187
27268,0.798969
27269,0.740205
27270,0.834048
27271,0.808396
27272,0.945502
27273,0.918726
27274,0.801161
27275,0.359169
27276,0.646172
27277,0.7763
27278,0.784596
27279,0.971566
27280,0.625044
27281,0.224954
27282,0.730087
27283,0.4196
27284,0.754267
27285,0.901923
27286,0.656738
27287,0.844269
27288,0.981807
27289,0.73048
27290,0.643742
27291,0.784826
27292,0.813884
27293,0.767369
27294,0.814756
27295,0.880867
27296,0.981723
27297,0.818864
27298,0.877696
27299,0.785765
27300,0.562147
27301,0.220154
27302,0.684774
27303,0.402252
27304,0.94117
27305,0.538881
27306,0.765235
27307,0.652112
27308,0.753259
27309,0.959251
27310,0.609082
27311,0.223964
27312,0.748036
27313,0.208833
27314,0.655083
27315,0.716296
27316,0.616371
27317,0.713124
27318,0.431023
27319,0.926682
27320,0.86153
27321,0.414775
27322,0.697055
27323,0.674591
27324,0.414204
27325,0.785056
27326,0.805651
27327,0.854659
27328,0.752713
27329,0.514326
27330,0.745205
27331,0.480746
27332,0.744972
27333,0.883805
27334,0.586655
27335,0.975062
27336,0.621198
27337,0.814284
27338,0.707557
27339,0.467605
27340,0.762927
27341,0.975647
27342,0.631089
27343,0.716903
27344,0.62608
27345,0.372453
27346,0.899597
27347,0.538973
27348,0.897292
27349,0.66147
27350,0.964397
27351,0.889453
27352,0.829771
27353,0.882487
27354,0.429292
27355,0.876421
27356,0.778916
27357,0.745782
27358,0.881476
27359,0.88903
27360,0.525191
27361,0.554449
27362,0.846396
27363,0.931143
27364,0.78812
27365,0.62164
27366,0.91112
27367,0.783762
27368,0.524717
27369,0.854829
27370,0.830626
27371,0.902985
27372,0.914218
27373,0.931615
27374,0.71066
27375,0.343131
27376,0.639087
27377,0.7649
27378,0.414215
27379,0.752785
27380,0.58685
27381,0.688679
27382,0.759232
27383,0.559805
27384,0.654466
27385,0.355269
27386,0.782724
27387,0.544388
27388,0.795024
27389,0.442665
27390,0.741596
27391,0.282601
27392,0.849009
27393,0.863039
27394,0.546107
27395,0.899082
27396,0.75616
27397,0.602282
27398,0.705153
27399,0.660931
27400,0.490172
27401,0.686319
27402,0.843433
27403,0.747454
27404,0.744336
27405,0.521035
27406,0.180459
27407,0.849718
27408,0.538865
27409,0.434884
27410,0.820858
27411,0.68239
27412,0.973944
27413,0.676068
27414,0.450644
27415,0.418026
27416,0.563561
27417,0.635717
27418,0.795689
27419,0.679259
27420,0.91807
27421,0.843999
27422,0.628763
27423,0.951469
27424,0.80266
27425,0.800643
27426,0.567068
27427,0.920054
27428,0.843448
27429,0.54446
27430,0.661189
27431,0.858275
27432,0.889843
27433,0.330096
27434,0.636508
27435,0.853458
27436,0.824156
27437,0.480021
27438,0.894428
27439,0.744912
27440,0.938974
27441,0.862272
27442,0.781521
27443,0.853391
27444,0.883417
27445,0.935117
27446,0.606992
27447,0.811648
27448,0.921567
27449,0.884417
27450,0.829504
27451,0.747279
27452,0.536072
27453,0.876607
27454,0.807943
27455,0.878718
27456,0.905968
27457,0.795448
27458,0.752461
27459,0.590423
27460,0.459076
27461,0.890369
27462,0.785043
27463,0.890265
27464,0.76668
27465,0.685994
27466,0.868342
27467,0.967178
27468,0.932592
27469,0.850911
27470,0.734218
27471,0.631344
27472,0.778411
27473,0.86686
27474,0.855355
27475,0.983972
27476,0.53797
27477,0.7949
27478,0.953289
27479,0.699894
27480,0.444568
27481,0.713456
27482,0.842939
27483,0.55372
27484,0.710537
27485,0.610349
27486,0.667782
27487,0.663361
27488,0.833353
27489,0.844659
27490,0.659866
27491,0.830395
27492,0.704133
27493,0.658271
27494,0.939581
27495,0.904612
27496,0.879373
27497,0.58065
27498,0.628958
27499,0.587084
27500,0.935718
27501,0.953051
27502,0.233712
27503,0.840656
27504,0.654921
27505,0.642985
27506,0.687565
27507,0.665002
27508,0.731375
27509,0.654906
27510,0.759167
27511,0.338764
27512,0.945422
27513,0.878495
27514,0.625886
27515,0.697964
27516,0.847485
27517,0.86302
27518,0.638138
27519,0.371314
27520,0.858073
27521,0.841753
27522,0.823752
27523,0.819423
27524,0.495332
27525,0.781253
27526,0.640667
27527,0.6295
27528,0.742068
27529,0.494775
27530,0.49737
27531,0.077801
27532,0.6604
27533,0.85906
27534,0.883722
27535,0.882356
27536,0.658892
27537,0.842374
27538,0.894054
27539,0.809753
27540,0.67751
27541,0.800027
27542,0.973221
27543,0.335361
27544,0.925528
27545,0.959724
27546,0.696623
27547,0.586024
27548,0.628699
27549,0.784164
27550,0.815447
27551,0.715371
27552,0.758823
27553,0.282396
27554,0.894292
27555,0.430827
27556,0.857835
27557,0.867129
27558,0.471997
27559,0.933808
27560,0.711106
27561,0.263205
27562,0.63093
27563,0.624175
27564,0.562441
27565,0.744721
27566,0.862872
27567,0.603878
27568,0.977432
27569,0.977975
27570,0.601386
27571,0.720768
27572,0.586978
27573,0.676943
27574,0.620263
27575,0.944558
27576,0.705811
27577,0.700097
27578,0.562754
27579,0.896542
27580,0.772989
27581,0.92253
27582,0.791176
27583,0.707032
27584,0.901911
27585,0.677079
27586,0.838208
27587,0.723319
27588,0.805327
27589,0.759793
27590,0.89911
27591,0.663818
27592,0.952064
27593,0.974722
27594,0.774726
27595,0.644772
27596,0.640159
27597,0.282871
27598,0.894668
27599,0.828766
27600,0.596986
27601,0.98223
27602,0.535886
27603,0.812304
27604,0.594071
27605,0.14499
27606,0.738401
27607,0.686741
27608,0.58445
27609,0.926738
27610,0.678863
27611,0.783295
27612,0.770866
27613,0.805975
27614,0.09009
27615,0.731889
27616,0.582013
27617,0.958708
27618,0.630574
27619,0.697436
27620,0.688412
27621,0.934079
27622,0.583744
27623,0.885775
27624,0.747578
27625,0.654017
27626,0.662447
27627,0.749819
27628,0.859692
27629,0.892444
27630,0.542898
27631,0.846682
27632,0.964706
27633,0.852771
27634,0.866595
27635,0.716058
27636,0.860139
27637,0.30037
27638,0.557807
27639,0.484524
27640,0.916448
27641,0.91582
27642,0.647035
27643,0.575161
27644,0.380063
27645,0.98199
27646,0.649809
27647,0.799772
27648,0.889817
27649,0.718322
27650,0.90059
27651,0.761129
27652,0.910634
27653,0.881514
27654,0.716601
27655,0.851078
27656,0.87817
27657,0.275164
27658,0.687786
27659,0.725238
27660,0.527818
27661,0.257896
27662,0.796125
27663,0.547856
27664,0.701531
27665,0.741563
27666,0.75
27667,0.91365
27668,0.494712
27669,0.860556
27670,0.71646
27671,0.703861
27672,0.617183
27673,0.750892
27674,0.505806
27675,0.728459
27676,0.967424
27677,0.682965
27678,0.648637
27679,0.584621
27680,0.748173
27681,0.983465
27682,0.796894
27683,0.962173
27684,0.551162
27685,0.77015
27686,0.626197
27687,0.71059
27688,0.631488
27689,0.577297
27690,0.850299
27691,0.851397
27692,0.260906
27693,0.452849
27694,0.872977
27695,0.806331
27696,0.83331
27697,0.641237
27698,0.657946
27699,0.745251
27700,0.857838
27701,0.939704
27702,0.649521
27703,0.84101
27704,0.830518
27705,0.132664
27706,0.906959
27707,0.602046
27708,0.488339
27709,0.947677
27710,0.936577
27711,0.573693
27712,0.879868
27713,0.304527
27714,0.439724
27715,0.964934
27716,0.802736
27717,0.863869
27718,0.499045
27719,0.845683
27720,0.942033
27721,0.971075
27722,0.806138
27723,0.620297
27724,0.888931
27725,0.596624
27726,0.661363
27727,0.49124
27728,0.710101
27729,0.942721
27730,0.635782
27731,0.412302
27732,0.589428
27733,0.66461
27734,0.814777
27735,0.821989
27736,0.811871
27737,0.9825
27738,0.776115
27739,0.646579
27740,0.912233
27741,0.865719
27742,0.373447
27743,0.931649
27744,0.669813
27745,0.859348
27746,0.509774
27747,0.732483
27748,0.861691
27749,0.540181
27750,0.954154
27751,0.778807
27752,0.820252
27753,0.548887
27754,0.843364
27755,0.575785
27756,0.839245
27757,0.744307
27758,0.923547
27759,0.819266
27760,0.886845
27761,0.482306
27762,0.609129
27763,0.606219
27764,0.727163
27765,0.614589
27766,0.807222
27767,0.470583
27768,0.636068
27769,0.493338
27770,0.906804
27771,0.716897
27772,0.723304
27773,0.871899
27774,0.437858
27775,0.805533
27776,0.71502
27777,0.893213
27778,0.705574
27779,0.703953
27780,0.795203
27781,0.812012
27782,0.758923
27783,0.563555
27784,0.870556
27785,0.467079
27786,0.954702
27787,0.809106
27788,0.95657
27789,0.57151
27790,0.726536
27791,0.848138
27792,0.391425
27793,0.957752
27794,0.833701
27795,0.849172
27796,0.565055
27797,0.731534
27798,0.741196
27799,0.866873
27800,0.633682
27801,0.973898
27802,0.790625
27803,0.635008
27804,0.747024
27805,0.681396
27806,0.902527
27807,0.857863
27808,0.680548
27809,0.550219
27810,0.85787
27811,0.631869
27812,0.951254
27813,0.656156
27814,0.823415
27815,0.97891
27816,0.454422
27817,0.370734
27818,0.745104
27819,0.612822
27820,0.660447
27821,0.541076
27822,0.556915
27823,0.818942
27824,0.599231
27825,0.936986
27826,0.630893
27827,0.545558
27828,0.731994
27829,0.903416
27830,0.821072
27831,0.918256
27832,0.751836
27833,0.579671
27834,0.823976
27835,0.95842
27836,0.46988
27837,0.527254
27838,0.734518
27839,0.460339
27840,0.518789
27841,0.696276
27842,0.650768
27843,0.909262
27844,0.947613
27845,0.896993
27846,0.517502
27847,0.529262
27848,0.667723
27849,0.787994
27850,0.88673
27851,0.939904
27852,0.659691
27853,0.523375
27854,0.737502
27855,0.928429
27856,0.679203
27857,0.930058
27858,0.679625
27859,0.270441
27860,0.312251
27861,0.557031
27862,0.896132
27863,0.696124
27864,0.921443
27865,0.860206
27866,0.984178
27867,0.724559
27868,0.637055
27869,0.822409
27870,0.517094
27871,0.777582
27872,0.947229
27873,0.77418
27874,0.750375
27875,0.964344
27876,0.770304
27877,0.418045
27878,0.887625
27879,0.680574
27880,0.528829
27881,0.596727
27882,0.944355
27883,0.865713
27884,0.98366
27885,0.847126
27886,0.648342
27887,0.944972
27888,0.58761
27889,0.903184
27890,0.258826
27891,0.906687
27892,0.69484
27893,0.773815
27894,0.538888
27895,0.755972
27896,0.688413
27897,0.743866
27898,0.757615
27899,0.863735
27900,0.528571
27901,0.912878
27902,0.349003
27903,0.370646
27904,0.986573
27905,0.962105
27906,0.653638
27907,0.912167
27908,0.206079
27909,0.729491
27910,0.811511
27911,0.788158
27912,0.768518
27913,0.67316
27914,0.939711
27915,0.633124
27916,0.901348
27917,0.309486
27918,0.747914
27919,0.367063
27920,0.695474
27921,0.642423
27922,0.825518
27923,0.77614
27924,0.916642
27925,0.858758
27926,0.674885
27927,0.716753
27928,0.698231
27929,0.810049
27930,0.879261
27931,0.641227
27932,0.938654
27933,0.779929
27934,0.624085
27935,0.819782
27936,0.685646
27937,0.764666
27938,0.791698
27939,0.871551
27940,0.70745
27941,0.660256
27942,0.778462
27943,0.837388
27944,0.95823
27945,0.751455
27946,0.757936
27947,0.659196
27948,0.488492
27949,0.604481
27950,0.574694
27951,0.692511
27952,0.835947
27953,0.760186
27954,0.846259
27955,0.468117
27956,0.899791
27957,0.557334
27958,0.751731
27959,0.650306
27960,0.632977
27961,0.806533
27962,0.587183
27963,0.658848
27964,0.855898
27965,0.571528
27966,0.729872
27967,0.962803
27968,0.874198
27969,0.706008
27970,0.982642
27971,0.806889
27972,0.822032
27973,0.624804
27974,0.637037
27975,0.769593
27976,0.879448
27977,0.648152
27978,0.639763
27979,0.468215
27980,0.707819
27981,0.630486
27982,0.745613
27983,0.250902
27984,0.702332
27985,0.914565
27986,0.949393
27987,0.665277
27988,0.52138
27989,0.77077
27990,0.91561
27991,0.979403
27992,0.576182
27993,0.902514
27994,0.371929
27995,0.393188
27996,0.635413
27997,0.688939
27998,0.963602
27999,0.637833
28000,0.828221
28001,0.577463
28002,0.840187
28003,0.956908
28004,0.736123
28005,0.730782
28006,0.660453
28007,0.448558
28008,0.917494
28009,0.686771
28010,0.710611
28011,0.829128
28012,0.960465
28013,0.887825
28014,0.891155
28015,0.680229
28016,0.424527
28017,0.55883
28018,0.883715
28019,0.703965
28020,0.498002
28021,0.222431
28022,0.976799
28023,0.712196
28024,0.814298
28025,0.554212
28026,0.899495
28027,0.937709
28028,0.865555
28029,0.709771
28030,0.505558
28031,0.850117
28032,0.964462
28033,0.815772
28034,0.647961
28035,0.805751
28036,0.731323
28037,0.674197
28038,0.664597
28039,0.649909
28040,0.580727
28041,0.645061
28042,0.593638
28043,0.808151
28044,0.630523
28045,0.846473
28046,0.967261
28047,0.901559
28048,0.880817
28049,0.698873
28050,0.606834
28051,0.737496
28052,0.657367
28053,0.722566
28054,0.510361
28055,0.566167
28056,0.929985
28057,0.747389
28058,0.258088
28059,0.650328
28060,0.71877
28061,0.801938
28062,0.209571
28063,0.212811
28064,0.265624
28065,0.822111
28066,0.807097
28067,0.800629
28068,0.943882
28069,0.736992
28070,0.716467
28071,0.933995
28072,0.511772
28073,0.739047
28074,0.439218
28075,0.78342
28076,0.438462
28077,0.795185
28078,0.3455
28079,0.652239
28080,0.962605
28081,0.601107
28082,0.931367
28083,0.71774
28084,0.721919
28085,0.768563
28086,0.553077
28087,0.800983
28088,0.459302
28089,0.566406
28090,0.701306
28091,0.655718
28092,0.964272
28093,0.758349
28094,0.697595
28095,0.703907
28096,0.930097
28097,0.839739
28098,0.986051
28099,0.693738
28100,0.864944
28101,0.787558
28102,0.639661
28103,0.60849
28104,0.274813
28105,0.319507
28106,0.398976
28107,0.631449
28108,0.948802
28109,0.959277
28110,0.262721
28111,0.976325
28112,0.957665
28113,0.781935
28114,0.774418
28115,0.724657
28116,0.678377
28117,0.785314
28118,0.45601
28119,0.7559
28120,0.700825
28121,0.797075
28122,0.739163
28123,0.90338
28124,0.477786
28125,0.803123
28126,0.704343
28127,0.841679
28128,0.568528
28129,0.833349
28130,0.661641
28131,0.573853
28132,0.972576
28133,0.509281
28134,0.729782
28135,0.389093
28136,0.777555
28137,0.575981
28138,0.700597
28139,0.688874
28140,0.664675
28141,0.857055
28142,0.701143
28143,0.890467
28144,0.847803
28145,0.596873
28146,0.89362
28147,0.4915
28148,0.818829
28149,0.723594
28150,0.979638
28151,0.886189
28152,0.698566
28153,0.803594
28154,0.719153
28155,0.760064
28156,0.829946
28157,0.982732
28158,0.821376
28159,0.915448
28160,0.186105
28161,0.666037
28162,0.727985
28163,0.803227
28164,0.850169
28165,0.437763
28166,0.964828
28167,0.859065
28168,0.583639
28169,0.799658
28170,0.884638
28171,0.744783
28172,0.864169
28173,0.676954
28174,0.888357
28175,0.87819
28176,0.764486
28177,0.785853
28178,0.939416
28179,0.601832
28180,0.785613
28181,0.664149
28182,0.854211
28183,0.926076
28184,0.558763
28185,0.708442
28186,0.660441
28187,0.633696
28188,0.526482
28189,0.348483
28190,0.82092
28191,0.74365
28192,0.490228
28193,0.801678
28194,0.808422
28195,0.688011
28196,0.739015
28197,0.863181
28198,0.797563
28199,0.310409
28200,0.802958
28201,0.567175
28202,0.905506
28203,0.509664
28204,0.665463
28205,0.983571
28206,0.734896
28207,0.879264
28208,0.686297
28209,0.777636
28210,0.852282
28211,0.661975
28212,0.712251
28213,0.646747
28214,0.592933
28215,0.700451
28216,0.369263
28217,0.702938
28218,0.743285
28219,0.660475
28220,0.930604
28221,0.670593
28222,0.307613
28223,0.724574
28224,0.881248
28225,0.617744
28226,0.546689
28227,0.937443
28228,0.486471
28229,0.674228
28230,0.137071
28231,0.476149
28232,0.642824
28233,0.835842
28234,0.922825
28235,0.861129
28236,0.93681
28237,0.752288
28238,0.629887
28239,0.493946
28240,0.726336
28241,0.97729
28242,0.727549
28243,0.845036
28244,0.690096
28245,0.394396
28246,0.639489
28247,0.791518
28248,0.79582
28249,0.889935
28250,0.684527
28251,0.281603
28252,0.700002
28253,0.882686
28254,0.358891
28255,0.931098
28256,0.538795
28257,0.662613
28258,0.631359
28259,0.689169
28260,0.403221
28261,0.750924
28262,0.463395
28263,0.762695
28264,0.54319
28265,0.845381
28266,0.926334
28267,0.411542
28268,0.887241
28269,0.970807
28270,0.542936
28271,0.89449
28272,0.341294
28273,0.820292
28274,0.730221
28275,0.872262
28276,0.838423
28277,0.748609
28278,0.908509
28279,0.612281
28280,0.888663
28281,0.863371
28282,0.70079
28283,0.924248
28284,0.878546
28285,0.866229
28286,0.828691
28287,0.74371
28288,0.751643
28289,0.68141
28290,0.905079
28291,0.953787
28292,0.972343
28293,0.893734
28294,0.989475
28295,0.513947
28296,0.391885
28297,0.64857
28298,0.894882
28299,0.784388
28300,0.957169
28301,0.574005
28302,0.438897
28303,0.736817
28304,0.32358
28305,0.273838
28306,0.689776
28307,0.749746
28308,0.855965
28309,0.687129
28310,0.795767
28311,0.871963
28312,0.636676
28313,0.54055
28314,0.699996
28315,0.630072
28316,0.848227
28317,0.703752
28318,0.717928
28319,0.795923
28320,0.575003
28321,0.785366
28322,0.71818
28323,0.670288
28324,0.87605
28325,0.814056
28326,0.222195
28327,0.135801
28328,0.169843
28329,0.513741
28330,0.28416
28331,0.811579
28332,0.521373
28333,0.726337
28334,0.695089
28335,0.531917
28336,0.833866
28337,0.641486
28338,0.46776
28339,0.922793
28340,0.562786
28341,0.556777
28342,0.596568
28343,0.375813
28344,0.554031
28345,0.493909
28346,0.919548
28347,0.470895
28348,0.459876
28349,0.784504
28350,0.417456
28351,0.495885
28352,0.474574
28353,0.526637
28354,0.635685
28355,0.383774
28356,0.7501
28357,0.769605
28358,0.888433
28359,0.484995
28360,0.745302
28361,0.77503
28362,0.637957
28363,0.594758
28364,0.769209
28365,0.827463
28366,0.827358
28367,0.947283
28368,0.545154
28369,0.523904
28370,0.800202
28371,0.856315
28372,0.936488
28373,0.876713
28374,0.618359
28375,0.845931
28376,0.696205
28377,0.734742
28378,0.895529
28379,0.552068
28380,0.610196
28381,0.681468
28382,0.616431
28383,0.893682
28384,0.649328
28385,0.944548
28386,0.892278
28387,0.48168
28388,0.814081
28389,0.626584
28390,0.740332
28391,0.772462
28392,0.988803
28393,0.768276
28394,0.755949
28395,0.53169
28396,0.841254
28397,0.717292
28398,0.780906
28399,0.850881
28400,0.675099
28401,0.932065
28402,0.562184
28403,0.737283
28404,0.679383
28405,0.953354
28406,0.983785
28407,0.825352
28408,0.785163
28409,0.904858
28410,0.302952
28411,0.889873
28412,0.889737
28413,0.557106
28414,0.488728
28415,0.716475
28416,0.667284
28417,0.463346
28418,0.687967
28419,0.48075
28420,0.573821
28421,0.936869
28422,0.718976
28423,0.581553
28424,0.831281
28425,0.655119
28426,0.710665
28427,0.776533
28428,0.945704
28429,0.792191
28430,0.887418
28431,0.929614
28432,0.737865
28433,0.91305
28434,0.892723
28435,0.76087
28436,0.803539
28437,0.95965
28438,0.74181
28439,0.546684
28440,0.683487
28441,0.936272
28442,0.679301
28443,0.91972
28444,0.928718
28445,0.850065
28446,0.920878
28447,0.625871
28448,0.831935
28449,0.813009
28450,0.673569
28451,0.746276
28452,0.568309
28453,0.92495
28454,0.9082
28455,0.883232
28456,0.639709
28457,0.879358
28458,0.586994
28459,0.717844
28460,0.770318
28461,0.970017
28462,0.824583
28463,0.521241
28464,0.738071
28465,0.758293
28466,0.418541
28467,0.512443
28468,0.749785
28469,0.554932
28470,0.888184
28471,0.594766
28472,0.880838
28473,0.690283
28474,0.938802
28475,0.250083
28476,0.677865
28477,0.214495
28478,0.483663
28479,0.80592
28480,0.807291
28481,0.336077
28482,0.603058
28483,0.615376
28484,0.805139
28485,0.859104
28486,0.957196
28487,0.589341
28488,0.789456
28489,0.501381
28490,0.880224
28491,0.960897
28492,0.765737
28493,0.955346
28494,0.936688
28495,0.583478
28496,0.673294
28497,0.748551
28498,0.772991
28499,0.618992
28500,0.864328
28501,0.890058
28502,0.836779
28503,0.912824
28504,0.575852
28505,0.910511
28506,0.903004
28507,0.568759
28508,0.636844
28509,0.670302
28510,0.486597
28511,0.966637
28512,0.598512
28513,0.484133
28514,0.610009
28515,0.442654
28516,0.495556
28517,0.677748
28518,0.807697
28519,0.415713
28520,0.545873
28521,0.106565
28522,0.602129
28523,0.726631
28524,0.780712
28525,0.766147
28526,0.707608
28527,0.950455
28528,0.677214
28529,0.622516
28530,0.220927
28531,0.737345
28532,0.920137
28533,0.891872
28534,0.796601
28535,0.588539
28536,0.646472
28537,0.709603
28538,0.946132
28539,0.820359
28540,0.924487
28541,0.924398
28542,0.840064
28543,0.519452
28544,0.722603
28545,0.952672
28546,0.672785
28547,0.669487
28548,0.577189
28549,0.866642
28550,0.778959
28551,0.540613
28552,0.39671
28553,0.57419
28554,0.75041
28555,0.89391
28556,0.803959
28557,0.859679
28558,0.654213
28559,0.57551
28560,0.756792
28561,0.978213
28562,0.966308
28563,0.499118
28564,0.765666
28565,0.688198
28566,0.840181
28567,0.872182
28568,0.676367
28569,0.803179
28570,0.755305
28571,0.943039
28572,0.63705
28573,0.824586
28574,0.660952
28575,0.880862
28576,0.910749
28577,0.876702
28578,0.758154
28579,0.962593
28580,0.750364
28581,0.776453
28582,0.683524
28583,0.47806
28584,0.307239
28585,0.617819
28586,0.844136
28587,0.684635
28588,0.918552
28589,0.681586
28590,0.639577
28591,0.623474
28592,0.435618
28593,0.609464
28594,0.556669
28595,0.625302
28596,0.884912
28597,0.950224
28598,0.792103
28599,0.782258
28600,0.818715
28601,0.676076
28602,0.612514
28603,0.22255
28604,0.934242
28605,0.913697
28606,0.802273
28607,0.826469
28608,0.828702
28609,0.888556
28610,0.591111
28611,0.848548
28612,0.853252
28613,0.600164
28614,0.855964
28615,0.675083
28616,0.909384
28617,0.913748
28618,0.651577
28619,0.765156
28620,0.416068
28621,0.703952
28622,0.589478
28623,0.488409
28624,0.670818
28625,0.865694
28626,0.206894
28627,0.921784
28628,0.658651
28629,0.889299
28630,0.387513
28631,0.963791
28632,0.639489
28633,0.777829
28634,0.840212
28635,0.826518
28636,0.891726
28637,0.479245
28638,0.63235
28639,0.723962
28640,0.932097
28641,0.805464
28642,0.494748
28643,0.734176
28644,0.103096
28645,0.914825
28646,0.621121
28647,0.744129
28648,0.849306
28649,0.091942
28650,0.817319
28651,0.701149
28652,0.651249
28653,0.670538
28654,0.59013
28655,0.817719
28656,0.735538
28657,0.701014
28658,0.58206
28659,0.95032
28660,0.573809
28661,0.411281
28662,0.665819
28663,0.827981
28664,0.741473
28665,0.77313
28666,0.677382
28667,0.763539
28668,0.640099
28669,0.661303
28670,0.504441
28671,0.884357
28672,0.852684
28673,0.670858
28674,0.973917
28675,0.496965
28676,0.958208
28677,0.856953
28678,0.884361
28679,0.90175
28680,0.582131
28681,0.754324
28682,0.823646
28683,0.692976
28684,0.752163
28685,0.817358
28686,0.878265
28687,0.972826
28688,0.624179
28689,0.858721
28690,0.857179
28691,0.746129
28692,0.777167
28693,0.387532
28694,0.841838
28695,0.54823
28696,0.72774
28697,0.618235
28698,0.205206
28699,0.627619
28700,0.538374
28701,0.800904
28702,0.851057
28703,0.567722
28704,0.293236
28705,0.380922
28706,0.968842
28707,0.916949
28708,0.70597
28709,0.754026
28710,0.497694
28711,0.65252
28712,0.938469
28713,0.84169
28714,0.316206
28715,0.947911
28716,0.469056
28717,0.867352
28718,0.844792
28719,0.648857
28720,0.69832
28721,0.518015
28722,0.499645
28723,0.73991
28724,0.783923
28725,0.880406
28726,0.263954
28727,0.494875
28728,0.719684
28729,0.815673
28730,0.903403
28731,0.612011
28732,0.831939
28733,0.750307
28734,0.488696
28735,0.598411
28736,0.964302
28737,0.922349
28738,0.722054
28739,0.8666
28740,0.602251
28741,0.942964
28742,0.908515
28743,0.392072
28744,0.74469
28745,0.912707
28746,0.880903
28747,0.759041
28748,0.411579
28749,0.92811
28750,0.464133
28751,0.691123
28752,0.893341
28753,0.746485
28754,0.631971
28755,0.822068
28756,0.804167
28757,0.884529
28758,0.886894
28759,0.727214
28760,0.839602
28761,0.513556
28762,0.422282
28763,0.637644
28764,0.728443
28765,0.440857
28766,0.536529
28767,0.858475
28768,0.565551
28769,0.584448
28770,0.590396
28771,0.774247
28772,0.604559
28773,0.519213
28774,0.983081
28775,0.527131
28776,0.788859
28777,0.570225
28778,0.766691
28779,0.70362
28780,0.824433
28781,0.819417
28782,0.843028
28783,0.818568
28784,0.508028
28785,0.647416
28786,0.753804
28787,0.763549
28788,0.536591
28789,0.838444
28790,0.793793
28791,0.692282
28792,0.583074
28793,0.678612
28794,0.544761
28795,0.790528
28796,0.681662
28797,0.795021
28798,0.490436
28799,0.887829
28800,0.546755
28801,0.875657
28802,0.229737
28803,0.943562
28804,0.843382
28805,0.764267
28806,0.819698
28807,0.613242
28808,0.966168
28809,0.806246
28810,0.890964
28811,0.838754
28812,0.616411
28813,0.442372
28814,0.831047
28815,0.68399
28816,0.847199
28817,0.543996
28818,0.797852
28819,0.874576
28820,0.222154
28821,0.459454
28822,0.707696
28823,0.869022
28824,0.631856
28825,0.805924
28826,0.691555
28827,0.916751
28828,0.712432
28829,0.787402
28830,0.640502
28831,0.955692
28832,0.659948
28833,0.926122
28834,0.743438
28835,0.846003
28836,0.749623
28837,0.803278
28838,0.228561
28839,0.810049
28840,0.835614
28841,0.781691
28842,0.677182
28843,0.799377
28844,0.597159
28845,0.178738
28846,0.677785
28847,0.952613
28848,0.437833
28849,0.79761
28850,0.957964
28851,0.746091
28852,0.660656
28853,0.765454
28854,0.664431
28855,0.938791
28856,0.544522
28857,0.494606
28858,0.803558
28859,0.328124
28860,0.52728
28861,0.83311
28862,0.584149
28863,0.73376
28864,0.969341
28865,0.677709
28866,0.551389
28867,0.734464
28868,0.788356
28869,0.739098
28870,0.959694
28871,0.948602
28872,0.668285
28873,0.502499
28874,0.676503
28875,0.875249
28876,0.961895
28877,0.585308
28878,0.806033
28879,0.374312
28880,0.892094
28881,0.480252
28882,0.673899
28883,0.484335
28884,0.811191
28885,0.888642
28886,0.97404
28887,0.643497
28888,0.218856
28889,0.809084
28890,0.684578
28891,0.575578
28892,0.879405
28893,0.604797
28894,0.650213
28895,0.603008
28896,0.866893
28897,0.83584
28898,0.873783
28899,0.408626
28900,0.888104
28901,0.728771
28902,0.923579
28903,0.913393
28904,0.814401
28905,0.528802
28906,0.704905
28907,0.495738
28908,0.565818
28909,0.745713
28910,0.951213
28911,0.847736
28912,0.56146
28913,0.754429
28914,0.566011
28915,0.885562
28916,0.803865
28917,0.778327
28918,0.808879
28919,0.77091
28920,0.8166
28921,0.69912
28922,0.543136
28923,0.602478
28924,0.629112
28925,0.716771
28926,0.689708
28927,0.883715
28928,0.293787
28929,0.857091
28930,0.574746
28931,0.820401
28932,0.658967
28933,0.796194
28934,0.730184
28935,0.823905
28936,0.864266
28937,0.632567
28938,0.849807
28939,0.911059
28940,0.770778
28941,0.496786
28942,0.757102
28943,0.229918
28944,0.713949
28945,0.715201
28946,0.719413
28947,0.414739
28948,0.92187
28949,0.670652
28950,0.967291
28951,0.656104
28952,0.763111
28953,0.814023
28954,0.632133
28955,0.659662
28956,0.975679
28957,0.651745
28958,0.939858
28959,0.781847
28960,0.528437
28961,0.621932
28962,0.69818
28963,0.517553
28964,0.623555
28965,0.579891
28966,0.526077
28967,0.591997
28968,0.709891
28969,0.770068
28970,0.805871
28971,0.676118
28972,0.921407
28973,0.882372
28974,0.725333
28975,0.499503
28976,0.622945
28977,0.936307
28978,0.316699
28979,0.798483
28980,0.905291
28981,0.936346
28982,0.831815
28983,0.955606
28984,0.522022
28985,0.885961
28986,0.873812
28987,0.672807
28988,0.753504
28989,0.452843
28990,0.682276
28991,0.669022
28992,0.611293
28993,0.503986
28994,0.777448
28995,0.175516
28996,0.984962
28997,0.407612
28998,0.917768
28999,0.77424
29000,0.830517
29001,0.585123
29002,0.982906
29003,0.929518
29004,0.901333
29005,0.2925
29006,0.787341
29007,0.685978
29008,0.737088
29009,0.908309
29010,0.713898
29011,0.806913
29012,0.709822
29013,0.649919
29014,0.932714
29015,0.878005
29016,0.73503
29017,0.49435
29018,0.686361
29019,0.827361
29020,0.453776
29021,0.955364
29022,0.838002
29023,0.980381
29024,0.431971
29025,0.828222
29026,0.891131
29027,0.556516
29028,0.909236
29029,0.841007
29030,0.656071
29031,0.80434
29032,0.80575
29033,0.745204
29034,0.652861
29035,0.781796
29036,0.693941
29037,0.892939
29038,0.640933
29039,0.812991
29040,0.310233
29041,0.850343
29042,0.548873
29043,0.947475
29044,0.711775
29045,0.57448
29046,0.691111
29047,0.673695
29048,0.549884
29049,0.96078
29050,0.489985
29051,0.521179
29052,0.642708
29053,0.888419
29054,0.657808
29055,0.756224
29056,0.62941
29057,0.804511
29058,0.565048
29059,0.864599
29060,0.490792
29061,0.709812
29062,0.926282
29063,0.44144
29064,0.684342
29065,0.78716
29066,0.851634
29067,0.645168
29068,0.53578
29069,0.844167
29070,0.613155
29071,0.741031
29072,0.662652
29073,0.859673
29074,0.687102
29075,0.829676
29076,0.887258
29077,0.813035
29078,0.63205
29079,0.809278
29080,0.791956
29081,0.667726
29082,0.775675
29083,0.800744
29084,0.672142
29085,0.739928
29086,0.891452
29087,0.227048
29088,0.643042
29089,0.566476
29090,0.880636
29091,0.746437
29092,0.646186
29093,0.627058
29094,0.931212
29095,0.96103
29096,0.495308
29097,0.635385
29098,0.697552
29099,0.93975
29100,0.76291
29101,0.951326
29102,0.853767
29103,0.90427
29104,0.870849
29105,0.793313
29106,0.77726
29107,0.650877
29108,0.774699
29109,0.828588
29110,0.560082
29111,0.888718
29112,0.48342
29113,0.768405
29114,0.790328
29115,0.939484
29116,0.846201
29117,0.790447
29118,0.746783
29119,0.509947
29120,0.94093
29121,0.679245
29122,0.636296
29123,0.793418
29124,0.964091
29125,0.457272
29126,0.929755
29127,0.671172
29128,0.933264
29129,0.493022
29130,0.889074
29131,0.887758
29132,0.538867
29133,0.906171
29134,0.702814
29135,0.698432
29136,0.464528
29137,0.606142
29138,0.77035
29139,0.702322
29140,0.750735
29141,0.803662
29142,0.852775
29143,0.906548
29144,0.545628
29145,0.585827
29146,0.688729
29147,0.960101
29148,0.624457
29149,0.830388
29150,0.912218
29151,0.846743
29152,0.90181
29153,0.892136
29154,0.75996
29155,0.407271
29156,0.800699
29157,0.846604
29158,0.971617
29159,0.758001
29160,0.842936
29161,0.874354
29162,0.907397
29163,0.710528
29164,0.429655
29165,0.708996
29166,0.856887
29167,0.67305
29168,0.68247
29169,0.661149
29170,0.705184
29171,0.9128
29172,0.676577
29173,0.622835
29174,0.369453
29175,0.658761
29176,0.84628
29177,0.61344
29178,0.768599
29179,0.899547
29180,0.718617
29181,0.744927
29182,0.773718
29183,0.875474
29184,0.415232
29185,0.921741
29186,0.631662
29187,0.701419
29188,0.286897
29189,0.692271
29190,0.781413
29191,0.845383
29192,0.702863
29193,0.798316
29194,0.932011
29195,0.937601
29196,0.565887
29197,0.956327
29198,0.509291
29199,0.25046
29200,0.782992
29201,0.884689
29202,0.572045
29203,0.317211
29204,0.784755
29205,0.739096
29206,0.702334
29207,0.654028
29208,0.688652
29209,0.802857
29210,0.638154
29211,0.686953
29212,0.839297
29213,0.653747
29214,0.653351
29215,0.702258
29216,0.74847
29217,0.866634
29218,0.772902
29219,0.669959
29220,0.716201
29221,0.60397
29222,0.837274
29223,0.867612
29224,0.904896
29225,0.64356
29226,0.580163
29227,0.728987
29228,0.887976
29229,0.79159
29230,0.943932
29231,0.667943
29232,0.577599
29233,0.877759
29234,0.594983
29235,0.866426
29236,0.640765
29237,0.508255
29238,0.729707
29239,0.971621
29240,0.84702
29241,0.823658
29242,0.519738
29243,0.717554
29244,0.65011
29245,0.919693
29246,0.530889
29247,0.74753
29248,0.855302
29249,0.619918
29250,0.62186
29251,0.830569
29252,0.95699
29253,0.691342
29254,0.757123
29255,0.660689
29256,0.811779
29257,0.485475
29258,0.978521
29259,0.669634
29260,0.474357
29261,0.771447
29262,0.649985
29263,0.807004
29264,0.545105
29265,0.473937
29266,0.604265
29267,0.941267
29268,0.731119
29269,0.290532
29270,0.897238
29271,0.593118
29272,0.785103
29273,0.871658
29274,0.542001
29275,0.525791
29276,0.822296
29277,0.928104
29278,0.581159
29279,0.513799
29280,0.789917
29281,0.90996
29282,0.932142
29283,0.73823
29284,0.62443
29285,0.786926
29286,0.960545
29287,0.971462
29288,0.697422
29289,0.896037
29290,0.573191
29291,0.710429
29292,0.655664
29293,0.966214
29294,0.381275
29295,0.895517
29296,0.886133
29297,0.626896
29298,0.868859
29299,0.542622
29300,0.717372
29301,0.791642
29302,0.778456
29303,0.741196
29304,0.88005
29305,0.662045
29306,0.77298
29307,0.585864
29308,0.571075
29309,0.675224
29310,0.939332
29311,0.610023
29312,0.889768
29313,0.789451
29314,0.350445
29315,0.624265
29316,0.612029
29317,0.663112
29318,0.817234
29319,0.96817
29320,0.721977
29321,0.583414
29322,0.953972
29323,0.441533
29324,0.71511
29325,0.574672
29326,0.686436
29327,0.317036
29328,0.723663
29329,0.551966
29330,0.71326
29331,0.578766
29332,0.721371
29333,0.687429
29334,0.45738
29335,0.622796
29336,0.887876
29337,0.301961
29338,0.715813
29339,0.910602
29340,0.676595
29341,0.909601
29342,0.710321
29343,0.275944
29344,0.929357
29345,0.883136
29346,0.870604
29347,0.797942
29348,0.935285
29349,0.978962
29350,0.775151
29351,0.924359
29352,0.873563
29353,0.686421
29354,0.702316
29355,0.745479
29356,0.617855
29357,0.715879
29358,0.407253
29359,0.543043
29360,0.890056
29361,0.665717
29362,0.821547
29363,0.763889
29364,0.890057
29365,0.498834
29366,0.548345
29367,0.985471
29368,0.566763
29369,0.824922
29370,0.820453
29371,0.566502
29372,0.865381
29373,0.904751
29374,0.813788
29375,0.718062
29376,0.543223
29377,0.593834
29378,0.786248
29379,0.752325
29380,0.977153
29381,0.918481
29382,0.890194
29383,0.79247
29384,0.926991
29385,0.788074
29386,0.49873
29387,0.434005
29388,0.839218
29389,0.914178
29390,0.725566
29391,0.590597
29392,0.538284
29393,0.961694
29394,0.957583
29395,0.989191
29396,0.874113
29397,0.838902
29398,0.60115
29399,0.757069
29400,0.180819
29401,0.768571
29402,0.918659
29403,0.747928
29404,0.518648
29405,0.576753
29406,0.585965
29407,0.795817
29408,0.725806
29409,0.450438
29410,0.853131
29411,0.626112
29412,0.629852
29413,0.535456
29414,0.821992
29415,0.796825
29416,0.965763
29417,0.843554
29418,0.951475
29419,0.779328
29420,0.59342
29421,0.58089
29422,0.858596
29423,0.844953
29424,0.531816
29425,0.705416
29426,0.703629
29427,0.563486
29428,0.89685
29429,0.475552
29430,0.972026
29431,0.770043
29432,0.113737
29433,0.542502
29434,0.409581
29435,0.840029
29436,0.699892
29437,0.17702
29438,0.352965
29439,0.88948
29440,0.902584
29441,0.815011
29442,0.598214
29443,0.526295
29444,0.693505
29445,0.652889
29446,0.606914
29447,0.819578
29448,0.595959
29449,0.924411
29450,0.697216
29451,0.867275
29452,0.546889
29453,0.621014
29454,0.758093
29455,0.707794
29456,0.656333
29457,0.662282
29458,0.783569
29459,0.857918
29460,0.587334
29461,0.61965
29462,0.922798
29463,0.478771
29464,0.598422
29465,0.544965
29466,0.805451
29467,0.750979
29468,0.491858
29469,0.404249
29470,0.848048
29471,0.875898
29472,0.801684
29473,0.659157
29474,0.735295
29475,0.675175
29476,0.759655
29477,0.907068
29478,0.20452
29479,0.703599
29480,0.709918
29481,0.635796
29482,0.753494
29483,0.696326
29484,0.639199
29485,0.980403
29486,0.587014
29487,0.872089
29488,0.892852
29489,0.649746
29490,0.87675
29491,0.914952
29492,0.931356
29493,0.742271
29494,0.786133
29495,0.841885
29496,0.723704
29497,0.878378
29498,0.534707
29499,0.874224
29500,0.384729
29501,0.884769
29502,0.85402
29503,0.793926
29504,0.838635
29505,0.676125
29506,0.803426
29507,0.856531
29508,0.812379
29509,0.882319
29510,0.643563
29511,0.831951
29512,0.718987
29513,0.868775
29514,0.807206
29515,0.677131
29516,0.491377
29517,0.871925
29518,0.472629
29519,0.455096
29520,0.91376
29521,0.544854
29522,0.636513
29523,0.590661
29524,0.761986
29525,0.621022
29526,0.759183
29527,0.640916
29528,0.724934
29529,0.393896
29530,0.884294
29531,0.81536
29532,0.768269
29533,0.694004
29534,0.906519
29535,0.799719
29536,0.939389
29537,0.93825
29538,0.607108
29539,0.745109
29540,0.925616
29541,0.651887
29542,0.963689
29543,0.87736
29544,0.948697
29545,0.81273
29546,0.626263
29547,0.781739
29548,0.762873
29549,0.760403
29550,0.336836
29551,0.658851
29552,0.81252
29553,0.611404
29554,0.720055
29555,0.399028
29556,0.873406
29557,0.819064
29558,0.682043
29559,0.692525
29560,0.514504
29561,0.918192
29562,0.687343
29563,0.816894
29564,0.483472
29565,0.892456
29566,0.662449
29567,0.766634
29568,0.874376
29569,0.796715
29570,0.564608
29571,0.567959
29572,0.886239
29573,0.738328
29574,0.86255
29575,0.673349
29576,0.884749
29577,0.749242
29578,0.586347
29579,0.721359
29580,0.488275
29581,0.837798
29582,0.194182
29583,0.839251
29584,0.685688
29585,0.899216
29586,0.38582
29587,0.51194
29588,0.675819
29589,0.706901
29590,0.743061
29591,0.79819
29592,0.604093
29593,0.738159
29594,0.437216
29595,0.702184
29596,0.544544
29597,0.612475
29598,0.879213
29599,0.555148
29600,0.811353
29601,0.571136
29602,0.633448
29603,0.866653
29604,0.643605
29605,0.789332
29606,0.91833
29607,0.78526
29608,0.767671
29609,0.640192
29610,0.849846
29611,0.634918
29612,0.777694
29613,0.861827
29614,0.652998
29615,0.57509
29616,0.829612
29617,0.814683
29618,0.804001
29619,0.697255
29620,0.732349
29621,0.979115
29622,0.972864
29623,0.944684
29624,0.761777
29625,0.869315
29626,0.691226
29627,0.879101
29628,0.697999
29629,0.511069
29630,0.894213
29631,0.836816
29632,0.966063
29633,0.59957
29634,0.390487
29635,0.65795
29636,0.79438
29637,0.401846
29638,0.504071
29639,0.859387
29640,0.568992
29641,0.857028
29642,0.85282
29643,0.98415
29644,0.568642
29645,0.85247
29646,0.949876
29647,0.870459
29648,0.736633
29649,0.383146
29650,0.694498
29651,0.486917
29652,0.752699
29653,0.865754
29654,0.633922
29655,0.964943
29656,0.446007
29657,0.737085
29658,0.377541
29659,0.934303
29660,0.498381
29661,0.68236
29662,0.593567
29663,0.561355
29664,0.856847
29665,0.957525
29666,0.870473
29667,0.623769
29668,0.963471
29669,0.971134
29670,0.763655
29671,0.771705
29672,0.489235
29673,0.720027
29674,0.925116
29675,0.81055
29676,0.616039
29677,0.951818
29678,0.622222
29679,0.765461
29680,0.787493
29681,0.757608
29682,0.828907
29683,0.864095
29684,0.469854
29685,0.7388
29686,0.444658
29687,0.905543
29688,0.585208
29689,0.854675
29690,0.324139
29691,0.549918
29692,0.859635
29693,0.836097
29694,0.840282
29695,0.517348
29696,0.947875
29697,0.934441
29698,0.666546
29699,0.98142
29700,0.924367
29701,0.815569
29702,0.694931
29703,0.681894
29704,0.697039
29705,0.844486
29706,0.958959
29707,0.858358
29708,0.261972
29709,0.654733
29710,0.717154
29711,0.773553
29712,0.797002
29713,0.571721
29714,0.576508
29715,0.683779
29716,0.76267
29717,0.707334
29718,0.917877
29719,0.776282
29720,0.692441
29721,0.668419
29722,0.86139
29723,0.545627
29724,0.899041
29725,0.747813
29726,0.872443
29727,0.951015
29728,0.386915
29729,0.68374
29730,0.845071
29731,0.87178
29732,0.29682
29733,0.733087
29734,0.835398
29735,0.182343
29736,0.61507
29737,0.400801
29738,0.622037
29739,0.457777
29740,0.381257
29741,0.845564
29742,0.929004
29743,0.952338
29744,0.718612
29745,0.636302
29746,0.667136
29747,0.861461
29748,0.537986
29749,0.694806
29750,0.882185
29751,0.926777
29752,0.828188
29753,0.972337
29754,0.661995
29755,0.865904
29756,0.536409
29757,0.394402
29758,0.6621
29759,0.793868
29760,0.541764
29761,0.797522
29762,0.773015
29763,0.546555
29764,0.765903
29765,0.724431
29766,0.559091
29767,0.956246
29768,0.727486
29769,0.894676
29770,0.644017
29771,0.962045
29772,0.899118
29773,0.589436
29774,0.827532
29775,0.412103
29776,0.711557
29777,0.948178
29778,0.691277
29779,0.598734
29780,0.695449
29781,0.448441
29782,0.733521
29783,0.678132
29784,0.819868
29785,0.823985
29786,0.904137
29787,0.560956
29788,0.558936
29789,0.474378
29790,0.474945
29791,0.511498
29792,0.538438
29793,0.613532
29794,0.720724
29795,0.730099
29796,0.921685
29797,0.797392
29798,0.486179
29799,0.754581
29800,0.671515
29801,0.812602
29802,0.758273
29803,0.656682
29804,0.772109
29805,0.868182
29806,0.87477
29807,0.968485
29808,0.672258
29809,0.972299
29810,0.74299
29811,0.676113
29812,0.967276
29813,0.973851
29814,0.966037
29815,0.643844
29816,0.626597
29817,0.402045
29818,0.79408
29819,0.664606
29820,0.646166
29821,0.644431
29822,0.618953
29823,0.763061
29824,0.93326
29825,0.554758
29826,0.394886
29827,0.97709
29828,0.909762
29829,0.837529
29830,0.936963
29831,0.804997
29832,0.387879
29833,0.539573
29834,0.917964
29835,0.822917
29836,0.817298
29837,0.580261
29838,0.924248
29839,0.90593
29840,0.771873
29841,0.689867
29842,0.899091
29843,0.45401
29844,0.801473
29845,0.562547
29846,0.646511
29847,0.638898
29848,0.724611
29849,0.590412
29850,0.67093
29851,0.755259
29852,0.859723
29853,0.508094
29854,0.647908
29855,0.702437
29856,0.713285
29857,0.801951
29858,0.716033
29859,0.915935
29860,0.638906
29861,0.764082
29862,0.976238
29863,0.80724
29864,0.658788
29865,0.970386
29866,0.725839
29867,0.789416
29868,0.711788
29869,0.519162
29870,0.958699
29871,0.890086
29872,0.613039
29873,0.935587
29874,0.833015
29875,0.817176
29876,0.709151
29877,0.814706
29878,0.919871
29879,0.329785
29880,0.547269
29881,0.677673
29882,0.619123
29883,0.868521
29884,0.967655
29885,0.823363
29886,0.754378
29887,0.685538
29888,0.566177
29889,0.805856
29890,0.849136
29891,0.609694
29892,0.727517
29893,0.787795
29894,0.913857
29895,0.735241
29896,0.399089
29897,0.856602
29898,0.752815
29899,0.896275
29900,0.710303
29901,0.506132
29902,0.62812
29903,0.634057
29904,0.734953
29905,0.889617
29906,0.170046
29907,0.815852
29908,0.957707
29909,0.824886
29910,0.894147
29911,0.588453
29912,0.633567
29913,0.600285
29914,0.400328
29915,0.6696
29916,0.961599
29917,0.466571
29918,0.615291
29919,0.521596
29920,0.77655
29921,0.691222
29922,0.34834
29923,0.496923
29924,0.720035
29925,0.97289
29926,0.849975
29927,0.65036
29928,0.776174
29929,0.500242
29930,0.885666
29931,0.410425
29932,0.934542
29933,0.281516
29934,0.610888
29935,0.522043
29936,0.903244
29937,0.620514
29938,0.640975
29939,0.803037
29940,0.668733
29941,0.462783
29942,0.657607
29943,0.516307
29944,0.790929
29945,0.71327
29946,0.223556
29947,0.605843
29948,0.649277
29949,0.679833
29950,0.429887
29951,0.742485
29952,0.728176
29953,0.926609
29954,0.871914
29955,0.870402
29956,0.855737
29957,0.423653
29958,0.760592
29959,0.54491
29960,0.798562
29961,0.641475
29962,0.702929
29963,0.673672
29964,0.716799
29965,0.55829
29966,0.744226
29967,0.790104
29968,0.652343
29969,0.648982
29970,0.742894
29971,0.737181
29972,0.894059
29973,0.922542
29974,0.91248
29975,0.650338
29976,0.512436
29977,0.613893
29978,0.568101
29979,0.600377
29980,0.725898
29981,0.518489
29982,0.881073
29983,0.785552
29984,0.708117
29985,0.613603
29986,0.475989
29987,0.638872
29988,0.776628
29989,0.433363
29990,0.634957
29991,0.780506
29992,0.711931
29993,0.880422
29994,0.483706
29995,0.630303
29996,0.834595
29997,0.967132
29998,0.595732
29999,0.642427
30000,0.593379
30001,0.308142
30002,0.728601
30003,0.923455
30004,0.695323
30005,0.882882
30006,0.510178
30007,0.918777
30008,0.952556
30009,0.953309
30010,0.764227
30011,0.589368
30012,0.733428
30013,0.734174
30014,0.738182
30015,0.563198
30016,0.932826
30017,0.520385
30018,0.680576
30019,0.96296
30020,0.5335
30021,0.595607
30022,0.637453
30023,0.678033
30024,0.603049
30025,0.963653
30026,0.885243
30027,0.814593
30028,0.669925
30029,0.81626
30030,0.810472
30031,0.755248
30032,0.954362
30033,0.174314
30034,0.893398
30035,0.818333
30036,0.96027
30037,0.571298
30038,0.629769
30039,0.852577
30040,0.867252
30041,0.989165
30042,0.684465
30043,0.508714
30044,0.723305
30045,0.700172
30046,0.634163
30047,0.587398
30048,0.580946
30049,0.96375
30050,0.719201
30051,0.748065
30052,0.741868
30053,0.652728
30054,0.899032
30055,0.970713
30056,0.650225
30057,0.690365
30058,0.827265
30059,0.957953
30060,0.788899
30061,0.559888
30062,0.501112
30063,0.607237
30064,0.581759
30065,0.681556
30066,0.952848
30067,0.73549
30068,0.42962
30069,0.415163
30070,0.881365
30071,0.854355
30072,0.834637
30073,0.885352
30074,0.709235
30075,0.698756
30076,0.840009
30077,0.857303
30078,0.936096
30079,0.664201
30080,0.902601
30081,0.96924
30082,0.846276
30083,0.516854
30084,0.773182
30085,0.632733
30086,0.771407
30087,0.641784
30088,0.479092
30089,0.353159
30090,0.920637
30091,0.80365
30092,0.43625
30093,0.570993
30094,0.439898
30095,0.556145
30096,0.787809
30097,0.465591
30098,0.675162
30099,0.539608
30100,0.610782
30101,0.943304
30102,0.609398
30103,0.59289
30104,0.773765
30105,0.484941
30106,0.593423
30107,0.880317
30108,0.285853
30109,0.712169
30110,0.765801
30111,0.553729
30112,0.661528
30113,0.881785
30114,0.474344
30115,0.882996
30116,0.4009
30117,0.864937
30118,0.674446
30119,0.929694
30120,0.541263
30121,0.623543
30122,0.973682
30123,0.56377
30124,0.833465
30125,0.299972
30126,0.602439
30127,0.63715
30128,0.740132
30129,0.714451
30130,0.560229
30131,0.528926
30132,0.934577
30133,0.492214
30134,0.862728
30135,0.754951
30136,0.732086
30137,0.794433
30138,0.876141
30139,0.678898
30140,0.833626
30141,0.496755
30142,0.589218
30143,0.854726
30144,0.893583
30145,0.360207
30146,0.732191
30147,0.651606
30148,0.878221
30149,0.838469
30150,0.761991
30151,0.706191
30152,0.959818
30153,0.516946
30154,0.595344
30155,0.508543
30156,0.849573
30157,0.704635
30158,0.668048
30159,0.908837
30160,0.884043
30161,0.837954
30162,0.703479
30163,0.596807
30164,0.651565
30165,0.697482
30166,0.716808
30167,0.369902
30168,0.139239
30169,0.442499
30170,0.907712
30171,0.75446
30172,0.822843
30173,0.652361
30174,0.714204
30175,0.977957
30176,0.783376
30177,0.744009
30178,0.816397
30179,0.343472
30180,0.744081
30181,0.877572
30182,0.609032
30183,0.845314
30184,0.370231
30185,0.656344
30186,0.873004
30187,0.520685
30188,0.606431
30189,0.10866
30190,0.92587
30191,0.809027
30192,0.799487
30193,0.889685
30194,0.553231
30195,0.758188
30196,0.782006
30197,0.93343
30198,0.756307
30199,0.615707
30200,0.686677
30201,0.814555
30202,0.86607
30203,0.696834
30204,0.403651
30205,0.200752
30206,0.646019
30207,0.952014
30208,0.591495
30209,0.680096
30210,0.659967
30211,0.469806
30212,0.929264
30213,0.797662
30214,0.866033
30215,0.76649
30216,0.825883
30217,0.805115
30218,0.922456
30219,0.768351
30220,0.801025
30221,0.848565
30222,0.893554
30223,0.796541
30224,0.364974
30225,0.927735
30226,0.889469
30227,0.77589
30228,0.375768
30229,0.486548
30230,0.726678
30231,0.696558
30232,0.488776
30233,0.56254
30234,0.863072
30235,0.50217
30236,0.824693
30237,0.595409
30238,0.632829
30239,0.580865
30240,0.565966
30241,0.902107
30242,0.405006
30243,0.728684
30244,0.63741
30245,0.288133
30246,0.507964
30247,0.618349
30248,0.844821
30249,0.627505
30250,0.549951
30251,0.752877
30252,0.654053
30253,0.52409
30254,0.858214
30255,0.713283
30256,0.711538
30257,0.94667
30258,0.979172
30259,0.714476
30260,0.688895
30261,0.677712
30262,0.650208
30263,0.924452
30264,0.779478
30265,0.6553
30266,0.810028
30267,0.5618
30268,0.933635
30269,0.752712
30270,0.614319
30271,0.650727
30272,0.849886
30273,0.961484
30274,0.692791
30275,0.921245
30276,0.786472
30277,0.399547
30278,0.597043
30279,0.720182
30280,0.913166
30281,0.747883
30282,0.845351
30283,0.939845
30284,0.756679
30285,0.859222
30286,0.495378
30287,0.675067
30288,0.764104
30289,0.277944
30290,0.300488
30291,0.749367
30292,0.693682
30293,0.251593
30294,0.810468
30295,0.677537
30296,0.785987
30297,0.46264
30298,0.518707
30299,0.743815
30300,0.749093
30301,0.736351
30302,0.632266
30303,0.885607
30304,0.754155
30305,0.591936
30306,0.353864
30307,0.482363
30308,0.89377
30309,0.837224
30310,0.564014
30311,0.73912
30312,0.476908
30313,0.546008
30314,0.472581
30315,0.843575
30316,0.706171
30317,0.548701
30318,0.928852
30319,0.979014
30320,0.807694
30321,0.844366
30322,0.622354
30323,0.844493
30324,0.736896
30325,0.980957
30326,0.980669
30327,0.828114
30328,0.860032
30329,0.91446
30330,0.47394
30331,0.47021
30332,0.911663
30333,0.835756
30334,0.781422
30335,0.444524
30336,0.678003
30337,0.29165
30338,0.7742
30339,0.922648
30340,0.736376
30341,0.891678
30342,0.538785
30343,0.714525
30344,0.782633
30345,0.555998
30346,0.470086
30347,0.180756
30348,0.754932
30349,0.737233
30350,0.916126
30351,0.866153
30352,0.381073
30353,0.683817
30354,0.6664
30355,0.80588
30356,0.80701
30357,0.378068
30358,0.64692
30359,0.414437
30360,0.817282
30361,0.982363
30362,0.829127
30363,0.623091
30364,0.525557
30365,0.571096
30366,0.75036
30367,0.946513
30368,0.58767
30369,0.8933
30370,0.142061
30371,0.577495
30372,0.293425
30373,0.899263
30374,0.851373
30375,0.856866
30376,0.735172
30377,0.848562
30378,0.263717
30379,0.864765
30380,0.842066
30381,0.886643
30382,0.899905
30383,0.60614
30384,0.70207
30385,0.972124
30386,0.740423
30387,0.879515
30388,0.982882
30389,0.817463
30390,0.87729
30391,0.725087
30392,0.751317
30393,0.665779
30394,0.666641
30395,0.751283
30396,0.864121
30397,0.694102
30398,0.663368
30399,0.838536
30400,0.591537
30401,0.866887
30402,0.724391
30403,0.67566
30404,0.861864
30405,0.980527
30406,0.811855
30407,0.785472
30408,0.636449
30409,0.826919
30410,0.422712
30411,0.57264
30412,0.493487
30413,0.408132
30414,0.819406
30415,0.899459
30416,0.672974
30417,0.593544
30418,0.736891
30419,0.872095
30420,0.69351
30421,0.52484
30422,0.740897
30423,0.761009
30424,0.492104
30425,0.947607
30426,0.566262
30427,0.812039
30428,0.603962
30429,0.826453
30430,0.806014
30431,0.854311
30432,0.842823
30433,0.846022
30434,0.74305
30435,0.552654
30436,0.804927
30437,0.942004
30438,0.546703
30439,0.781781
30440,0.667128
30441,0.603408
30442,0.717915
30443,0.981444
30444,0.523657
30445,0.299833
30446,0.453078
30447,0.484441
30448,0.653935
30449,0.544886
30450,0.542737
30451,0.927506
30452,0.863712
30453,0.875112
30454,0.538604
30455,0.920487
30456,0.86676
30457,0.859704
30458,0.949389
30459,0.922885
30460,0.726494
30461,0.977418
30462,0.762201
30463,0.580868
30464,0.589096
30465,0.802804
30466,0.641069
30467,0.745932
30468,0.88873
30469,0.894434
30470,0.907953
30471,0.768726
30472,0.730615
30473,0.802536
30474,0.600786
30475,0.785757
30476,0.699884
30477,0.916472
30478,0.776531
30479,0.687691
30480,0.367602
30481,0.418294
30482,0.901399
30483,0.559595
30484,0.678646
30485,0.755458
30486,0.736832
30487,0.930328
30488,0.361718
30489,0.951037
30490,0.732266
30491,0.974064
30492,0.92457
30493,0.647087
30494,0.557699
30495,0.42271
30496,0.878168
30497,0.971839
30498,0.44179
30499,0.539665
30500,0.843125
30501,0.682852
30502,0.519326
30503,0.73781
30504,0.959296
30505,0.818119
30506,0.662621
30507,0.762656
30508,0.476052
30509,0.790555
30510,0.600579
30511,0.564297
30512,0.784879
30513,0.83846
30514,0.665653
30515,0.767331
30516,0.695292
30517,0.862617
30518,0.191536
30519,0.633464
30520,0.980064
30521,0.743507
30522,0.861442
30523,0.668952
30524,0.735613
30525,0.374497
30526,0.96405
30527,0.344476
30528,0.906744
30529,0.925685
30530,0.354326
30531,0.929264
30532,0.920412
30533,0.920829
30534,0.507662
30535,0.472731
30536,0.715565
30537,0.632225
30538,0.739516
30539,0.551198
30540,0.394748
30541,0.74333
30542,0.91957
30543,0.714031
30544,0.910731
30545,0.574773
30546,0.600748
30547,0.84651
30548,0.704002
30549,0.71195
30550,0.643345
30551,0.97856
30552,0.462142
30553,0.744301
30554,0.137957
30555,0.519429
30556,0.534886
30557,0.742039
30558,0.486793
30559,0.954345
30560,0.734577
30561,0.85223
30562,0.367403
30563,0.618168
30564,0.841986
30565,0.774565
30566,0.500746
30567,0.795297
30568,0.938593
30569,0.651179
30570,0.551595
30571,0.921363
30572,0.69176
30573,0.691407
30574,0.656407
30575,0.724662
30576,0.928151
30577,0.516359
30578,0.550408
30579,0.673452
30580,0.897597
30581,0.655543
30582,0.500979
30583,0.719596
30584,0.766371
30585,0.650357
30586,0.461432
30587,0.747021
30588,0.806227
30589,0.949337
30590,0.622164
30591,0.741174
30592,0.961869
30593,0.737911
30594,0.767794
30595,0.120894
30596,0.95601
30597,0.366224
30598,0.774957
30599,0.611858
30600,0.880239
30601,0.884574
30602,0.730232
30603,0.909042
30604,0.961718
30605,0.676192
30606,0.896457
30607,0.626751
30608,0.755837
30609,0.770094
30610,0.559267
30611,0.922703
30612,0.694152
30613,0.690614
30614,0.803413
30615,0.870152
30616,0.93681
30617,0.640648
30618,0.779124
30619,0.643477
30620,0.547601
30621,0.525029
30622,0.80708
30623,0.690592
30624,0.911821
30625,0.762147
30626,0.68156
30627,0.516298
30628,0.916523
30629,0.881968
30630,0.737885
30631,0.554962
30632,0.550394
30633,0.641113
30634,0.778741
30635,0.811438
30636,0.592552
30637,0.416802
30638,0.908488
30639,0.655079
30640,0.170774
30641,0.122681
30642,0.488889
30643,0.85267
30644,0.765231
30645,0.485396
30646,0.529312
30647,0.941587
30648,0.829728
30649,0.770717
30650,0.387027
30651,0.588134
30652,0.772001
30653,0.794377
30654,0.81186
30655,0.361438
30656,0.772604
30657,0.617912
30658,0.835404
30659,0.729656
30660,0.892132
30661,0.734705
30662,0.719285
30663,0.852152
30664,0.925622
30665,0.689274
30666,0.950869
30667,0.87771
30668,0.873296
30669,0.947548
30670,0.858949
30671,0.844147
30672,0.841898
30673,0.488738
30674,0.683868
30675,0.814587
30676,0.735893
30677,0.733444
30678,0.735815
30679,0.66287
30680,0.546661
30681,0.555814
30682,0.618738
30683,0.464127
30684,0.935547
30685,0.738743
30686,0.376374
30687,0.488524
30688,0.96518
30689,0.866214
30690,0.818742
30691,0.715979
30692,0.759347
30693,0.629485
30694,0.739757
30695,0.86474
30696,0.702185
30697,0.582288
30698,0.825988
30699,0.726926
30700,0.878689
30701,0.353638
30702,0.812396
30703,0.765599
30704,0.621802
30705,0.731627
30706,0.830881
30707,0.843133
30708,0.691069
30709,0.670332
30710,0.720246
30711,0.272007
30712,0.718955
30713,0.701319
30714,0.852611
30715,0.900306
30716,0.540595
30717,0.952481
30718,0.597527
30719,0.909911
30720,0.710781
30721,0.876501
30722,0.739777
30723,0.855031
30724,0.840437
30725,0.81176
30726,0.877072
30727,0.781712
30728,0.739123
30729,0.152547
30730,0.618019
30731,0.83949
30732,0.21041
30733,0.442852
30734,0.955376
30735,0.728115
30736,0.835327
30737,0.882782
30738,0.894243
30739,0.616606
30740,0.675378
30741,0.609021
30742,0.509177
30743,0.656339
30744,0.657869
30745,0.61231
30746,0.627168
30747,0.836754
30748,0.718005
30749,0.924666
30750,0.486709
30751,0.668754
30752,0.822794
30753,0.755836
30754,0.585128
30755,0.664263
30756,0.695124
30757,0.798821
30758,0.893105
30759,0.648316
30760,0.787773
30761,0.733128
30762,0.706949
30763,0.908853
30764,0.7
30765,0.89631
30766,0.683808
30767,0.401924
30768,0.866786
30769,0.897792
30770,0.726785
30771,0.583973
30772,0.787231
30773,0.499836
30774,0.683714
30775,0.850161
30776,0.56874
30777,0.698835
30778,0.499877
30779,0.763421
30780,0.967044
30781,0.939804
30782,0.73968
30783,0.469709
30784,0.869564
30785,0.360948
30786,0.801978
30787,0.794147
30788,0.382944
30789,0.763417
30790,0.942666
30791,0.219616
30792,0.613621
30793,0.818304
30794,0.637032
30795,0.712241
30796,0.811027
30797,0.458286
30798,0.449987
30799,0.907193
30800,0.58666
30801,0.861787
30802,0.63411
30803,0.57078
30804,0.705192
30805,0.932725
30806,0.885663
30807,0.826841
30808,0.480917
30809,0.775685
30810,0.870294
30811,0.565959
30812,0.910767
30813,0.953541
30814,0.86774
30815,0.645075
30816,0.927026
30817,0.968692
30818,0.693113
30819,0.590265
30820,0.7701
30821,0.716059
30822,0.452994
30823,0.84987
30824,0.971928
30825,0.72704
30826,0.8279
30827,0.870984
30828,0.588934
30829,0.372728
30830,0.791306
30831,0.886213
30832,0.651333
30833,0.586481
30834,0.894444
30835,0.77762
30836,0.872153
30837,0.740938
30838,0.715861
30839,0.965374
30840,0.654826
30841,0.677144
30842,0.833438
30843,0.632864
30844,0.707626
30845,0.825269
30846,0.259121
30847,0.868821
30848,0.770917
30849,0.272131
30850,0.768419
30851,0.873543
30852,0.779753
30853,0.708048
30854,0.93407
30855,0.681611
30856,0.729843
30857,0.961078
30858,0.727704
30859,0.393892
30860,0.557538
30861,0.653215
30862,0.679722
30863,0.834773
30864,0.614242
30865,0.833831
30866,0.798275
30867,0.729976
30868,0.45257
30869,0.750756
30870,0.64691
30871,0.886519
30872,0.604999
30873,0.671668
30874,0.782698
30875,0.801974
30876,0.631834
30877,0.58007
30878,0.628585
30879,0.76792
30880,0.671159
30881,0.84901
30882,0.982131
30883,0.84605
30884,0.671686
30885,0.793734
30886,0.110066
30887,0.847471
30888,0.685211
30889,0.751656
30890,0.658489
30891,0.895043
30892,0.766974
30893,0.784994
30894,0.771429
30895,0.774837
30896,0.79266
30897,0.831084
30898,0.728508
30899,0.971271
30900,0.686883
30901,0.916612
30902,0.627787
30903,0.40836
30904,0.85036
30905,0.631496
30906,0.63628
30907,0.764012
30908,0.867951
30909,0.700632
30910,0.708625
30911,0.476623
30912,0.760503
30913,0.786931
30914,0.589064
30915,0.91329
30916,0.26098
30917,0.971418
30918,0.69184
30919,0.810885
30920,0.925096
30921,0.636194
30922,0.29776
30923,0.941177
30924,0.859405
30925,0.582981
30926,0.525571
30927,0.656867
30928,0.550692
30929,0.733742
30930,0.683915
30931,0.638244
30932,0.757175
30933,0.782621
30934,0.624213
30935,0.876363
30936,0.489184
30937,0.843279
30938,0.661886
30939,0.788369
30940,0.604327
30941,0.304428
30942,0.486803
30943,0.778868
30944,0.752559
30945,0.681975
30946,0.598586
30947,0.660341
30948,0.966078
30949,0.799117
30950,0.620465
30951,0.759151
30952,0.785684
30953,0.407709
30954,0.661441
30955,0.897835
30956,0.563863
30957,0.710215
30958,0.817515
30959,0.822651
30960,0.975371
30961,0.838443
30962,0.614336
30963,0.673069
30964,0.624853
30965,0.826189
30966,0.936482
30967,0.903427
30968,0.872756
30969,0.870539
30970,0.861355
30971,0.519594
30972,0.783212
30973,0.748235
30974,0.680392
30975,0.710129
30976,0.701887
30977,0.91393
30978,0.928774
30979,0.555072
30980,0.790979
30981,0.819764
30982,0.554341
30983,0.553543
30984,0.779649
30985,0.909367
30986,0.892153
30987,0.528772
30988,0.95974
30989,0.896807
30990,0.489874
30991,0.860512
30992,0.74653
30993,0.893796
30994,0.634087
30995,0.656701
30996,0.857835
30997,0.711812
30998,0.78162
30999,0.577675
31000,0.539552
31001,0.716987
31002,0.96154
31003,0.671087
31004,0.868032
31005,0.657262
31006,0.850149
31007,0.545102
31008,0.628975
31009,0.593875
31010,0.738511
31011,0.422224
31012,0.549108
31013,0.665911
31014,0.834374
31015,0.973991
31016,0.453211
31017,0.586184
31018,0.93291
31019,0.793586
31020,0.597246
31021,0.458309
31022,0.85449
31023,0.865643
31024,0.815248
31025,0.240068
31026,0.842895
31027,0.937182
31028,0.310612
31029,0.928558
31030,0.441281
31031,0.844672
31032,0.777437
31033,0.26871
31034,0.589751
31035,0.503812
31036,0.789425
31037,0.864067
31038,0.507338
31039,0.572475
31040,0.87198
31041,0.782918
31042,0.871548
31043,0.834983
31044,0.94302
31045,0.677637
31046,0.703295
31047,0.786961
31048,0.635364
31049,0.933227
31050,0.953246
31051,0.968864
31052,0.704502
31053,0.859669
31054,0.800814
31055,0.696387
31056,0.78144
31057,0.344416
31058,0.511194
31059,0.847578
31060,0.969462
31061,0.640461
31062,0.927762
31063,0.864766
31064,0.924689
31065,0.447509
31066,0.662431
31067,0.922698
31068,0.756605
31069,0.822091
31070,0.780123
31071,0.529926
31072,0.717973
31073,0.964472
31074,0.77477
31075,0.613419
31076,0.556731
31077,0.649895
31078,0.65987
31079,0.868687
31080,0.900272
31081,0.607387
31082,0.692273
31083,0.827431
31084,0.706653
31085,0.555702
31086,0.814026
31087,0.536503
31088,0.693682
31089,0.929083
31090,0.817043
31091,0.192244
31092,0.975979
31093,0.772826
31094,0.858383
31095,0.83178
31096,0.599613
31097,0.761017
31098,0.776753
31099,0.771938
31100,0.788997
31101,0.807468
31102,0.644229
31103,0.880159
31104,0.736243
31105,0.55602
31106,0.678467
31107,0.701273
31108,0.199277
31109,0.356066
31110,0.174866
31111,0.615871
31112,0.621933
31113,0.229062
31114,0.608801
31115,0.282093
31116,0.810308
31117,0.717693
31118,0.904772
31119,0.910674
31120,0.635569
31121,0.822758
31122,0.904187
31123,0.207929
31124,0.646438
31125,0.603677
31126,0.949541
31127,0.319969
31128,0.806915
31129,0.730508
31130,0.70394
31131,0.826101
31132,0.794359
31133,0.38977
31134,0.923471
31135,0.641556
31136,0.833354
31137,0.798606
31138,0.591783
31139,0.626174
31140,0.838696
31141,0.851336
31142,0.968571
31143,0.490382
31144,0.720132
31145,0.828478
31146,0.694639
31147,0.67122
31148,0.658547
31149,0.932009
31150,0.515124
31151,0.664889
31152,0.797545
31153,0.759749
31154,0.567277
31155,0.864978
31156,0.623765
31157,0.729357
31158,0.521695
31159,0.594573
31160,0.779613
31161,0.604526
31162,0.781654
31163,0.731661
31164,0.582309
31165,0.89071
31166,0.278125
31167,0.912321
31168,0.618549
31169,0.65535
31170,0.73615
31171,0.684013
31172,0.701083
31173,0.696911
31174,0.967039
31175,0.563109
31176,0.733187
31177,0.579907
31178,0.96281
31179,0.62195
31180,0.758849
31181,0.567482
31182,0.673858
31183,0.856205
31184,0.559839
31185,0.567937
31186,0.391634
31187,0.378284
31188,0.720467
31189,0.253084
31190,0.782721
31191,0.762551
31192,0.696079
31193,0.654746
31194,0.73341
31195,0.841554
31196,0.874186
31197,0.537411
31198,0.969836
31199,0.768432
31200,0.761253
31201,0.956585
31202,0.843017
31203,0.868143
31204,0.886055
31205,0.598267
31206,0.651066
31207,0.874135
31208,0.804188
31209,0.618512
31210,0.702897
31211,0.807028
31212,0.790354
31213,0.865218
31214,0.797739
31215,0.420269
31216,0.537196
31217,0.57128
31218,0.79437
31219,0.6868
31220,0.688245
31221,0.890871
31222,0.69799
31223,0.805966
31224,0.94044
31225,0.966242
31226,0.619047
31227,0.713674
31228,0.415166
31229,0.797237
31230,0.910766
31231,0.615936
31232,0.675077
31233,0.667085
31234,0.381485
31235,0.854041
31236,0.841247
31237,0.651615
31238,0.788656
31239,0.403314
31240,0.735956
31241,0.754855
31242,0.513645
31243,0.167586
31244,0.266487
31245,0.975812
31246,0.641059
31247,0.442372
31248,0.754877
31249,0.795229
31250,0.848466
31251,0.88045
31252,0.965834
31253,0.691126
31254,0.571917
31255,0.453473
31256,0.677713
31257,0.443555
31258,0.850751
31259,0.656529
31260,0.872977
31261,0.823465
31262,0.85194
31263,0.925073
31264,0.252344
31265,0.848011
31266,0.893
31267,0.976129
31268,0.714471
31269,0.716108
31270,0.967951
31271,0.872424
31272,0.585758
31273,0.66683
31274,0.874606
31275,0.889102
31276,0.945741
31277,0.47865
31278,0.958946
31279,0.966084
31280,0.893711
31281,0.775504
31282,0.756666
31283,0.448731
31284,0.685644
31285,0.795211
31286,0.689444
31287,0.418121
31288,0.921515
31289,0.915543
31290,0.937801
31291,0.532882
31292,0.896746
31293,0.798422
31294,0.68775
31295,0.737201
31296,0.447221
31297,0.583415
31298,0.621424
31299,0.933133
31300,0.689118
31301,0.506067
31302,0.730492
31303,0.366236
31304,0.650741
31305,0.732716
31306,0.809758
31307,0.467079
31308,0.625982
31309,0.760843
31310,0.598658
31311,0.715001
31312,0.853849
31313,0.979713
31314,0.78962
31315,0.302615
31316,0.818665
31317,0.652121
31318,0.749285
31319,0.856249
31320,0.682245
31321,0.960154
31322,0.972122
31323,0.579523
31324,0.796642
31325,0.683028
31326,0.28706
31327,0.623099
31328,0.963173
31329,0.965382
31330,0.445598
31331,0.526217
31332,0.917305
31333,0.774307
31334,0.934627
31335,0.948238
31336,0.614528
31337,0.699992
31338,0.480379
31339,0.858445
31340,0.794968
31341,0.378085
31342,0.935869
31343,0.683284
31344,0.760782
31345,0.819923
31346,0.579594
31347,0.580867
31348,0.524046
31349,0.49097
31350,0.526335
31351,0.924279
31352,0.78405
31353,0.859317
31354,0.829128
31355,0.531922
31356,0.883112
31357,0.634961
31358,0.662212
31359,0.87795
31360,0.258353
31361,0.616315
31362,0.598172
31363,0.968813
31364,0.724313
31365,0.965692
31366,0.860993
31367,0.76331
31368,0.804269
31369,0.812259
31370,0.816962
31371,0.901585
31372,0.948962
31373,0.862067
31374,0.694138
31375,0.625072
31376,0.649664
31377,0.751697
31378,0.692902
31379,0.724056
31380,0.728231
31381,0.859407
31382,0.891516
31383,0.217563
31384,0.753421
31385,0.620245
31386,0.883743
31387,0.530248
31388,0.802565
31389,0.849729
31390,0.620898
31391,0.568287
31392,0.591764
31393,0.941441
31394,0.595955
31395,0.964417
31396,0.838501
31397,0.716564
31398,0.915763
31399,0.64438
31400,0.084755
31401,0.310952
31402,0.840047
31403,0.930531
31404,0.511944
31405,0.42181
31406,0.283705
31407,0.928931
31408,0.53718
31409,0.726154
31410,0.538952
31411,0.626821
31412,0.840038
31413,0.790972
31414,0.693188
31415,0.891418
31416,0.525334
31417,0.667355
31418,0.840632
31419,0.751144
31420,0.867763
31421,0.55932
31422,0.501785
31423,0.564838
31424,0.938699
31425,0.625802
31426,0.943016
31427,0.833486
31428,0.634434
31429,0.495552
31430,0.697463
31431,0.767137
31432,0.570997
31433,0.724839
31434,0.866114
31435,0.571502
31436,0.946421
31437,0.579473
31438,0.940547
31439,0.855416
31440,0.721167
31441,0.883117
31442,0.79449
31443,0.49395
31444,0.612635
31445,0.659891
31446,0.739031
31447,0.83422
31448,0.749572
31449,0.688085
31450,0.905209
31451,0.457298
31452,0.66835
31453,0.839619
31454,0.663315
31455,0.691215
31456,0.763485
31457,0.495359
31458,0.790874
31459,0.775935
31460,0.389906
31461,0.586313
31462,0.483034
31463,0.889261
31464,0.964436
31465,0.635398
31466,0.241313
31467,0.688232
31468,0.783138
31469,0.798287
31470,0.778438
31471,0.82703
31472,0.921407
31473,0.659165
31474,0.793944
31475,0.766653
31476,0.913395
31477,0.292227
31478,0.933671
31479,0.935716
31480,0.499965
31481,0.888534
31482,0.936654
31483,0.911904
31484,0.941764
31485,0.878978
31486,0.873322
31487,0.934867
31488,0.93218
31489,0.815269
31490,0.67266
31491,0.529989
31492,0.485644
31493,0.215166
31494,0.654793
31495,0.854453
31496,0.939525
31497,0.452062
31498,0.766543
31499,0.765928
31500,0.540345
31501,0.552255
31502,0.606598
31503,0.25981
31504,0.816265
31505,0.969783
31506,0.935716
31507,0.910626
31508,0.866833
31509,0.686905
31510,0.903055
31511,0.854025
31512,0.720917
31513,0.812955
31514,0.189582
31515,0.917147
31516,0.895459
31517,0.736405
31518,0.639246
31519,0.472976
31520,0.73927
31521,0.586751
31522,0.772095
31523,0.89097
31524,0.162328
31525,0.545462
31526,0.629205
31527,0.806023
31528,0.810249
31529,0.463514
31530,0.97532
31531,0.648667
31532,0.797649
31533,0.769872
31534,0.751684
31535,0.797817
31536,0.753887
31537,0.821116
31538,0.59656
31539,0.840473
31540,0.551857
31541,0.764853
31542,0.455985
31543,0.747818
31544,0.911453
31545,0.900776
31546,0.202619
31547,0.793909
31548,0.929638
31549,0.57214
31550,0.837865
31551,0.623202
31552,0.533326
31553,0.539004
31554,0.125381
31555,0.779903
31556,0.757926
31557,0.300733
31558,0.505895
31559,0.86217
31560,0.866299
31561,0.790309
31562,0.954541
31563,0.881874
31564,0.822894
31565,0.846031
31566,0.499094
31567,0.989478
31568,0.709619
31569,0.959781
31570,0.774289
31571,0.809999
31572,0.404454
31573,0.981853
31574,0.949229
31575,0.858268
31576,0.877451
31577,0.823291
31578,0.917785
31579,0.701125
31580,0.370281
31581,0.630462
31582,0.667088
31583,0.903322
31584,0.681197
31585,0.524747
31586,0.465914
31587,0.303869
31588,0.710697
31589,0.817269
31590,0.702702
31591,0.795676
31592,0.38922
31593,0.588025
31594,0.807057
31595,0.295065
31596,0.707653
31597,0.866081
31598,0.531198
31599,0.920572
31600,0.849212
31601,0.942775
31602,0.378183
31603,0.80445
31604,0.711214
31605,0.978332
31606,0.551742
31607,0.840407
31608,0.642791
31609,0.7328
31610,0.703655
31611,0.583817
31612,0.893168
31613,0.591563
31614,0.630639
31615,0.782915
31616,0.654547
31617,0.268312
31618,0.796107
31619,0.566947
31620,0.847263
31621,0.694881
31622,0.665157
31623,0.771728
31624,0.863315
31625,0.625838
31626,0.719017
31627,0.50045
31628,0.797582
31629,0.849123
31630,0.85748
31631,0.887633
31632,0.616979
31633,0.549238
31634,0.934487
31635,0.748213
31636,0.651239
31637,0.948792
31638,0.919103
31639,0.749793
31640,0.617119
31641,0.893002
31642,0.914403
31643,0.745232
31644,0.525267
31645,0.602047
31646,0.385142
31647,0.651796
31648,0.729979
31649,0.857492
31650,0.588635
31651,0.426798
31652,0.710147
31653,0.818781
31654,0.726388
31655,0.884751
31656,0.736905
31657,0.794444
31658,0.8488
31659,0.828437
31660,0.967658
31661,0.663651
31662,0.858024
31663,0.579376
31664,0.565993
31665,0.560669
31666,0.680505
31667,0.912635
31668,0.827153
31669,0.658789
31670,0.552059
31671,0.784298
31672,0.741286
31673,0.604985
31674,0.683423
31675,0.765291
31676,0.833578
31677,0.748963
31678,0.985165
31679,0.55995
31680,0.612491
31681,0.401515
31682,0.409178
31683,0.856739
31684,0.959449
31685,0.963996
31686,0.737952
31687,0.970017
31688,0.729713
31689,0.506788
31690,0.767861
31691,0.916299
31692,0.54938
31693,0.571368
31694,0.646819
31695,0.551823
31696,0.777008
31697,0.922909
31698,0.569168
31699,0.458598
31700,0.889095
31701,0.659221
31702,0.874667
31703,0.575051
31704,0.855524
31705,0.384012
31706,0.772168
31707,0.533423
31708,0.838305
31709,0.390171
31710,0.505943
31711,0.749731
31712,0.789414
31713,0.937833
31714,0.974919
31715,0.885766
31716,0.777017
31717,0.747037
31718,0.675227
31719,0.547203
31720,0.690302
31721,0.530739
31722,0.982139
31723,0.492567
31724,0.394203
31725,0.639462
31726,0.759307
31727,0.412488
31728,0.589274
31729,0.251947
31730,0.755785
31731,0.452556
31732,0.864235
31733,0.649629
31734,0.739684
31735,0.654937
31736,0.978538
31737,0.858587
31738,0.931804
31739,0.855855
31740,0.364258
31741,0.82018
31742,0.518387
31743,0.923902
31744,0.751392
31745,0.298228
31746,0.798643
31747,0.904973
31748,0.9351
31749,0.589955
31750,0.710565
31751,0.792956
31752,0.702577
31753,0.550858
31754,0.892838
31755,0.777457
31756,0.90541
31757,0.747352
31758,0.759764
31759,0.828138
31760,0.678823
31761,0.332665
31762,0.912475
31763,0.464696
31764,0.796529
31765,0.739016
31766,0.519947
31767,0.550128
31768,0.845774
31769,0.909855
31770,0.790717
31771,0.561314
31772,0.927096
31773,0.855304
31774,0.776685
31775,0.390244
31776,0.958068
31777,0.513775
31778,0.911772
31779,0.646661
31780,0.660901
31781,0.702066
31782,0.822527
31783,0.565088
31784,0.910963
31785,0.447287
31786,0.697861
31787,0.227698
31788,0.953274
31789,0.719078
31790,0.616888
31791,0.623876
31792,0.807806
31793,0.596675
31794,0.765486
31795,0.42708
31796,0.807701
31797,0.514842
31798,0.686583
31799,0.737335
31800,0.783504
31801,0.737741
31802,0.857918
31803,0.578812
31804,0.889046
31805,0.315218
31806,0.673958
31807,0.92877
31808,0.488921
31809,0.694049
31810,0.523946
31811,0.883344
31812,0.714745
31813,0.829839
31814,0.519307
31815,0.578773
31816,0.847113
31817,0.872747
31818,0.551169
31819,0.869419
31820,0.286473
31821,0.971572
31822,0.808823
31823,0.563741
31824,0.833734
31825,0.504116
31826,0.146449
31827,0.764546
31828,0.929761
31829,0.821207
31830,0.638375
31831,0.805616
31832,0.557057
31833,0.91085
31834,0.669452
31835,0.806846
31836,0.585661
31837,0.686806
31838,0.867068
31839,0.8717
31840,0.763229
31841,0.443476
31842,0.315243
31843,0.850212
31844,0.981529
31845,0.947731
31846,0.860126
31847,0.919464
31848,0.410385
31849,0.772875
31850,0.467254
31851,0.979676
31852,0.882204
31853,0.707066
31854,0.638726
31855,0.744085
31856,0.845988
31857,0.833521
31858,0.64185
31859,0.725452
31860,0.679084
31861,0.686787
31862,0.589622
31863,0.958223
31864,0.788989
31865,0.474839
31866,0.947695
31867,0.910183
31868,0.697589
31869,0.670596
31870,0.904434
31871,0.857442
31872,0.968973
31873,0.715851
31874,0.734056
31875,0.869419
31876,0.964159
31877,0.694523
31878,0.950328
31879,0.925218
31880,0.750699
31881,0.720689
31882,0.928025
31883,0.889157
31884,0.976993
31885,0.857009
31886,0.819918
31887,0.544425
31888,0.886089
31889,0.687174
31890,0.616537
31891,0.893476
31892,0.957218
31893,0.856792
31894,0.897734
31895,0.825073
31896,0.710237
31897,0.904007
31898,0.415386
31899,0.549911
31900,0.80832
31901,0.693104
31902,0.768286
31903,0.606323
31904,0.779453
31905,0.69584
31906,0.854306
31907,0.713695
31908,0.720289
31909,0.890918
31910,0.809221
31911,0.693506
31912,0.578339
31913,0.583084
31914,0.954344
31915,0.923061
31916,0.770231
31917,0.890667
31918,0.6169
31919,0.848952
31920,0.961908
31921,0.769865
31922,0.971599
31923,0.576802
31924,0.793152
31925,0.201002
31926,0.678828
31927,0.725678
31928,0.724809
31929,0.483346
31930,0.931875
31931,0.801656
31932,0.772828
31933,0.61607
31934,0.766323
31935,0.645643
31936,0.737938
31937,0.732757
31938,0.703982
31939,0.712639
31940,0.483404
31941,0.835185
31942,0.654275
31943,0.674011
31944,0.801768
31945,0.732053
31946,0.969622
31947,0.881914
31948,0.618971
31949,0.820918
31950,0.922607
31951,0.693561
31952,0.655934
31953,0.666175
31954,0.524481
31955,0.559933
31956,0.932347
31957,0.523761
31958,0.688977
31959,0.838349
31960,0.657754
31961,0.538909
31962,0.811517
31963,0.649483
31964,0.444404
31965,0.832705
31966,0.923815
31967,0.582963
31968,0.935801
31969,0.802036
31970,0.229691
31971,0.856645
31972,0.654584
31973,0.829313
31974,0.83921
31975,0.649454
31976,0.443487
31977,0.953123
31978,0.633857
31979,0.725631
31980,0.930836
31981,0.676115
31982,0.545902
31983,0.604034
31984,0.682722
31985,0.822378
31986,0.44973
31987,0.565202
31988,0.641885
31989,0.225359
31990,0.782308
31991,0.658818
31992,0.834401
31993,0.640681
31994,0.256553
31995,0.855913
31996,0.755822
31997,0.936418
31998,0.75205
31999,0.733483
32000,0.791143
32001,0.87552
32002,0.697587
32003,0.740839
32004,0.985244
32005,0.667822
32006,0.668889
32007,0.963157
32008,0.62843
32009,0.728509
32010,0.911172
32011,0.956251
32012,0.70364
32013,0.613908
32014,0.868886
32015,0.663966
32016,0.720262
32017,0.579557
32018,0.812645
32019,0.455409
32020,0.823007
32021,0.357179
32022,0.618246
32023,0.601031
32024,0.769696
32025,0.466739
32026,0.637568
32027,0.642951
32028,0.898467
32029,0.699438
32030,0.87661
32031,0.918041
32032,0.787969
32033,0.62407
32034,0.911693
32035,0.774029
32036,0.801682
32037,0.628287
32038,0.693679
32039,0.862849
32040,0.692004
32041,0.891857
32042,0.733242
32043,0.515788
32044,0.667727
32045,0.935059
32046,0.933669
32047,0.975385
32048,0.94621
32049,0.856022
32050,0.691401
32051,0.61138
32052,0.542783
32053,0.484866
32054,0.766931
32055,0.738773
32056,0.494343
32057,0.781155
32058,0.702378
32059,0.745918
32060,0.719888
32061,0.231405
32062,0.41981
32063,0.988782
32064,0.553359
32065,0.8806
32066,0.608377
32067,0.859729
32068,0.739554
32069,0.929051
32070,0.705451
32071,0.661962
32072,0.896172
32073,0.328561
32074,0.935077
32075,0.443559
32076,0.690255
32077,0.465831
32078,0.938311
32079,0.660275
32080,0.617285
32081,0.437566
32082,0.559196
32083,0.662779
32084,0.714015
32085,0.535254
32086,0.636876
32087,0.684224
32088,0.592415
32089,0.199076
32090,0.851404
32091,0.941811
32092,0.815979
32093,0.555529
32094,0.773256
32095,0.577643
32096,0.868051
32097,0.629582
32098,0.506177
32099,0.62071
32100,0.494374
32101,0.80009
32102,0.784835
32103,0.858439
32104,0.888361
32105,0.951365
32106,0.628234
32107,0.859944
32108,0.756126
32109,0.262164
32110,0.54694
32111,0.774795
32112,0.898107
32113,0.638329
32114,0.57294
32115,0.532621
32116,0.684871
32117,0.68952
32118,0.798032
32119,0.660927
32120,0.971758
32121,0.673404
32122,0.641086
32123,0.707623
32124,0.787467
32125,0.54032
32126,0.447507
32127,0.701222
32128,0.614296
32129,0.727123
32130,0.66188
32131,0.739693
32132,0.750957
32133,0.652784
32134,0.634577
32135,0.158787
32136,0.563526
32137,0.784099
32138,0.568014
32139,0.952631
32140,0.665413
32141,0.423067
32142,0.874351
32143,0.351458
32144,0.358231
32145,0.842146
32146,0.689146
32147,0.893801
32148,0.680414
32149,0.63061
32150,0.640707
32151,0.646791
32152,0.834943
32153,0.657311
32154,0.815842
32155,0.086622
32156,0.692403
32157,0.803361
32158,0.289505
32159,0.517415
32160,0.495864
32161,0.80626
32162,0.702734
32163,0.574921
32164,0.652874
32165,0.609384
32166,0.392209
32167,0.778659
32168,0.702256
32169,0.64752
32170,0.810584
32171,0.250429
32172,0.9593
32173,0.964038
32174,0.887089
32175,0.666927
32176,0.846391
32177,0.568569
32178,0.678367
32179,0.555603
32180,0.66466
32181,0.885633
32182,0.891915
32183,0.516124
32184,0.645977
32185,0.845062
32186,0.983116
32187,0.938122
32188,0.621137
32189,0.930853
32190,0.616775
32191,0.547424
32192,0.900962
32193,0.602427
32194,0.525777
32195,0.886883
32196,0.55743
32197,0.634256
32198,0.871803
32199,0.636059
32200,0.529728
32201,0.61799
32202,0.783247
32203,0.652394
32204,0.779843
32205,0.526861
32206,0.905597
32207,0.924509
32208,0.939378
32209,0.443282
32210,0.948901
32211,0.968879
32212,0.605764
32213,0.647688
32214,0.848936
32215,0.981582
32216,0.894235
32217,0.508162
32218,0.619425
32219,0.852418
32220,0.901567
32221,0.824142
32222,0.91493
32223,0.476941
32224,0.756689
32225,0.806965
32226,0.278563
32227,0.734179
32228,0.895511
32229,0.696604
32230,0.899303
32231,0.889128
32232,0.762952
32233,0.646753
32234,0.557955
32235,0.704888
32236,0.555658
32237,0.613513
32238,0.551092
32239,0.619259
32240,0.447979
32241,0.482111
32242,0.828913
32243,0.828076
32244,0.841681
32245,0.743685
32246,0.480987
32247,0.66097
32248,0.884453
32249,0.684612
32250,0.684972
32251,0.95086
32252,0.674417
32253,0.426086
32254,0.776816
32255,0.720939
32256,0.869567
32257,0.822755
32258,0.974547
32259,0.665693
32260,0.7911
32261,0.814033
32262,0.780832
32263,0.736818
32264,0.800588
32265,0.623511
32266,0.95561
32267,0.666605
32268,0.706716
32269,0.740075
32270,0.921298
32271,0.825937
32272,0.541881
32273,0.485629
32274,0.761194
32275,0.95695
32276,0.422406
32277,0.712449
32278,0.833525
32279,0.559524
32280,0.249629
32281,0.533301
32282,0.761202
32283,0.79759
32284,0.897282
32285,0.599741
32286,0.694227
32287,0.713858
32288,0.980469
32289,0.851088
32290,0.762101
32291,0.720468
32292,0.271649
32293,0.766596
32294,0.746768
32295,0.762559
32296,0.818885
32297,0.858569
32298,0.935254
32299,0.61511
32300,0.945939
32301,0.810445
32302,0.793165
32303,0.560227
32304,0.798839
32305,0.619836
32306,0.653235
32307,0.813009
32308,0.776971
32309,0.870361
32310,0.554874
32311,0.908672
32312,0.631592
32313,0.611854
32314,0.847595
32315,0.722635
32316,0.742774
32317,0.426642
32318,0.671995
32319,0.602297
32320,0.799356
32321,0.769076
32322,0.542113
32323,0.46687
32324,0.752769
32325,0.654141
32326,0.967591
32327,0.311352
32328,0.975729
32329,0.675949
32330,0.838476
32331,0.865917
32332,0.924343
32333,0.606124
32334,0.838785
32335,0.705289
32336,0.708487
32337,0.671777
32338,0.881193
32339,0.890509
32340,0.920893
32341,0.878683
32342,0.361332
32343,0.556273
32344,0.672147
32345,0.872057
32346,0.708007
32347,0.259276
32348,0.315536
32349,0.64832
32350,0.532899
32351,0.518973
32352,0.741008
32353,0.897425
32354,0.727544
32355,0.744283
32356,0.718351
32357,0.654691
32358,0.825924
32359,0.727867
32360,0.549768
32361,0.548644
32362,0.96002
32363,0.858348
32364,0.664281
32365,0.954771
32366,0.706916
32367,0.799779
32368,0.977675
32369,0.646653
32370,0.783534
32371,0.922931
32372,0.785563
32373,0.882097
32374,0.376667
32375,0.714225
32376,0.715556
32377,0.642345
32378,0.681085
32379,0.74471
32380,0.503107
32381,0.863986
32382,0.297273
32383,0.880879
32384,0.634019
32385,0.714599
32386,0.532223
32387,0.984758
32388,0.803086
32389,0.624162
32390,0.917456
32391,0.191889
32392,0.713813
32393,0.907553
32394,0.658197
32395,0.529055
32396,0.782048
32397,0.072607
32398,0.62834
32399,0.8179
32400,0.656803
32401,0.95435
32402,0.641592
32403,0.72539
32404,0.534392
32405,0.359394
32406,0.847209
32407,0.735131
32408,0.751478
32409,0.826723
32410,0.776244
32411,0.624573
32412,0.787906
32413,0.666745
32414,0.255496
32415,0.646253
32416,0.853351
32417,0.914482
32418,0.955337
32419,0.526303
32420,0.722185
32421,0.914238
32422,0.7302
32423,0.599407
32424,0.743116
32425,0.807621
32426,0.956739
32427,0.516026
32428,0.617421
32429,0.954439
32430,0.800614
32431,0.869778
32432,0.746319
32433,0.901898
32434,0.965146
32435,0.581051
32436,0.767724
32437,0.768284
32438,0.990636
32439,0.581409
32440,0.877684
32441,0.66871
32442,0.976187
32443,0.805864
32444,0.791002
32445,0.372871
32446,0.768752
32447,0.800479
32448,0.790866
32449,0.880499
32450,0.857318
32451,0.694012
32452,0.878258
32453,0.762937
32454,0.853358
32455,0.683837
32456,0.794616
32457,0.699709
32458,0.664569
32459,0.931572
32460,0.560157
32461,0.675797
32462,0.328464
32463,0.793876
32464,0.826923
32465,0.613366
32466,0.955168
32467,0.726296
32468,0.654156
32469,0.468179
32470,0.863367
32471,0.795364
32472,0.711357
32473,0.595992
32474,0.916974
32475,0.465396
32476,0.227374
32477,0.688093
32478,0.197315
32479,0.703373
32480,0.414618
32481,0.818377
32482,0.889473
32483,0.86032
32484,0.929613
32485,0.823102
32486,0.604666
32487,0.591491
32488,0.539899
32489,0.919418
32490,0.903402
32491,0.761603
32492,0.975466
32493,0.768615
32494,0.67867
32495,0.710217
32496,0.631577
32497,0.749036
32498,0.438655
32499,0.614834
32500,0.891929
32501,0.523281
32502,0.777692
32503,0.680728
32504,0.91414
32505,0.644559
32506,0.953218
32507,0.822478
32508,0.573667
32509,0.884137
32510,0.818977
32511,0.69213
32512,0.764361
32513,0.244522
32514,0.67033
32515,0.881461
32516,0.724289
32517,0.808203
32518,0.56978
32519,0.897869
32520,0.716312
32521,0.498247
32522,0.910358
32523,0.901227
32524,0.648771
32525,0.469357
32526,0.732083
32527,0.632591
32528,0.86271
32529,0.591193
32530,0.844693
32531,0.755909
32532,0.642323
32533,0.55965
32534,0.885565
32535,0.819453
32536,0.639859
32537,0.951883
32538,0.801533
32539,0.829575
32540,0.596298
32541,0.959017
32542,0.588313
32543,0.635247
32544,0.862595
32545,0.438348
32546,0.517702
32547,0.896721
32548,0.865405
32549,0.976179
32550,0.723953
32551,0.682064
32552,0.744308
32553,0.803273
32554,0.584061
32555,0.58083
32556,0.808422
32557,0.770102
32558,0.565384
32559,0.654322
32560,0.731042
32561,0.777576
32562,0.980837
32563,0.812698
32564,0.210672
32565,0.680845
32566,0.875213
32567,0.955326
32568,0.75418
32569,0.899537
32570,0.790801
32571,0.660629
32572,0.355284
32573,0.900323
32574,0.917657
32575,0.614036
32576,0.859671
32577,0.521997
32578,0.639099
32579,0.524664
32580,0.955646
32581,0.849657
32582,0.755931
32583,0.76904
32584,0.83061
32585,0.532749
32586,0.529411
32587,0.698072
32588,0.801516
32589,0.719842
32590,0.831942
32591,0.942186
32592,0.796461
32593,0.512963
32594,0.831789
32595,0.697561
32596,0.608695
32597,0.525336
32598,0.657948
32599,0.678202
32600,0.723024
32601,0.608623
32602,0.786902
32603,0.611536
32604,0.649276
32605,0.908683
32606,0.460959
32607,0.580892
32608,0.65548
32609,0.841068
32610,0.600988
32611,0.574593
32612,0.687569
32613,0.904242
32614,0.683904
32615,0.524846
32616,0.965547
32617,0.568284
32618,0.616257
32619,0.632686
32620,0.669764
32621,0.695689
32622,0.854148
32623,0.844513
32624,0.771082
32625,0.687903
32626,0.710489
32627,0.460131
32628,0.729101
32629,0.940839
32630,0.693646
32631,0.812127
32632,0.923558
32633,0.842006
32634,0.91789
32635,0.750601
32636,0.557327
32637,0.878787
32638,0.752296
32639,0.808332
32640,0.7317
32641,0.879865
32642,0.958947
32643,0.628354
32644,0.328454
32645,0.780508
32646,0.872376
32647,0.582286
32648,0.5128
32649,0.884763
32650,0.963744
32651,0.488342
32652,0.892707
32653,0.592454
32654,0.218354
32655,0.683517
32656,0.626546
32657,0.946776
32658,0.440118
32659,0.464212
32660,0.760805
32661,0.60301
32662,0.710606
32663,0.385763
32664,0.956127
32665,0.858555
32666,0.850757
32667,0.602349
32668,0.800052
32669,0.968858
32670,0.960594
32671,0.77483
32672,0.640592
32673,0.68091
32674,0.684216
32675,0.872129
32676,0.59918
32677,0.85849
32678,0.656816
32679,0.969083
32680,0.851781
32681,0.782442
32682,0.208131
32683,0.678863
32684,0.905912
32685,0.383504
32686,0.943358
32687,0.883594
32688,0.940023
32689,0.867987
32690,0.855235
32691,0.621197
32692,0.67174
32693,0.715046
32694,0.93218
32695,0.830848
32696,0.623248
32697,0.661843
32698,0.502851
32699,0.282466
32700,0.859388
32701,0.711534
32702,0.793107
32703,0.900977
32704,0.692894
32705,0.22451
32706,0.796687
32707,0.482647
32708,0.766319
32709,0.676868
32710,0.468235
32711,0.67243
32712,0.789609
32713,0.657198
32714,0.782643
32715,0.853247
32716,0.806782
32717,0.736441
32718,0.930125
32719,0.959712
32720,0.511459
32721,0.660997
32722,0.605065
32723,0.546282
32724,0.952081
32725,0.478533
32726,0.497726
32727,0.815347
32728,0.856342
32729,0.701618
32730,0.68225
32731,0.322351
32732,0.708374
32733,0.845839
32734,0.528259
32735,0.930849
32736,0.848464
32737,0.802049
32738,0.903886
32739,0.753414
32740,0.71586
32741,0.663654
32742,0.230533
32743,0.697745
32744,0.667389
32745,0.355254
32746,0.820762
32747,0.810062
32748,0.243575
32749,0.59493
32750,0.603309
32751,0.684195
32752,0.940003
32753,0.855112
32754,0.804624
32755,0.955722
32756,0.780983
32757,0.887309
32758,0.862195
32759,0.483292
32760,0.719253
32761,0.886752
32762,0.714691
32763,0.727309
32764,0.565277
32765,0.129488
32766,0.453076
32767,0.581288
32768,0.683057
32769,0.941643
32770,0.652371
32771,0.427994
32772,0.495785
32773,0.789702
32774,0.684326
32775,0.960401
32776,0.85175
32777,0.957167
32778,0.671499
32779,0.728449
32780,0.78769
32781,0.510779
32782,0.684025
32783,0.747491
32784,0.946985
32785,0.426637
32786,0.26377
32787,0.73087
32788,0.589411
32789,0.835222
32790,0.710292
32791,0.873505
32792,0.791148
32793,0.642398
32794,0.697404
32795,0.704526
32796,0.56894
32797,0.982124
32798,0.728808
32799,0.725034
32800,0.641058
32801,0.952663
32802,0.631547
32803,0.940453
32804,0.400092
32805,0.902688
32806,0.866228
32807,0.315771
32808,0.778685
32809,0.753727
32810,0.85035
32811,0.746249
32812,0.87246
32813,0.861652
32814,0.869644
32815,0.728365
32816,0.881327
32817,0.773617
32818,0.736944
32819,0.533392
32820,0.666929
32821,0.643035
32822,0.719266
32823,0.866692
32824,0.933408
32825,0.428607
32826,0.830238
32827,0.886867
32828,0.816042
32829,0.844022
32830,0.559874
32831,0.828091
32832,0.765037
32833,0.594404
32834,0.731498
32835,0.778418
32836,0.696275
32837,0.566359
32838,0.931063
32839,0.913785
32840,0.481122
32841,0.619489
32842,0.947957
32843,0.717109
32844,0.659408
32845,0.833605
32846,0.64888
32847,0.885798
32848,0.794053
32849,0.587939
32850,0.860615
32851,0.531459
32852,0.678202
32853,0.861381
32854,0.500046
32855,0.730032
32856,0.962165
32857,0.646046
32858,0.687135
32859,0.743039
32860,0.799297
32861,0.56756
32862,0.803023
32863,0.56835
32864,0.852338
32865,0.505077
32866,0.961644
32867,0.709198
32868,0.63174
32869,0.797188
32870,0.738997
32871,0.679862
32872,0.623639
32873,0.678477
32874,0.785335
32875,0.802422
32876,0.860703
32877,0.900986
32878,0.749521
32879,0.798907
32880,0.353431
32881,0.931267
32882,0.75322
32883,0.933123
32884,0.970537
32885,0.937233
32886,0.866285
32887,0.702634
32888,0.446919
32889,0.724379
32890,0.854981
32891,0.879533
32892,0.668447
32893,0.481397
32894,0.87936
32895,0.904931
32896,0.519124
32897,0.619043
32898,0.913421
32899,0.516212
32900,0.875427
32901,0.641554
32902,0.572246
32903,0.791969
32904,0.243097
32905,0.979868
32906,0.588768
32907,0.84947
32908,0.835814
32909,0.897519
32910,0.710554
32911,0.817941
32912,0.761977
32913,0.968222
32914,0.510356
32915,0.928232
32916,0.563035
32917,0.927785
32918,0.8964
32919,0.794356
32920,0.458039
32921,0.491354
32922,0.658207
32923,0.674208
32924,0.972444
32925,0.701723
32926,0.903484
32927,0.952434
32928,0.285964
32929,0.832086
32930,0.837025
32931,0.84461
32932,0.645455
32933,0.679667
32934,0.94961
32935,0.75241
32936,0.588684
32937,0.934004
32938,0.682769
32939,0.694691
32940,0.821901
32941,0.766798
32942,0.666368
32943,0.836952
32944,0.946015
32945,0.831702
32946,0.726003
32947,0.647202
32948,0.941327
32949,0.655377
32950,0.937686
32951,0.783575
32952,0.666813
32953,0.797769
32954,0.811578
32955,0.466622
32956,0.929722
32957,0.728383
32958,0.409025
32959,0.902898
32960,0.758696
32961,0.835366
32962,0.910452
32963,0.382032
32964,0.748699
32965,0.592451
32966,0.589325
32967,0.808477
32968,0.841016
32969,0.70201
32970,0.853874
32971,0.415616
32972,0.77681
32973,0.687644
32974,0.359707
32975,0.42197
32976,0.538064
32977,0.779333
32978,0.782888
32979,0.709653
32980,0.755633
32981,0.899183
32982,0.594942
32983,0.919003
32984,0.603537
32985,0.77728
32986,0.852875
32987,0.409626
32988,0.638337
32989,0.621046
32990,0.906082
32991,0.859555
32992,0.724349
32993,0.915952
32994,0.543066
32995,0.86708
32996,0.630978
32997,0.765974
32998,0.9464
32999,0.732618
33000,0.511292
33001,0.714511
33002,0.832026
33003,0.86002
33004,0.496005
33005,0.809992
33006,0.546438
33007,0.632569
33008,0.465709
33009,0.80589
33010,0.976883
33011,0.248831
33012,0.524572
33013,0.824438
33014,0.672366
33015,0.901246
33016,0.695148
33017,0.745817
33018,0.594928
33019,0.810157
33020,0.91919
33021,0.71479
33022,0.449702
33023,0.877635
33024,0.68139
33025,0.947931
33026,0.788642
33027,0.592477
33028,0.64095
33029,0.805123
33030,0.880663
33031,0.849092
33032,0.967906
33033,0.869491
33034,0.823479
33035,0.893884
33036,0.659191
33037,0.581938
33038,0.91165
33039,0.467386
33040,0.847039
33041,0.730943
33042,0.3625
33043,0.936557
33044,0.627393
33045,0.75037
33046,0.735812
33047,0.439712
33048,0.750187
33049,0.523673
33050,0.9016
33051,0.25359
33052,0.920691
33053,0.596023
33054,0.96733
33055,0.478049
33056,0.762442
33057,0.545548
33058,0.935699
33059,0.629601
33060,0.622284
33061,0.403056
33062,0.648823
33063,0.9251
33064,0.61585
33065,0.691125
33066,0.47918
33067,0.858307
33068,0.318406
33069,0.889403
33070,0.806009
33071,0.791546
33072,0.713625
33073,0.576519
33074,0.606757
33075,0.089721
33076,0.520079
33077,0.461314
33078,0.713907
33079,0.51115
33080,0.714504
33081,0.824404
33082,0.865165
33083,0.803863
33084,0.745286
33085,0.673146
33086,0.77363
33087,0.669756
33088,0.49911
33089,0.813895
33090,0.752694
33091,0.976203
33092,0.830317
33093,0.65946
33094,0.656802
33095,0.674176
33096,0.837898
33097,0.764358
33098,0.472413
33099,0.513987
33100,0.888911
33101,0.793683
33102,0.914693
33103,0.428182
33104,0.902892
33105,0.888765
33106,0.591001
33107,0.457713
33108,0.704405
33109,0.349308
33110,0.740747
33111,0.734572
33112,0.828818
33113,0.559742
33114,0.815855
33115,0.687873
33116,0.779569
33117,0.736193
33118,0.667673
33119,0.756516
33120,0.863469
33121,0.777711
33122,0.901897
33123,0.751656
33124,0.655085
33125,0.862477
33126,0.734911
33127,0.715872
33128,0.633949
33129,0.688719
33130,0.492743
33131,0.91553
33132,0.680834
33133,0.928413
33134,0.81702
33135,0.807335
33136,0.662126
33137,0.820507
33138,0.869396
33139,0.949856
33140,0.673434
33141,0.743126
33142,0.536614
33143,0.726937
33144,0.579736
33145,0.709093
33146,0.630208
33147,0.659109
33148,0.907501
33149,0.828531
33150,0.558671
33151,0.662819
33152,0.814534
33153,0.884808
33154,0.954062
33155,0.821792
33156,0.894644
33157,0.914112
33158,0.694653
33159,0.609017
33160,0.956429
33161,0.606016
33162,0.898838
33163,0.918431
33164,0.911641
33165,0.828721
33166,0.501321
33167,0.44411
33168,0.929232
33169,0.965672
33170,0.946315
33171,0.877149
33172,0.870576
33173,0.707188
33174,0.618656
33175,0.690707
33176,0.951585
33177,0.948211
33178,0.77963
33179,0.61437
33180,0.953158
33181,0.866927
33182,0.223329
33183,0.806454
33184,0.535571
33185,0.827772
33186,0.486425
33187,0.33283
33188,0.449341
33189,0.859402
33190,0.9538
33191,0.78248
33192,0.256659
33193,0.897111
33194,0.895793
33195,0.864776
33196,0.822792
33197,0.599781
33198,0.901248
33199,0.508053
33200,0.205837
33201,0.78504
33202,0.865708
33203,0.788481
33204,0.465511
33205,0.983799
33206,0.95387
33207,0.575366
33208,0.842126
33209,0.537678
33210,0.738813
33211,0.235909
33212,0.631209
33213,0.66395
33214,0.677239
33215,0.772248
33216,0.366759
33217,0.633689
33218,0.730242
33219,0.865623
33220,0.633801
33221,0.657929
33222,0.559223
33223,0.929342
33224,0.31847
33225,0.513104
33226,0.591521
33227,0.606939
33228,0.93488
33229,0.684453
33230,0.583775
33231,0.661711
33232,0.780262
33233,0.865996
33234,0.784512
33235,0.937983
33236,0.71197
33237,0.314315
33238,0.804988
33239,0.673936
33240,0.577311
33241,0.881244
33242,0.798287
33243,0.449328
33244,0.628769
33245,0.692554
33246,0.68353
33247,0.606501
33248,0.478865
33249,0.621339
33250,0.661204
33251,0.799726
33252,0.483583
33253,0.731492
33254,0.465113
33255,0.804147
33256,0.846751
33257,0.495827
33258,0.933967
33259,0.808321
33260,0.503031
33261,0.667459
33262,0.519021
33263,0.757681
33264,0.406013
33265,0.803417
33266,0.797611
33267,0.830655
33268,0.907194
33269,0.489286
33270,0.484444
33271,0.773126
33272,0.527927
33273,0.734504
33274,0.762432
33275,0.869126
33276,0.853345
33277,0.90358
33278,0.706517
33279,0.92376
33280,0.555042
33281,0.808347
33282,0.439142
33283,0.666131
33284,0.888955
33285,0.530589
33286,0.426191
33287,0.477228
33288,0.699904
33289,0.813272
33290,0.132498
33291,0.653229
33292,0.675176
33293,0.500948
33294,0.577287
33295,0.82104
33296,0.952072
33297,0.87246
33298,0.878618
33299,0.685907
33300,0.225679
33301,0.681891
33302,0.716939
33303,0.48356
33304,0.611347
33305,0.620721
33306,0.547559
33307,0.856242
33308,0.800493
33309,0.669126
33310,0.843805
33311,0.609198
33312,0.94038
33313,0.903371
33314,0.58814
33315,0.95752
33316,0.618368
33317,0.936971
33318,0.69638
33319,0.728955
33320,0.38069
33321,0.78642
33322,0.952277
33323,0.537395
33324,0.590417
33325,0.720767
33326,0.607553
33327,0.88528
33328,0.944167
33329,0.881307
33330,0.929849
33331,0.348371
33332,0.786992
33333,0.743629
33334,0.594246
33335,0.562796
33336,0.633862
33337,0.916144
33338,0.715987
33339,0.6073
33340,0.613347
33341,0.844673
33342,0.722092
33343,0.199855
33344,0.952375
33345,0.653856
33346,0.958729
33347,0.815488
33348,0.90669
33349,0.799519
33350,0.387924
33351,0.892175
33352,0.815521
33353,0.781494
33354,0.238871
33355,0.553616
33356,0.5007
33357,0.826382
33358,0.382454
33359,0.655669
33360,0.746363
33361,0.376329
33362,0.744581
33363,0.286889
33364,0.602225
33365,0.703835
33366,0.670372
33367,0.80022
33368,0.602089
33369,0.780102
33370,0.708883
33371,0.85892
33372,0.578408
33373,0.891857
33374,0.779965
33375,0.551938
33376,0.209679
33377,0.538794
33378,0.810638
33379,0.820782
33380,0.814387
33381,0.951485
33382,0.480864
33383,0.375956
33384,0.679332
33385,0.821874
33386,0.727775
33387,0.887653
33388,0.787548
33389,0.963924
33390,0.714818
33391,0.627687
33392,0.287653
33393,0.537593
33394,0.652445
33395,0.704288
33396,0.732176
33397,0.610873
33398,0.665309
33399,0.716938
33400,0.787617
33401,0.824517
33402,0.31873
33403,0.942852
33404,0.493792
33405,0.494816
33406,0.600605
33407,0.816766
33408,0.820994
33409,0.575478
33410,0.762558
33411,0.742987
33412,0.770052
33413,0.592501
33414,0.761
33415,0.693997
33416,0.679329
33417,0.880096
33418,0.865141
33419,0.687568
33420,0.935267
33421,0.693338
33422,0.499385
33423,0.663331
33424,0.94953
33425,0.944112
33426,0.733512
33427,0.68212
33428,0.830963
33429,0.780745
33430,0.738284
33431,0.521065
33432,0.671049
33433,0.823153
33434,0.661764
33435,0.815755
33436,0.979899
33437,0.721812
33438,0.718206
33439,0.700547
33440,0.818743
33441,0.432464
33442,0.495899
33443,0.466599
33444,0.846818
33445,0.702247
33446,0.532972
33447,0.520927
33448,0.878437
33449,0.714045
33450,0.897301
33451,0.892771
33452,0.266931
33453,0.937445
33454,0.804627
33455,0.879481
33456,0.608034
33457,0.929969
33458,0.644665
33459,0.649098
33460,0.793456
33461,0.715233
33462,0.69565
33463,0.760251
33464,0.797189
33465,0.528751
33466,0.957033
33467,0.757579
33468,0.809371
33469,0.748443
33470,0.915754
33471,0.712867
33472,0.501528
33473,0.565721
33474,0.679844
33475,0.800469
33476,0.946545
33477,0.571402
33478,0.913556
33479,0.38051
33480,0.60612
33481,0.933055
33482,0.609686
33483,0.832367
33484,0.595118
33485,0.574246
33486,0.90766
33487,0.612468
33488,0.680941
33489,0.704899
33490,0.678814
33491,0.456464
33492,0.980853
33493,0.278402
33494,0.892048
33495,0.581924
33496,0.822595
33497,0.668811
33498,0.582992
33499,0.886966
33500,0.929324
33501,0.964595
33502,0.889032
33503,0.837165
33504,0.635175
33505,0.844691
33506,0.790258
33507,0.574868
33508,0.789819
33509,0.921177
33510,0.610182
33511,0.946809
33512,0.876675
33513,0.816242
33514,0.825966
33515,0.618192
33516,0.887516
33517,0.653207
33518,0.758965
33519,0.429135
33520,0.873764
33521,0.758398
33522,0.893953
33523,0.842704
33524,0.929348
33525,0.562748
33526,0.673114
33527,0.829808
33528,0.947023
33529,0.720817
33530,0.793159
33531,0.61449
33532,0.542167
33533,0.597254
33534,0.552565
33535,0.873284
33536,0.878819
33537,0.840264
33538,0.683122
33539,0.719273
33540,0.655518
33541,0.725409
33542,0.943723
33543,0.825574
33544,0.305098
33545,0.838752
33546,0.715268
33547,0.947791
33548,0.774397
33549,0.504471
33550,0.738048
33551,0.678722
33552,0.122973
33553,0.793752
33554,0.529219
33555,0.871652
33556,0.451149
33557,0.654597
33558,0.492714
33559,0.919329
33560,0.861068
33561,0.792845
33562,0.746226
33563,0.922485
33564,0.991483
33565,0.605247
33566,0.929911
33567,0.701816
33568,0.63783
33569,0.852131
33570,0.82185
33571,0.830529
33572,0.684145
33573,0.559539
33574,0.708493
33575,0.710549
33576,0.790762
33577,0.71046
33578,0.868268
33579,0.78344
33580,0.748648
33581,0.74869
33582,0.876067
33583,0.596915
33584,0.812791
33585,0.840761
33586,0.588171
33587,0.888575
33588,0.963558
33589,0.74581
33590,0.6298
33591,0.858089
33592,0.900857
33593,0.909207
33594,0.966475
33595,0.510789
33596,0.737889
33597,0.66152
33598,0.671224
33599,0.833497
33600,0.799286
33601,0.496334
33602,0.668911
33603,0.983169
33604,0.818558
33605,0.971698
33606,0.912444
33607,0.981147
33608,0.449793
33609,0.481027
33610,0.970564
33611,0.588276
33612,0.773214
33613,0.968506
33614,0.713702
33615,0.919147
33616,0.801375
33617,0.920509
33618,0.927854
33619,0.581626
33620,0.813016
33621,0.303429
33622,0.803785
33623,0.990536
33624,0.747771
33625,0.771633
33626,0.737634
33627,0.81544
33628,0.778852
33629,0.607064
33630,0.765136
33631,0.974468
33632,0.654445
33633,0.465522
33634,0.661686
33635,0.723163
33636,0.795965
33637,0.625458
33638,0.834486
33639,0.70181
33640,0.597044
33641,0.890632
33642,0.708402
33643,0.906189
33644,0.561492
33645,0.896183
33646,0.411238
33647,0.924787
33648,0.661551
33649,0.679155
33650,0.531423
33651,0.431543
33652,0.641476
33653,0.692107
33654,0.804718
33655,0.584397
33656,0.619105
33657,0.573997
33658,0.732993
33659,0.96668
33660,0.939221
33661,0.831033
33662,0.766498
33663,0.460273
33664,0.589392
33665,0.893261
33666,0.150076
33667,0.959795
33668,0.857253
33669,0.934823
33670,0.70059
33671,0.776738
33672,0.446926
33673,0.923858
33674,0.882937
33675,0.773907
33676,0.968826
33677,0.649744
33678,0.722211
33679,0.561057
33680,0.575354
33681,0.537747
33682,0.324103
33683,0.782298
33684,0.632997
33685,0.808962
33686,0.744239
33687,0.670783
33688,0.760906
33689,0.807083
33690,0.715554
33691,0.634306
33692,0.533443
33693,0.654926
33694,0.964686
33695,0.695536
33696,0.457078
33697,0.692029
33698,0.812449
33699,0.966265
33700,0.969794
33701,0.667974
33702,0.970564
33703,0.787265
33704,0.881569
33705,0.759479
33706,0.531752
33707,0.652833
33708,0.93192
33709,0.716776
33710,0.808349
33711,0.268186
33712,0.914862
33713,0.594869
33714,0.876769
33715,0.714768
33716,0.636606
33717,0.55501
33718,0.845256
33719,0.639686
33720,0.944927
33721,0.481027
33722,0.692016
33723,0.952271
33724,0.604024
33725,0.946339
33726,0.702613
33727,0.658887
33728,0.866612
33729,0.724698
33730,0.649136
33731,0.814551
33732,0.684794
33733,0.432489
33734,0.802842
33735,0.790507
33736,0.868797
33737,0.851189
33738,0.648851
33739,0.651208
33740,0.887506
33741,0.605677
33742,0.411676
33743,0.635804
33744,0.685996
33745,0.532957
33746,0.676195
33747,0.952956
33748,0.613978
33749,0.811564
33750,0.707103
33751,0.914465
33752,0.911262
33753,0.668808
33754,0.61246
33755,0.847287
33756,0.851331
33757,0.671207
33758,0.922371
33759,0.562083
33760,0.607015
33761,0.815271
33762,0.598257
33763,0.631881
33764,0.480744
33765,0.867771
33766,0.812227
33767,0.184709
33768,0.617871
33769,0.633739
33770,0.592549
33771,0.103359
33772,0.497829
33773,0.851394
33774,0.985109
33775,0.792736
33776,0.584852
33777,0.720429
33778,0.610806
33779,0.908762
33780,0.512864
33781,0.925937
33782,0.823235
33783,0.912206
33784,0.931417
33785,0.799055
33786,0.625544
33787,0.783856
33788,0.765539
33789,0.778109
33790,0.827653
33791,0.709689
33792,0.964901
33793,0.562788
33794,0.418402
33795,0.590365
33796,0.774558
33797,0.762566
33798,0.601853
33799,0.583404
33800,0.92309
33801,0.854086
33802,0.116266
33803,0.796487
33804,0.641195
33805,0.888023
33806,0.133145
33807,0.893492
33808,0.372273
33809,0.480541
33810,0.809171
33811,0.593873
33812,0.980419
33813,0.764497
33814,0.836721
33815,0.725097
33816,0.580306
33817,0.918877
33818,0.655575
33819,0.707517
33820,0.617648
33821,0.65789
33822,0.760941
33823,0.253205
33824,0.690233
33825,0.822968
33826,0.959888
33827,0.124771
33828,0.768745
33829,0.865318
33830,0.940395
33831,0.526098
33832,0.925729
33833,0.894283
33834,0.737903
33835,0.949978
33836,0.661251
33837,0.972369
33838,0.800258
33839,0.914159
33840,0.637244
33841,0.97649
33842,0.856241
33843,0.711395
33844,0.762605
33845,0.561353
33846,0.494513
33847,0.637183
33848,0.889697
33849,0.966079
33850,0.113904
33851,0.945483
33852,0.763291
33853,0.792808
33854,0.597026
33855,0.384573
33856,0.691028
33857,0.632736
33858,0.91513
33859,0.942375
33860,0.553496
33861,0.785459
33862,0.799935
33863,0.56431
33864,0.942129
33865,0.540862
33866,0.634525
33867,0.912287
33868,0.627093
33869,0.919315
33870,0.476625
33871,0.802347
33872,0.570503
33873,0.703437
33874,0.690011
33875,0.868968
33876,0.775998
33877,0.826606
33878,0.804766
33879,0.610818
33880,0.815755
33881,0.834989
33882,0.619114
33883,0.83431
33884,0.903975
33885,0.442885
33886,0.926316
33887,0.771947
33888,0.819128
33889,0.496192
33890,0.721206
33891,0.674023
33892,0.575836
33893,0.920018
33894,0.721845
33895,0.914197
33896,0.847801
33897,0.793243
33898,0.599861
33899,0.735923
33900,0.918474
33901,0.792962
33902,0.433242
33903,0.821632
33904,0.732606
33905,0.567496
33906,0.646096
33907,0.757441
33908,0.966976
33909,0.750934
33910,0.641793
33911,0.94208
33912,0.698537
33913,0.822798
33914,0.741994
33915,0.91977
33916,0.813659
33917,0.901295
33918,0.988303
33919,0.644871
33920,0.589885
33921,0.960444
33922,0.718845
33923,0.619263
33924,0.67666
33925,0.613152
33926,0.359169
33927,0.979775
33928,0.703709
33929,0.944408
33930,0.702781
33931,0.483624
33932,0.628467
33933,0.671832
33934,0.878322
33935,0.693824
33936,0.957624
33937,0.472017
33938,0.435156
33939,0.843707
33940,0.734875
33941,0.783323
33942,0.941377
33943,0.727922
33944,0.68297
33945,0.690444
33946,0.688641
33947,0.643402
33948,0.486726
33949,0.617206
33950,0.894588
33951,0.649105
33952,0.665792
33953,0.776276
33954,0.89857
33955,0.796266
33956,0.89024
33957,0.754986
33958,0.598268
33959,0.831513
33960,0.740642
33961,0.81119
33962,0.654854
33963,0.86511
33964,0.553934
33965,0.549552
33966,0.798453
33967,0.80367
33968,0.567072
33969,0.957336
33970,0.674582
33971,0.716208
33972,0.765211
33973,0.670911
33974,0.622417
33975,0.735331
33976,0.680448
33977,0.730116
33978,0.899909
33979,0.725187
33980,0.972568
33981,0.689937
33982,0.923477
33983,0.931056
33984,0.570431
33985,0.883421
33986,0.708542
33987,0.78992
33988,0.589745
33989,0.756055
33990,0.686273
33991,0.767639
33992,0.57969
33993,0.917711
33994,0.641907
33995,0.867427
33996,0.79416
33997,0.954883
33998,0.612355
33999,0.799377
34000,0.977793
34001,0.862591
34002,0.689787
34003,0.890479
34004,0.712887
34005,0.857988
34006,0.721278
34007,0.646927
34008,0.601991
34009,0.610915
34010,0.531459
34011,0.751862
34012,0.401237
34013,0.896238
34014,0.659058
34015,0.438625
34016,0.636032
34017,0.544972
34018,0.642954
34019,0.85805
34020,0.796985
34021,0.789125
34022,0.603567
34023,0.813937
34024,0.467017
34025,0.581582
34026,0.798717
34027,0.831997
34028,0.692506
34029,0.646012
34030,0.786425
34031,0.718945
34032,0.866719
34033,0.698622
34034,0.962749
34035,0.943773
34036,0.377676
34037,0.814428
34038,0.95134
34039,0.17454
34040,0.676869
34041,0.657981
34042,0.589283
34043,0.867713
34044,0.867702
34045,0.900422
34046,0.597932
34047,0.533533
34048,0.385663
34049,0.768961
34050,0.474832
34051,0.550618
34052,0.712736
34053,0.740184
34054,0.965099
34055,0.816146
34056,0.489878
34057,0.773618
34058,0.472426
34059,0.508589
34060,0.977961
34061,0.90288
34062,0.840074
34063,0.813265
34064,0.560392
34065,0.589136
34066,0.706225
34067,0.796908
34068,0.600438
34069,0.799239
34070,0.851502
34071,0.876368
34072,0.713429
34073,0.542701
34074,0.653188
34075,0.81319
34076,0.723517
34077,0.976063
34078,0.752242
34079,0.84239
34080,0.57896
34081,0.860254
34082,0.685084
34083,0.725727
34084,0.857897
34085,0.82026
34086,0.861506
34087,0.723036
34088,0.615968
34089,0.766237
34090,0.593381
34091,0.942182
34092,0.526948
34093,0.485418
34094,0.096257
34095,0.738395
34096,0.649512
34097,0.877682
34098,0.82935
34099,0.698143
34100,0.708864
34101,0.972445
34102,0.363128
34103,0.801604
34104,0.88144
34105,0.825966
34106,0.776805
34107,0.879992
34108,0.708638
34109,0.854406
34110,0.718778
34111,0.438281
34112,0.886784
34113,0.835361
34114,0.830214
34115,0.885537
34116,0.475162
34117,0.664635
34118,0.877387
34119,0.645016
34120,0.880333
34121,0.734311
34122,0.869897
34123,0.438568
34124,0.985214
34125,0.797417
34126,0.560479
34127,0.796754
34128,0.827404
34129,0.221482
34130,0.952122
34131,0.503326
34132,0.578814
34133,0.973008
34134,0.793351
34135,0.384029
34136,0.840121
34137,0.848054
34138,0.566653
34139,0.87588
34140,0.972364
34141,0.904971
34142,0.675509
34143,0.543826
34144,0.681777
34145,0.670845
34146,0.55941
34147,0.818205
34148,0.723474
34149,0.220709
34150,0.62275
34151,0.789221
34152,0.742621
34153,0.675991
34154,0.814117
34155,0.774608
34156,0.781357
34157,0.346948
34158,0.566926
34159,0.681755
34160,0.62021
34161,0.442835
34162,0.80955
34163,0.795649
34164,0.484791
34165,0.951288
34166,0.615988
34167,0.566632
34168,0.745612
34169,0.53602
34170,0.116895
34171,0.602839
34172,0.747873
34173,0.588198
34174,0.652103
34175,0.189655
34176,0.745794
34177,0.485274
34178,0.471475
34179,0.538422
34180,0.682209
34181,0.934623
34182,0.787744
34183,0.916612
34184,0.681525
34185,0.463806
34186,0.755045
34187,0.607124
34188,0.821434
34189,0.720876
34190,0.884952
34191,0.697128
34192,0.844634
34193,0.420538
34194,0.779051
34195,0.829114
34196,0.637971
34197,0.765369
34198,0.673894
34199,0.417446
34200,0.855708
34201,0.889514
34202,0.584084
34203,0.663833
34204,0.645595
34205,0.766675
34206,0.586469
34207,0.844249
34208,0.965647
34209,0.814933
34210,0.718686
34211,0.410506
34212,0.573661
34213,0.879094
34214,0.984081
34215,0.627262
34216,0.950122
34217,0.874766
34218,0.572139
34219,0.565153
34220,0.694066
34221,0.76996
34222,0.260952
34223,0.590646
34224,0.474718
34225,0.568613
34226,0.789504
34227,0.809666
34228,0.484822
34229,0.965991
34230,0.481447
34231,0.703002
34232,0.706683
34233,0.845012
34234,0.505065
34235,0.386424
34236,0.838701
34237,0.893821
34238,0.935927
34239,0.515384
34240,0.710579
34241,0.701343
34242,0.681103
34243,0.893842
34244,0.551733
34245,0.779379
34246,0.790994
34247,0.555186
34248,0.869633
34249,0.887377
34250,0.693416
34251,0.462899
34252,0.508848
34253,0.640213
34254,0.592207
34255,0.882821
34256,0.740218
34257,0.799428
34258,0.769555
34259,0.92265
34260,0.528553
34261,0.636912
34262,0.581086
34263,0.40069
34264,0.678951
34265,0.321767
34266,0.772006
34267,0.808694
34268,0.604741
34269,0.904299
34270,0.69929
34271,0.97637
34272,0.827059
34273,0.75673
34274,0.730477
34275,0.566499
34276,0.631084
34277,0.568121
34278,0.450212
34279,0.623619
34280,0.478695
34281,0.302974
34282,0.658674
34283,0.646462
34284,0.773813
34285,0.325779
34286,0.830474
34287,0.676676
34288,0.681868
34289,0.71768
34290,0.379324
34291,0.749257
34292,0.568622
34293,0.819229
34294,0.829192
34295,0.681738
34296,0.849449
34297,0.341049
34298,0.953086
34299,0.62571
34300,0.483333
34301,0.872824
34302,0.865709
34303,0.63743
34304,0.948317
34305,0.599417
34306,0.863653
34307,0.567779
34308,0.915515
34309,0.854086
34310,0.727788
34311,0.713958
34312,0.753349
34313,0.740029
34314,0.708095
34315,0.668601
34316,0.772911
34317,0.709472
34318,0.727009
34319,0.714994
34320,0.838352
34321,0.640605
34322,0.773015
34323,0.918121
34324,0.909631
34325,0.219406
34326,0.536975
34327,0.646331
34328,0.439458
34329,0.620276
34330,0.866893
34331,0.91579
34332,0.667324
34333,0.71245
34334,0.960896
34335,0.666307
34336,0.651927
34337,0.788833
34338,0.774839
34339,0.960368
34340,0.920184
34341,0.642272
34342,0.810802
34343,0.762806
34344,0.621401
34345,0.6056
34346,0.621346
34347,0.634064
34348,0.68481
34349,0.700819
34350,0.875539
34351,0.658709
34352,0.756461
34353,0.919679
34354,0.527605
34355,0.66003
34356,0.905964
34357,0.661638
34358,0.937248
34359,0.290798
34360,0.908573
34361,0.613933
34362,0.835278
34363,0.819183
34364,0.823461
34365,0.377915
34366,0.769803
34367,0.310819
34368,0.688513
34369,0.753718
34370,0.761979
34371,0.560419
34372,0.940777
34373,0.828191
34374,0.939357
34375,0.805979
34376,0.946119
34377,0.818683
34378,0.676417
34379,0.69596
34380,0.867194
34381,0.846491
34382,0.595214
34383,0.58842
34384,0.670886
34385,0.366587
34386,0.403242
34387,0.897727
34388,0.9395
34389,0.677463
34390,0.575724
34391,0.939405
34392,0.755727
34393,0.769726
34394,0.74996
34395,0.970643
34396,0.463359
34397,0.742338
34398,0.901884
34399,0.654923
34400,0.964293
34401,0.651515
34402,0.603203
34403,0.795817
34404,0.763927
34405,0.750763
34406,0.613573
34407,0.870066
34408,0.658781
34409,0.608253
34410,0.729018
34411,0.760448
34412,0.644842
34413,0.78078
34414,0.593696
34415,0.953996
34416,0.816219
34417,0.745322
34418,0.800282
34419,0.752038
34420,0.735236
34421,0.753442
34422,0.947701
34423,0.68994
34424,0.760274
34425,0.594459
34426,0.765737
34427,0.878132
34428,0.792724
34429,0.740296
34430,0.895146
34431,0.274422
34432,0.725626
34433,0.983952
34434,0.970223
34435,0.689009
34436,0.569454
34437,0.486084
34438,0.689558
34439,0.926025
34440,0.756635
34441,0.980966
34442,0.601758
34443,0.716523
34444,0.668324
34445,0.667547
34446,0.480878
34447,0.776624
34448,0.733636
34449,0.833564
34450,0.947856
34451,0.902345
34452,0.794414
34453,0.845381
34454,0.668859
34455,0.8844
34456,0.800677
34457,0.748036
34458,0.793016
34459,0.86682
34460,0.726325
34461,0.56244
34462,0.864144
34463,0.648694
34464,0.764777
34465,0.793128
34466,0.723076
34467,0.487078
34468,0.102091
34469,0.711217
34470,0.744259
34471,0.695889
34472,0.980229
34473,0.780251
34474,0.629914
34475,0.801401
34476,0.870407
34477,0.893931
34478,0.607993
34479,0.846681
34480,0.694511
34481,0.783016
34482,0.89678
34483,0.314798
34484,0.785994
34485,0.558708
34486,0.832895
34487,0.612577
34488,0.698359
34489,0.648843
34490,0.968184
34491,0.85017
34492,0.633638
34493,0.540832
34494,0.526341
34495,0.945809
34496,0.963603
34497,0.613571
34498,0.678879
34499,0.659559
34500,0.4947
34501,0.544766
34502,0.609784
34503,0.648512
34504,0.619737
34505,0.610204
34506,0.48973
34507,0.856662
34508,0.930447
34509,0.706665
34510,0.492167
34511,0.605701
34512,0.175231
34513,0.950492
34514,0.652198
34515,0.62102
34516,0.804326
34517,0.734842
34518,0.980215
34519,0.419007
34520,0.710634
34521,0.721071
34522,0.305968
34523,0.771724
34524,0.781318
34525,0.919841
34526,0.863677
34527,0.966443
34528,0.902351
34529,0.686212
34530,0.453238
34531,0.543486
34532,0.677231
34533,0.481824
34534,0.913145
34535,0.60328
34536,0.709245
34537,0.903421
34538,0.782677
34539,0.777165
34540,0.847964
34541,0.444285
34542,0.648363
34543,0.778644
34544,0.883913
34545,0.974929
34546,0.619179
34547,0.559132
34548,0.822397
34549,0.956989
34550,0.979196
34551,0.505234
34552,0.76756
34553,0.877918
34554,0.581736
34555,0.734339
34556,0.798671
34557,0.831106
34558,0.672373
34559,0.874105
34560,0.738371
34561,0.578303
34562,0.960919
34563,0.974162
34564,0.764406
34565,0.963723
34566,0.795248
34567,0.889829
34568,0.516001
34569,0.917467
34570,0.716178
34571,0.873673
34572,0.364691
34573,0.663198
34574,0.503151
34575,0.667163
34576,0.627913
34577,0.735448
34578,0.808338
34579,0.929409
34580,0.881839
34581,0.939751
34582,0.95474
34583,0.775778
34584,0.734133
34585,0.516195
34586,0.416201
34587,0.206347
34588,0.665303
34589,0.548581
34590,0.688204
34591,0.84096
34592,0.570729
34593,0.663811
34594,0.232222
34595,0.818665
34596,0.780548
34597,0.462228
34598,0.762007
34599,0.616041
34600,0.657314
34601,0.88665
34602,0.903675
34603,0.623158
34604,0.910109
34605,0.730301
34606,0.69954
34607,0.837951
34608,0.84337
34609,0.542279
34610,0.840178
34611,0.577137
34612,0.832177
34613,0.758541
34614,0.487051
34615,0.92483
34616,0.86707
34617,0.715497
34618,0.804306
34619,0.295807
34620,0.71625
34621,0.821592
34622,0.699395
34623,0.771022
34624,0.961141
34625,0.595336
34626,0.673551
34627,0.771384
34628,0.64859
34629,0.641518
34630,0.838312
34631,0.657712
34632,0.612386
34633,0.856181
34634,0.539973
34635,0.799607
34636,0.397423
34637,0.429805
34638,0.414086
34639,0.920823
34640,0.315703
34641,0.688194
34642,0.932451
34643,0.494299
34644,0.526375
34645,0.901143
34646,0.821731
34647,0.882836
34648,0.501942
34649,0.867277
34650,0.728733
34651,0.391642
34652,0.278132
34653,0.806336
34654,0.945357
34655,0.688998
34656,0.966556
34657,0.83764
34658,0.940895
34659,0.841958
34660,0.147794
34661,0.618503
34662,0.472448
34663,0.81753
34664,0.98631
34665,0.792211
34666,0.742882
34667,0.843437
34668,0.491046
34669,0.727395
34670,0.852309
34671,0.702112
34672,0.938332
34673,0.743454
34674,0.814479
34675,0.638145
34676,0.960007
34677,0.632316
34678,0.626546
34679,0.410301
34680,0.782173
34681,0.762146
34682,0.626043
34683,0.821369
34684,0.756725
34685,0.718101
34686,0.500191
34687,0.493588
34688,0.499686
34689,0.744407
34690,0.884311
34691,0.564098
34692,0.520032
34693,0.878065
34694,0.84123
34695,0.516816
34696,0.596349
34697,0.716303
34698,0.733207
34699,0.727628
34700,0.759883
34701,0.685137
34702,0.665707
34703,0.703666
34704,0.620772
34705,0.843186
34706,0.96806
34707,0.866289
34708,0.777522
34709,0.914301
34710,0.696111
34711,0.958213
34712,0.575726
34713,0.632401
34714,0.914982
34715,0.729886
34716,0.71192
34717,0.750261
34718,0.953721
34719,0.942407
34720,0.607097
34721,0.837821
34722,0.836452
34723,0.400923
34724,0.753863
34725,0.877606
34726,0.782764
34727,0.976992
34728,0.775352
34729,0.816907
34730,0.61539
34731,0.731658
34732,0.745653
34733,0.863922
34734,0.722281
34735,0.674575
34736,0.656016
34737,0.757942
34738,0.869158
34739,0.85295
34740,0.658788
34741,0.587446
34742,0.683981
34743,0.591011
34744,0.821687
34745,0.87751
34746,0.810705
34747,0.875902
34748,0.521237
34749,0.523293
34750,0.135853
34751,0.899166
34752,0.581687
34753,0.803016
34754,0.723505
34755,0.964842
34756,0.645818
34757,0.830552
34758,0.606488
34759,0.755292
34760,0.898016
34761,0.602806
34762,0.802418
34763,0.80071
34764,0.919695
34765,0.894494
34766,0.854428
34767,0.903414
34768,0.593751
34769,0.6951
34770,0.64674
34771,0.570686
34772,0.892497
34773,0.972806
34774,0.77854
34775,0.433341
34776,0.783159
34777,0.859621
34778,0.359657
34779,0.940843
34780,0.577681
34781,0.579286
34782,0.971255
34783,0.738405
34784,0.787755
34785,0.78734
34786,0.40582
34787,0.600369
34788,0.552821
34789,0.731959
34790,0.692157
34791,0.584002
34792,0.911671
34793,0.641805
34794,0.809735
34795,0.81896
34796,0.737162
34797,0.750441
34798,0.902375
34799,0.545878
34800,0.894593
34801,0.955007
34802,0.977956
34803,0.571527
34804,0.695798
34805,0.452732
34806,0.857742
34807,0.43727
34808,0.734647
34809,0.54614
34810,0.404333
34811,0.754158
34812,0.799754
34813,0.791484
34814,0.791647
34815,0.942632
34816,0.714563
34817,0.556961
34818,0.807512
34819,0.777722
34820,0.976726
34821,0.532051
34822,0.661653
34823,0.808085
34824,0.701503
34825,0.645582
34826,0.921585
34827,0.862533
34828,0.981627
34829,0.52703
34830,0.905301
34831,0.665783
34832,0.698614
34833,0.857827
34834,0.474583
34835,0.548183
34836,0.913454
34837,0.943743
34838,0.817102
34839,0.777792
34840,0.417334
34841,0.607424
34842,0.584702
34843,0.838928
34844,0.655297
34845,0.741346
34846,0.812913
34847,0.713383
34848,0.513287
34849,0.437193
34850,0.177126
34851,0.480329
34852,0.912461
34853,0.855991
34854,0.224858
34855,0.936234
34856,0.843124
34857,0.950298
34858,0.47691
34859,0.691687
34860,0.524367
34861,0.654504
34862,0.621799
34863,0.744877
34864,0.868863
34865,0.895029
34866,0.95188
34867,0.672001
34868,0.753891
34869,0.674593
34870,0.846066
34871,0.591467
34872,0.840571
34873,0.901774
34874,0.802184
34875,0.5993
34876,0.605398
34877,0.524426
34878,0.928288
34879,0.447617
34880,0.927773
34881,0.742714
34882,0.634395
34883,0.891889
34884,0.572566
34885,0.897708
34886,0.624212
34887,0.702724
34888,0.587771
34889,0.734382
34890,0.953753
34891,0.778137
34892,0.833573
34893,0.816866
34894,0.446321
34895,0.907559
34896,0.541771
34897,0.637341
34898,0.703665
34899,0.932514
34900,0.664733
34901,0.914257
34902,0.790103
34903,0.701575
34904,0.543383
34905,0.68506
34906,0.753833
34907,0.929085
34908,0.774555
34909,0.862049
34910,0.373895
34911,0.523757
34912,0.952797
34913,0.858971
34914,0.631808
34915,0.599999
34916,0.453044
34917,0.75191
34918,0.677194
34919,0.782483
34920,0.672349
34921,0.78704
34922,0.260806
34923,0.556159
34924,0.630193
34925,0.923619
34926,0.180258
34927,0.860623
34928,0.659243
34929,0.790227
34930,0.755336
34931,0.640817
34932,0.674343
34933,0.907259
34934,0.199113
34935,0.681816
34936,0.9143
34937,0.781283
34938,0.534146
34939,0.735428
34940,0.956984
34941,0.586775
34942,0.524035
34943,0.220677
34944,0.972474
34945,0.424745
34946,0.751677
34947,0.414143
34948,0.648705
34949,0.953948
34950,0.747656
34951,0.709081
34952,0.776496
34953,0.803144
34954,0.83293
34955,0.958271
34956,0.700426
34957,0.728719
34958,0.813632
34959,0.883401
34960,0.700087
34961,0.482965
34962,0.686895
34963,0.882052
34964,0.50823
34965,0.774708
34966,0.960058
34967,0.543921
34968,0.741096
34969,0.666338
34970,0.755071
34971,0.93444
34972,0.710821
34973,0.481972
34974,0.587392
34975,0.865701
34976,0.86409
34977,0.808824
34978,0.578536
34979,0.950041
34980,0.746809
34981,0.879679
34982,0.90736
34983,0.797113
34984,0.518578
34985,0.916077
34986,0.791364
34987,0.774423
34988,0.732531
34989,0.694607
34990,0.901333
34991,0.697025
34992,0.858191
34993,0.881494
34994,0.818668
34995,0.884007
34996,0.8947
34997,0.774073
34998,0.957726
34999,0.594788
35000,0.926709
35001,0.819237
35002,0.95255
35003,0.897401
35004,0.60176
35005,0.932732
35006,0.70485
35007,0.730704
35008,0.762951
35009,0.979852
35010,0.956578
35011,0.847397
35012,0.713895
35013,0.842152
35014,0.80015
35015,0.640127
35016,0.632633
35017,0.447152
35018,0.902993
35019,0.783953
35020,0.410731
35021,0.876734
35022,0.838093
35023,0.817452
35024,0.90741
35025,0.73532
35026,0.686161
35027,0.683313
35028,0.932217
35029,0.972788
35030,0.596575
35031,0.660922
35032,0.737457
35033,0.398571
35034,0.898553
35035,0.737719
35036,0.75574
35037,0.780224
35038,0.425525
35039,0.798293
35040,0.738466
35041,0.608713
35042,0.685446
35043,0.548538
35044,0.604803
35045,0.70021
35046,0.89915
35047,0.83635
35048,0.595755
35049,0.919933
35050,0.774467
35051,0.671385
35052,0.989802
35053,0.71269
35054,0.463595
35055,0.770014
35056,0.847949
35057,0.784677
35058,0.66834
35059,0.574695
35060,0.771565
35061,0.64412
35062,0.540867
35063,0.70634
35064,0.503153
35065,0.63923
35066,0.801469
35067,0.681388
35068,0.894415
35069,0.664871
35070,0.727042
35071,0.54641
35072,0.564805
35073,0.96807
35074,0.821637
35075,0.584371
35076,0.641075
35077,0.648197
35078,0.924403
35079,0.685924
35080,0.683302
35081,0.928437
35082,0.926953
35083,0.841141
35084,0.977045
35085,0.761014
35086,0.629292
35087,0.849822
35088,0.858595
35089,0.786029
35090,0.673393
35091,0.976092
35092,0.806828
35093,0.527459
35094,0.591196
35095,0.568667
35096,0.882712
35097,0.962727
35098,0.549935
35099,0.658369
35100,0.109242
35101,0.664149
35102,0.773975
35103,0.351641
35104,0.912817
35105,0.57798
35106,0.668119
35107,0.673945
35108,0.729886
35109,0.53555
35110,0.585183
35111,0.463448
35112,0.776617
35113,0.901598
35114,0.663641
35115,0.709206
35116,0.849712
35117,0.760777
35118,0.920734
35119,0.888564
35120,0.692229
35121,0.587708
35122,0.631404
35123,0.329299
35124,0.896868
35125,0.676554
35126,0.894123
35127,0.947451
35128,0.91867
35129,0.709024
35130,0.96311
35131,0.928409
35132,0.585949
35133,0.573851
35134,0.78357
35135,0.886686
35136,0.250159
35137,0.83563
35138,0.514805
35139,0.615098
35140,0.597516
35141,0.442248
35142,0.768519
35143,0.968623
35144,0.718437
35145,0.981496
35146,0.877212
35147,0.488108
35148,0.681492
35149,0.75956
35150,0.790521
35151,0.905281
35152,0.591607
35153,0.727234
35154,0.631764
35155,0.87083
35156,0.909691
35157,0.925975
35158,0.491679
35159,0.737655
35160,0.677601
35161,0.909843
35162,0.536138
35163,0.893286
35164,0.915229
35165,0.782039
35166,0.641803
35167,0.675169
35168,0.917101
35169,0.219971
35170,0.627783
35171,0.660375
35172,0.807242
35173,0.359823
35174,0.202988
35175,0.730427
35176,0.969541
35177,0.952288
35178,0.916633
35179,0.913227
35180,0.75555
35181,0.813085
35182,0.973987
35183,0.958582
35184,0.636254
35185,0.932497
35186,0.940603
35187,0.596047
35188,0.852006
35189,0.791597
35190,0.694291
35191,0.810356
35192,0.729377
35193,0.968147
35194,0.888297
35195,0.697055
35196,0.359674
35197,0.53414
35198,0.605311
35199,0.865741
35200,0.505266
35201,0.562603
35202,0.851798
35203,0.618168
35204,0.771034
35205,0.429303
35206,0.455507
35207,0.445864
35208,0.674504
35209,0.791078
35210,0.415555
35211,0.450174
35212,0.818339
35213,0.626734
35214,0.859915
35215,0.932292
35216,0.302034
35217,0.766744
35218,0.825546
35219,0.583348
35220,0.878196
35221,0.983387
35222,0.900104
35223,0.750992
35224,0.505416
35225,0.953209
35226,0.650029
35227,0.743772
35228,0.687295
35229,0.453764
35230,0.643112
35231,0.733221
35232,0.83129
35233,0.780657
35234,0.39804
35235,0.833262
35236,0.730964
35237,0.460733
35238,0.657866
35239,0.729864
35240,0.871109
35241,0.409928
35242,0.777319
35243,0.539759
35244,0.950685
35245,0.802445
35246,0.583353
35247,0.845874
35248,0.961005
35249,0.728892
35250,0.802018
35251,0.877587
35252,0.236112
35253,0.761573
35254,0.74383
35255,0.584765
35256,0.292551
35257,0.577839
35258,0.991186
35259,0.761779
35260,0.67529
35261,0.569838
35262,0.724936
35263,0.975954
35264,0.65948
35265,0.86923
35266,0.590897
35267,0.886508
35268,0.69276
35269,0.733385
35270,0.418896
35271,0.639603
35272,0.808759
35273,0.75777
35274,0.482316
35275,0.328032
35276,0.72604
35277,0.675648
35278,0.516921
35279,0.89192
35280,0.802971
35281,0.648364
35282,0.737598
35283,0.834794
35284,0.961694
35285,0.487051
35286,0.742974
35287,0.680567
35288,0.838818
35289,0.984633
35290,0.66829
35291,0.763024
35292,0.818038
35293,0.909138
35294,0.452433
35295,0.207125
35296,0.685412
35297,0.928039
35298,0.18172
35299,0.646847
35300,0.775848
35301,0.934827
35302,0.301799
35303,0.887299
35304,0.886642
35305,0.783446
35306,0.680367
35307,0.642917
35308,0.645139
35309,0.792186
35310,0.689016
35311,0.862488
35312,0.812056
35313,0.698452
35314,0.97168
35315,0.734855
35316,0.75236
35317,0.562155
35318,0.730152
35319,0.419752
35320,0.653435
35321,0.578924
35322,0.470016
35323,0.836425
35324,0.90251
35325,0.766838
35326,0.504304
35327,0.90655
35328,0.804129
35329,0.650764
35330,0.770549
35331,0.772732
35332,0.693714
35333,0.802769
35334,0.471521
35335,0.804351
35336,0.877758
35337,0.961746
35338,0.85133
35339,0.608539
35340,0.903108
35341,0.250417
35342,0.849531
35343,0.623324
35344,0.93823
35345,0.840588
35346,0.868608
35347,0.772241
35348,0.972119
35349,0.570727
35350,0.616361
35351,0.445314
35352,0.945848
35353,0.678424
35354,0.739562
35355,0.898647
35356,0.26391
35357,0.659453
35358,0.627598
35359,0.614506
35360,0.52904
35361,0.663316
35362,0.464129
35363,0.712883
35364,0.817608
35365,0.879922
35366,0.656049
35367,0.828501
35368,0.830619
35369,0.928754
35370,0.949104
35371,0.89669
35372,0.608306
35373,0.649437
35374,0.609311
35375,0.840053
35376,0.370917
35377,0.860844
35378,0.88488
35379,0.94803
35380,0.827025
35381,0.616769
35382,0.927889
35383,0.956425
35384,0.460637
35385,0.797529
35386,0.363919
35387,0.224533
35388,0.857449
35389,0.908978
35390,0.640921
35391,0.840275
35392,0.568617
35393,0.651506
35394,0.4627
35395,0.724538
35396,0.7318
35397,0.528779
35398,0.873564
35399,0.686056
35400,0.878933
35401,0.581455
35402,0.765901
35403,0.674009
35404,0.575728
35405,0.746698
35406,0.43568
35407,0.639597
35408,0.913196
35409,0.757308
35410,0.966183
35411,0.64597
35412,0.575907
35413,0.950329
35414,0.881317
35415,0.759739
35416,0.516484
35417,0.680293
35418,0.596396
35419,0.743881
35420,0.606258
35421,0.889395
35422,0.500115
35423,0.95239
35424,0.539811
35425,0.393306
35426,0.674651
35427,0.907639
35428,0.802443
35429,0.920719
35430,0.470645
35431,0.664906
35432,0.772474
35433,0.765714
35434,0.584787
35435,0.196675
35436,0.554549
35437,0.632463
35438,0.795299
35439,0.587955
35440,0.512803
35441,0.918128
35442,0.408532
35443,0.659081
35444,0.664302
35445,0.965855
35446,0.56824
35447,0.900473
35448,0.672296
35449,0.917236
35450,0.950847
35451,0.881884
35452,0.594837
35453,0.43099
35454,0.96488
35455,0.749648
35456,0.779382
35457,0.707048
35458,0.716275
35459,0.70979
35460,0.728068
35461,0.559227
35462,0.574237
35463,0.581664
35464,0.719764
35465,0.920321
35466,0.847334
35467,0.504066
35468,0.82638
35469,0.746567
35470,0.719161
35471,0.554324
35472,0.299035
35473,0.445861
35474,0.803306
35475,0.331474
35476,0.883705
35477,0.697504
35478,0.761621
35479,0.780356
35480,0.839576
35481,0.943381
35482,0.250165
35483,0.643953
35484,0.919263
35485,0.81615
35486,0.611851
35487,0.935425
35488,0.940467
35489,0.908779
35490,0.79159
35491,0.684204
35492,0.621722
35493,0.832497
35494,0.876549
35495,0.867474
35496,0.678468
35497,0.499208
35498,0.890005
35499,0.579962
35500,0.671271
35501,0.890685
35502,0.866481
35503,0.672186
35504,0.798704
35505,0.235157
35506,0.510871
35507,0.843064
35508,0.833308
35509,0.904699
35510,0.73772
35511,0.58123
35512,0.934673
35513,0.644746
35514,0.891757
35515,0.87383
35516,0.857049
35517,0.865604
35518,0.699716
35519,0.924083
35520,0.895008
35521,0.855151
35522,0.366579
35523,0.733723
35524,0.722628
35525,0.95625
35526,0.892242
35527,0.810565
35528,0.703968
35529,0.710076
35530,0.874692
35531,0.751079
35532,0.762841
35533,0.64454
35534,0.547106
35535,0.554968
35536,0.617258
35537,0.794791
35538,0.27897
35539,0.801138
35540,0.790509
35541,0.75515
35542,0.891647
35543,0.649649
35544,0.400879
35545,0.875754
35546,0.941171
35547,0.755981
35548,0.831737
35549,0.779445
35550,0.967852
35551,0.527344
35552,0.766838
35553,0.829337
35554,0.114725
35555,0.521003
35556,0.630687
35557,0.916024
35558,0.927194
35559,0.400413
35560,0.741213
35561,0.50317
35562,0.469795
35563,0.753605
35564,0.853409
35565,0.734201
35566,0.795506
35567,0.547344
35568,0.926721
35569,0.83105
35570,0.357448
35571,0.822288
35572,0.60994
35573,0.426049
35574,0.550495
35575,0.445067
35576,0.655679
35577,0.628163
35578,0.690803
35579,0.831783
35580,0.553768
35581,0.659585
35582,0.7755
35583,0.198997
35584,0.608265
35585,0.781109
35586,0.857788
35587,0.57593
35588,0.647389
35589,0.419005
35590,0.889498
35591,0.918365
35592,0.70637
35593,0.542445
35594,0.714148
35595,0.593199
35596,0.925774
35597,0.959487
35598,0.900286
35599,0.677244
35600,0.924696
35601,0.576806
35602,0.94648
35603,0.980669
35604,0.98
35605,0.229352
35606,0.809152
35607,0.817856
35608,0.896485
35609,0.788071
35610,0.648454
35611,0.582808
35612,0.272875
35613,0.567584
35614,0.905543
35615,0.541147
35616,0.754409
35617,0.860952
35618,0.727369
35619,0.74902
35620,0.663833
35621,0.860528
35622,0.896893
35623,0.607317
35624,0.878313
35625,0.924509
35626,0.821807
35627,0.759806
35628,0.697343
35629,0.727169
35630,0.924328
35631,0.490507
35632,0.614257
35633,0.325944
35634,0.735002
35635,0.726546
35636,0.919555
35637,0.825968
35638,0.54496
35639,0.862466
35640,0.788343
35641,0.698194
35642,0.886857
35643,0.96535
35644,0.954238
35645,0.774666
35646,0.499285
35647,0.980306
35648,0.614367
35649,0.598423
35650,0.723977
35651,0.660028
35652,0.749699
35653,0.596986
35654,0.678611
35655,0.59534
35656,0.795246
35657,0.664571
35658,0.918085
35659,0.879035
35660,0.912632
35661,0.404578
35662,0.738764
35663,0.584051
35664,0.701218
35665,0.538374
35666,0.617689
35667,0.767327
35668,0.876797
35669,0.701027
35670,0.870301
35671,0.756566
35672,0.521053
35673,0.694012
35674,0.53004
35675,0.884336
35676,0.533547
35677,0.950488
35678,0.880306
35679,0.890175
35680,0.804336
35681,0.743078
35682,0.760914
35683,0.877194
35684,0.829221
35685,0.666507
35686,0.726637
35687,0.372478
35688,0.855756
35689,0.30333
35690,0.958962
35691,0.84889
35692,0.818352
35693,0.744222
35694,0.711197
35695,0.762298
35696,0.257532
35697,0.905839
35698,0.535078
35699,0.595938
35700,0.86478
35701,0.654801
35702,0.706476
35703,0.550124
35704,0.725629
35705,0.807485
35706,0.953954
35707,0.455493
35708,0.94155
35709,0.943578
35710,0.877889
35711,0.789901
35712,0.664421
35713,0.586156
35714,0.437306
35715,0.836994
35716,0.673626
35717,0.806681
35718,0.600945
35719,0.615528
35720,0.721449
35721,0.400869
35722,0.948147
35723,0.630135
35724,0.851174
35725,0.739351
35726,0.729424
35727,0.919122
35728,0.762519
35729,0.935732
35730,0.664937
35731,0.664496
35732,0.697281
35733,0.784162
35734,0.57635
35735,0.554735
35736,0.757202
35737,0.735898
35738,0.385788
35739,0.944853
35740,0.827886
35741,0.810892
35742,0.466445
35743,0.53768
35744,0.668203
35745,0.644069
35746,0.930899
35747,0.594034
35748,0.843276
35749,0.692743
35750,0.941173
35751,0.723844
35752,0.919791
35753,0.631925
35754,0.633552
35755,0.827084
35756,0.841155
35757,0.951661
35758,0.927125
35759,0.610904
35760,0.953212
35761,0.639992
35762,0.54494
35763,0.707499
35764,0.515051
35765,0.50013
35766,0.501093
35767,0.895862
35768,0.821591
35769,0.708299
35770,0.805178
35771,0.773363
35772,0.948233
35773,0.528938
35774,0.755662
35775,0.613917
35776,0.552681
35777,0.897694
35778,0.625611
35779,0.602688
35780,0.923154
35781,0.482241
35782,0.903612
35783,0.921734
35784,0.820384
35785,0.689711
35786,0.711143
35787,0.939196
35788,0.927669
35789,0.95455
35790,0.651978
35791,0.592594
35792,0.903281
35793,0.653711
35794,0.706454
35795,0.935441
35796,0.429082
35797,0.604984
35798,0.860436
35799,0.479834
35800,0.936113
35801,0.971786
35802,0.760388
35803,0.454918
35804,0.311751
35805,0.680109
35806,0.793607
35807,0.74401
35808,0.923688
35809,0.954538
35810,0.853403
35811,0.797219
35812,0.865945
35813,0.678575
35814,0.695476
35815,0.825346
35816,0.93766
35817,0.769486
35818,0.405542
35819,0.627787
35820,0.898083
35821,0.656267
35822,0.602298
35823,0.69246
35824,0.655436
35825,0.856917
35826,0.609407
35827,0.623774
35828,0.765717
35829,0.899098
35830,0.833728
35831,0.89356
35832,0.501728
35833,0.619591
35834,0.548651
35835,0.574355
35836,0.93426
35837,0.533387
35838,0.891458
35839,0.539065
35840,0.55364
35841,0.741946
35842,0.737846
35843,0.867028
35844,0.87362
35845,0.803934
35846,0.955061
35847,0.55556
35848,0.312182
35849,0.318081
35850,0.907767
35851,0.840512
35852,0.695372
35853,0.463381
35854,0.494762
35855,0.888331
35856,0.177802
35857,0.857323
35858,0.446782
35859,0.836886
35860,0.54848
35861,0.704094
35862,0.664291
35863,0.860108
35864,0.856319
35865,0.571572
35866,0.904306
35867,0.764902
35868,0.846356
35869,0.459269
35870,0.913156
35871,0.804442
35872,0.788373
35873,0.6911
35874,0.568492
35875,0.66647
35876,0.680548
35877,0.762742
35878,0.660196
35879,0.442574
35880,0.529545
35881,0.529491
35882,0.577345
35883,0.87925
35884,0.5668
35885,0.928102
35886,0.584715
35887,0.76794
35888,0.616837
35889,0.515393
35890,0.859462
35891,0.882945
35892,0.7737
35893,0.917656
35894,0.776249
35895,0.633329
35896,0.933987
35897,0.853582
35898,0.647064
35899,0.967936
35900,0.678528
35901,0.290807
35902,0.913834
35903,0.673446
35904,0.555014
35905,0.590291
35906,0.325677
35907,0.868705
35908,0.822059
35909,0.574872
35910,0.880965
35911,0.507297
35912,0.525465
35913,0.847975
35914,0.463865
35915,0.921217
35916,0.247937
35917,0.114315
35918,0.673556
35919,0.440204
35920,0.676217
35921,0.666938
35922,0.74865
35923,0.568135
35924,0.512225
35925,0.689869
35926,0.544726
35927,0.682644
35928,0.744645
35929,0.901504
35930,0.912654
35931,0.923634
35932,0.508131
35933,0.918674
35934,0.537993
35935,0.846842
35936,0.655705
35937,0.733994
35938,0.942059
35939,0.705807
35940,0.817034
35941,0.621241
35942,0.323917
35943,0.782223
35944,0.532986
35945,0.359538
35946,0.93234
35947,0.506461
35948,0.777076
35949,0.641961
35950,0.810945
35951,0.972611
35952,0.756587
35953,0.71379
35954,0.806004
35955,0.711301
35956,0.90896
35957,0.134523
35958,0.738472
35959,0.638792
35960,0.707229
35961,0.715186
35962,0.895101
35963,0.546766
35964,0.676002
35965,0.846405
35966,0.779872
35967,0.309307
35968,0.947193
35969,0.593774
35970,0.797184
35971,0.705436
35972,0.875941
35973,0.917687
35974,0.625066
35975,0.77028
35976,0.295587
35977,0.838458
35978,0.893797
35979,0.616464
35980,0.881131
35981,0.438491
35982,0.780603
35983,0.770408
35984,0.571785
35985,0.413335
35986,0.68705
35987,0.825451
35988,0.858949
35989,0.720253
35990,0.451211
35991,0.839434
35992,0.599413
35993,0.539089
35994,0.863762
35995,0.947976
35996,0.882418
35997,0.798033
35998,0.692528
35999,0.574088
36000,0.716229
36001,0.785237
36002,0.513064
36003,0.520086
36004,0.588081
36005,0.928573
36006,0.843219
36007,0.192919
36008,0.823294
36009,0.784765
36010,0.785453
36011,0.855985
36012,0.948681
36013,0.669601
36014,0.846688
36015,0.796964
36016,0.926265
36017,0.27158
36018,0.525513
36019,0.147857
36020,0.953002
36021,0.707316
36022,0.951614
36023,0.826897
36024,0.905004
36025,0.911866
36026,0.800222
36027,0.871002
36028,0.868381
36029,0.928387
36030,0.734625
36031,0.785687
36032,0.580281
36033,0.701986
36034,0.943427
36035,0.72813
36036,0.838149
36037,0.771079
36038,0.741003
36039,0.69559
36040,0.362188
36041,0.207125
36042,0.668207
36043,0.791658
36044,0.913925
36045,0.712798
36046,0.988124
36047,0.643139
36048,0.856123
36049,0.598117
36050,0.835251
36051,0.959227
36052,0.481789
36053,0.31557
36054,0.940024
36055,0.704225
36056,0.615872
36057,0.389747
36058,0.915328
36059,0.576107
36060,0.727674
36061,0.899606
36062,0.475963
36063,0.69817
36064,0.741434
36065,0.815808
36066,0.853318
36067,0.45214
36068,0.687171
36069,0.523449
36070,0.729715
36071,0.568761
36072,0.906646
36073,0.918416
36074,0.76884
36075,0.582426
36076,0.54458
36077,0.953055
36078,0.628671
36079,0.615901
36080,0.82174
36081,0.702236
36082,0.516621
36083,0.643682
36084,0.713206
36085,0.758138
36086,0.940912
36087,0.573326
36088,0.465029
36089,0.556832
36090,0.814011
36091,0.662223
36092,0.651475
36093,0.761506
36094,0.726542
36095,0.969202
36096,0.625172
36097,0.502138
36098,0.106063
36099,0.906025
36100,0.789948
36101,0.977056
36102,0.856177
36103,0.413476
36104,0.793337
36105,0.732933
36106,0.900555
36107,0.394863
36108,0.691986
36109,0.673999
36110,0.7316
36111,0.679456
36112,0.831027
36113,0.701421
36114,0.698477
36115,0.888664
36116,0.64725
36117,0.976669
36118,0.944963
36119,0.922279
36120,0.925918
36121,0.895518
36122,0.82616
36123,0.880097
36124,0.710082
36125,0.795939
36126,0.391313
36127,0.668881
36128,0.779569
36129,0.638586
36130,0.875551
36131,0.879769
36132,0.637765
36133,0.907905
36134,0.616327
36135,0.851606
36136,0.78983
36137,0.700602
36138,0.642685
36139,0.733995
36140,0.971618
36141,0.87405
36142,0.855249
36143,0.707122
36144,0.606143
36145,0.762627
36146,0.947377
36147,0.831057
36148,0.591754
36149,0.635193
36150,0.653833
36151,0.916635
36152,0.650282
36153,0.395833
36154,0.885992
36155,0.954457
36156,0.851486
36157,0.919955
36158,0.874557
36159,0.731805
36160,0.243299
36161,0.945211
36162,0.684183
36163,0.669419
36164,0.873781
36165,0.627881
36166,0.639679
36167,0.696851
36168,0.821156
36169,0.616373
36170,0.734067
36171,0.950026
36172,0.292991
36173,0.636968
36174,0.747954
36175,0.780587
36176,0.865578
36177,0.760839
36178,0.663939
36179,0.913634
36180,0.914438
36181,0.890639
36182,0.713624
36183,0.663363
36184,0.874591
36185,0.524878
36186,0.912418
36187,0.780437
36188,0.85224
36189,0.922304
36190,0.594246
36191,0.569895
36192,0.928371
36193,0.41026
36194,0.588618
36195,0.815617
36196,0.675628
36197,0.942093
36198,0.928097
36199,0.769409
36200,0.72895
36201,0.925667
36202,0.83173
36203,0.785843
36204,0.630722
36205,0.922224
36206,0.462465
36207,0.591654
36208,0.781708
36209,0.860427
36210,0.637583
36211,0.911468
36212,0.676743
36213,0.8144
36214,0.901828
36215,0.61483
36216,0.552604
36217,0.197893
36218,0.589988
36219,0.788382
36220,0.527696
36221,0.864032
36222,0.771851
36223,0.939287
36224,0.735445
36225,0.680682
36226,0.830396
36227,0.916588
36228,0.614723
36229,0.762885
36230,0.499964
36231,0.168458
36232,0.981582
36233,0.743119
36234,0.720303
36235,0.844985
36236,0.577918
36237,0.703654
36238,0.869225
36239,0.441477
36240,0.76469
36241,0.70112
36242,0.808704
36243,0.901581
36244,0.878613
36245,0.631526
36246,0.679544
36247,0.631776
36248,0.745394
36249,0.604733
36250,0.658641
36251,0.606964
36252,0.908472
36253,0.613314
36254,0.411806
36255,0.777724
36256,0.647632
36257,0.488702
36258,0.959576
36259,0.664577
36260,0.521916
36261,0.858406
36262,0.72238
36263,0.78696
36264,0.837851
36265,0.654307
36266,0.84058
36267,0.1842
36268,0.871672
36269,0.690448
36270,0.704362
36271,0.748532
36272,0.516562
36273,0.795303
36274,0.431996
36275,0.497455
36276,0.607921
36277,0.738341
36278,0.783095
36279,0.756542
36280,0.961311
36281,0.789249
36282,0.539063
36283,0.683767
36284,0.87943
36285,0.513868
36286,0.765603
36287,0.820364
36288,0.884918
36289,0.965114
36290,0.437032
36291,0.626015
36292,0.825716
36293,0.558393
36294,0.740776
36295,0.85366
36296,0.825942
36297,0.761186
36298,0.845006
36299,0.574445
36300,0.464016
36301,0.455916
36302,0.875972
36303,0.921846
36304,0.68588
36305,0.937181
36306,0.909895
36307,0.896777
36308,0.98009
36309,0.663199
36310,0.907517
36311,0.897564
36312,0.60147
36313,0.87817
36314,0.679427
36315,0.885507
36316,0.853238
36317,0.852207
36318,0.796841
36319,0.863218
36320,0.869409
36321,0.915072
36322,0.788391
36323,0.298215
36324,0.864274
36325,0.650588
36326,0.807768
36327,0.965421
36328,0.698808
36329,0.639151
36330,0.942057
36331,0.75273
36332,0.566708
36333,0.635525
36334,0.67931
36335,0.702596
36336,0.891896
36337,0.968551
36338,0.255316
36339,0.932901
36340,0.607591
36341,0.952951
36342,0.787983
36343,0.868103
36344,0.909534
36345,0.856535
36346,0.856625
36347,0.69136
36348,0.827171
36349,0.726274
36350,0.951106
36351,0.670905
36352,0.763843
36353,0.584409
36354,0.339277
36355,0.828087
36356,0.6055
36357,0.909479
36358,0.842822
36359,0.887552
36360,0.908007
36361,0.757545
36362,0.741512
36363,0.51235
36364,0.583041
36365,0.490103
36366,0.870429
36367,0.377883
36368,0.878474
36369,0.568586
36370,0.596613
36371,0.846653
36372,0.598579
36373,0.522333
36374,0.399462
36375,0.745553
36376,0.595905
36377,0.822822
36378,0.82367
36379,0.749619
36380,0.4304
36381,0.511055
36382,0.911807
36383,0.806057
36384,0.954325
36385,0.937211
36386,0.926414
36387,0.711687
36388,0.891298
36389,0.535798
36390,0.890387
36391,0.736037
36392,0.832356
36393,0.927859
36394,0.770004
36395,0.723437
36396,0.530198
36397,0.251771
36398,0.960135
36399,0.792587
36400,0.899339
36401,0.65529
36402,0.68314
36403,0.855567
36404,0.570915
36405,0.54181
36406,0.826014
36407,0.81645
36408,0.627028
36409,0.690402
36410,0.84503
36411,0.412958
36412,0.692127
36413,0.385616
36414,0.967555
36415,0.914214
36416,0.713393
36417,0.829677
36418,0.645414
36419,0.787777
36420,0.803664
36421,0.900556
36422,0.540936
36423,0.795363
36424,0.602898
36425,0.634941
36426,0.475645
36427,0.458846
36428,0.909585
36429,0.903882
36430,0.564204
36431,0.829074
36432,0.855929
36433,0.726394
36434,0.753386
36435,0.458999
36436,0.903906
36437,0.566611
36438,0.838026
36439,0.427936
36440,0.85363
36441,0.641712
36442,0.69877
36443,0.78506
36444,0.70966
36445,0.974193
36446,0.948676
36447,0.221761
36448,0.732649
36449,0.875539
36450,0.843356
36451,0.930555
36452,0.646482
36453,0.729245
36454,0.62682
36455,0.614294
36456,0.858029
36457,0.816635
36458,0.871117
36459,0.625734
36460,0.552546
36461,0.657213
36462,0.462139
36463,0.190796
36464,0.084186
36465,0.896738
36466,0.754386
36467,0.739094
36468,0.925825
36469,0.634211
36470,0.748276
36471,0.857024
36472,0.096625
36473,0.835584
36474,0.659269
36475,0.656582
36476,0.694176
36477,0.574085
36478,0.804948
36479,0.818234
36480,0.56593
36481,0.482198
36482,0.877437
36483,0.882753
36484,0.684329
36485,0.910454
36486,0.554574
36487,0.858029
36488,0.763311
36489,0.96339
36490,0.916532
36491,0.582002
36492,0.550456
36493,0.619042
36494,0.420996
36495,0.682928
36496,0.535333
36497,0.601206
36498,0.945587
36499,0.819805
36500,0.701834
36501,0.565909
36502,0.87228
36503,0.689217
36504,0.440817
36505,0.829515
36506,0.586173
36507,0.980203
36508,0.837042
36509,0.511586
36510,0.919918
36511,0.469942
36512,0.688364
36513,0.424615
36514,0.850771
36515,0.496866
36516,0.583475
36517,0.342515
36518,0.371773
36519,0.982038
36520,0.621123
36521,0.59066
36522,0.864709
36523,0.709414
36524,0.629057
36525,0.906665
36526,0.785343
36527,0.60596
36528,0.918591
36529,0.61745
36530,0.670012
36531,0.775799
36532,0.550817
36533,0.723004
36534,0.653965
36535,0.593837
36536,0.462172
36537,0.975125
36538,0.636499
36539,0.654717
36540,0.822225
36541,0.880752
36542,0.585736
36543,0.644959
36544,0.910779
36545,0.898488
36546,0.630578
36547,0.723094
36548,0.642276
36549,0.618848
36550,0.722025
36551,0.712901
36552,0.788504
36553,0.292119
36554,0.817594
36555,0.606536
36556,0.761792
36557,0.712424
36558,0.886353
36559,0.845409
36560,0.605561
36561,0.951453
36562,0.631789
36563,0.823554
36564,0.700686
36565,0.753831
36566,0.767761
36567,0.56517
36568,0.721716
36569,0.735737
36570,0.610652
36571,0.733751
36572,0.62966
36573,0.960694
36574,0.194905
36575,0.937329
36576,0.598601
36577,0.964311
36578,0.800798
36579,0.891408
36580,0.717959
36581,0.980738
36582,0.870726
36583,0.678727
36584,0.979765
36585,0.629589
36586,0.830415
36587,0.524241
36588,0.721788
36589,0.907992
36590,0.457123
36591,0.695347
36592,0.709826
36593,0.78237
36594,0.893883
36595,0.789964
36596,0.921242
36597,0.586236
36598,0.790113
36599,0.743357
36600,0.853122
36601,0.888989
36602,0.892692
36603,0.303266
36604,0.690886
36605,0.665437
36606,0.761405
36607,0.611735
36608,0.535271
36609,0.603112
36610,0.638998
36611,0.8545
36612,0.7967
36613,0.825363
36614,0.96725
36615,0.844975
36616,0.669594
36617,0.912394
36618,0.964546
36619,0.524563
36620,0.565824
36621,0.646881
36622,0.76425
36623,0.738184
36624,0.959109
36625,0.700977
36626,0.659959
36627,0.684813
36628,0.64607
36629,0.971084
36630,0.69372
36631,0.36382
36632,0.632693
36633,0.596886
36634,0.733154
36635,0.905185
36636,0.654976
36637,0.686124
36638,0.871343
36639,0.687375
36640,0.800645
36641,0.480611
36642,0.51546
36643,0.74577
36644,0.947133
36645,0.661593
36646,0.560378
36647,0.851995
36648,0.708254
36649,0.861165
36650,0.722686
36651,0.896516
36652,0.751548
36653,0.978607
36654,0.897466
36655,0.825775
36656,0.757925
36657,0.785378
36658,0.588507
36659,0.889571
36660,0.739142
36661,0.894045
36662,0.753226
36663,0.945247
36664,0.810115
36665,0.651481
36666,0.511694
36667,0.927632
36668,0.916849
36669,0.653817
36670,0.887978
36671,0.50315
36672,0.791996
36673,0.873193
36674,0.716072
36675,0.446293
36676,0.894182
36677,0.949446
36678,0.810641
36679,0.803032
36680,0.783586
36681,0.805452
36682,0.991287
36683,0.195416
36684,0.64264
36685,0.74287
36686,0.871467
36687,0.560061
36688,0.879656
36689,0.728781
36690,0.775526
36691,0.726402
36692,0.831106
36693,0.716309
36694,0.597504
36695,0.924938
36696,0.497584
36697,0.563851
36698,0.703289
36699,0.595917
36700,0.536877
36701,0.697051
36702,0.811216
36703,0.615182
36704,0.685163
36705,0.691896
36706,0.709446
36707,0.883315
36708,0.711635
36709,0.564457
36710,0.889965
36711,0.780106
36712,0.915661
36713,0.75831
36714,0.68749
36715,0.772334
36716,0.653141
36717,0.55164
36718,0.657083
36719,0.616702
36720,0.728015
36721,0.897796
36722,0.650414
36723,0.830001
36724,0.649011
36725,0.927489
36726,0.589846
36727,0.223112
36728,0.812432
36729,0.710165
36730,0.906257
36731,0.692925
36732,0.818717
36733,0.916434
36734,0.587503
36735,0.500926
36736,0.753133
36737,0.565282
36738,0.587532
36739,0.679461
36740,0.26802
36741,0.91587
36742,0.702813
36743,0.508678
36744,0.91797
36745,0.600272
36746,0.831999
36747,0.5866
36748,0.925431
36749,0.911167
36750,0.681238
36751,0.8228
36752,0.479125
36753,0.205853
36754,0.655041
36755,0.79169
36756,0.873037
36757,0.866066
36758,0.508542
36759,0.682552
36760,0.471312
36761,0.816328
36762,0.821245
36763,0.922384
36764,0.774855
36765,0.679878
36766,0.503831
36767,0.695059
36768,0.919088
36769,0.537272
36770,0.110689
36771,0.847386
36772,0.854039
36773,0.748257
36774,0.55123
36775,0.836252
36776,0.705919
36777,0.308787
36778,0.8939
36779,0.877745
36780,0.783349
36781,0.778888
36782,0.940078
36783,0.916557
36784,0.241604
36785,0.649305
36786,0.80051
36787,0.879936
36788,0.974242
36789,0.630642
36790,0.346141
36791,0.726271
36792,0.949328
36793,0.454545
36794,0.708868
36795,0.790228
36796,0.81803
36797,0.789308
36798,0.621137
36799,0.804498
36800,0.735768
36801,0.981424
36802,0.689047
36803,0.852716
36804,0.692074
36805,0.662984
36806,0.708868
36807,0.820778
36808,0.586644
36809,0.54541
36810,0.670098
36811,0.607616
36812,0.824766
36813,0.917462
36814,0.334164
36815,0.845714
36816,0.773915
36817,0.863531
36818,0.357989
36819,0.649128
36820,0.415556
36821,0.581773
36822,0.806978
36823,0.485244
36824,0.947592
36825,0.601266
36826,0.655378
36827,0.661145
36828,0.730084
36829,0.823832
36830,0.712221
36831,0.868763
36832,0.768757
36833,0.628004
36834,0.293422
36835,0.448327
36836,0.745505
36837,0.718986
36838,0.703088
36839,0.506304
36840,0.70865
36841,0.558117
36842,0.846103
36843,0.790697
36844,0.858002
36845,0.891328
36846,0.622363
36847,0.654679
36848,0.969046
36849,0.708508
36850,0.740703
36851,0.962373
36852,0.833768
36853,0.920361
36854,0.420631
36855,0.353064
36856,0.847832
36857,0.951983
36858,0.893685
36859,0.886873
36860,0.673951
36861,0.809635
36862,0.825836
36863,0.740382
36864,0.950021
36865,0.873517
36866,0.596107
36867,0.898873
36868,0.721246
36869,0.46026
36870,0.549917
36871,0.855779
36872,0.83388
36873,0.932936
36874,0.902982
36875,0.510823
36876,0.710108
36877,0.485544
36878,0.691401
36879,0.473737
36880,0.655698
36881,0.756979
36882,0.502433
36883,0.845162
36884,0.628711
36885,0.643175
36886,0.594205
36887,0.907053
36888,0.701627
36889,0.568764
36890,0.882731
36891,0.920926
36892,0.558001
36893,0.432513
36894,0.270152
36895,0.670842
36896,0.722187
36897,0.853768
36898,0.929069
36899,0.751208
36900,0.753366
36901,0.835688
36902,0.255614
36903,0.954593
36904,0.756544
36905,0.234893
36906,0.75052
36907,0.475124
36908,0.433155
36909,0.905061
36910,0.758951
36911,0.557475
36912,0.698984
36913,0.76974
36914,0.613968
36915,0.668772
36916,0.981473
36917,0.633912
36918,0.765393
36919,0.91904
36920,0.825633
36921,0.368706
36922,0.571303
36923,0.540561
36924,0.492484
36925,0.686225
36926,0.642268
36927,0.582767
36928,0.920748
36929,0.873551
36930,0.678146
36931,0.432941
36932,0.7437
36933,0.927453
36934,0.905582
36935,0.942847
36936,0.90557
36937,0.736404
36938,0.612059
36939,0.675707
36940,0.799671
36941,0.759771
36942,0.511107
36943,0.825254
36944,0.92723
36945,0.679577
36946,0.928474
36947,0.860428
36948,0.325803
36949,0.864962
36950,0.718904
36951,0.9452
36952,0.905768
36953,0.743673
36954,0.434392
36955,0.916465
36956,0.914706
36957,0.811178
36958,0.944496
36959,0.815898
36960,0.635676
36961,0.68378
36962,0.884993
36963,0.769459
36964,0.835273
36965,0.906337
36966,0.970412
36967,0.849596
36968,0.769473
36969,0.801307
36970,0.813898
36971,0.869619
36972,0.906218
36973,0.887405
36974,0.56104
36975,0.600283
36976,0.942006
36977,0.653062
36978,0.583236
36979,0.667858
36980,0.513231
36981,0.96473
36982,0.977163
36983,0.646228
36984,0.657962
36985,0.905058
36986,0.823377
36987,0.626237
36988,0.641003
36989,0.702865
36990,0.863931
36991,0.46637
36992,0.705075
36993,0.520398
36994,0.857494
36995,0.806116
36996,0.355878
36997,0.472109
36998,0.458322
36999,0.346072
37000,0.7956
37001,0.737954
37002,0.564859
37003,0.686815
37004,0.754847
37005,0.894704
37006,0.744098
37007,0.741877
37008,0.717871
37009,0.377712
37010,0.68783
37011,0.914162
37012,0.62549
37013,0.957134
37014,0.583845
37015,0.589156
37016,0.267104
37017,0.977612
37018,0.570398
37019,0.758368
37020,0.764051
37021,0.863924
37022,0.43594
37023,0.66173
37024,0.575625
37025,0.817321
37026,0.831827
37027,0.776756
37028,0.409077
37029,0.872322
37030,0.942634
37031,0.638182
37032,0.596794
37033,0.444909
37034,0.772976
37035,0.56505
37036,0.85231
37037,0.904433
37038,0.543115
37039,0.579156
37040,0.867439
37041,0.573668
37042,0.626952
37043,0.162236
37044,0.988318
37045,0.621799
37046,0.160278
37047,0.897661
37048,0.660822
37049,0.630445
37050,0.942732
37051,0.18748
37052,0.08481
37053,0.941231
37054,0.712717
37055,0.789737
37056,0.450153
37057,0.694165
37058,0.710301
37059,0.751666
37060,0.612464
37061,0.889589
37062,0.654579
37063,0.814142
37064,0.205884
37065,0.911723
37066,0.713747
37067,0.863494
37068,0.841552
37069,0.576667
37070,0.405279
37071,0.43648
37072,0.80636
37073,0.846285
37074,0.604284
37075,0.860375
37076,0.961869
37077,0.646555
37078,0.422627
37079,0.819308
37080,0.893292
37081,0.748079
37082,0.658744
37083,0.548068
37084,0.922535
37085,0.553491
37086,0.961716
37087,0.769891
37088,0.718783
37089,0.870844
37090,0.573029
37091,0.743372
37092,0.730847
37093,0.684926
37094,0.942668
37095,0.97504
37096,0.859794
37097,0.62861
37098,0.451986
37099,0.626425
37100,0.93044
37101,0.448677
37102,0.83453
37103,0.692289
37104,0.234815
37105,0.780843
37106,0.710549
37107,0.737234
37108,0.877806
37109,0.966207
37110,0.416997
37111,0.557396
37112,0.686949
37113,0.668069
37114,0.730608
37115,0.701556
37116,0.50071
37117,0.97475
37118,0.93323
37119,0.718174
37120,0.593271
37121,0.507334
37122,0.478296
37123,0.895929
37124,0.964731
37125,0.922061
37126,0.418324
37127,0.654072
37128,0.471629
37129,0.54796
37130,0.269653
37131,0.723907
37132,0.76173
37133,0.668894
37134,0.627334
37135,0.783512
37136,0.816636
37137,0.645027
37138,0.170896
37139,0.802037
37140,0.403222
37141,0.682826
37142,0.604549
37143,0.637299
37144,0.842298
37145,0.843437
37146,0.924859
37147,0.556618
37148,0.173616
37149,0.36615
37150,0.734054
37151,0.688305
37152,0.767241
37153,0.885563
37154,0.667804
37155,0.689722
37156,0.446395
37157,0.667149
37158,0.944109
37159,0.523969
37160,0.736173
37161,0.830721
37162,0.905455
37163,0.902271
37164,0.652031
37165,0.725841
37166,0.661019
37167,0.575677
37168,0.902708
37169,0.720363
37170,0.821552
37171,0.529268
37172,0.482143
37173,0.87468
37174,0.941021
37175,0.565485
37176,0.959657
37177,0.69705
37178,0.954308
37179,0.708352
37180,0.765945
37181,0.955485
37182,0.780527
37183,0.699279
37184,0.671051
37185,0.24748
37186,0.859971
37187,0.748454
37188,0.529649
37189,0.839148
37190,0.732722
37191,0.823878
37192,0.344565
37193,0.761895
37194,0.777989
37195,0.981758
37196,0.745516
37197,0.550192
37198,0.655198
37199,0.549785
37200,0.832597
37201,0.753504
37202,0.859871
37203,0.537263
37204,0.969095
37205,0.954042
37206,0.305465
37207,0.970515
37208,0.491144
37209,0.790265
37210,0.884224
37211,0.834144
37212,0.607114
37213,0.860961
37214,0.555657
37215,0.732017
37216,0.960563
37217,0.591186
37218,0.299336
37219,0.66618
37220,0.949272
37221,0.52108
37222,0.599773
37223,0.840757
37224,0.705866
37225,0.877431
37226,0.563198
37227,0.923348
37228,0.696984
37229,0.501192
37230,0.891861
37231,0.873319
37232,0.651983
37233,0.756923
37234,0.883673
37235,0.646812
37236,0.967462
37237,0.723667
37238,0.924571
37239,0.527894
37240,0.582238
37241,0.867907
37242,0.577747
37243,0.68322
37244,0.739095
37245,0.732509
37246,0.662176
37247,0.909342
37248,0.897777
37249,0.643954
37250,0.70932
37251,0.951237
37252,0.654633
37253,0.604297
37254,0.524386
37255,0.940034
37256,0.848769
37257,0.63755
37258,0.780228
37259,0.933082
37260,0.93867
37261,0.654931
37262,0.543019
37263,0.610144
37264,0.643727
37265,0.656115
37266,0.970597
37267,0.699822
37268,0.949947
37269,0.7076
37270,0.669974
37271,0.754959
37272,0.774272
37273,0.682408
37274,0.743596
37275,0.878173
37276,0.79262
37277,0.510378
37278,0.933561
37279,0.531486
37280,0.808473
37281,0.805964
37282,0.821343
37283,0.904574
37284,0.848307
37285,0.845125
37286,0.890706
37287,0.290487
37288,0.927485
37289,0.616612
37290,0.860843
37291,0.769293
37292,0.788189
37293,0.611214
37294,0.908366
37295,0.507581
37296,0.903636
37297,0.913844
37298,0.737306
37299,0.534216
37300,0.509108
37301,0.939685
37302,0.95263
37303,0.954489
37304,0.697549
37305,0.739657
37306,0.640859
37307,0.297088
37308,0.82021
37309,0.375364
37310,0.774832
37311,0.54645
37312,0.686329
37313,0.575428
37314,0.429143
37315,0.945348
37316,0.678108
37317,0.638911
37318,0.283518
37319,0.879834
37320,0.632894
37321,0.748996
37322,0.442953
37323,0.722549
37324,0.836842
37325,0.946448
37326,0.591797
37327,0.733774
37328,0.701742
37329,0.955719
37330,0.626781
37331,0.239402
37332,0.9386
37333,0.670701
37334,0.303193
37335,0.519054
37336,0.834851
37337,0.752751
37338,0.568668
37339,0.160598
37340,0.319724
37341,0.883883
37342,0.943759
37343,0.815361
37344,0.661863
37345,0.369513
37346,0.739658
37347,0.619193
37348,0.683855
37349,0.647706
37350,0.826612
37351,0.678841
37352,0.633577
37353,0.651263
37354,0.741552
37355,0.788472
37356,0.944524
37357,0.605951
37358,0.763916
37359,0.658407
37360,0.781032
37361,0.874256
37362,0.890735
37363,0.930996
37364,0.974455
37365,0.654745
37366,0.642301
37367,0.761829
37368,0.828368
37369,0.694825
37370,0.561929
37371,0.571234
37372,0.303482
37373,0.854186
37374,0.899337
37375,0.696233
37376,0.800046
37377,0.940801
37378,0.658999
37379,0.654428
37380,0.905191
37381,0.61131
37382,0.882288
37383,0.948718
37384,0.625237
37385,0.824931
37386,0.948543
37387,0.847707
37388,0.582305
37389,0.490448
37390,0.750552
37391,0.770792
37392,0.960326
37393,0.581011
37394,0.753442
37395,0.675339
37396,0.527505
37397,0.220603
37398,0.975041
37399,0.900886
37400,0.845034
37401,0.785434
37402,0.715892
37403,0.780636
37404,0.773153
37405,0.702791
37406,0.737407
37407,0.641189
37408,0.730503
37409,0.701931
37410,0.662212
37411,0.858771
37412,0.965027
37413,0.571381
37414,0.883852
37415,0.956836
37416,0.865787
37417,0.722303
37418,0.736737
37419,0.493308
37420,0.943544
37421,0.672962
37422,0.830892
37423,0.905029
37424,0.89797
37425,0.421509
37426,0.634484
37427,0.686716
37428,0.867729
37429,0.646453
37430,0.889243
37431,0.562186
37432,0.859084
37433,0.528392
37434,0.631283
37435,0.620695
37436,0.628855
37437,0.834572
37438,0.971181
37439,0.89906
37440,0.681814
37441,0.220146
37442,0.333362
37443,0.567342
37444,0.938213
37445,0.812297
37446,0.772456
37447,0.691396
37448,0.126568
37449,0.746594
37450,0.744883
37451,0.736702
37452,0.917143
37453,0.453284
37454,0.956896
37455,0.21483
37456,0.818226
37457,0.573699
37458,0.707469
37459,0.490929
37460,0.478762
37461,0.709447
37462,0.938049
37463,0.949969
37464,0.622014
37465,0.552701
37466,0.923959
37467,0.742025
37468,0.72531
37469,0.584835
37470,0.66155
37471,0.841092
37472,0.832869
37473,0.672681
37474,0.987181
37475,0.974828
37476,0.569808
37477,0.913381
37478,0.754589
37479,0.674982
37480,0.10374
37481,0.748929
37482,0.820843
37483,0.573937
37484,0.735161
37485,0.569388
37486,0.839437
37487,0.813032
37488,0.749889
37489,0.471206
37490,0.898978
37491,0.73671
37492,0.48758
37493,0.479834
37494,0.859969
37495,0.965088
37496,0.649392
37497,0.649174
37498,0.601188
37499,0.695858
37500,0.601838
37501,0.540556
37502,0.8403
37503,0.558178
37504,0.474932
37505,0.735324
37506,0.427269
37507,0.339142
37508,0.96172
37509,0.607095
37510,0.554822
37511,0.808167
37512,0.53158
37513,0.618116
37514,0.957244
37515,0.827317
37516,0.706629
37517,0.744073
37518,0.540848
37519,0.50654
37520,0.74595
37521,0.453091
37522,0.59311
37523,0.880524
37524,0.808841
37525,0.673748
37526,0.657801
37527,0.755186
37528,0.808274
37529,0.602035
37530,0.686789
37531,0.794297
37532,0.884583
37533,0.702971
37534,0.431711
37535,0.918794
37536,0.654494
37537,0.799043
37538,0.809485
37539,0.757039
37540,0.864222
37541,0.568734
37542,0.815758
37543,0.647805
37544,0.594973
37545,0.893235
37546,0.764584
37547,0.775664
37548,0.92488
37549,0.882617
37550,0.548476
37551,0.45217
37552,0.842051
37553,0.653183
37554,0.8228
37555,0.908843
37556,0.866353
37557,0.973259
37558,0.766782
37559,0.669353
37560,0.34712
37561,0.695131
37562,0.761643
37563,0.855172
37564,0.634432
37565,0.626944
37566,0.653221
37567,0.588005
37568,0.835719
37569,0.817916
37570,0.605604
37571,0.521999
37572,0.698027
37573,0.944238
37574,0.618021
37575,0.830565
37576,0.651601
37577,0.884353
37578,0.636811
37579,0.680182
37580,0.626929
37581,0.694451
37582,0.315571
37583,0.63163
37584,0.985016
37585,0.527315
37586,0.983167
37587,0.832613
37588,0.94332
37589,0.483172
37590,0.698522
37591,0.820318
37592,0.55546
37593,0.81083
37594,0.89954
37595,0.814672
37596,0.678191
37597,0.611026
37598,0.459364
37599,0.833805
37600,0.845442
37601,0.811937
37602,0.707084
37603,0.530411
37604,0.582864
37605,0.590305
37606,0.886668
37607,0.713975
37608,0.487458
37609,0.704431
37610,0.708288
37611,0.804282
37612,0.537207
37613,0.550988
37614,0.729428
37615,0.903971
37616,0.657538
37617,0.637483
37618,0.84037
37619,0.419663
37620,0.902367
37621,0.925764
37622,0.701229
37623,0.929381
37624,0.545844
37625,0.967827
37626,0.7544
37627,0.616578
37628,0.834517
37629,0.820218
37630,0.679783
37631,0.875115
37632,0.501083
37633,0.711749
37634,0.422865
37635,0.852535
37636,0.715921
37637,0.873243
37638,0.773855
37639,0.678883
37640,0.166033
37641,0.822916
37642,0.72901
37643,0.680359
37644,0.60745
37645,0.529232
37646,0.214529
37647,0.482857
37648,0.238262
37649,0.692932
37650,0.864553
37651,0.74381
37652,0.641607
37653,0.669487
37654,0.790869
37655,0.89828
37656,0.824485
37657,0.693582
37658,0.444103
37659,0.291513
37660,0.237337
37661,0.442573
37662,0.868799
37663,0.752188
37664,0.854962
37665,0.736802
37666,0.240821
37667,0.983171
37668,0.203297
37669,0.563975
37670,0.572781
37671,0.558241
37672,0.519449
37673,0.774307
37674,0.706421
37675,0.33982
37676,0.947558
37677,0.734989
37678,0.39042
37679,0.969981
37680,0.804284
37681,0.605024
37682,0.922649
37683,0.368661
37684,0.869393
37685,0.838648
37686,0.808049
37687,0.762984
37688,0.578178
37689,0.785888
37690,0.922721
37691,0.942387
37692,0.676198
37693,0.834283
37694,0.734425
37695,0.869361
37696,0.659355
37697,0.744254
37698,0.740912
37699,0.680783
37700,0.220957
37701,0.912262
37702,0.543268
37703,0.462021
37704,0.762049
37705,0.636381
37706,0.535898
37707,0.690151
37708,0.701148
37709,0.861967
37710,0.797233
37711,0.737321
37712,0.682923
37713,0.520378
37714,0.695063
37715,0.626358
37716,0.333689
37717,0.725023
37718,0.461234
37719,0.969303
37720,0.386486
37721,0.648042
37722,0.818541
37723,0.614801
37724,0.934221
37725,0.792119
37726,0.700242
37727,0.873055
37728,0.723036
37729,0.880229
37730,0.696583
37731,0.673532
37732,0.798514
37733,0.716734
37734,0.708343
37735,0.781277
37736,0.771387
37737,0.823797
37738,0.973967
37739,0.934937
37740,0.778137
37741,0.870934
37742,0.778982
37743,0.816511
37744,0.440445
37745,0.871169
37746,0.528827
37747,0.69953
37748,0.81815
37749,0.65292
37750,0.879048
37751,0.847936
37752,0.888126
37753,0.598218
37754,0.856317
37755,0.796081
37756,0.89628
37757,0.656403
37758,0.902696
37759,0.915211
37760,0.835003
37761,0.761365
37762,0.473314
37763,0.480564
37764,0.721073
37765,0.711262
37766,0.945183
37767,0.802435
37768,0.928482
37769,0.524219
37770,0.897466
37771,0.667082
37772,0.499802
37773,0.433608
37774,0.605547
37775,0.806504
37776,0.862417
37777,0.778753
37778,0.743689
37779,0.941586
37780,0.794043
37781,0.722249
37782,0.598843
37783,0.886692
37784,0.959243
37785,0.761484
37786,0.568312
37787,0.910864
37788,0.492025
37789,0.821049
37790,0.682099
37791,0.924484
37792,0.720707
37793,0.539867
37794,0.762089
37795,0.879878
37796,0.713547
37797,0.59265
37798,0.76459
37799,0.73925
37800,0.853505
37801,0.640587
37802,0.631565
37803,0.796446
37804,0.786259
37805,0.674691
37806,0.856041
37807,0.698588
37808,0.82162
37809,0.467644
37810,0.194056
37811,0.860443
37812,0.541683
37813,0.399017
37814,0.707953
37815,0.84726
37816,0.862592
37817,0.891349
37818,0.775309
37819,0.45899
37820,0.657852
37821,0.640442
37822,0.954197
37823,0.910861
37824,0.886065
37825,0.784169
37826,0.817064
37827,0.861222
37828,0.779002
37829,0.816676
37830,0.646692
37831,0.789929
37832,0.648393
37833,0.89335
37834,0.709597
37835,0.792574
37836,0.744876
37837,0.479637
37838,0.843719
37839,0.760063
37840,0.759451
37841,0.969822
37842,0.86696
37843,0.612047
37844,0.767505
37845,0.53398
37846,0.745606
37847,0.97291
37848,0.942753
37849,0.978431
37850,0.585927
37851,0.933068
37852,0.648861
37853,0.52736
37854,0.538553
37855,0.730719
37856,0.912052
37857,0.764946
37858,0.892723
37859,0.768158
37860,0.714944
37861,0.803805
37862,0.42647
37863,0.814367
37864,0.586227
37865,0.669842
37866,0.714157
37867,0.875873
37868,0.646078
37869,0.587382
37870,0.586529
37871,0.640092
37872,0.566161
37873,0.838407
37874,0.65917
37875,0.777321
37876,0.603625
37877,0.695489
37878,0.760497
37879,0.748896
37880,0.606011
37881,0.57618
37882,0.932745
37883,0.860436
37884,0.872988
37885,0.70607
37886,0.725701
37887,0.823682
37888,0.668707
37889,0.670383
37890,0.574501
37891,0.765663
37892,0.944378
37893,0.836372
37894,0.58562
37895,0.847217
37896,0.789642
37897,0.500132
37898,0.980541
37899,0.72862
37900,0.777717
37901,0.776755
37902,0.869428
37903,0.766048
37904,0.381541
37905,0.695703
37906,0.611128
37907,0.632433
37908,0.967601
37909,0.721537
37910,0.676966
37911,0.911146
37912,0.832099
37913,0.304363
37914,0.791768
37915,0.882871
37916,0.810813
37917,0.712191
37918,0.567358
37919,0.977028
37920,0.6968
37921,0.790645
37922,0.952935
37923,0.914647
37924,0.429521
37925,0.742919
37926,0.451775
37927,0.882179
37928,0.550775
37929,0.764077
37930,0.649822
37931,0.86839
37932,0.896138
37933,0.979978
37934,0.571624
37935,0.725706
37936,0.586024
37937,0.657232
37938,0.619136
37939,0.591315
37940,0.768022
37941,0.87778
37942,0.572923
37943,0.885389
37944,0.950271
37945,0.799848
37946,0.63651
37947,0.774024
37948,0.211559
37949,0.511962
37950,0.895811
37951,0.936564
37952,0.720729
37953,0.843855
37954,0.750551
37955,0.671271
37956,0.481706
37957,0.72801
37958,0.916176
37959,0.712587
37960,0.962909
37961,0.630009
37962,0.943298
37963,0.817989
37964,0.680146
37965,0.623782
37966,0.539138
37967,0.950002
37968,0.831258
37969,0.622821
37970,0.777881
37971,0.936407
37972,0.845379
37973,0.776345
37974,0.590506
37975,0.599848
37976,0.640832
37977,0.956542
37978,0.759026
37979,0.731366
37980,0.850359
37981,0.75779
37982,0.953388
37983,0.827805
37984,0.416405
37985,0.930894
37986,0.600249
37987,0.658399
37988,0.760372
37989,0.522405
37990,0.813312
37991,0.749188
37992,0.577665
37993,0.802489
37994,0.617525
37995,0.959136
37996,0.836418
37997,0.901828
37998,0.950905
37999,0.582708
38000,0.62577
38001,0.524116
38002,0.624485
38003,0.643438
38004,0.482013
38005,0.566825
38006,0.882605
38007,0.894096
38008,0.463027
38009,0.635786
38010,0.703351
38011,0.848509
38012,0.890971
38013,0.781901
38014,0.607765
38015,0.569212
38016,0.686547
38017,0.235103
38018,0.957834
38019,0.916144
38020,0.840974
38021,0.507405
38022,0.55185
38023,0.738376
38024,0.936171
38025,0.638534
38026,0.904394
38027,0.988244
38028,0.83689
38029,0.953219
38030,0.799259
38031,0.17413
38032,0.946585
38033,0.934098
38034,0.688108
38035,0.745875
38036,0.779598
38037,0.876677
38038,0.611094
38039,0.898875
38040,0.461034
38041,0.701171
38042,0.703825
38043,0.622549
38044,0.772268
38045,0.848281
38046,0.609335
38047,0.477792
38048,0.418275
38049,0.920676
38050,0.787024
38051,0.916632
38052,0.944604
38053,0.798366
38054,0.505614
38055,0.873048
38056,0.727533
38057,0.739523
38058,0.632198
38059,0.913278
38060,0.751064
38061,0.841164
38062,0.81772
38063,0.227201
38064,0.495526
38065,0.710327
38066,0.706216
38067,0.322984
38068,0.213548
38069,0.837647
38070,0.569898
38071,0.859589
38072,0.921227
38073,0.845711
38074,0.926379
38075,0.988497
38076,0.702727
38077,0.962201
38078,0.817494
38079,0.440113
38080,0.951568
38081,0.545743
38082,0.7198
38083,0.92388
38084,0.865762
38085,0.434947
38086,0.835439
38087,0.729695
38088,0.843376
38089,0.920663
38090,0.936138
38091,0.533015
38092,0.510453
38093,0.670017
38094,0.783547
38095,0.632654
38096,0.81883
38097,0.775744
38098,0.622687
38099,0.963429
38100,0.799037
38101,0.821534
38102,0.980143
38103,0.898373
38104,0.868861
38105,0.753003
38106,0.819227
38107,0.588405
38108,0.684983
38109,0.496465
38110,0.40064
38111,0.917582
38112,0.714061
38113,0.718618
38114,0.886045
38115,0.540345
38116,0.939314
38117,0.857253
38118,0.920754
38119,0.680498
38120,0.696858
38121,0.476482
38122,0.950796
38123,0.888803
38124,0.805867
38125,0.814429
38126,0.747428
38127,0.729651
38128,0.745448
38129,0.71679
38130,0.912494
38131,0.206721
38132,0.576865
38133,0.722071
38134,0.671105
38135,0.664908
38136,0.886228
38137,0.585506
38138,0.844139
38139,0.456055
38140,0.650881
38141,0.890356
38142,0.976255
38143,0.729425
38144,0.736531
38145,0.445129
38146,0.823203
38147,0.679015
38148,0.884466
38149,0.772828
38150,0.752884
38151,0.84459
38152,0.587519
38153,0.717656
38154,0.808952
38155,0.39843
38156,0.799038
38157,0.745408
38158,0.577081
38159,0.739105
38160,0.915596
38161,0.703735
38162,0.872939
38163,0.52175
38164,0.894853
38165,0.310882
38166,0.64377
38167,0.861781
38168,0.935577
38169,0.858093
38170,0.868965
38171,0.672588
38172,0.591774
38173,0.46358
38174,0.816776
38175,0.480428
38176,0.636147
38177,0.779981
38178,0.578748
38179,0.929892
38180,0.98963
38181,0.772627
38182,0.607576
38183,0.446679
38184,0.523947
38185,0.850125
38186,0.887015
38187,0.772295
38188,0.914978
38189,0.803647
38190,0.788951
38191,0.922095
38192,0.81862
38193,0.872217
38194,0.783213
38195,0.665583
38196,0.877047
38197,0.9046
38198,0.987545
38199,0.872477
38200,0.486425
38201,0.878045
38202,0.462562
38203,0.785523
38204,0.975414
38205,0.548643
38206,0.542837
38207,0.234105
38208,0.942029
38209,0.61309
38210,0.77843
38211,0.909143
38212,0.780696
38213,0.190708
38214,0.5243
38215,0.810641
38216,0.217388
38217,0.670659
38218,0.587884
38219,0.896331
38220,0.650377
38221,0.725182
38222,0.511925
38223,0.764463
38224,0.837405
38225,0.753234
38226,0.796338
38227,0.737819
38228,0.418618
38229,0.579966
38230,0.448181
38231,0.940809
38232,0.685022
38233,0.741679
38234,0.881857
38235,0.617549
38236,0.97713
38237,0.622594
38238,0.76698
38239,0.566715
38240,0.763608
38241,0.76392
38242,0.692137
38243,0.724617
38244,0.522908
38245,0.758109
38246,0.776802
38247,0.75272
38248,0.328137
38249,0.878746
38250,0.918395
38251,0.54304
38252,0.838469
38253,0.847749
38254,0.927552
38255,0.757514
38256,0.644224
38257,0.786138
38258,0.762411
38259,0.68628
38260,0.86429
38261,0.63893
38262,0.574119
38263,0.651882
38264,0.385426
38265,0.632166
38266,0.695593
38267,0.788187
38268,0.930082
38269,0.688444
38270,0.974361
38271,0.210698
38272,0.881921
38273,0.84172
38274,0.692367
38275,0.799034
38276,0.800058
38277,0.767066
38278,0.94418
38279,0.490039
38280,0.855248
38281,0.692066
38282,0.399668
38283,0.761576
38284,0.605703
38285,0.673298
38286,0.83992
38287,0.626213
38288,0.96422
38289,0.46713
38290,0.792611
38291,0.962411
38292,0.688208
38293,0.935586
38294,0.969052
38295,0.889924
38296,0.894257
38297,0.62487
38298,0.700306
38299,0.594377
38300,0.868083
38301,0.566244
38302,0.964583
38303,0.604704
38304,0.410134
38305,0.704748
38306,0.673657
38307,0.791066
38308,0.680269
38309,0.582926
38310,0.753737
38311,0.679314
38312,0.799356
38313,0.645964
38314,0.662673
38315,0.829799
38316,0.900136
38317,0.868846
38318,0.652304
38319,0.856474
38320,0.921049
38321,0.875356
38322,0.831786
38323,0.821767
38324,0.930439
38325,0.487135
38326,0.917925
38327,0.551912
38328,0.579726
38329,0.846205
38330,0.806493
38331,0.839679
38332,0.605759
38333,0.84288
38334,0.483223
38335,0.383129
38336,0.6106
38337,0.578413
38338,0.810448
38339,0.759398
38340,0.590071
38341,0.684944
38342,0.779341
38343,0.72448
38344,0.891275
38345,0.506188
38346,0.963775
38347,0.761831
38348,0.915108
38349,0.617949
38350,0.929415
38351,0.761439
38352,0.61389
38353,0.794354
38354,0.655092
38355,0.712562
38356,0.746052
38357,0.561405
38358,0.745827
38359,0.931662
38360,0.987667
38361,0.490645
38362,0.694994
38363,0.628945
38364,0.411319
38365,0.518588
38366,0.929402
38367,0.59689
38368,0.794657
38369,0.53481
38370,0.767865
38371,0.713454
38372,0.54096
38373,0.952983
38374,0.796408
38375,0.972665
38376,0.949826
38377,0.940741
38378,0.354381
38379,0.770703
38380,0.847132
38381,0.750774
38382,0.671768
38383,0.91903
38384,0.453172
38385,0.694357
38386,0.665771
38387,0.60846
38388,0.741591
38389,0.944532
38390,0.762963
38391,0.79623
38392,0.823079
38393,0.554843
38394,0.502464
38395,0.52578
38396,0.859932
38397,0.760622
38398,0.818477
38399,0.8798
38400,0.680866
38401,0.946203
38402,0.931093
38403,0.750776
38404,0.899794
38405,0.588422
38406,0.669259
38407,0.792484
38408,0.549151
38409,0.969543
38410,0.55257
38411,0.960603
38412,0.773914
38413,0.495024
38414,0.624227
38415,0.95272
38416,0.8509
38417,0.595591
38418,0.803264
38419,0.833407
38420,0.781866
38421,0.958048
38422,0.670467
38423,0.827527
38424,0.718865
38425,0.93212
38426,0.588095
38427,0.654864
38428,0.475187
38429,0.971505
38430,0.639481
38431,0.770207
38432,0.650988
38433,0.505604
38434,0.431908
38435,0.821883
38436,0.463811
38437,0.865954
38438,0.556266
38439,0.44061
38440,0.912896
38441,0.895456
38442,0.914718
38443,0.952225
38444,0.770743
38445,0.907605
38446,0.808941
38447,0.573467
38448,0.98798
38449,0.69722
38450,0.589969
38451,0.691886
38452,0.613488
38453,0.905269
38454,0.4387
38455,0.178515
38456,0.815901
38457,0.799915
38458,0.685831
38459,0.287384
38460,0.674447
38461,0.96918
38462,0.61346
38463,0.648143
38464,0.732689
38465,0.68564
38466,0.853905
38467,0.798903
38468,0.234227
38469,0.738078
38470,0.496696
38471,0.584232
38472,0.659177
38473,0.803536
38474,0.459994
38475,0.656974
38476,0.777755
38477,0.547735
38478,0.965094
38479,0.665388
38480,0.788862
38481,0.622618
38482,0.868062
38483,0.550297
38484,0.845271
38485,0.594017
38486,0.594554
38487,0.62259
38488,0.940098
38489,0.918275
38490,0.89667
38491,0.790187
38492,0.875316
38493,0.591067
38494,0.767114
38495,0.466177
38496,0.74392
38497,0.598471
38498,0.942748
38499,0.732086
38500,0.363777
38501,0.848982
38502,0.626783
38503,0.709501
38504,0.892493
38505,0.460856
38506,0.666262
38507,0.47087
38508,0.738744
38509,0.716938
38510,0.935051
38511,0.773929
38512,0.764125
38513,0.732912
38514,0.86985
38515,0.905145
38516,0.622119
38517,0.521653
38518,0.844083
38519,0.829968
38520,0.773427
38521,0.394905
38522,0.938622
38523,0.925905
38524,0.503534
38525,0.57599
38526,0.849296
38527,0.764785
38528,0.615381
38529,0.453411
38530,0.846561
38531,0.800519
38532,0.770948
38533,0.846238
38534,0.610079
38535,0.647396
38536,0.79924
38537,0.206683
38538,0.659113
38539,0.678255
38540,0.573321
38541,0.783137
38542,0.853801
38543,0.982543
38544,0.599312
38545,0.61571
38546,0.769128
38547,0.927244
38548,0.827768
38549,0.606274
38550,0.656187
38551,0.583161
38552,0.787676
38553,0.609401
38554,0.567261
38555,0.700232
38556,0.940328
38557,0.579074
38558,0.611601
38559,0.702992
38560,0.854289
38561,0.812052
38562,0.765892
38563,0.799933
38564,0.404475
38565,0.844898
38566,0.873543
38567,0.598455
38568,0.792652
38569,0.756589
38570,0.682236
38571,0.491383
38572,0.506866
38573,0.69355
38574,0.966355
38575,0.866058
38576,0.850061
38577,0.897591
38578,0.620777
38579,0.844532
38580,0.913352
38581,0.976365
38582,0.670359
38583,0.568732
38584,0.691205
38585,0.730319
38586,0.470024
38587,0.814882
38588,0.403116
38589,0.65947
38590,0.939185
38591,0.821174
38592,0.595063
38593,0.727343
38594,0.956375
38595,0.722882
38596,0.87515
38597,0.5427
38598,0.510743
38599,0.977518
38600,0.708999
38601,0.740859
38602,0.489938
38603,0.74832
38604,0.778832
38605,0.848648
38606,0.686032
38607,0.704376
38608,0.560011
38609,0.322239
38610,0.732823
38611,0.86375
38612,0.714019
38613,0.909238
38614,0.798571
38615,0.581412
38616,0.170232
38617,0.703264
38618,0.421854
38619,0.649877
38620,0.697678
38621,0.833117
38622,0.84951
38623,0.981369
38624,0.694294
38625,0.818766
38626,0.756968
38627,0.742083
38628,0.705969
38629,0.677046
38630,0.689874
38631,0.472238
38632,0.887879
38633,0.569281
38634,0.892947
38635,0.917935
38636,0.905172
38637,0.869254
38638,0.632598
38639,0.94251
38640,0.835976
38641,0.709142
38642,0.713419
38643,0.826706
38644,0.711244
38645,0.658018
38646,0.843004
38647,0.818396
38648,0.854287
38649,0.444763
38650,0.822638
38651,0.75585
38652,0.879451
38653,0.462173
38654,0.963075
38655,0.959606
38656,0.738418
38657,0.685654
38658,0.821859
38659,0.556231
38660,0.852879
38661,0.742598
38662,0.428526
38663,0.896692
38664,0.275097
38665,0.948886
38666,0.968239
38667,0.867486
38668,0.867737
38669,0.313387
38670,0.871845
38671,0.247092
38672,0.483015
38673,0.494022
38674,0.778135
38675,0.727632
38676,0.812011
38677,0.906128
38678,0.467997
38679,0.885624
38680,0.854838
38681,0.880893
38682,0.705785
38683,0.690813
38684,0.65665
38685,0.547441
38686,0.750694
38687,0.863761
38688,0.629449
38689,0.865758
38690,0.456311
38691,0.651138
38692,0.854338
38693,0.847001
38694,0.75975
38695,0.657975
38696,0.911928
38697,0.678021
38698,0.670309
38699,0.248387
38700,0.633543
38701,0.69312
38702,0.799488
38703,0.780652
38704,0.88963
38705,0.613014
38706,0.389351
38707,0.909605
38708,0.864477
38709,0.552848
38710,0.843546
38711,0.508022
38712,0.244179
38713,0.861057
38714,0.794243
38715,0.6708
38716,0.580488
38717,0.585615
38718,0.728297
38719,0.793076
38720,0.854494
38721,0.55249
38722,0.910796
38723,0.507066
38724,0.927402
38725,0.890738
38726,0.623543
38727,0.803045
38728,0.542053
38729,0.714968
38730,0.680351
38731,0.460847
38732,0.621767
38733,0.955205
38734,0.951912
38735,0.969792
38736,0.753159
38737,0.8739
38738,0.514357
38739,0.570933
38740,0.723244
38741,0.865851
38742,0.880263
38743,0.729722
38744,0.567274
38745,0.346767
38746,0.638977
38747,0.975987
38748,0.934611
38749,0.58934
38750,0.960574
38751,0.645283
38752,0.722188
38753,0.654784
38754,0.779163
38755,0.607311
38756,0.340827
38757,0.886228
38758,0.858118
38759,0.803789
38760,0.539392
38761,0.494277
38762,0.105666
38763,0.909054
38764,0.87209
38765,0.943161
38766,0.768582
38767,0.634894
38768,0.875289
38769,0.964229
38770,0.805596
38771,0.532453
38772,0.780507
38773,0.588239
38774,0.737304
38775,0.440838
38776,0.615289
38777,0.681817
38778,0.616334
38779,0.715753
38780,0.721946
38781,0.971254
38782,0.678145
38783,0.465894
38784,0.966915
38785,0.237999
38786,0.503362
38787,0.725916
38788,0.812657
38789,0.842659
38790,0.915627
38791,0.506024
38792,0.960851
38793,0.556266
38794,0.96054
38795,0.933736
38796,0.660518
38797,0.806109
38798,0.696999
38799,0.937314
38800,0.5451
38801,0.930468
38802,0.903386
38803,0.580399
38804,0.611547
38805,0.426706
38806,0.986993
38807,0.790866
38808,0.535225
38809,0.929546
38810,0.843198
38811,0.708356
38812,0.958555
38813,0.877982
38814,0.514126
38815,0.914755
38816,0.826336
38817,0.733478
38818,0.74402
38819,0.594018
38820,0.435845
38821,0.966813
38822,0.360023
38823,0.799133
38824,0.301508
38825,0.865296
38826,0.769472
38827,0.969187
38828,0.905196
38829,0.277799
38830,0.903694
38831,0.421302
38832,0.818872
38833,0.937213
38834,0.537676
38835,0.979412
38836,0.79712
38837,0.716118
38838,0.84424
38839,0.586194
38840,0.910139
38841,0.765912
38842,0.948985
38843,0.821432
38844,0.63608
38845,0.85933
38846,0.504871
38847,0.684405
38848,0.461822
38849,0.833608
38850,0.68065
38851,0.564721
38852,0.755663
38853,0.836238
38854,0.813774
38855,0.965935
38856,0.737612
38857,0.911939
38858,0.619141
38859,0.501493
38860,0.980455
38861,0.578451
38862,0.483457
38863,0.801875
38864,0.857265
38865,0.58758
38866,0.935819
38867,0.800554
38868,0.793712
38869,0.52829
38870,0.601401
38871,0.872993
38872,0.833336
38873,0.682594
38874,0.978139
38875,0.869648
38876,0.850152
38877,0.774574
38878,0.456631
38879,0.920658
38880,0.883147
38881,0.456315
38882,0.792131
38883,0.616627
38884,0.866024
38885,0.906496
38886,0.937175
38887,0.711871
38888,0.701027
38889,0.589475
38890,0.673004
38891,0.770594
38892,0.612052
38893,0.191659
38894,0.8068
38895,0.676546
38896,0.857828
38897,0.87257
38898,0.818298
38899,0.738308
38900,0.451541
38901,0.779049
38902,0.273318
38903,0.606822
38904,0.818094
38905,0.563724
38906,0.652832
38907,0.759353
38908,0.734538
38909,0.594908
38910,0.582078
38911,0.787204
38912,0.50778
38913,0.846643
38914,0.723709
38915,0.942163
38916,0.584683
38917,0.815387
38918,0.517839
38919,0.863507
38920,0.938022
38921,0.916421
38922,0.789581
38923,0.81279
38924,0.72335
38925,0.705099
38926,0.593251
38927,0.611973
38928,0.722033
38929,0.627832
38930,0.599037
38931,0.860041
38932,0.807144
38933,0.84137
38934,0.943571
38935,0.861244
38936,0.47125
38937,0.817879
38938,0.645726
38939,0.810021
38940,0.704602
38941,0.752225
38942,0.904847
38943,0.75119
38944,0.428775
38945,0.888347
38946,0.706758
38947,0.887964
38948,0.509599
38949,0.562109
38950,0.90945
38951,0.705014
38952,0.453017
38953,0.949612
38954,0.782653
38955,0.402019
38956,0.731842
38957,0.889617
38958,0.939185
38959,0.309256
38960,0.964563
38961,0.644978
38962,0.839014
38963,0.572636
38964,0.52752
38965,0.512085
38966,0.582647
38967,0.638174
38968,0.756113
38969,0.393872
38970,0.482306
38971,0.983273
38972,0.753872
38973,0.646194
38974,0.780469
38975,0.849906
38976,0.933514
38977,0.922816
38978,0.893298
38979,0.487697
38980,0.460439
38981,0.412219
38982,0.803691
38983,0.682712
38984,0.889373
38985,0.761053
38986,0.646529
38987,0.84317
38988,0.352461
38989,0.616916
38990,0.675572
38991,0.636936
38992,0.894812
38993,0.666801
38994,0.87804
38995,0.986361
38996,0.500924
38997,0.549887
38998,0.873076
38999,0.72186
39000,0.760898
39001,0.787481
39002,0.919845
39003,0.875496
39004,0.918204
39005,0.587505
39006,0.693836
39007,0.863576
39008,0.694331
39009,0.939626
39010,0.387827
39011,0.570172
39012,0.875053
39013,0.513977
39014,0.760494
39015,0.630154
39016,0.777155
39017,0.571435
39018,0.814539
39019,0.694289
39020,0.704993
39021,0.7094
39022,0.615351
39023,0.879846
39024,0.816207
39025,0.880766
39026,0.838286
39027,0.453239
39028,0.807138
39029,0.944892
39030,0.718799
39031,0.56674
39032,0.672877
39033,0.755682
39034,0.605621
39035,0.977722
39036,0.953651
39037,0.762374
39038,0.474266
39039,0.626119
39040,0.726657
39041,0.681947
39042,0.86832
39043,0.97886
39044,0.652776
39045,0.163085
39046,0.799414
39047,0.682888
39048,0.6571
39049,0.969962
39050,0.587338
39051,0.899955
39052,0.482066
39053,0.944432
39054,0.904853
39055,0.969205
39056,0.759696
39057,0.64601
39058,0.563267
39059,0.214943
39060,0.88844
39061,0.574107
39062,0.516788
39063,0.878162
39064,0.833129
39065,0.8661
39066,0.553314
39067,0.318276
39068,0.976133
39069,0.099599
39070,0.960888
39071,0.813459
39072,0.831688
39073,0.650692
39074,0.838057
39075,0.157264
39076,0.849431
39077,0.809358
39078,0.801695
39079,0.971694
39080,0.507433
39081,0.796376
39082,0.926063
39083,0.878227
39084,0.770037
39085,0.686625
39086,0.695871
39087,0.918622
39088,0.691122
39089,0.39805
39090,0.735903
39091,0.96895
39092,0.559688
39093,0.698954
39094,0.811049
39095,0.662805
39096,0.692004
39097,0.414545
39098,0.668629
39099,0.921442
39100,0.60936
39101,0.255152
39102,0.695358
39103,0.893761
39104,0.795165
39105,0.845594
39106,0.950946
39107,0.872093
39108,0.503989
39109,0.603102
39110,0.453301
39111,0.964273
39112,0.847421
39113,0.856724
39114,0.842934
39115,0.918156
39116,0.883462
39117,0.800662
39118,0.388783
39119,0.795126
39120,0.748478
39121,0.437035
39122,0.900632
39123,0.137934
39124,0.554592
39125,0.508383
39126,0.67902
39127,0.552402
39128,0.506779
39129,0.44711
39130,0.939583
39131,0.601014
39132,0.960359
39133,0.456035
39134,0.88255
39135,0.600418
39136,0.674512
39137,0.328526
39138,0.949888
39139,0.713352
39140,0.953181
39141,0.8252
39142,0.840192
39143,0.954171
39144,0.729576
39145,0.112663
39146,0.660023
39147,0.887608
39148,0.746475
39149,0.887245
39150,0.754468
39151,0.909118
39152,0.917686
39153,0.819127
39154,0.812852
39155,0.968832
39156,0.516753
39157,0.664397
39158,0.579749
39159,0.444712
39160,0.851675
39161,0.847461
39162,0.516964
39163,0.809803
39164,0.63327
39165,0.687432
39166,0.680086
39167,0.675947
39168,0.949379
39169,0.795309
39170,0.793796
39171,0.867628
39172,0.866947
39173,0.890098
39174,0.618968
39175,0.656035
39176,0.709749
39177,0.630666
39178,0.413594
39179,0.687334
39180,0.772246
39181,0.91409
39182,0.425408
39183,0.451784
39184,0.913038
39185,0.641327
39186,0.723779
39187,0.726677
39188,0.830119
39189,0.900254
39190,0.781073
39191,0.819589
39192,0.54876
39193,0.878477
39194,0.839911
39195,0.802454
39196,0.582124
39197,0.772836
39198,0.379588
39199,0.555874
39200,0.466838
39201,0.884882
39202,0.747789
39203,0.601074
39204,0.554721
39205,0.560259
39206,0.576738
39207,0.792187
39208,0.824118
39209,0.750253
39210,0.829382
39211,0.807369
39212,0.744484
39213,0.942476
39214,0.553827
39215,0.611858
39216,0.533415
39217,0.537535
39218,0.654602
39219,0.498991
39220,0.93155
39221,0.989443
39222,0.665186
39223,0.813658
39224,0.983614
39225,0.55791
39226,0.870057
39227,0.934156
39228,0.873331
39229,0.779053
39230,0.812644
39231,0.552851
39232,0.910223
39233,0.732187
39234,0.268144
39235,0.625264
39236,0.867039
39237,0.718462
39238,0.498612
39239,0.946124
39240,0.429158
39241,0.747446
39242,0.872384
39243,0.941205
39244,0.428042
39245,0.62677
39246,0.665869
39247,0.887356
39248,0.817
39249,0.681895
39250,0.854714
39251,0.53289
39252,0.72102
39253,0.784532
39254,0.586401
39255,0.81803
39256,0.802595
39257,0.172508
39258,0.701524
39259,0.956704
39260,0.665871
39261,0.5174
39262,0.45655
39263,0.677253
39264,0.608639
39265,0.693564
39266,0.90994
39267,0.858312
39268,0.556388
39269,0.79198
39270,0.668777
39271,0.605936
39272,0.838317
39273,0.284902
39274,0.634734
39275,0.606963
39276,0.553972
39277,0.73903
39278,0.557707
39279,0.836363
39280,0.864242
39281,0.808784
39282,0.574605
39283,0.78318
39284,0.761016
39285,0.671653
39286,0.859027
39287,0.602272
39288,0.672431
39289,0.752664
39290,0.934946
39291,0.622158
39292,0.807303
39293,0.641014
39294,0.750831
39295,0.86959
39296,0.435719
39297,0.980135
39298,0.782514
39299,0.6
39300,0.836693
39301,0.919262
39302,0.651782
39303,0.541266
39304,0.596517
39305,0.71558
39306,0.937283
39307,0.829631
39308,0.931748
39309,0.452118
39310,0.866772
39311,0.9404
39312,0.530475
39313,0.506426
39314,0.627936
39315,0.782615
39316,0.947162
39317,0.53928
39318,0.95096
39319,0.946181
39320,0.907545
39321,0.691687
39322,0.95162
39323,0.880555
39324,0.89172
39325,0.788153
39326,0.752072
39327,0.411385
39328,0.717165
39329,0.674912
39330,0.506332
39331,0.761824
39332,0.462465
39333,0.509641
39334,0.927192
39335,0.61022
39336,0.864994
39337,0.737544
39338,0.615234
39339,0.957371
39340,0.475581
39341,0.890894
39342,0.813375
39343,0.660579
39344,0.43643
39345,0.270875
39346,0.703247
39347,0.640717
39348,0.558045
39349,0.704623
39350,0.776157
39351,0.809864
39352,0.811085
39353,0.636741
39354,0.907324
39355,0.591835
39356,0.919218
39357,0.833137
39358,0.749371
39359,0.760079
39360,0.558712
39361,0.729223
39362,0.915849
39363,0.828106
39364,0.374806
39365,0.76579
39366,0.947279
39367,0.350169
39368,0.448779
39369,0.846774
39370,0.77681
39371,0.725705
39372,0.64175
39373,0.593643
39374,0.706518
39375,0.542737
39376,0.84685
39377,0.799694
39378,0.772297
39379,0.804453
39380,0.851762
39381,0.822758
39382,0.938748
39383,0.941607
39384,0.3361
39385,0.573505
39386,0.874847
39387,0.669724
39388,0.279354
39389,0.815776
39390,0.983386
39391,0.693965
39392,0.765893
39393,0.906621
39394,0.760818
39395,0.711314
39396,0.675082
39397,0.218493
39398,0.641108
39399,0.876236
39400,0.989334
39401,0.481645
39402,0.443091
39403,0.839778
39404,0.698558
39405,0.874943
39406,0.875979
39407,0.641325
39408,0.579557
39409,0.727063
39410,0.759887
39411,0.833979
39412,0.935078
39413,0.802987
39414,0.851613
39415,0.169178
39416,0.574558
39417,0.843247
39418,0.906106
39419,0.737589
39420,0.778635
39421,0.902488
39422,0.725354
39423,0.945732
39424,0.68033
39425,0.557189
39426,0.945189
39427,0.689048
39428,0.687142
39429,0.951156
39430,0.501351
39431,0.419457
39432,0.643502
39433,0.849072
39434,0.388053
39435,0.817824
39436,0.603068
39437,0.591708
39438,0.672382
39439,0.66178
39440,0.924572
39441,0.466755
39442,0.680157
39443,0.846697
39444,0.501544
39445,0.835267
39446,0.87766
39447,0.762591
39448,0.96314
39449,0.653188
39450,0.903667
39451,0.911852
39452,0.4057
39453,0.578409
39454,0.849625
39455,0.744119
39456,0.891215
39457,0.799432
39458,0.64603
39459,0.619195
39460,0.830391
39461,0.71919
39462,0.905603
39463,0.79425
39464,0.573276
39465,0.801081
39466,0.916258
39467,0.811886
39468,0.453042
39469,0.712654
39470,0.909797
39471,0.858562
39472,0.821006
39473,0.374315
39474,0.390659
39475,0.850403
39476,0.718441
39477,0.652127
39478,0.630096
39479,0.405202
39480,0.460459
39481,0.717782
39482,0.941177
39483,0.874222
39484,0.932469
39485,0.637639
39486,0.499361
39487,0.623102
39488,0.52107
39489,0.451429
39490,0.704201
39491,0.917667
39492,0.663148
39493,0.640956
39494,0.679346
39495,0.686974
39496,0.786679
39497,0.825087
39498,0.601849
39499,0.33288
39500,0.693682
39501,0.695347
39502,0.608288
39503,0.554206
39504,0.951464
39505,0.944029
39506,0.856144
39507,0.629696
39508,0.474857
39509,0.704862
39510,0.885667
39511,0.62435
39512,0.778419
39513,0.96309
39514,0.702107
39515,0.683178
39516,0.654333
39517,0.723462
39518,0.894135
39519,0.882606
39520,0.620411
39521,0.751944
39522,0.777743
39523,0.926588
39524,0.679719
39525,0.594745
39526,0.881637
39527,0.906628
39528,0.762407
39529,0.759948
39530,0.393103
39531,0.526409
39532,0.630476
39533,0.657358
39534,0.569719
39535,0.789697
39536,0.835763
39537,0.774842
39538,0.534983
39539,0.67814
39540,0.863782
39541,0.980363
39542,0.560097
39543,0.487033
39544,0.620236
39545,0.784278
39546,0.853716
39547,0.764411
39548,0.723426
39549,0.939394
39550,0.941531
39551,0.852967
39552,0.906234
39553,0.708616
39554,0.940218
39555,0.572587
39556,0.610753
39557,0.598386
39558,0.732124
39559,0.592157
39560,0.723166
39561,0.85798
39562,0.644959
39563,0.593514
39564,0.676426
39565,0.800748
39566,0.740352
39567,0.720552
39568,0.296152
39569,0.915722
39570,0.956971
39571,0.952278
39572,0.681488
39573,0.75186
39574,0.758473
39575,0.964811
39576,0.610044
39577,0.88881
39578,0.894636
39579,0.550491
39580,0.967401
39581,0.658933
39582,0.389803
39583,0.746008
39584,0.504378
39585,0.961615
39586,0.840282
39587,0.919004
39588,0.623178
39589,0.777292
39590,0.792458
39591,0.599061
39592,0.968068
39593,0.973015
39594,0.701111
39595,0.18546
39596,0.689825
39597,0.631869
39598,0.576272
39599,0.797553
39600,0.973109
39601,0.805934
39602,0.422404
39603,0.4274
39604,0.752707
39605,0.635192
39606,0.679359
39607,0.931539
39608,0.672648
39609,0.149274
39610,0.860865
39611,0.831507
39612,0.931784
39613,0.889311
39614,0.776703
39615,0.904791
39616,0.690524
39617,0.677615
39618,0.745099
39619,0.920607
39620,0.787639
39621,0.701379
39622,0.969221
39623,0.174823
39624,0.91618
39625,0.911275
39626,0.923704
39627,0.894535
39628,0.917688
39629,0.533075
39630,0.946087
39631,0.753895
39632,0.602348
39633,0.647195
39634,0.461745
39635,0.615902
39636,0.740161
39637,0.612592
39638,0.74032
39639,0.887306
39640,0.744787
39641,0.658964
39642,0.507159
39643,0.90725
39644,0.898367
39645,0.731112
39646,0.807437
39647,0.77964
39648,0.892275
39649,0.766435
39650,0.907121
39651,0.632818
39652,0.42626
39653,0.850599
39654,0.606153
39655,0.947928
39656,0.828205
39657,0.86091
39658,0.745567
39659,0.515463
39660,0.745129
39661,0.949389
39662,0.42733
39663,0.937962
39664,0.980384
39665,0.479883
39666,0.282568
39667,0.91087
39668,0.515023
39669,0.61529
39670,0.52448
39671,0.874188
39672,0.688828
39673,0.846608
39674,0.95897
39675,0.86208
39676,0.649576
39677,0.958787
39678,0.947923
39679,0.934728
39680,0.571946
39681,0.595938
39682,0.883935
39683,0.817507
39684,0.667895
39685,0.83149
39686,0.625536
39687,0.776459
39688,0.939175
39689,0.964722
39690,0.38879
39691,0.821393
39692,0.634798
39693,0.758599
39694,0.639085
39695,0.879194
39696,0.500251
39697,0.782129
39698,0.5614
39699,0.452056
39700,0.700334
39701,0.233082
39702,0.135604
39703,0.436455
39704,0.595054
39705,0.489941
39706,0.296799
39707,0.56835
39708,0.818248
39709,0.820188
39710,0.743878
39711,0.612192
39712,0.446976
39713,0.95817
39714,0.797432
39715,0.851276
39716,0.804807
39717,0.406101
39718,0.579394
39719,0.200207
39720,0.977955
39721,0.650278
39722,0.839952
39723,0.948109
39724,0.744889
39725,0.92689
39726,0.653571
39727,0.762527
39728,0.665788
39729,0.913004
39730,0.658854
39731,0.398827
39732,0.62393
39733,0.559253
39734,0.637649
39735,0.899826
39736,0.895281
39737,0.657013
39738,0.24125
39739,0.757234
39740,0.896582
39741,0.911092
39742,0.876312
39743,0.730801
39744,0.983734
39745,0.870126
39746,0.879491
39747,0.738149
39748,0.874057
39749,0.730852
39750,0.814956
39751,0.682916
39752,0.660125
39753,0.655238
39754,0.852519
39755,0.633093
39756,0.805024
39757,0.780241
39758,0.883189
39759,0.802095
39760,0.846922
39761,0.752052
39762,0.589296
39763,0.465916
39764,0.515893
39765,0.475645
39766,0.437388
39767,0.563281
39768,0.898528
39769,0.590011
39770,0.683007
39771,0.525758
39772,0.898733
39773,0.569154
39774,0.745357
39775,0.731015
39776,0.749652
39777,0.905344
39778,0.861329
39779,0.688111
39780,0.910286
39781,0.925066
39782,0.730125
39783,0.807061
39784,0.77165
39785,0.87686
39786,0.793726
39787,0.888577
39788,0.723962
39789,0.84487
39790,0.254962
39791,0.847078
39792,0.505896
39793,0.826192
39794,0.537318
39795,0.947684
39796,0.503315
39797,0.863777
39798,0.854046
39799,0.481204
39800,0.20357
39801,0.444515
39802,0.767252
39803,0.522704
39804,0.925624
39805,0.570654
39806,0.813206
39807,0.773635
39808,0.635207
39809,0.936632
39810,0.802496
39811,0.65831
39812,0.760979
39813,0.808907
39814,0.83127
39815,0.677406
39816,0.936134
39817,0.720176
39818,0.795637
39819,0.666335
39820,0.685868
39821,0.845042
39822,0.493318
39823,0.687514
39824,0.497898
39825,0.700667
39826,0.275176
39827,0.391381
39828,0.627538
39829,0.635258
39830,0.631734
39831,0.918172
39832,0.933501
39833,0.459366
39834,0.658839
39835,0.783359
39836,0.921435
39837,0.853845
39838,0.795715
39839,0.7975
39840,0.71236
39841,0.963834
39842,0.381331
39843,0.771161
39844,0.884357
39845,0.958097
39846,0.909004
39847,0.932808
39848,0.341364
39849,0.791003
39850,0.61078
39851,0.611024
39852,0.747672
39853,0.653827
39854,0.854608
39855,0.602317
39856,0.803371
39857,0.917754
39858,0.524925
39859,0.892012
39860,0.81596
39861,0.742391
39862,0.793984
39863,0.864121
39864,0.934564
39865,0.48417
39866,0.789137
39867,0.744291
39868,0.867278
39869,0.57984
39870,0.891503
39871,0.606283
39872,0.808065
39873,0.400404
39874,0.667752
39875,0.719802
39876,0.956102
39877,0.782454
39878,0.665214
39879,0.553998
39880,0.498785
39881,0.954293
39882,0.604166
39883,0.682019
39884,0.903079
39885,0.67943
39886,0.970594
39887,0.656666
39888,0.875817
39889,0.899032
39890,0.572157
39891,0.604277
39892,0.678385
39893,0.860461
39894,0.804121
39895,0.610855
39896,0.853168
39897,0.472577
39898,0.817299
39899,0.74605
39900,0.635075
39901,0.821615
39902,0.540638
39903,0.916136
39904,0.979999
39905,0.487819
39906,0.685997
39907,0.137246
39908,0.828234
39909,0.874533
39910,0.832278
39911,0.785436
39912,0.724211
39913,0.535544
39914,0.666696
39915,0.928989
39916,0.937714
39917,0.96674
39918,0.618346
39919,0.839031
39920,0.683054
39921,0.617076
39922,0.9225
39923,0.610017
39924,0.25177
39925,0.87152
39926,0.95794
39927,0.591067
39928,0.72209
39929,0.616075
39930,0.559308
39931,0.468926
39932,0.615346
39933,0.915289
39934,0.279996
39935,0.514257
39936,0.651862
39937,0.810726
39938,0.607008
39939,0.869757
39940,0.831143
39941,0.727266
39942,0.620591
39943,0.561431
39944,0.54266
39945,0.744854
39946,0.698007
39947,0.645454
39948,0.703587
39949,0.943481
39950,0.76879
39951,0.49447
39952,0.826929
39953,0.501567
39954,0.861404
39955,0.519707
39956,0.856073
39957,0.859711
39958,0.677255
39959,0.923385
39960,0.429083
39961,0.924688
39962,0.585897
39963,0.638833
39964,0.709491
39965,0.601292
39966,0.8495
39967,0.964454
39968,0.874785
39969,0.627683
39970,0.859032
39971,0.555233
39972,0.966227
39973,0.980369
39974,0.610129
39975,0.29466
39976,0.657148
39977,0.736867
39978,0.711267
39979,0.794282
39980,0.706721
39981,0.781557
39982,0.952632
39983,0.973534
39984,0.912223
39985,0.759712
39986,0.859849
39987,0.481642
39988,0.593863
39989,0.678427
39990,0.632473
39991,0.8544
39992,0.447873
39993,0.416342
39994,0.774815
39995,0.520626
39996,0.586912
39997,0.766619
39998,0.711282
39999,0.613977
