id,pred
0,0.81
1,0.58
2,0.843333
3,0.64
4,0.963333
5,0.6
6,0.79
7,0.973333
8,0.656667
9,0.83
10,0.783333
11,0.686667
12,0.36
13,0.533333
14,0.906667
15,0.743333
16,0.606667
17,0.446667
18,0.696667
19,0.493333
20,0.436667
21,0.92
22,0.82
23,0.12
24,0.483333
25,0.756667
26,0.366667
27,0.55
28,0.983333
29,0.876667
30,0.823333
31,0.97
32,0.616667
33,0.696667
34,0.95
35,0.696667
36,0.57
37,0.776667
38,0.74
39,0.49
40,0.366667
41,0.813333
42,0.693333
43,0.693333
44,0.72
45,0.896667
46,0.436667
47,0.706667
48,0.626667
49,0.746667
50,0.633333
51,0.293333
52,0.82
53,0.926667
54,0.953333
55,0.89
56,0.316667
57,0.906667
58,0.756667
59,0.81
60,0.75
61,0.9
62,0.54
63,0.746667
64,0.713333
65,0.59
66,0.643333
67,0.673333
68,0.213333
69,0.88
70,0.7
71,0.776667
72,0.766667
73,0.643333
74,0.966667
75,0.71
76,0.886667
77,0.93
78,0.946667
79,0.886667
80,0.64
81,0.556667
82,0.363333
83,0.743333
84,0.723333
85,0.633333
86,0.863333
87,0.756667
88,0.88
89,0.75
90,0.86
91,0.883333
92,0.896667
93,0.66
94,0.983333
95,0.956667
96,0.7
97,0.743333
98,0.736667
99,0.93
100,0.766667
101,0.393333
102,0.626667
103,0.94
104,0.313333
105,0.836667
106,0.226667
107,0.84
108,0.546667
109,0.62
110,0.613333
111,0.466667
112,0.63
113,0.783333
114,0.596667
115,0.43
116,0.81
117,0.853333
118,0.79
119,0.94
120,0.66
121,0.983333
122,0.386667
123,0.786667
124,0.85
125,0.563333
126,0.576667
127,0.793333
128,0.83
129,0.516667
130,0.66
131,0.366667
132,0.796667
133,0.796667
134,0.62
135,0.8
136,0.596667
137,0.563333
138,0.79
139,0.553333
140,0.796667
141,0.923333
142,0.443333
143,0.666667
144,0.963333
145,0.836667
146,0.896667
147,0.77
148,0.83
149,0.856667
150,0.736667
151,0.486667
152,0.716667
153,0.333333
154,0.99
155,0.943333
156,0.81
157,0.756667
158,0.926667
159,0.963333
160,0.753333
161,0.923333
162,0.816667
163,0.73
164,0.59
165,0.496667
166,0.72
167,0.963333
168,0.78
169,0.926667
170,0.71
171,0.49
172,0.806667
173,0.866667
174,0.743333
175,0.873333
176,0.976667
177,0.22
178,0.47
179,0.706667
180,0.686667
181,0.6
182,0.483333
183,0.37
184,0.816667
185,0.83
186,0.79
187,0.533333
188,0.933333
189,0.83
190,0.933333
191,0.666667
192,0.716667
193,0.886667
194,0.733333
195,0.7
196,0.6
197,0.653333
198,0.74
199,0.793333
200,0.646667
201,0.723333
202,0.623333
203,0.873333
204,0.806667
205,0.65
206,0.916667
207,0.736667
208,0.606667
209,0.473333
210,0.48
211,0.703333
212,0.533333
213,0.66
214,0.706667
215,0.723333
216,0.766667
217,0.84
218,0.413333
219,0.72
220,0.666667
221,0.77
222,0.67
223,0.84
224,0.663333
225,0.81
226,0.623333
227,0.49
228,0.516667
229,0.876667
230,0.673333
231,0.773333
232,0.803333
233,0.886667
234,0.566667
235,0.356667
236,0.53
237,0.513333
238,0.92
239,0.85
240,0.88
241,0.91
242,0.76
243,0.496667
244,0.32
245,0.76
246,0.613333
247,0.6
248,0.66
249,0.733333
250,0.576667
251,0.94
252,0.973333
253,0.876667
254,0.466667
255,0.953333
256,0.806667
257,0.756667
258,0.666667
259,0.556667
260,0.603333
261,0.513333
262,0.83
263,0.986667
264,0.97
265,0.613333
266,0.54
267,0.7
268,0.75
269,0.663333
270,0.696667
271,0.743333
272,0.663333
273,0.863333
274,0.43
275,0.433333
276,0.813333
277,0.876667
278,0.623333
279,0.503333
280,0.95
281,0.96
282,0.91
283,0.473333
284,0.816667
285,0.836667
286,0.693333
287,0.723333
288,0.546667
289,0.82
290,0.696667
291,0.836667
292,0.54
293,0.733333
294,0.486667
295,0.956667
296,0.8
297,0.506667
298,0.56
299,0.643333
300,0.756667
301,0.743333
302,0.82
303,0.536667
304,0.946667
305,0.82
306,0.703333
307,0.646667
308,0.56
309,0.503333
310,0.75
311,0.936667
312,0.776667
313,0.656667
314,0.7
315,0.596667
316,0.713333
317,0.85
318,0.923333
319,0.566667
320,0.656667
321,0.633333
322,0.73
323,0.87
324,0.893333
325,0.48
326,0.413333
327,0.726667
328,0.366667
329,0.803333
330,0.743333
331,0.446667
332,0.623333
333,0.753333
334,0.783333
335,0.696667
336,0.81
337,0.716667
338,0.683333
339,0.726667
340,0.496667
341,0.783333
342,0.596667
343,0.73
344,0.69
345,0.346667
346,0.846667
347,0.643333
348,0.643333
349,0.33
350,0.566667
351,0.883333
352,0.9
353,0.743333
354,0.976667
355,0.796667
356,0.74
357,0.713333
358,0.816667
359,0.503333
360,0.67
361,0.653333
362,0.69
363,0.773333
364,0.883333
365,0.903333
366,0.866667
367,0.576667
368,0.91
369,0.906667
370,0.476667
371,0.766667
372,0.89
373,0.933333
374,0.386667
375,0.94
376,0.61
377,0.92
378,0.663333
379,0.72
380,0.333333
381,0.773333
382,0.63
383,0.296667
384,0.73
385,0.88
386,0.72
387,0.893333
388,0.386667
389,0.386667
390,0.676667
391,0.696667
392,0.866667
393,0.473333
394,0.493333
395,0.583333
396,0.716667
397,0.083333
398,0.486667
399,0.966667
400,0.833333
401,0.486667
402,0.813333
403,0.933333
404,0.72
405,0.926667
406,0.916667
407,0.846667
408,0.91
409,0.693333
410,0.51
411,0.483333
412,0.88
413,0.676667
414,0.586667
415,0.646667
416,0.553333
417,0.606667
418,0.91
419,0.833333
420,0.93
421,0.846667
422,0.81
423,0.783333
424,0.53
425,0.886667
426,0.593333
427,0.936667
428,0.596667
429,0.63
430,0.536667
431,0.533333
432,0.583333
433,0.683333
434,0.896667
435,0.726667
436,0.833333
437,0.97
438,0.856667
439,0.673333
440,0.75
441,0.85
442,0.813333
443,0.673333
444,0.33
445,0.883333
446,0.9
447,0.663333
448,0.833333
449,0.79
450,0.696667
451,0.803333
452,0.516667
453,0.986667
454,0.483333
455,0.65
456,0.806667
457,0.58
458,0.89
459,0.98
460,0.39
461,0.846667
462,0.746667
463,0.64
464,0.796667
465,0.796667
466,0.703333
467,0.983333
468,0.863333
469,0.703333
470,0.666667
471,0.606667
472,0.626667
473,0.7
474,0.8
475,0.706667
476,0.74
477,0.666667
478,0.846667
479,0.75
480,0.633333
481,0.736667
482,0.783333
483,0.743333
484,0.933333
485,0.719362
486,0.856667
487,0.466667
488,0.666667
489,0.39
490,0.746667
491,0.93
492,0.506667
493,0.88
494,0.79
495,0.736667
496,0.956667
497,0.25
498,0.82
499,0.43
500,0.606667
501,0.273333
502,0.67
503,0.893333
504,0.673333
505,0.643333
506,0.813333
507,0.663333
508,0.64
509,0.55
510,0.84
511,0.92
512,0.586667
513,0.793333
514,0.363333
515,0.48
516,0.523333
517,0.77
518,0.64
519,0.773333
520,0.773333
521,0.623333
522,0.686667
523,0.353333
524,0.8
525,0.9
526,0.693333
527,0.893333
528,0.626667
529,0.9
530,0.643333
531,0.823333
532,0.666667
533,0.843333
534,0.746667
535,0.583333
536,0.84
537,0.38
538,0.963333
539,0.836667
540,0.87
541,0.91
542,0.623333
543,0.536667
544,0.826667
545,0.576667
546,0.576667
547,0.823333
548,0.94
549,0.993333
550,0.47
551,0.665556
552,0.733333
553,0.616667
554,0.686667
555,0.726667
556,0.743333
557,0.796667
558,0.683333
559,0.916667
560,0.8
561,0.88
562,0.876667
563,0.646667
564,0.69
565,0.576667
566,0.716667
567,0.816667
568,0.74
569,0.763333
570,0.593333
571,0.77
572,0.566667
573,0.743333
574,0.703333
575,0.93
576,0.646667
577,0.293333
578,0.676667
579,0.53
580,0.933333
581,0.58
582,0.583333
583,0.793333
584,0.7
585,0.82
586,0.78
587,0.73
588,0.916667
589,0.3
590,0.643333
591,0.506667
592,0.826667
593,0.883333
594,0.86
595,0.86
596,0.906667
597,0.826667
598,0.536667
599,0.726667
600,0.873333
601,0.48
602,0.8
603,0.42
604,0.53
605,0.326667
606,0.58
607,0.873333
608,0.69
609,0.916667
610,0.693333
611,0.83
612,0.33
613,0.753333
614,0.663333
615,0.576667
616,0.826667
617,0.936667
618,0.94
619,0.883333
620,0.41
621,0.813333
622,0.703333
623,0.693333
624,0.92
625,0.746667
626,0.666667
627,0.936667
628,0.713333
629,0.88
630,0.773333
631,0.836667
632,0.616667
633,0.873333
634,0.58
635,0.856667
636,0.903333
637,0.826667
638,0.903333
639,0.77
640,0.666667
641,0.89
642,0.693333
643,0.75
644,0.903333
645,0.796667
646,0.706667
647,0.82
648,0.4
649,0.66
650,0.803333
651,0.576667
652,0.65
653,0.766667
654,0.726667
655,0.733333
656,0.783333
657,0.726667
658,0.523333
659,0.59
660,0.523333
661,0.853333
662,0.7
663,0.843333
664,0.453333
665,0.656667
666,0.773333
667,0.72
668,0.786667
669,0.613333
670,0.7
671,0.793333
672,0.793333
673,0.453333
674,0.806667
675,0.683333
676,0.666667
677,0.806667
678,0.706667
679,0.876667
680,0.546667
681,0.753333
682,0.7
683,0.95
684,0.863333
685,0.736667
686,0.893333
687,0.82
688,0.603333
689,0.79
690,0.646667
691,0.663333
692,0.816667
693,0.863333
694,0.586667
695,0.756667
696,0.72
697,0.666667
698,0.426667
699,0.71
700,0.696667
701,0.82
702,0.45
703,0.44
704,0.793333
705,0.87
706,0.633333
707,0.94
708,0.53
709,0.356667
710,0.76
711,0.803333
712,0.98
713,0.656667
714,0.526667
715,0.763333
716,0.876667
717,0.786667
718,0.686667
719,0.546667
720,0.373333
721,0.32
722,0.93
723,0.726667
724,0.9
725,0.61
726,0.76
727,0.696667
728,0.52
729,0.44
730,0.54
731,0.616667
732,0.223333
733,0.726667
734,0.84
735,0.796667
736,0.9
737,0.61
738,0.58
739,0.83
740,0.656667
741,0.9
742,0.943333
743,0.896667
744,0.89
745,0.643333
746,0.796667
747,0.463333
748,0.596667
749,0.62
750,0.88
751,0.886667
752,0.56
753,0.816667
754,0.533333
755,0.83
756,0.713333
757,0.54
758,0.816667
759,0.76
760,0.816667
761,0.543333
762,0.843333
763,0.646667
764,0.973333
765,0.873333
766,0.75
767,0.87
768,0.7
769,0.713333
770,0.976667
771,0.653333
772,0.66
773,0.633333
774,0.656667
775,0.85
776,0.636667
777,0.92
778,0.793333
779,0.98
780,0.676667
781,0.816667
782,0.603333
783,0.7
784,0.622551
785,0.78
786,0.783333
787,0.566667
788,0.74
789,0.976667
790,0.68
791,0.613333
792,0.69
793,0.763333
794,0.816667
795,0.756667
796,0.906667
797,0.793333
798,0.656667
799,0.653333
800,0.44
801,0.78
802,0.783333
803,0.87
804,0.66
805,0.773333
806,0.456667
807,0.626667
808,0.893333
809,0.66
810,0.576667
811,0.913333
812,0.936667
813,0.85
814,0.773333
815,0.816667
816,0.47
817,0.773333
818,0.82
819,0.5
820,0.596667
821,0.86
822,0.52
823,0.72
824,0.4
825,0.976667
826,0.566667
827,0.813333
828,0.926667
829,0.68
830,0.706667
831,0.933333
832,0.863333
833,0.553333
834,0.933333
835,0.746667
836,0.883333
837,0.66
838,0.866667
839,0.4
840,0.896667
841,0.863333
842,0.93
843,0.553333
844,0.643333
845,0.733333
846,0.88
847,0.35
848,0.826667
849,0.916667
850,0.83
851,0.783333
852,0.666667
853,0.523333
854,0.81
855,0.686667
856,0.77
857,0.563333
858,0.746667
859,0.293333
860,0.616667
861,0.853333
862,0.866667
863,0.656667
864,0.92
865,0.566667
866,0.79
867,0.636667
868,0.35
869,0.746667
870,0.676667
871,0.866667
872,0.583333
873,0.726667
874,0.623333
875,0.71
876,0.753333
877,0.74
878,0.723333
879,0.666667
880,0.773333
881,0.97
882,0.73
883,0.81
884,0.956667
885,0.893333
886,1.0
887,0.7
888,0.973333
889,0.846667
890,0.753333
891,0.596667
892,0.72
893,0.466667
894,0.38
895,0.306667
896,0.873333
897,0.646667
898,0.88
899,0.866667
900,0.773333
901,0.686667
902,0.833333
903,0.716667
904,0.746028
905,0.593333
906,0.646667
907,0.8
908,0.986667
909,0.506667
910,0.743333
911,0.916667
912,0.606667
913,0.74
914,0.65
915,0.776667
916,0.966667
917,0.803333
918,0.82
919,0.473333
920,0.47
921,0.75
922,0.646667
923,0.71
924,0.883333
925,0.71
926,0.596667
927,0.77
928,0.766667
929,0.626667
930,0.55
931,0.736667
932,0.636667
933,0.983333
934,0.886667
935,0.553333
936,0.906667
937,0.623333
938,0.776667
939,0.936667
940,0.806667
941,0.753333
942,0.856667
943,0.723333
944,0.823333
945,0.516667
946,0.673333
947,0.523333
948,0.58
949,0.786028
950,0.596667
951,0.736667
952,0.843333
953,0.706667
954,0.89
955,0.63
956,0.83
957,0.84
958,0.746667
959,0.833333
960,0.58
961,0.463333
962,0.486667
963,0.653333
964,0.793333
965,0.666667
966,0.783333
967,0.933333
968,0.553333
969,0.586667
970,0.863333
971,0.426667
972,0.71
973,0.923333
974,0.58
975,0.62
976,0.52
977,0.41
978,0.48
979,0.716667
980,0.79
981,0.67
982,0.6
983,0.59
984,0.686667
985,0.476667
986,0.38
987,0.83
988,0.606667
989,0.906667
990,0.8
991,0.853333
992,0.83
993,0.473333
994,0.666667
995,0.95
996,0.42
997,0.686667
998,0.633333
999,0.673333
1000,0.9
1001,0.76
1002,0.826667
1003,0.766667
1004,0.876667
1005,0.673333
1006,0.67
1007,0.703333
1008,0.916667
1009,0.92
1010,0.95
1011,0.75
1012,0.933333
1013,0.846667
1014,0.463333
1015,0.78
1016,0.513333
1017,0.76
1018,0.516667
1019,0.593333
1020,0.78
1021,0.863333
1022,0.41
1023,0.493333
1024,0.8
1025,0.95
1026,0.766667
1027,0.766667
1028,0.463333
1029,0.76
1030,0.446667
1031,0.766667
1032,0.853333
1033,0.736667
1034,0.823333
1035,0.643333
1036,0.786667
1037,0.666667
1038,0.78
1039,0.72
1040,0.783333
1041,0.646667
1042,0.69
1043,0.796667
1044,0.793333
1045,0.9
1046,0.913333
1047,0.376667
1048,0.81
1049,0.933333
1050,0.95
1051,0.716667
1052,0.523333
1053,0.83
1054,0.796667
1055,0.763333
1056,0.786667
1057,0.59
1058,0.533333
1059,0.826667
1060,0.986667
1061,0.526667
1062,0.546667
1063,0.813333
1064,0.81
1065,0.58
1066,0.36
1067,0.923333
1068,0.683333
1069,0.556667
1070,0.63
1071,0.923333
1072,0.746667
1073,0.93
1074,0.573333
1075,0.94
1076,0.293333
1077,0.306667
1078,0.626667
1079,0.133333
1080,0.593333
1081,0.693333
1082,0.96
1083,0.726667
1084,0.813333
1085,0.706667
1086,0.67
1087,0.92
1088,0.786667
1089,0.713333
1090,0.93
1091,0.653333
1092,0.81
1093,0.69
1094,0.64
1095,0.776667
1096,0.64
1097,0.6
1098,0.75
1099,0.7
1100,0.943333
1101,0.49
1102,0.5
1103,0.733333
1104,0.683333
1105,0.613333
1106,0.75
1107,0.326667
1108,0.993333
1109,0.573333
1110,0.503333
1111,0.25
1112,0.346667
1113,0.826667
1114,0.843333
1115,0.42
1116,0.64
1117,0.786667
1118,0.93
1119,0.693333
1120,0.963333
1121,0.473333
1122,0.906667
1123,0.836667
1124,0.673333
1125,0.363333
1126,0.486667
1127,0.7
1128,0.69
1129,0.593333
1130,0.8
1131,0.8
1132,0.886667
1133,0.59
1134,0.856667
1135,0.83
1136,0.8
1137,0.91
1138,0.61
1139,0.406667
1140,0.363333
1141,0.906667
1142,0.68
1143,0.6
1144,0.863333
1145,0.45
1146,0.536667
1147,0.7
1148,0.99
1149,0.5
1150,0.833333
1151,0.5
1152,0.626667
1153,0.926667
1154,0.933333
1155,0.74
1156,0.726667
1157,0.666667
1158,0.64
1159,0.67
1160,0.903333
1161,0.55
1162,0.85
1163,0.953333
1164,0.733333
1165,0.58
1166,0.75
1167,0.756667
1168,0.9
1169,0.92
1170,0.663333
1171,0.643333
1172,0.86
1173,0.33
1174,0.68
1175,0.946667
1176,0.76
1177,0.686667
1178,0.95
1179,0.75
1180,0.77
1181,0.953333
1182,0.62
1183,0.75
1184,0.483333
1185,0.363333
1186,0.276667
1187,0.696667
1188,0.566667
1189,0.516667
1190,0.896667
1191,0.833333
1192,0.836667
1193,0.673333
1194,0.87
1195,0.47
1196,0.853333
1197,0.72
1198,0.716667
1199,0.6
1200,0.533333
1201,0.606667
1202,0.81
1203,0.84
1204,0.8
1205,0.616667
1206,0.613333
1207,0.57
1208,0.703333
1209,0.8
1210,0.66
1211,0.89
1212,0.55
1213,0.676667
1214,0.8
1215,0.68
1216,0.903333
1217,0.733333
1218,0.786667
1219,0.75
1220,0.476667
1221,0.84
1222,0.47
1223,0.81
1224,0.893333
1225,0.923333
1226,0.98
1227,0.613333
1228,0.87
1229,0.873333
1230,0.806667
1231,0.116667
1232,0.826667
1233,0.763333
1234,0.886667
1235,0.806667
1236,0.59
1237,0.686667
1238,0.67
1239,0.696667
1240,0.556667
1241,0.636667
1242,0.83
1243,0.713333
1244,0.76
1245,0.763333
1246,0.803333
1247,0.37
1248,0.943333
1249,0.789333
1250,0.183333
1251,0.486667
1252,0.733333
1253,0.793333
1254,0.57
1255,0.733333
1256,0.673333
1257,0.766667
1258,0.9
1259,0.696667
1260,0.59
1261,0.726667
1262,0.643333
1263,0.813333
1264,0.693333
1265,0.746667
1266,0.623333
1267,0.946667
1268,0.913333
1269,0.956667
1270,0.713333
1271,0.72
1272,0.66
1273,0.87
1274,0.906667
1275,0.893333
1276,0.713333
1277,0.703333
1278,0.92
1279,0.62
1280,0.933333
1281,0.61
1282,0.663333
1283,0.56
1284,0.866667
1285,0.883333
1286,0.76
1287,0.876667
1288,0.94
1289,0.946667
1290,0.836667
1291,0.87
1292,0.776667
1293,0.67
1294,0.72
1295,0.673333
1296,0.756667
1297,0.393333
1298,0.776667
1299,0.923333
1300,0.79
1301,0.71
1302,0.686667
1303,0.866667
1304,0.616667
1305,0.886667
1306,0.87
1307,0.673333
1308,0.926667
1309,0.236667
1310,0.54
1311,0.86
1312,0.793333
1313,0.926667
1314,0.89
1315,0.446667
1316,0.443333
1317,0.71
1318,0.47
1319,0.61
1320,0.763333
1321,0.753333
1322,0.79
1323,0.566667
1324,0.55
1325,0.7
1326,0.69
1327,0.646667
1328,0.456667
1329,0.946667
1330,0.55
1331,0.606667
1332,0.85
1333,0.9
1334,0.926667
1335,0.59
1336,0.876667
1337,0.77
1338,0.743333
1339,0.79
1340,0.59
1341,0.653333
1342,0.68
1343,0.63
1344,0.536667
1345,0.85
1346,0.733333
1347,0.68
1348,0.65
1349,0.76
1350,0.913333
1351,0.916667
1352,0.866667
1353,0.733333
1354,0.806667
1355,0.716667
1356,0.513333
1357,0.823333
1358,0.666667
1359,0.716667
1360,0.456667
1361,0.673333
1362,0.556667
1363,0.816667
1364,0.55
1365,0.453333
1366,0.943333
1367,0.81
1368,0.893333
1369,0.826667
1370,0.856667
1371,0.8
1372,0.71
1373,0.836667
1374,0.86
1375,0.603333
1376,0.793333
1377,0.8
1378,0.55
1379,0.91
1380,0.683333
1381,0.826667
1382,0.883333
1383,0.91
1384,0.316667
1385,0.823333
1386,0.753333
1387,0.786667
1388,0.84
1389,0.816667
1390,0.853333
1391,0.496667
1392,0.686667
1393,0.186667
1394,0.873333
1395,0.906667
1396,0.82
1397,0.87
1398,0.38
1399,0.343333
1400,0.94
1401,0.603333
1402,0.806667
1403,0.776667
1404,0.873333
1405,0.706667
1406,0.743333
1407,0.786667
1408,0.706667
1409,0.886667
1410,0.85
1411,0.846667
1412,0.64
1413,0.543333
1414,0.69
1415,0.71
1416,0.5
1417,0.683333
1418,0.563333
1419,0.83
1420,0.6
1421,0.55
1422,0.676667
1423,0.616667
1424,0.896667
1425,0.556667
1426,0.383333
1427,0.943333
1428,0.81
1429,0.626667
1430,0.82
1431,0.616667
1432,0.56
1433,0.436667
1434,0.556667
1435,0.7
1436,0.64
1437,0.63
1438,0.673333
1439,0.923333
1440,0.646667
1441,0.623333
1442,0.666667
1443,0.696667
1444,0.74
1445,0.986667
1446,0.73
1447,0.696667
1448,0.733333
1449,0.753333
1450,0.66
1451,0.656667
1452,0.67
1453,0.843333
1454,0.86
1455,0.676667
1456,0.573333
1457,0.78
1458,0.623333
1459,0.323333
1460,0.636667
1461,0.723333
1462,0.476667
1463,0.783333
1464,0.813333
1465,0.326667
1466,0.796667
1467,0.793333
1468,0.65
1469,0.673333
1470,0.603333
1471,0.37
1472,0.876667
1473,0.57
1474,0.773333
1475,0.803333
1476,0.81
1477,0.923333
1478,0.783333
1479,0.906667
1480,0.676667
1481,0.81
1482,0.323333
1483,0.753333
1484,0.896667
1485,0.68
1486,0.73
1487,0.88
1488,0.55
1489,0.473333
1490,0.7
1491,0.613333
1492,0.833333
1493,0.396667
1494,0.726667
1495,0.573333
1496,0.823333
1497,0.526667
1498,0.816667
1499,0.926667
1500,0.956667
1501,0.676667
1502,0.893333
1503,0.563333
1504,0.78
1505,0.87
1506,0.903333
1507,0.95
1508,0.583333
1509,0.77
1510,0.946667
1511,0.713333
1512,0.733333
1513,0.973333
1514,0.683333
1515,0.716667
1516,0.643333
1517,0.74
1518,0.77
1519,0.766667
1520,0.883333
1521,0.653333
1522,0.583333
1523,0.876667
1524,0.806667
1525,0.69
1526,0.85
1527,0.963333
1528,0.8
1529,0.806667
1530,0.973333
1531,0.546667
1532,0.98
1533,0.703333
1534,0.71
1535,0.71
1536,0.703333
1537,0.686667
1538,0.83
1539,0.94
1540,0.783333
1541,0.78
1542,0.646667
1543,0.526667
1544,0.786667
1545,0.806667
1546,0.67
1547,0.47
1548,0.96
1549,0.59
1550,0.67
1551,0.556667
1552,0.976667
1553,0.763333
1554,0.656667
1555,0.666667
1556,0.646667
1557,0.866667
1558,0.62
1559,0.773333
1560,0.95
1561,0.943333
1562,0.74
1563,0.836667
1564,0.94
1565,0.79
1566,0.443333
1567,0.756667
1568,0.65
1569,0.92
1570,0.426667
1571,0.753333
1572,0.82
1573,0.636667
1574,0.746667
1575,0.743333
1576,0.756667
1577,0.783333
1578,0.88
1579,0.763333
1580,0.753333
1581,0.376667
1582,0.473333
1583,0.65
1584,0.956667
1585,0.763333
1586,0.816667
1587,0.64
1588,0.893333
1589,0.896667
1590,0.943333
1591,0.21
1592,0.526667
1593,0.436667
1594,0.656667
1595,0.61
1596,0.843333
1597,0.673333
1598,0.823333
1599,0.8
1600,0.68
1601,0.71
1602,0.52
1603,0.586667
1604,0.476667
1605,0.663333
1606,0.656667
1607,0.78
1608,0.823333
1609,0.883333
1610,0.746667
1611,0.58
1612,0.896667
1613,0.523333
1614,0.813333
1615,0.853333
1616,0.93
1617,0.523333
1618,0.466667
1619,0.696667
1620,0.71
1621,0.736667
1622,0.193333
1623,0.84
1624,0.84
1625,0.923333
1626,0.746667
1627,0.813333
1628,0.75
1629,0.63
1630,0.696667
1631,0.75
1632,0.93
1633,0.77
1634,0.803333
1635,0.44
1636,0.61
1637,0.766667
1638,0.65
1639,0.606667
1640,0.783333
1641,0.62
1642,0.843333
1643,0.806667
1644,0.596667
1645,0.5
1646,0.636667
1647,0.646667
1648,0.742
1649,0.72
1650,0.97
1651,0.44
1652,0.65
1653,0.92
1654,0.823333
1655,0.946667
1656,0.73
1657,0.783333
1658,0.696667
1659,0.823333
1660,0.743333
1661,0.343333
1662,0.59
1663,0.893333
1664,0.616667
1665,0.793333
1666,0.803333
1667,0.806667
1668,0.913333
1669,0.643333
1670,0.943333
1671,0.793333
1672,0.776667
1673,0.583333
1674,0.823333
1675,0.886667
1676,0.94
1677,0.256667
1678,0.813333
1679,0.876667
1680,0.653333
1681,0.506667
1682,0.7
1683,0.84
1684,0.926667
1685,0.906667
1686,0.813333
1687,0.483333
1688,0.98
1689,0.84
1690,0.763333
1691,0.863333
1692,0.633333
1693,0.626667
1694,0.853333
1695,0.346667
1696,0.92
1697,0.756667
1698,0.756667
1699,0.586667
1700,0.766667
1701,0.58
1702,0.773333
1703,0.66
1704,0.473333
1705,0.39
1706,0.71
1707,0.873333
1708,0.596667
1709,0.796667
1710,0.89
1711,0.916667
1712,0.926667
1713,0.543333
1714,0.713333
1715,0.493333
1716,0.636667
1717,0.796667
1718,0.696667
1719,0.846667
1720,0.773333
1721,0.833333
1722,0.916667
1723,0.704889
1724,0.463333
1725,0.79
1726,0.96
1727,0.79
1728,0.52
1729,0.656667
1730,0.896667
1731,0.72
1732,0.81
1733,0.823333
1734,0.773333
1735,0.716667
1736,0.59
1737,0.86
1738,0.48
1739,0.57
1740,0.583333
1741,0.576667
1742,0.39
1743,0.786667
1744,0.833333
1745,0.7
1746,0.613333
1747,0.406667
1748,0.796667
1749,0.63
1750,0.94
1751,0.893333
1752,0.486667
1753,0.846667
1754,0.8
1755,0.756667
1756,0.853333
1757,0.71
1758,0.373333
1759,0.61
1760,0.703333
1761,0.83
1762,0.666667
1763,0.68
1764,0.91
1765,0.766667
1766,0.826667
1767,0.97
1768,0.73
1769,0.516667
1770,0.773333
1771,0.52
1772,0.52
1773,0.896667
1774,0.856667
1775,0.66
1776,0.84
1777,0.4
1778,0.593333
1779,0.67
1780,0.9
1781,0.543333
1782,0.693333
1783,0.883333
1784,0.643333
1785,0.443333
1786,0.58
1787,0.576667
1788,0.64
1789,0.75
1790,0.88
1791,0.72
1792,0.71
1793,0.57
1794,0.943333
1795,0.756667
1796,0.46
1797,0.72
1798,0.886667
1799,0.513333
1800,0.806667
1801,0.263333
1802,0.81
1803,0.803333
1804,0.49
1805,0.47
1806,0.656667
1807,0.5
1808,0.783333
1809,0.713333
1810,0.806667
1811,0.573333
1812,0.86
1813,0.953333
1814,0.946667
1815,0.733333
1816,0.803333
1817,0.26
1818,0.953333
1819,0.596667
1820,0.696667
1821,0.613333
1822,0.473333
1823,0.786667
1824,0.7
1825,0.483333
1826,0.966667
1827,0.766667
1828,0.656667
1829,0.516667
1830,0.48
1831,0.806667
1832,0.703333
1833,0.716667
1834,0.573333
1835,0.573333
1836,0.75
1837,0.87
1838,0.803333
1839,0.79
1840,0.763333
1841,0.776667
1842,0.776667
1843,0.843333
1844,0.87
1845,0.583333
1846,0.61
1847,0.766667
1848,0.92
1849,0.646667
1850,0.913333
1851,0.643333
1852,0.663333
1853,0.62
1854,0.95
1855,0.78
1856,0.973333
1857,0.76
1858,0.576667
1859,0.906667
1860,0.94
1861,0.506667
1862,0.633333
1863,0.56
1864,0.983333
1865,0.873333
1866,0.656667
1867,0.52
1868,0.52
1869,0.786667
1870,0.863333
1871,0.753333
1872,0.686667
1873,0.563333
1874,0.6
1875,0.12
1876,0.38
1877,0.46
1878,0.423333
1879,0.7
1880,0.896667
1881,0.626667
1882,0.716667
1883,0.966667
1884,0.94
1885,0.706667
1886,0.803333
1887,0.8
1888,0.556667
1889,0.813333
1890,0.76
1891,0.733333
1892,0.656667
1893,0.65
1894,0.683333
1895,0.776667
1896,0.98
1897,0.603333
1898,0.593333
1899,0.85
1900,0.63
1901,0.766667
1902,0.676667
1903,0.7
1904,0.896667
1905,0.623333
1906,0.79
1907,0.736667
1908,0.93
1909,0.92
1910,0.916667
1911,0.946667
1912,0.49
1913,0.84
1914,0.55
1915,0.913333
1916,0.696667
1917,0.64
1918,0.913333
1919,0.346667
1920,0.656667
1921,0.796667
1922,0.63
1923,0.96
1924,0.806667
1925,0.746667
1926,0.693333
1927,0.403333
1928,0.676667
1929,0.446667
1930,0.756667
1931,0.603333
1932,0.883333
1933,0.753333
1934,0.6
1935,0.766667
1936,0.723333
1937,0.526667
1938,0.746667
1939,0.876667
1940,0.93
1941,0.863333
1942,0.793333
1943,0.716667
1944,0.663333
1945,0.81
1946,0.683333
1947,0.853333
1948,0.683333
1949,0.16
1950,0.956667
1951,0.556667
1952,0.61
1953,0.586667
1954,0.54
1955,0.59
1956,0.746667
1957,0.473333
1958,0.876667
1959,0.966667
1960,0.91
1961,0.323333
1962,0.973333
1963,0.553333
1964,0.58
1965,0.766667
1966,0.313333
1967,0.853333
1968,0.93
1969,0.62
1970,0.313333
1971,0.623333
1972,0.626667
1973,0.576667
1974,0.64
1975,0.78
1976,0.663333
1977,0.856667
1978,0.85
1979,0.843333
1980,0.763333
1981,0.77
1982,0.66
1983,0.463333
1984,0.906667
1985,0.6
1986,0.833333
1987,0.966667
1988,0.763333
1989,0.746667
1990,0.796667
1991,0.486667
1992,0.79
1993,0.786667
1994,0.813333
1995,0.926667
1996,0.85
1997,0.696667
1998,0.903333
1999,0.636667
2000,0.806667
2001,0.78
2002,0.743333
2003,0.213333
2004,0.276667
2005,0.926667
2006,0.83
2007,0.63
2008,0.366667
2009,0.323333
2010,0.436667
2011,0.403333
2012,0.88
2013,0.686667
2014,0.483333
2015,0.26
2016,0.313333
2017,0.846667
2018,0.756667
2019,0.82
2020,0.81
2021,0.726667
2022,0.493333
2023,0.866667
2024,0.546667
2025,0.373333
2026,0.52
2027,0.776667
2028,0.646667
2029,0.9
2030,0.736667
2031,0.826667
2032,0.5
2033,0.86
2034,0.746667
2035,0.626667
2036,0.546667
2037,0.693333
2038,0.823333
2039,0.926667
2040,0.766667
2041,0.566667
2042,0.75
2043,0.95
2044,0.94
2045,0.653333
2046,0.486667
2047,0.69
2048,0.713333
2049,0.602667
2050,0.486667
2051,0.7
2052,0.633333
2053,0.783333
2054,0.73
2055,0.896667
2056,0.726667
2057,0.623333
2058,0.87
2059,0.74
2060,0.956667
2061,0.713333
2062,0.616667
2063,0.553333
2064,0.753333
2065,0.876667
2066,0.56
2067,0.613333
2068,0.63
2069,0.8
2070,0.896667
2071,0.773333
2072,0.896667
2073,0.563333
2074,0.633333
2075,0.883333
2076,0.596667
2077,0.793333
2078,0.67
2079,0.806667
2080,0.88
2081,0.97
2082,0.76
2083,0.67
2084,0.606667
2085,0.816667
2086,0.98
2087,0.816667
2088,0.76
2089,0.603333
2090,0.54
2091,0.4
2092,0.946667
2093,0.803333
2094,0.73
2095,0.966667
2096,0.68
2097,0.73
2098,0.823333
2099,0.903333
2100,0.463333
2101,0.623333
2102,0.533333
2103,0.863333
2104,0.573333
2105,0.703333
2106,0.52
2107,0.986667
2108,0.426667
2109,0.726667
2110,0.476667
2111,0.82
2112,0.796667
2113,0.913333
2114,0.656667
2115,0.786667
2116,0.9
2117,0.603333
2118,0.91
2119,0.686667
2120,0.936667
2121,0.876667
2122,0.97
2123,0.9
2124,0.776667
2125,0.376667
2126,0.763333
2127,0.503333
2128,0.37
2129,0.986667
2130,0.603333
2131,0.27
2132,0.7
2133,0.79
2134,0.946667
2135,0.71
2136,0.906667
2137,0.676667
2138,0.933333
2139,0.656667
2140,0.886667
2141,0.463333
2142,0.716667
2143,0.8
2144,0.663333
2145,0.603333
2146,0.433333
2147,0.876667
2148,0.673333
2149,0.593333
2150,0.736667
2151,0.9
2152,0.606667
2153,0.913333
2154,0.64
2155,0.54
2156,0.48
2157,0.696667
2158,0.503333
2159,0.746667
2160,0.573333
2161,0.553333
2162,0.133333
2163,0.576667
2164,0.706667
2165,0.533333
2166,0.543333
2167,0.703333
2168,0.853333
2169,0.623333
2170,0.546667
2171,0.806667
2172,0.816667
2173,0.64
2174,0.51
2175,0.833333
2176,0.166667
2177,0.703333
2178,0.933333
2179,0.86
2180,0.833333
2181,0.49
2182,0.756667
2183,0.796667
2184,0.46
2185,0.876667
2186,0.836667
2187,0.576667
2188,0.536667
2189,0.72
2190,0.543333
2191,0.67
2192,0.47
2193,0.623333
2194,0.653333
2195,0.63
2196,0.966667
2197,0.67
2198,0.853333
2199,0.833333
2200,0.743333
2201,0.646667
2202,0.84
2203,0.776667
2204,0.56
2205,0.793333
2206,0.856667
2207,0.553333
2208,0.693333
2209,0.77
2210,0.723333
2211,0.896667
2212,0.696667
2213,0.763333
2214,0.99
2215,0.75
2216,0.646667
2217,0.94
2218,0.736667
2219,0.606667
2220,0.713333
2221,0.47
2222,0.643333
2223,0.816667
2224,0.896667
2225,0.49
2226,0.763333
2227,0.67
2228,0.536667
2229,0.406667
2230,0.616667
2231,0.713333
2232,0.513333
2233,0.306667
2234,0.346667
2235,0.44
2236,0.976667
2237,0.7
2238,0.773333
2239,0.396667
2240,0.61
2241,0.846667
2242,0.586667
2243,0.77
2244,0.813333
2245,0.843333
2246,0.56
2247,0.72
2248,0.863333
2249,0.903333
2250,0.526667
2251,0.646667
2252,0.92
2253,0.48
2254,0.82
2255,0.673333
2256,0.336667
2257,0.576667
2258,0.683333
2259,0.816667
2260,0.68
2261,0.153333
2262,0.25
2263,0.453333
2264,0.936667
2265,0.553333
2266,0.523333
2267,0.673333
2268,0.446667
2269,0.853333
2270,0.69
2271,0.916667
2272,0.453333
2273,0.756667
2274,0.683333
2275,0.81
2276,0.886667
2277,0.68
2278,0.523333
2279,0.753333
2280,0.846667
2281,0.8
2282,0.823333
2283,0.806667
2284,0.68
2285,0.54
2286,0.32
2287,0.906667
2288,0.656667
2289,0.556667
2290,0.74
2291,0.77
2292,0.546667
2293,0.85
2294,0.443333
2295,0.443333
2296,0.596667
2297,0.576667
2298,0.813333
2299,0.593333
2300,0.713333
2301,0.983333
2302,0.98
2303,0.65
2304,0.903333
2305,0.713333
2306,0.58
2307,0.513333
2308,0.54
2309,0.66
2310,0.713333
2311,0.226667
2312,0.853333
2313,0.213333
2314,0.89
2315,0.45
2316,0.9
2317,0.4
2318,0.886667
2319,0.903333
2320,0.406667
2321,0.91
2322,0.87
2323,0.686667
2324,0.87
2325,0.486667
2326,0.73
2327,0.403333
2328,0.69
2329,0.913333
2330,0.96
2331,0.646667
2332,0.773333
2333,0.72
2334,0.71
2335,0.686667
2336,0.963333
2337,0.743333
2338,0.29
2339,0.89
2340,0.8
2341,0.456667
2342,0.653333
2343,0.543333
2344,0.82
2345,0.853333
2346,0.833333
2347,0.806667
2348,0.783333
2349,0.556667
2350,0.346667
2351,0.893333
2352,0.85
2353,0.776667
2354,0.766667
2355,0.66
2356,0.71
2357,0.68
2358,0.746667
2359,0.956667
2360,0.623333
2361,0.72
2362,0.753333
2363,0.72
2364,0.813333
2365,0.74
2366,0.666667
2367,0.59
2368,0.796667
2369,0.713333
2370,0.733333
2371,0.7
2372,0.876667
2373,0.62
2374,0.596667
2375,0.696667
2376,0.273333
2377,0.55
2378,0.523333
2379,0.693333
2380,0.546667
2381,0.52
2382,0.886667
2383,0.946667
2384,0.796667
2385,0.91
2386,0.81
2387,0.81
2388,0.856667
2389,0.963333
2390,0.576667
2391,0.926667
2392,0.8
2393,0.846667
2394,0.8
2395,0.773333
2396,0.733333
2397,0.646667
2398,0.936667
2399,0.613333
2400,0.883333
2401,0.866667
2402,0.6
2403,0.706667
2404,0.85
2405,0.913333
2406,0.82
2407,0.75
2408,0.583333
2409,0.71
2410,0.923333
2411,0.876667
2412,0.623333
2413,0.59
2414,0.743333
2415,0.916667
2416,0.896667
2417,0.793333
2418,0.513333
2419,0.776667
2420,0.71
2421,0.936667
2422,0.833333
2423,0.69
2424,0.456667
2425,0.89
2426,0.75
2427,0.603333
2428,0.873333
2429,0.726667
2430,0.923333
2431,0.65
2432,0.92
2433,0.746667
2434,0.793333
2435,0.463333
2436,0.466667
2437,0.486667
2438,0.746667
2439,0.806667
2440,0.766667
2441,0.826667
2442,0.706667
2443,0.893333
2444,0.813333
2445,0.47
2446,0.66
2447,0.74
2448,0.75
2449,0.766667
2450,0.82
2451,0.68
2452,0.806667
2453,0.686667
2454,0.796667
2455,0.6
2456,0.84
2457,0.973333
2458,0.94
2459,0.673333
2460,0.673333
2461,0.64
2462,0.51
2463,0.36
2464,0.746667
2465,0.713333
2466,0.556667
2467,0.75
2468,0.56
2469,0.676667
2470,0.91
2471,0.633333
2472,0.9
2473,0.49
2474,0.486667
2475,0.77
2476,0.94
2477,0.833333
2478,0.413333
2479,0.783333
2480,0.64
2481,0.433333
2482,0.66
2483,0.633333
2484,0.746667
2485,0.62
2486,0.876667
2487,0.67
2488,0.806667
2489,0.706667
2490,0.826667
2491,0.69
2492,0.416667
2493,0.88
2494,0.45
2495,0.806667
2496,0.79
2497,0.956667
2498,0.726667
2499,0.816667
2500,0.726667
2501,0.453333
2502,0.52
2503,0.92
2504,0.363333
2505,0.493333
2506,0.82
2507,0.55
2508,0.603333
2509,0.426667
2510,0.75
2511,0.79
2512,0.78
2513,0.733333
2514,0.466667
2515,0.596667
2516,0.716667
2517,0.726667
2518,0.583333
2519,0.92
2520,0.553333
2521,0.676667
2522,0.603333
2523,0.86
2524,0.97
2525,0.566667
2526,0.683333
2527,0.683333
2528,0.53
2529,0.713333
2530,0.46
2531,0.743333
2532,0.783333
2533,0.67
2534,0.586667
2535,0.603333
2536,0.79
2537,0.6
2538,0.64
2539,0.63
2540,0.483333
2541,0.57
2542,0.61
2543,0.643333
2544,0.796667
2545,0.53
2546,0.733333
2547,0.806667
2548,0.443333
2549,0.863333
2550,0.58
2551,0.773333
2552,0.726667
2553,0.49
2554,0.73
2555,0.636667
2556,0.783333
2557,0.616667
2558,0.703333
2559,0.78
2560,0.743333
2561,0.85
2562,0.523333
2563,0.873333
2564,0.696667
2565,0.81
2566,0.623333
2567,0.733333
2568,0.626667
2569,0.753333
2570,0.83
2571,0.62
2572,0.776667
2573,0.473333
2574,0.516667
2575,0.776667
2576,0.653333
2577,0.77
2578,0.53
2579,0.73
2580,0.563333
2581,0.763333
2582,0.83
2583,0.78
2584,0.486667
2585,0.92
2586,0.933333
2587,0.66
2588,0.703333
2589,0.883333
2590,0.67
2591,0.686667
2592,0.51
2593,0.486667
2594,0.82
2595,0.953333
2596,0.42
2597,0.616667
2598,0.783333
2599,0.833333
2600,0.763333
2601,0.646667
2602,0.57
2603,0.82
2604,0.73
2605,0.64
2606,0.543333
2607,0.643333
2608,0.496667
2609,0.91
2610,0.326667
2611,0.826667
2612,0.513333
2613,0.686667
2614,0.58
2615,0.77
2616,0.866667
2617,0.623333
2618,0.74
2619,0.79
2620,0.666667
2621,0.596667
2622,0.74
2623,0.746667
2624,0.43
2625,0.496667
2626,0.53
2627,0.596667
2628,0.98
2629,0.91
2630,0.696667
2631,0.72
2632,0.86
2633,0.823333
2634,0.54
2635,0.41
2636,0.516667
2637,0.866667
2638,0.696667
2639,0.973333
2640,0.57
2641,0.513333
2642,0.876667
2643,0.683333
2644,0.526667
2645,0.96
2646,0.84
2647,0.573333
2648,0.653333
2649,0.763333
2650,0.846667
2651,0.79
2652,0.586667
2653,0.98
2654,0.826667
2655,0.896667
2656,0.616667
2657,0.42
2658,0.786667
2659,0.846667
2660,0.67
2661,0.886667
2662,0.606667
2663,0.78
2664,0.65
2665,0.833333
2666,0.956667
2667,0.55
2668,0.613333
2669,0.746667
2670,0.696667
2671,0.913333
2672,0.733333
2673,0.38
2674,0.683333
2675,0.666667
2676,0.766667
2677,0.91
2678,0.943333
2679,0.596667
2680,0.61
2681,0.7
2682,0.846667
2683,0.786667
2684,0.813333
2685,0.73
2686,0.666667
2687,0.75
2688,0.556667
2689,0.836667
2690,0.643333
2691,0.653333
2692,0.463333
2693,0.763333
2694,0.56
2695,0.783333
2696,0.423333
2697,0.826667
2698,0.876667
2699,0.8
2700,0.753333
2701,0.746667
2702,0.673333
2703,0.71
2704,0.386667
2705,0.85
2706,0.76
2707,0.913333
2708,0.79
2709,0.753333
2710,0.863333
2711,0.756667
2712,0.82
2713,0.683333
2714,0.956667
2715,0.776667
2716,0.603333
2717,0.52
2718,0.296667
2719,0.85
2720,0.383333
2721,0.886667
2722,0.763333
2723,0.89
2724,0.846667
2725,0.863333
2726,0.84
2727,0.82
2728,0.546667
2729,0.52
2730,0.4
2731,0.803333
2732,0.8
2733,0.823333
2734,0.93
2735,0.686667
2736,0.826667
2737,0.596667
2738,0.89
2739,0.48
2740,0.966667
2741,0.576667
2742,0.463333
2743,0.856667
2744,0.94
2745,0.826667
2746,0.75
2747,0.716667
2748,0.913333
2749,0.656667
2750,0.75
2751,0.956667
2752,0.923333
2753,0.49
2754,0.77
2755,0.573333
2756,0.683333
2757,0.65
2758,0.796667
2759,0.63
2760,0.613333
2761,0.766667
2762,0.41
2763,0.643333
2764,0.74
2765,0.353333
2766,0.8
2767,0.69
2768,0.553333
2769,0.743333
2770,0.622
2771,0.686667
2772,0.57
2773,0.84
2774,0.803333
2775,0.923333
2776,0.893333
2777,0.906667
2778,0.703333
2779,0.703333
2780,0.88
2781,0.72
2782,0.796667
2783,0.773333
2784,0.593333
2785,0.906667
2786,0.82
2787,0.9
2788,0.613333
2789,0.636667
2790,0.566667
2791,0.41
2792,0.94
2793,0.636667
2794,0.45
2795,0.783333
2796,0.603333
2797,0.936667
2798,0.96
2799,0.973333
2800,0.563333
2801,0.606667
2802,0.6
2803,0.736667
2804,0.61
2805,0.843333
2806,0.843333
2807,0.786667
2808,0.986667
2809,0.853333
2810,0.93
2811,0.701913
2812,0.843333
2813,0.976667
2814,0.943333
2815,0.64
2816,0.66
2817,0.636667
2818,0.846667
2819,0.646667
2820,0.54
2821,0.513333
2822,0.793333
2823,0.773333
2824,0.75
2825,0.79
2826,0.55
2827,0.95
2828,0.926667
2829,0.61
2830,0.783333
2831,0.886667
2832,0.8
2833,0.673333
2834,0.666667
2835,0.696667
2836,0.893333
2837,0.51
2838,0.906667
2839,0.783333
2840,0.956667
2841,0.883333
2842,0.733333
2843,0.346667
2844,0.673333
2845,0.366667
2846,0.673333
2847,0.836667
2848,0.75
2849,0.83
2850,0.68
2851,0.38
2852,0.693333
2853,0.87
2854,0.873333
2855,0.62
2856,0.71
2857,0.746667
2858,0.696667
2859,0.6
2860,0.893333
2861,0.806667
2862,0.413333
2863,0.57
2864,0.773333
2865,0.706667
2866,0.696667
2867,0.613333
2868,0.883333
2869,0.696667
2870,0.6
2871,0.433333
2872,0.656667
2873,0.83
2874,0.81
2875,0.78
2876,0.703333
2877,0.94
2878,0.983333
2879,0.67
2880,0.776667
2881,0.743333
2882,0.756667
2883,0.793333
2884,0.816667
2885,0.636667
2886,0.89
2887,0.776667
2888,0.396667
2889,0.63
2890,0.816667
2891,0.843333
2892,0.816667
2893,0.766667
2894,0.63
2895,0.766667
2896,0.81
2897,0.546667
2898,0.8
2899,0.95
2900,0.826667
2901,0.86
2902,0.82
2903,0.503333
2904,0.54
2905,0.92
2906,0.646667
2907,0.72
2908,0.796667
2909,0.786667
2910,0.61
2911,0.57
2912,0.566667
2913,0.766667
2914,0.626667
2915,0.52
2916,0.846667
2917,0.806667
2918,0.683333
2919,0.91
2920,0.653333
2921,0.74
2922,0.366667
2923,0.713333
2924,0.426667
2925,0.943333
2926,0.73
2927,0.776667
2928,0.61
2929,0.613333
2930,0.466667
2931,0.613333
2932,0.566667
2933,0.696667
2934,0.636667
2935,0.386667
2936,0.913333
2937,0.856667
2938,0.613333
2939,0.723333
2940,0.936667
2941,0.93
2942,0.433333
2943,0.56
2944,0.833333
2945,0.816667
2946,0.76
2947,0.656667
2948,0.916667
2949,0.5
2950,0.706667
2951,0.706667
2952,0.866667
2953,0.65
2954,0.8
2955,0.79
2956,0.966667
2957,0.846667
2958,0.506667
2959,0.706667
2960,0.92
2961,0.816667
2962,0.676667
2963,0.863333
2964,0.456667
2965,0.78
2966,0.783333
2967,0.75
2968,0.63
2969,0.563333
2970,0.576667
2971,0.796667
2972,0.866667
2973,0.783333
2974,0.683333
2975,0.86
2976,0.623333
2977,0.643333
2978,0.82
2979,0.826667
2980,0.883333
2981,0.826667
2982,0.96
2983,0.613333
2984,0.59
2985,0.74
2986,0.696667
2987,0.94
2988,0.813333
2989,0.41
2990,0.683333
2991,0.71
2992,0.89
2993,0.586667
2994,0.783333
2995,0.786667
2996,0.796667
2997,0.73
2998,0.856667
2999,0.88
3000,0.7
3001,0.723333
3002,0.718889
3003,0.51
3004,0.753333
3005,0.903333
3006,0.746667
3007,0.836667
3008,0.813333
3009,0.806667
3010,0.963333
3011,0.76
3012,0.85
3013,0.733333
3014,0.836667
3015,0.866667
3016,0.273333
3017,0.883333
3018,0.553333
3019,0.973333
3020,0.59
3021,0.816667
3022,0.926667
3023,0.706667
3024,0.706667
3025,0.69
3026,0.773333
3027,0.873333
3028,0.856667
3029,0.25
3030,0.63
3031,0.91
3032,0.573333
3033,0.78
3034,0.603333
3035,0.743333
3036,0.606667
3037,0.433333
3038,0.61
3039,0.746667
3040,0.69
3041,0.746667
3042,0.733333
3043,0.72
3044,0.616667
3045,0.663333
3046,0.79
3047,0.733333
3048,0.776667
3049,0.47
3050,0.54
3051,0.443333
3052,0.77
3053,0.766667
3054,0.776667
3055,0.946667
3056,0.94
3057,0.686667
3058,0.65
3059,0.656667
3060,0.843333
3061,0.713333
3062,0.8
3063,0.53
3064,0.686667
3065,0.956667
3066,0.76
3067,0.91
3068,0.9
3069,0.676667
3070,0.416667
3071,0.883333
3072,0.853333
3073,0.796667
3074,0.726667
3075,0.426667
3076,0.73
3077,0.673333
3078,0.77
3079,0.733333
3080,0.606667
3081,0.283333
3082,0.646667
3083,0.866667
3084,0.906667
3085,0.683333
3086,0.926667
3087,0.573333
3088,0.66
3089,0.486667
3090,0.89
3091,0.67
3092,0.676667
3093,0.49
3094,0.67
3095,0.333333
3096,0.166667
3097,0.693333
3098,0.903333
3099,0.44
3100,0.603333
3101,0.61
3102,0.856667
3103,0.683333
3104,0.85
3105,0.86
3106,0.743333
3107,0.603333
3108,0.47
3109,0.623333
3110,0.543333
3111,0.713333
3112,0.583333
3113,0.923333
3114,0.933333
3115,0.66
3116,0.633333
3117,0.76
3118,0.583333
3119,0.67
3120,0.636667
3121,0.736667
3122,0.463333
3123,0.723333
3124,0.326667
3125,0.836667
3126,0.89
3127,0.816667
3128,0.693333
3129,0.93
3130,0.833333
3131,0.616667
3132,0.696667
3133,0.43
3134,0.82
3135,0.7
3136,0.593333
3137,0.443333
3138,0.783333
3139,0.973333
3140,0.656667
3141,0.696667
3142,0.523333
3143,0.633333
3144,0.64
3145,0.75
3146,0.776667
3147,0.76
3148,0.983333
3149,0.65
3150,0.946667
3151,0.143333
3152,0.813333
3153,0.716667
3154,0.893333
3155,0.88
3156,0.953333
3157,0.756667
3158,0.836667
3159,0.64
3160,0.916667
3161,0.423333
3162,0.763333
3163,0.933333
3164,0.45
3165,0.92
3166,0.73
3167,0.993333
3168,0.676667
3169,0.82
3170,0.57
3171,0.736667
3172,0.686667
3173,0.83
3174,0.786667
3175,0.35
3176,0.62
3177,0.503333
3178,0.49
3179,0.906667
3180,0.57
3181,0.543333
3182,0.246667
3183,0.916667
3184,0.88
3185,0.81
3186,0.856667
3187,0.943333
3188,0.856667
3189,0.426667
3190,0.613333
3191,0.71
3192,0.966667
3193,0.763333
3194,0.696667
3195,0.906667
3196,0.77
3197,0.486667
3198,0.836667
3199,0.826667
3200,0.756667
3201,0.59
3202,0.833333
3203,0.876667
3204,0.943333
3205,0.926667
3206,0.433333
3207,0.78
3208,0.74
3209,0.916667
3210,0.84
3211,0.886667
3212,0.738889
3213,0.71
3214,0.62
3215,0.523333
3216,0.466667
3217,0.576667
3218,0.72
3219,0.983333
3220,0.516667
3221,0.756667
3222,0.413333
3223,0.613333
3224,0.666667
3225,0.95
3226,0.423333
3227,0.856667
3228,0.73
3229,0.843333
3230,0.676667
3231,0.58
3232,0.583333
3233,0.64
3234,0.833333
3235,0.956667
3236,0.536667
3237,0.771111
3238,0.893333
3239,0.6
3240,0.65
3241,0.503333
3242,0.673333
3243,0.786667
3244,0.796667
3245,0.466667
3246,0.56
3247,0.86
3248,0.663333
3249,0.663333
3250,0.813333
3251,0.98
3252,0.743333
3253,0.543333
3254,0.936667
3255,0.98
3256,0.67
3257,0.743333
3258,0.876667
3259,0.68
3260,0.676667
3261,0.783333
3262,0.583333
3263,0.953333
3264,0.736667
3265,0.873333
3266,0.466667
3267,0.846667
3268,0.843333
3269,0.76
3270,0.983333
3271,0.783333
3272,0.98
3273,0.53
3274,0.656667
3275,0.563333
3276,0.56
3277,0.346667
3278,0.823333
3279,0.303333
3280,0.57
3281,0.646667
3282,0.96
3283,0.656667
3284,0.41
3285,0.746667
3286,0.97
3287,0.84
3288,0.7
3289,0.55
3290,0.5
3291,0.88
3292,0.863333
3293,0.38
3294,0.666667
3295,0.76
3296,0.763333
3297,0.946667
3298,0.663333
3299,0.933333
3300,0.736667
3301,0.89
3302,0.813333
3303,0.633333
3304,0.703333
3305,0.753333
3306,0.766667
3307,0.186667
3308,0.863333
3309,0.793333
3310,0.826667
3311,0.583333
3312,0.8
3313,0.896667
3314,0.606667
3315,0.42
3316,0.756667
3317,0.78
3318,0.713333
3319,0.606667
3320,0.816667
3321,0.903333
3322,0.53
3323,0.866667
3324,0.916667
3325,0.666667
3326,0.7
3327,0.776667
3328,0.763333
3329,0.696667
3330,0.72
3331,0.853333
3332,0.55
3333,0.446667
3334,0.863333
3335,0.516667
3336,0.736667
3337,0.666667
3338,0.596667
3339,0.703333
3340,0.6
3341,0.946667
3342,0.916667
3343,0.893333
3344,0.763333
3345,0.793333
3346,0.903333
3347,0.73
3348,0.883333
3349,0.646667
3350,0.893333
3351,0.653333
3352,0.65
3353,0.83
3354,0.79
3355,0.77
3356,0.663333
3357,0.616667
3358,0.78
3359,0.863333
3360,0.613333
3361,0.913333
3362,0.546667
3363,0.99
3364,0.886667
3365,0.52
3366,0.623333
3367,0.68
3368,0.683333
3369,0.983333
3370,0.723333
3371,0.543333
3372,0.273333
3373,0.71
3374,0.573333
3375,0.67
3376,0.713333
3377,0.65
3378,0.693333
3379,0.77
3380,0.713333
3381,0.506667
3382,0.756667
3383,0.923333
3384,0.766667
3385,0.783333
3386,0.81
3387,0.62
3388,0.856667
3389,0.456667
3390,0.33
3391,0.87
3392,0.983333
3393,0.89
3394,0.756667
3395,0.773333
3396,0.893333
3397,0.72
3398,0.84
3399,0.936667
3400,0.986667
3401,0.8
3402,0.63
3403,0.67
3404,0.883333
3405,0.956667
3406,0.833333
3407,0.43
3408,0.726667
3409,0.633333
3410,0.67
3411,0.67
3412,0.636667
3413,0.823333
3414,0.806667
3415,0.666667
3416,0.696667
3417,0.706667
3418,0.736667
3419,0.813333
3420,0.33
3421,0.716667
3422,0.906667
3423,0.843333
3424,0.773333
3425,0.553333
3426,0.783333
3427,0.846667
3428,0.226667
3429,0.766667
3430,0.433333
3431,0.616667
3432,0.683333
3433,0.853333
3434,0.68
3435,0.73
3436,0.806667
3437,0.48
3438,0.613333
3439,0.703333
3440,0.83
3441,0.613333
3442,0.743333
3443,0.543333
3444,0.403333
3445,0.546667
3446,0.85
3447,0.66
3448,0.63
3449,0.666667
3450,0.793333
3451,0.93
3452,0.606667
3453,0.92
3454,0.626667
3455,0.496667
3456,0.683333
3457,0.853333
3458,0.916667
3459,0.923333
3460,0.656667
3461,0.67
3462,0.273333
3463,0.873333
3464,0.693333
3465,0.85
3466,0.943333
3467,0.213333
3468,0.8
3469,0.866667
3470,0.816667
3471,0.633333
3472,0.746667
3473,0.56
3474,0.836667
3475,0.446667
3476,0.763333
3477,0.703333
3478,0.93
3479,0.526667
3480,0.646667
3481,0.673333
3482,0.733333
3483,0.616667
3484,0.88
3485,0.636667
3486,0.576667
3487,0.77
3488,0.82
3489,0.823333
3490,0.643333
3491,0.676667
3492,0.423333
3493,0.57
3494,0.66
3495,0.94
3496,0.576667
3497,0.92
3498,0.933333
3499,0.843333
3500,0.753333
3501,0.653333
3502,0.846667
3503,0.936667
3504,0.773333
3505,0.43
3506,0.903333
3507,0.683333
3508,0.703333
3509,0.57
3510,0.916667
3511,0.653333
3512,0.523333
3513,0.79
3514,0.736667
3515,0.696667
3516,0.796667
3517,0.53
3518,0.496667
3519,0.456667
3520,0.663333
3521,0.803333
3522,0.966667
3523,0.896667
3524,0.686667
3525,0.566667
3526,0.9
3527,0.543333
3528,0.79
3529,0.676667
3530,0.87
3531,0.606667
3532,0.903333
3533,0.923333
3534,0.676667
3535,0.51
3536,0.806667
3537,0.886667
3538,0.603333
3539,0.433333
3540,0.92
3541,0.43
3542,0.803333
3543,0.756667
3544,0.786667
3545,0.863333
3546,0.356667
3547,0.846667
3548,0.816667
3549,0.91
3550,0.753333
3551,0.793333
3552,0.746667
3553,0.3
3554,0.886667
3555,0.966667
3556,0.89
3557,0.673333
3558,0.413333
3559,0.77
3560,0.55
3561,0.646667
3562,0.836667
3563,0.76
3564,0.733333
3565,0.736667
3566,0.936667
3567,0.796667
3568,0.753333
3569,0.773333
3570,0.553333
3571,0.63
3572,0.633333
3573,0.276667
3574,0.76
3575,0.926667
3576,0.736667
3577,0.706667
3578,0.593333
3579,0.566667
3580,0.95
3581,0.953333
3582,0.766667
3583,0.83
3584,0.533333
3585,0.973333
3586,0.353333
3587,0.936667
3588,0.62
3589,0.296667
3590,0.69
3591,0.746667
3592,0.376667
3593,0.806667
3594,0.396667
3595,0.883333
3596,0.903333
3597,0.57
3598,0.666667
3599,0.796667
3600,0.943333
3601,0.916667
3602,0.7
3603,0.68
3604,0.52
3605,0.886667
3606,0.776667
3607,0.796667
3608,0.586667
3609,0.57
3610,0.846667
3611,0.96
3612,0.796667
3613,0.606667
3614,0.736667
3615,0.713333
3616,0.593333
3617,0.43
3618,0.74
3619,0.756667
3620,0.873333
3621,0.98
3622,0.913333
3623,0.73
3624,0.77
3625,0.67
3626,0.693333
3627,0.84
3628,0.603333
3629,0.126667
3630,0.776667
3631,0.843333
3632,0.443333
3633,0.91
3634,0.583333
3635,0.63
3636,0.94
3637,0.846667
3638,0.903333
3639,0.646667
3640,0.783333
3641,0.666667
3642,0.66
3643,0.796667
3644,0.33
3645,0.86
3646,0.82
3647,0.836667
3648,0.676667
3649,0.836667
3650,0.533333
3651,0.94
3652,0.716667
3653,0.433333
3654,0.923333
3655,0.493333
3656,0.49
3657,0.943333
3658,0.743333
3659,0.863333
3660,0.91
3661,0.676667
3662,0.923333
3663,0.596667
3664,0.29
3665,0.51
3666,0.743333
3667,0.666667
3668,0.86
3669,0.833333
3670,0.786667
3671,0.37
3672,0.806667
3673,0.336667
3674,0.53
3675,0.82
3676,0.786667
3677,0.703333
3678,0.586667
3679,0.536667
3680,0.65
3681,0.913333
3682,0.573333
3683,0.63
3684,0.91
3685,0.546667
3686,0.61
3687,0.646667
3688,0.79
3689,0.46
3690,0.42
3691,0.983333
3692,0.4
3693,0.853333
3694,0.586667
3695,0.746667
3696,0.853333
3697,0.603333
3698,0.75
3699,0.776667
3700,0.81
3701,0.57
3702,0.966667
3703,0.6
3704,0.586667
3705,0.73
3706,0.736667
3707,0.933333
3708,0.6
3709,0.95
3710,0.433333
3711,0.25
3712,0.713333
3713,0.62
3714,0.78
3715,0.943333
3716,0.763333
3717,0.646667
3718,0.843333
3719,0.86
3720,0.71
3721,0.583333
3722,0.783333
3723,0.696667
3724,0.67
3725,0.85
3726,0.823333
3727,0.67
3728,0.903333
3729,0.61
3730,0.693333
3731,0.81
3732,0.783333
3733,0.76
3734,0.76
3735,0.79
3736,0.553333
3737,0.943333
3738,0.66
3739,0.6
3740,0.95
3741,0.62
3742,0.663333
3743,0.86
3744,0.606667
3745,0.87
3746,0.953333
3747,0.653333
3748,0.6
3749,0.913333
3750,0.753333
3751,0.67
3752,0.813333
3753,0.61
3754,0.673333
3755,0.4
3756,0.796667
3757,0.75
3758,0.666667
3759,0.76
3760,0.793333
3761,0.653333
3762,0.48
3763,0.923333
3764,0.66
3765,0.896667
3766,0.543333
3767,0.736667
3768,0.863333
3769,0.74
3770,0.606667
3771,0.66
3772,0.926667
3773,0.72
3774,0.926667
3775,0.936667
3776,0.943333
3777,0.583333
3778,0.61
3779,0.466667
3780,0.89
3781,0.37
3782,0.593333
3783,0.773333
3784,0.766667
3785,0.833333
3786,0.656667
3787,0.853333
3788,0.416667
3789,0.88
3790,0.513333
3791,0.96
3792,0.803333
3793,0.693333
3794,0.646667
3795,0.913333
3796,0.786667
3797,0.636667
3798,0.603333
3799,0.713333
3800,0.783333
3801,0.66
3802,0.733333
3803,0.453333
3804,0.576667
3805,0.6
3806,0.636667
3807,0.916667
3808,0.83
3809,0.68
3810,0.913333
3811,0.77
3812,0.616667
3813,0.513333
3814,0.663333
3815,0.843333
3816,0.226667
3817,0.55
3818,0.896667
3819,0.643333
3820,0.766667
3821,0.703333
3822,0.743333
3823,0.84
3824,0.436667
3825,0.846667
3826,0.706667
3827,0.696667
3828,0.78
3829,0.9
3830,0.94
3831,0.68
3832,0.803333
3833,0.85
3834,0.606667
3835,0.783333
3836,0.746667
3837,0.68
3838,0.856667
3839,0.64
3840,0.816667
3841,0.886667
3842,0.526667
3843,0.643333
3844,0.806667
3845,0.706667
3846,0.773333
3847,0.963333
3848,0.67
3849,0.93
3850,0.746667
3851,0.506667
3852,0.906667
3853,0.533333
3854,0.69
3855,0.623333
3856,0.886667
3857,0.89
3858,0.506667
3859,0.666667
3860,0.756667
3861,0.296667
3862,0.463333
3863,0.683333
3864,0.836667
3865,0.973333
3866,0.45
3867,0.98
3868,0.706667
3869,0.736667
3870,0.74
3871,0.546667
3872,0.626667
3873,0.513333
3874,0.7
3875,0.373333
3876,0.57
3877,0.53
3878,0.963333
3879,0.74
3880,0.78
3881,0.723333
3882,0.556667
3883,0.626667
3884,0.55
3885,0.643333
3886,0.873333
3887,0.733333
3888,0.516667
3889,0.936667
3890,0.753333
3891,0.55
3892,0.673333
3893,0.853333
3894,0.42
3895,0.773333
3896,0.326667
3897,0.916667
3898,0.843333
3899,0.843333
3900,0.77
3901,0.716667
3902,0.82
3903,0.53
3904,0.62
3905,0.856667
3906,0.73
3907,0.586667
3908,0.93
3909,0.9
3910,0.753333
3911,0.69
3912,0.73
3913,0.696667
3914,0.226667
3915,0.44
3916,0.813333
3917,0.7
3918,0.71
3919,0.653333
3920,0.603333
3921,0.816667
3922,0.39
3923,0.736667
3924,0.66
3925,0.686667
3926,0.71
3927,0.646667
3928,0.79
3929,0.736667
3930,0.61
3931,0.563333
3932,0.503333
3933,0.983333
3934,0.793333
3935,0.63
3936,0.623333
3937,0.95
3938,0.836667
3939,0.806667
3940,0.643333
3941,0.956667
3942,0.87
3943,0.58
3944,0.893333
3945,0.936667
3946,0.836667
3947,0.72
3948,0.716667
3949,0.973333
3950,0.443333
3951,0.73
3952,0.686667
3953,0.66
3954,0.433333
3955,0.813333
3956,0.55
3957,0.476667
3958,0.736667
3959,0.493333
3960,0.676667
3961,0.876667
3962,0.716667
3963,0.593333
3964,0.956667
3965,0.756667
3966,0.543333
3967,0.953333
3968,0.753333
3969,0.593333
3970,0.503333
3971,0.396667
3972,0.823333
3973,0.673333
3974,0.706667
3975,0.8
3976,0.853333
3977,0.83
3978,0.71
3979,0.803333
3980,0.75
3981,0.753333
3982,0.433333
3983,0.736667
3984,0.596667
3985,0.906667
3986,0.92
3987,0.833333
3988,0.763333
3989,0.893333
3990,0.503333
3991,0.78
3992,0.5
3993,0.843333
3994,0.626667
3995,0.96
3996,0.76
3997,0.596667
3998,0.203333
3999,0.736667
4000,0.583333
4001,0.61
4002,0.893333
4003,0.393333
4004,0.78
4005,0.813333
4006,0.27
4007,0.743333
4008,0.82
4009,0.586667
4010,0.913333
4011,0.856667
4012,0.73
4013,0.446667
4014,0.516667
4015,0.88
4016,0.729218
4017,0.486667
4018,0.71
4019,0.77
4020,0.763333
4021,0.863333
4022,0.813333
4023,0.726667
4024,0.94
4025,0.61
4026,0.976667
4027,0.793333
4028,0.733333
4029,0.703333
4030,0.763333
4031,0.693333
4032,0.893333
4033,0.966667
4034,0.56
4035,0.66
4036,0.396667
4037,0.886667
4038,0.913333
4039,0.543333
4040,0.726667
4041,0.653333
4042,0.543333
4043,0.6
4044,0.78
4045,0.36
4046,0.733333
4047,0.913333
4048,0.796667
4049,0.826667
4050,0.8
4051,0.733333
4052,0.523333
4053,0.85
4054,0.916667
4055,0.896667
4056,0.37
4057,0.573333
4058,0.553333
4059,0.423333
4060,0.773333
4061,0.91
4062,0.7
4063,0.65
4064,0.653333
4065,0.61
4066,0.723333
4067,0.2
4068,0.833333
4069,0.716667
4070,0.93
4071,0.843333
4072,0.676667
4073,0.566667
4074,0.336667
4075,0.183333
4076,0.793333
4077,0.846667
4078,0.833333
4079,0.41
4080,0.333333
4081,0.953333
4082,0.446667
4083,0.81
4084,0.976667
4085,0.653333
4086,0.64
4087,0.62
4088,0.716667
4089,0.823333
4090,0.906667
4091,0.623333
4092,0.68
4093,0.87
4094,0.97
4095,0.836667
4096,0.833333
4097,0.643333
4098,0.653333
4099,0.766667
4100,0.896667
4101,0.753333
4102,0.833333
4103,0.68
4104,0.69
4105,0.853333
4106,0.90957
4107,0.733333
4108,0.846667
4109,0.586667
4110,0.683333
4111,0.903333
4112,0.906667
4113,0.656667
4114,0.916667
4115,0.77
4116,0.83
4117,0.813333
4118,0.85
4119,0.57
4120,0.48
4121,0.66
4122,0.68
4123,0.526667
4124,0.26
4125,0.893333
4126,0.696667
4127,0.853333
4128,0.51
4129,0.69
4130,0.813333
4131,0.366667
4132,0.863333
4133,0.58
4134,0.61
4135,0.47
4136,0.876667
4137,0.676667
4138,0.73
4139,0.76
4140,0.886667
4141,0.8
4142,0.736667
4143,0.553333
4144,0.63
4145,0.796667
4146,0.61
4147,0.87
4148,0.733333
4149,0.57
4150,0.86
4151,0.97
4152,0.563333
4153,0.923333
4154,0.723333
4155,0.873333
4156,0.723333
4157,0.666667
4158,0.653333
4159,0.57
4160,0.84
4161,0.966667
4162,0.916667
4163,0.74
4164,0.636667
4165,0.656667
4166,0.543333
4167,0.92
4168,0.726667
4169,0.493333
4170,0.776667
4171,0.713333
4172,0.776667
4173,0.706667
4174,0.96
4175,0.58
4176,0.556667
4177,0.756667
4178,0.783333
4179,0.766667
4180,0.966667
4181,0.496667
4182,0.82
4183,0.44
4184,1.0
4185,0.903333
4186,0.75
4187,0.93
4188,0.7
4189,0.61
4190,0.716667
4191,0.903333
4192,0.35
4193,0.97
4194,0.606667
4195,0.65
4196,0.973333
4197,0.383333
4198,0.676667
4199,0.806667
4200,0.91
4201,0.506667
4202,0.543333
4203,0.97
4204,0.833333
4205,0.766667
4206,0.763333
4207,0.826667
4208,0.883333
4209,0.77
4210,0.77
4211,0.88
4212,0.636667
4213,0.876667
4214,0.92
4215,0.613333
4216,0.923333
4217,0.64
4218,0.846667
4219,0.773333
4220,0.64
4221,0.743333
4222,0.96
4223,0.516667
4224,0.696667
4225,0.65
4226,0.772551
4227,0.61
4228,0.873333
4229,0.54
4230,0.776667
4231,0.87
4232,0.9
4233,0.85
4234,0.543333
4235,0.903333
4236,0.753333
4237,0.61
4238,0.976667
4239,0.826667
4240,0.74
4241,0.656667
4242,0.87
4243,0.546667
4244,0.673333
4245,0.646667
4246,0.676667
4247,0.64
4248,0.903333
4249,0.513333
4250,0.826667
4251,0.603333
4252,0.356667
4253,0.693333
4254,0.776667
4255,0.94
4256,0.663333
4257,0.77
4258,0.966667
4259,0.8
4260,0.933333
4261,0.533333
4262,0.636667
4263,0.723333
4264,0.526667
4265,0.94
4266,0.606667
4267,0.256667
4268,0.863333
4269,0.916667
4270,0.75
4271,0.61
4272,0.716667
4273,0.76
4274,0.636667
4275,0.733333
4276,0.886667
4277,0.76
4278,0.663333
4279,0.296667
4280,0.756667
4281,0.706667
4282,0.973333
4283,0.786667
4284,0.76
4285,0.3
4286,0.7
4287,0.703333
4288,0.77
4289,0.946667
4290,0.863333
4291,0.863333
4292,0.626667
4293,0.623333
4294,0.74
4295,0.67
4296,0.636667
4297,0.783333
4298,0.376667
4299,0.863333
4300,0.563333
4301,0.93
4302,0.436667
4303,0.743333
4304,0.796667
4305,0.816667
4306,0.873333
4307,0.633333
4308,0.67
4309,0.946667
4310,0.786667
4311,0.866667
4312,0.613333
4313,0.813333
4314,0.913333
4315,0.7
4316,0.88
4317,0.776667
4318,0.76
4319,0.74
4320,0.52
4321,0.8
4322,0.916667
4323,0.65
4324,0.843333
4325,0.9
4326,0.863333
4327,0.353333
4328,0.823333
4329,0.57
4330,0.84
4331,0.61
4332,0.91
4333,0.593333
4334,0.776667
4335,0.503333
4336,0.676667
4337,0.12
4338,0.963333
4339,0.953333
4340,0.52
4341,0.826667
4342,0.836667
4343,0.936667
4344,0.863333
4345,0.576667
4346,0.643333
4347,0.57
4348,0.883333
4349,0.843333
4350,0.86
4351,0.72
4352,0.846667
4353,0.433333
4354,0.693333
4355,0.553333
4356,0.51
4357,0.676667
4358,0.843333
4359,0.933333
4360,0.7
4361,0.766667
4362,0.253333
4363,0.716667
4364,0.763333
4365,0.666667
4366,0.496667
4367,0.96
4368,0.54
4369,0.766667
4370,0.49
4371,0.86
4372,0.656667
4373,0.95
4374,0.57
4375,0.983333
4376,0.796667
4377,0.42
4378,0.6
4379,0.95
4380,0.796667
4381,0.573333
4382,0.813333
4383,0.85
4384,0.67
4385,0.613333
4386,0.68
4387,0.94
4388,0.606667
4389,0.865185
4390,0.93
4391,0.93
4392,0.656667
4393,0.573333
4394,0.906667
4395,0.766667
4396,0.69
4397,0.6
4398,0.72
4399,0.713333
4400,0.693333
4401,0.736667
4402,0.43
4403,0.743333
4404,0.963333
4405,0.426667
4406,0.896667
4407,0.9
4408,0.656667
4409,0.72
4410,0.633333
4411,0.93
4412,0.863333
4413,0.566667
4414,0.953333
4415,0.543333
4416,0.916667
4417,0.626667
4418,0.946667
4419,0.663333
4420,0.293333
4421,0.493333
4422,0.65
4423,0.863333
4424,0.863333
4425,0.706667
4426,0.97
4427,0.863333
4428,0.386667
4429,0.806667
4430,0.793333
4431,0.626667
4432,0.483333
4433,0.84
4434,0.653333
4435,0.473333
4436,0.896667
4437,0.71
4438,0.366667
4439,0.596667
4440,0.926667
4441,0.78
4442,0.656667
4443,0.973333
4444,0.873333
4445,0.72
4446,0.766667
4447,0.836667
4448,0.98
4449,0.296667
4450,0.816667
4451,0.67
4452,0.746667
4453,0.623333
4454,0.653333
4455,0.663333
4456,0.59
4457,0.893333
4458,0.496667
4459,0.933333
4460,0.766667
4461,0.66
4462,0.886667
4463,0.676667
4464,0.693333
4465,0.736667
4466,0.836667
4467,0.896667
4468,0.863333
4469,0.513333
4470,0.743333
4471,0.93
4472,0.6
4473,0.896667
4474,0.49
4475,0.913333
4476,0.806667
4477,0.723333
4478,0.643333
4479,0.683333
4480,0.193333
4481,0.546667
4482,0.493333
4483,0.573333
4484,0.633333
4485,0.88
4486,0.666667
4487,0.64
4488,0.74
4489,0.743333
4490,0.623333
4491,0.933333
4492,0.606667
4493,0.71
4494,0.87
4495,0.553333
4496,0.76
4497,0.983333
4498,0.706667
4499,0.65
4500,0.96
4501,0.296667
4502,0.773333
4503,0.936667
4504,0.593333
4505,0.51
4506,0.416667
4507,0.93
4508,0.896667
4509,0.856667
4510,0.816667
4511,0.66
4512,0.753333
4513,0.736667
4514,0.526667
4515,0.586667
4516,0.61
4517,0.623333
4518,0.743333
4519,0.61
4520,0.683333
4521,0.833333
4522,0.513333
4523,0.743333
4524,0.626667
4525,0.79
4526,0.946667
4527,0.976667
4528,0.756667
4529,0.53
4530,0.603333
4531,0.7
4532,0.996667
4533,0.906667
4534,0.59
4535,0.806667
4536,0.676667
4537,0.983333
4538,0.496667
4539,0.9
4540,0.65
4541,0.743333
4542,0.64
4543,0.83
4544,0.696667
4545,0.726667
4546,0.966667
4547,0.84
4548,0.68
4549,0.726667
4550,0.86
4551,0.593333
4552,0.546667
4553,0.94
4554,0.73
4555,0.976667
4556,0.603333
4557,0.5
4558,0.703333
4559,0.923333
4560,0.75
4561,0.763333
4562,0.86
4563,0.84
4564,0.71
4565,0.783333
4566,0.673333
4567,0.76
4568,0.703333
4569,0.81
4570,0.973333
4571,0.353333
4572,0.68
4573,0.943333
4574,0.963333
4575,0.793333
4576,0.77
4577,0.806667
4578,0.97
4579,0.64
4580,0.636667
4581,0.77
4582,0.593333
4583,0.75
4584,0.753333
4585,0.683333
4586,0.913333
4587,0.836667
4588,0.783333
4589,0.716667
4590,0.73
4591,0.98
4592,0.693333
4593,0.85
4594,0.72
4595,0.57
4596,0.73
4597,0.83
4598,0.413333
4599,0.94
4600,0.656667
4601,0.45
4602,0.183333
4603,0.88
4604,0.846667
4605,0.61
4606,0.886667
4607,0.723333
4608,0.61
4609,0.846667
4610,0.94
4611,0.66
4612,0.843333
4613,0.813333
4614,0.65
4615,0.866667
4616,0.633333
4617,0.946667
4618,0.69
4619,0.916667
4620,0.866667
4621,0.496667
4622,0.466667
4623,0.686667
4624,0.933333
4625,0.873333
4626,0.76
4627,0.943333
4628,0.733333
4629,0.963333
4630,0.823333
4631,0.723333
4632,0.55
4633,0.823333
4634,0.96
4635,0.626667
4636,0.886667
4637,0.21
4638,0.56
4639,0.92
4640,0.49
4641,0.973333
4642,0.686667
4643,0.493333
4644,0.356667
4645,0.563333
4646,0.753333
4647,0.676667
4648,0.836667
4649,0.85
4650,0.636667
4651,0.966667
4652,0.853333
4653,0.266667
4654,0.413333
4655,0.573333
4656,0.63
4657,0.753333
4658,0.73
4659,0.923333
4660,0.54
4661,0.69
4662,0.56
4663,0.62
4664,0.886667
4665,0.823333
4666,0.826667
4667,0.78
4668,0.756667
4669,0.813333
4670,0.643333
4671,0.36
4672,0.533333
4673,0.593333
4674,0.773333
4675,0.73
4676,0.93
4677,0.676667
4678,0.913333
4679,0.923333
4680,0.733333
4681,0.733333
4682,0.576667
4683,0.793333
4684,0.956667
4685,0.933333
4686,0.753333
4687,0.603333
4688,0.613333
4689,0.416667
4690,0.796667
4691,0.533333
4692,0.81
4693,0.853333
4694,0.683333
4695,0.496667
4696,0.81
4697,0.543333
4698,0.816667
4699,0.846667
4700,0.603333
4701,0.6
4702,0.793333
4703,0.753333
4704,0.826667
4705,0.593333
4706,0.976667
4707,0.703333
4708,0.75
4709,0.833333
4710,0.876667
4711,0.653333
4712,0.953333
4713,0.77
4714,0.71
4715,0.423333
4716,0.803333
4717,0.513333
4718,0.83
4719,0.633333
4720,0.573333
4721,0.343333
4722,0.746667
4723,0.66
4724,0.536667
4725,0.273333
4726,0.98
4727,0.84
4728,0.753333
4729,0.953333
4730,0.486667
4731,0.653333
4732,0.84
4733,0.936667
4734,0.793333
4735,0.713333
4736,0.56
4737,0.68
4738,0.676667
4739,0.54
4740,0.443333
4741,0.87
4742,0.916667
4743,0.716667
4744,0.833333
4745,0.693333
4746,0.956667
4747,0.906667
4748,0.74
4749,0.936667
4750,0.556667
4751,0.733333
4752,0.67
4753,0.65
4754,0.943333
4755,0.453333
4756,0.64
4757,0.953333
4758,0.94
4759,0.4
4760,0.56
4761,0.78
4762,0.963333
4763,0.763333
4764,0.79
4765,0.5
4766,0.93
4767,0.46
4768,0.81
4769,0.633333
4770,0.796667
4771,0.776667
4772,0.973333
4773,0.896667
4774,0.593333
4775,0.696667
4776,0.836667
4777,0.676667
4778,0.82
4779,0.806667
4780,0.683333
4781,0.67
4782,0.606667
4783,0.39
4784,0.51
4785,0.883333
4786,0.65
4787,0.886667
4788,0.816667
4789,0.846667
4790,0.966667
4791,0.81
4792,0.64
4793,0.71
4794,0.453333
4795,0.866667
4796,0.9
4797,0.963333
4798,0.626667
4799,0.706667
4800,0.89
4801,0.516667
4802,0.823333
4803,0.69
4804,0.93
4805,0.893333
4806,0.82
4807,0.563333
4808,0.823333
4809,0.886667
4810,0.993333
4811,0.763333
4812,0.61
4813,0.34
4814,0.76
4815,0.87
4816,0.576667
4817,0.756667
4818,0.713333
4819,0.653333
4820,0.51
4821,0.763333
4822,0.683333
4823,0.573333
4824,0.95
4825,0.57
4826,0.873333
4827,0.516667
4828,0.866667
4829,0.27
4830,0.85
4831,0.77
4832,0.893333
4833,0.92
4834,0.583333
4835,0.773333
4836,0.853333
4837,0.963333
4838,0.503333
4839,0.836667
4840,0.973333
4841,0.676667
4842,0.803333
4843,0.93
4844,0.68
4845,0.63
4846,0.91
4847,0.646667
4848,0.393333
4849,0.75
4850,0.505897
4851,0.643333
4852,0.776667
4853,0.773333
4854,0.22
4855,0.853333
4856,0.596667
4857,0.403333
4858,0.523333
4859,0.936667
4860,0.616667
4861,0.926667
4862,0.72
4863,0.876667
4864,0.68
4865,0.706667
4866,0.763333
4867,0.536667
4868,0.763333
4869,0.846667
4870,0.593333
4871,0.963333
4872,0.813333
4873,0.613333
4874,0.816667
4875,0.893333
4876,0.606667
4877,0.616667
4878,0.776667
4879,0.736667
4880,0.73
4881,0.896667
4882,0.863333
4883,0.67
4884,0.326667
4885,0.963333
4886,0.836667
4887,0.863333
4888,0.753333
4889,0.48
4890,0.733333
4891,0.616667
4892,0.6
4893,0.766667
4894,0.636667
4895,0.7
4896,0.706667
4897,0.893333
4898,0.34
4899,0.463333
4900,0.59
4901,0.776667
4902,0.713333
4903,0.69
4904,0.726667
4905,0.736667
4906,0.69
4907,0.776667
4908,0.686667
4909,0.756667
4910,0.906667
4911,0.996667
4912,0.91
4913,0.653333
4914,0.653333
4915,0.793333
4916,0.763333
4917,0.603333
4918,0.846667
4919,0.946667
4920,0.713333
4921,0.72
4922,0.776667
4923,0.773333
4924,0.736667
4925,0.7
4926,0.826667
4927,0.69
4928,0.82
4929,0.82
4930,0.626667
4931,0.766667
4932,0.81
4933,0.73
4934,0.176667
4935,0.656667
4936,0.656667
4937,0.576667
4938,0.933333
4939,0.67
4940,0.916667
4941,0.65
4942,0.53
4943,0.47
4944,0.586667
4945,0.66
4946,0.496667
4947,0.663333
4948,0.803333
4949,0.643333
4950,0.863333
4951,0.87
4952,0.726667
4953,0.556667
4954,0.846667
4955,0.736667
4956,0.806667
4957,0.576667
4958,0.963333
4959,0.82
4960,0.756667
4961,0.8
4962,0.753333
4963,0.783333
4964,0.526667
4965,0.563333
4966,0.973333
4967,0.923333
4968,0.88
4969,0.683333
4970,0.903333
4971,0.936667
4972,0.59
4973,0.626667
4974,0.81
4975,0.782857
4976,0.5
4977,0.86
4978,0.676667
4979,0.85
4980,0.723333
4981,0.82
4982,0.62
4983,0.923333
4984,0.713333
4985,0.96
4986,0.69
4987,0.466667
4988,0.66
4989,0.98
4990,0.936667
4991,0.68
4992,0.863333
4993,0.913333
4994,0.763333
4995,0.756667
4996,0.603333
4997,0.69
4998,0.74
4999,0.793333
5000,0.54
5001,0.69
5002,0.666667
5003,0.543333
5004,0.41
5005,0.963333
5006,0.69
5007,0.55
5008,0.683333
5009,0.576667
5010,0.773333
5011,0.703333
5012,0.856667
5013,0.78
5014,0.663333
5015,0.643333
5016,0.736667
5017,0.643333
5018,0.733333
5019,0.893333
5020,0.94
5021,0.736667
5022,0.48
5023,0.34
5024,0.926667
5025,0.806667
5026,0.966667
5027,0.903333
5028,0.143333
5029,0.55
5030,0.593333
5031,0.76
5032,0.53
5033,0.603333
5034,0.573333
5035,0.566667
5036,0.776667
5037,0.62
5038,0.743333
5039,0.82
5040,0.813333
5041,0.786667
5042,0.883333
5043,0.736667
5044,0.903333
5045,0.716667
5046,0.593333
5047,0.69
5048,0.966667
5049,0.4
5050,0.723333
5051,0.723333
5052,0.48
5053,0.456667
5054,0.9
5055,0.866667
5056,0.783333
5057,0.923333
5058,0.68
5059,0.846667
5060,0.65
5061,0.606667
5062,0.7
5063,0.533333
5064,0.963333
5065,0.753333
5066,0.713333
5067,0.97
5068,0.666667
5069,0.406667
5070,0.693333
5071,0.63
5072,0.883333
5073,0.583333
5074,0.63
5075,0.813333
5076,0.47
5077,0.85
5078,0.37
5079,0.883333
5080,0.69
5081,0.95
5082,0.85
5083,0.56
5084,0.666667
5085,0.983333
5086,0.756667
5087,0.856667
5088,0.586667
5089,0.746667
5090,0.943333
5091,0.656667
5092,0.38
5093,0.916667
5094,0.786667
5095,0.55
5096,0.863333
5097,0.906667
5098,0.89
5099,0.896667
5100,0.82
5101,0.56
5102,0.566667
5103,0.853333
5104,0.873333
5105,0.553333
5106,0.9
5107,0.596667
5108,0.73
5109,0.543333
5110,0.823333
5111,0.8
5112,0.726667
5113,0.55
5114,0.903333
5115,0.743333
5116,0.546667
5117,0.503333
5118,0.476667
5119,0.963333
5120,0.666667
5121,0.62
5122,0.97
5123,0.993333
5124,0.94
5125,0.66
5126,0.386667
5127,0.743333
5128,0.796667
5129,0.83
5130,0.813333
5131,0.773333
5132,0.496667
5133,0.64
5134,0.73
5135,0.786667
5136,0.75
5137,0.836667
5138,0.763333
5139,0.773333
5140,0.92
5141,0.786667
5142,0.736667
5143,0.61
5144,0.723333
5145,0.626667
5146,0.92
5147,0.653333
5148,0.78
5149,0.423333
5150,0.966667
5151,0.8
5152,0.89
5153,0.796667
5154,0.81
5155,0.743333
5156,0.473333
5157,0.673333
5158,0.913333
5159,0.686667
5160,0.813333
5161,0.39
5162,0.6
5163,0.763333
5164,0.226667
5165,0.473333
5166,0.636667
5167,0.58
5168,0.513333
5169,0.47
5170,0.703333
5171,0.666667
5172,0.703333
5173,0.816667
5174,0.713333
5175,0.62
5176,0.759218
5177,0.906667
5178,0.96
5179,0.64
5180,0.55
5181,0.61
5182,0.723333
5183,0.976667
5184,0.343333
5185,0.673333
5186,0.913333
5187,0.643333
5188,0.913333
5189,0.84
5190,0.816667
5191,0.733333
5192,0.65
5193,0.94
5194,0.56
5195,0.833333
5196,0.54
5197,0.866667
5198,0.386667
5199,0.91
5200,0.71
5201,0.62
5202,0.976667
5203,0.693333
5204,0.973333
5205,0.89
5206,0.48
5207,0.65
5208,0.523333
5209,0.296667
5210,0.55
5211,0.95
5212,0.893333
5213,0.593333
5214,0.703333
5215,0.666667
5216,0.386667
5217,0.753333
5218,0.753333
5219,0.36
5220,0.603333
5221,0.62
5222,0.656667
5223,0.503333
5224,0.493333
5225,0.706667
5226,0.413333
5227,0.21
5228,0.67
5229,0.833333
5230,0.38
5231,0.67
5232,0.5
5233,0.936667
5234,0.883333
5235,0.896667
5236,0.79
5237,0.636667
5238,0.946667
5239,0.49
5240,0.82
5241,0.863333
5242,0.96
5243,0.796667
5244,0.686667
5245,0.66
5246,0.566667
5247,0.686667
5248,0.72
5249,0.626667
5250,0.82
5251,0.45
5252,0.67
5253,0.483333
5254,0.433333
5255,0.613333
5256,0.716667
5257,0.756667
5258,0.913333
5259,0.916667
5260,0.91
5261,0.753333
5262,0.806667
5263,0.79
5264,0.463333
5265,0.6
5266,0.873333
5267,0.653333
5268,0.593333
5269,0.506667
5270,0.986667
5271,0.936667
5272,0.806667
5273,0.723333
5274,0.676667
5275,0.75
5276,0.953333
5277,0.453333
5278,0.393333
5279,0.636667
5280,0.866667
5281,0.67
5282,0.763333
5283,0.516667
5284,0.756667
5285,0.676667
5286,0.845556
5287,0.706667
5288,0.893333
5289,0.85
5290,0.69
5291,0.316667
5292,0.766667
5293,0.84
5294,0.83
5295,0.783333
5296,0.6
5297,0.413333
5298,0.79
5299,0.92
5300,0.833333
5301,0.633333
5302,0.923333
5303,0.496667
5304,0.653333
5305,0.876667
5306,0.42
5307,0.883333
5308,0.723333
5309,0.816667
5310,0.61
5311,0.666667
5312,0.39
5313,0.38
5314,0.803333
5315,0.676667
5316,0.616667
5317,0.866667
5318,0.483333
5319,0.85
5320,0.8
5321,0.456667
5322,0.706667
5323,0.703333
5324,0.626667
5325,0.656667
5326,0.98
5327,0.916667
5328,0.876667
5329,0.966667
5330,0.556667
5331,0.73
5332,0.33
5333,0.61
5334,0.53
5335,0.816667
5336,0.65
5337,0.73
5338,0.43
5339,0.93
5340,0.613333
5341,0.693333
5342,0.716667
5343,0.743333
5344,0.63
5345,0.52
5346,0.623333
5347,0.53
5348,0.926667
5349,0.143333
5350,0.776667
5351,0.823333
5352,0.783333
5353,0.83
5354,0.873333
5355,0.92
5356,0.843333
5357,0.543333
5358,0.96
5359,0.793333
5360,0.623333
5361,0.736667
5362,0.66
5363,0.553333
5364,0.686667
5365,0.856667
5366,0.916667
5367,0.876667
5368,0.796667
5369,0.916667
5370,0.68
5371,0.74
5372,0.636667
5373,0.85957
5374,0.676667
5375,0.436667
5376,0.283333
5377,0.756667
5378,0.716667
5379,0.443333
5380,0.67
5381,0.663333
5382,0.746667
5383,0.596667
5384,0.663333
5385,0.696667
5386,0.81
5387,0.766667
5388,0.556667
5389,0.443333
5390,0.52
5391,0.883333
5392,0.85
5393,0.803333
5394,0.54
5395,0.87
5396,0.523333
5397,0.636667
5398,0.686667
5399,0.896667
5400,0.486667
5401,0.68
5402,0.67
5403,0.846667
5404,0.366667
5405,0.593333
5406,0.62
5407,0.393333
5408,0.57
5409,0.92
5410,0.966667
5411,0.853333
5412,0.803333
5413,0.683333
5414,0.626667
5415,0.886667
5416,0.666667
5417,0.716667
5418,0.81
5419,0.766667
5420,0.796667
5421,0.493333
5422,0.626667
5423,0.416667
5424,0.91
5425,0.816667
5426,0.88
5427,0.78
5428,0.803129
5429,0.823333
5430,0.603333
5431,0.556667
5432,0.43
5433,0.9
5434,0.666667
5435,0.68
5436,0.97
5437,0.85
5438,0.803333
5439,0.286667
5440,0.673333
5441,0.823333
5442,0.39
5443,0.66
5444,0.713333
5445,0.783333
5446,0.636667
5447,0.673333
5448,0.696667
5449,0.846667
5450,0.506667
5451,0.823333
5452,0.676667
5453,0.846667
5454,0.683333
5455,0.93
5456,0.74
5457,0.29
5458,0.793333
5459,0.733333
5460,0.876667
5461,0.79
5462,0.783333
5463,0.946667
5464,0.26
5465,0.78
5466,0.9
5467,0.646667
5468,0.66
5469,0.946667
5470,0.516667
5471,0.733333
5472,0.19
5473,0.606667
5474,0.693333
5475,0.4
5476,0.463333
5477,0.926667
5478,0.463333
5479,0.826667
5480,0.643333
5481,0.723333
5482,0.773333
5483,0.743333
5484,0.583333
5485,0.446667
5486,0.58
5487,0.303333
5488,0.65
5489,0.47
5490,0.69
5491,0.916667
5492,0.616667
5493,0.343333
5494,0.513333
5495,0.81
5496,0.673333
5497,0.906667
5498,0.88
5499,0.41
5500,0.94
5501,0.88
5502,0.436667
5503,0.763333
5504,0.513333
5505,0.676667
5506,0.813333
5507,0.9
5508,0.85
5509,0.89
5510,0.613333
5511,0.763333
5512,0.746667
5513,0.58
5514,0.72
5515,0.37
5516,0.836667
5517,0.476667
5518,0.483333
5519,0.67
5520,0.92
5521,0.709048
5522,0.883333
5523,0.113333
5524,0.583333
5525,0.673333
5526,0.456667
5527,0.87
5528,0.723333
5529,0.803333
5530,0.906667
5531,0.766667
5532,0.753333
5533,0.833333
5534,0.733333
5535,0.556667
5536,0.753333
5537,0.656667
5538,0.816667
5539,0.586667
5540,0.646667
5541,0.596667
5542,0.733333
5543,0.816667
5544,0.84
5545,0.586667
5546,0.763333
5547,0.936667
5548,0.31
5549,0.626667
5550,0.726667
5551,0.91
5552,0.61
5553,0.733333
5554,0.776667
5555,0.746667
5556,0.7
5557,0.73
5558,0.983333
5559,0.536667
5560,0.573333
5561,0.696667
5562,0.576667
5563,0.68
5564,0.496667
5565,0.65
5566,0.9
5567,0.783333
5568,0.953333
5569,0.643333
5570,0.893333
5571,0.873333
5572,0.433333
5573,0.373333
5574,0.963333
5575,0.543333
5576,0.696667
5577,0.92
5578,0.6
5579,0.64
5580,0.786667
5581,0.833333
5582,0.656667
5583,0.81
5584,0.496667
5585,0.54
5586,0.733333
5587,0.886667
5588,0.793333
5589,0.363333
5590,0.553333
5591,0.95
5592,0.713333
5593,0.736667
5594,0.463333
5595,0.656667
5596,0.856667
5597,0.74
5598,0.273333
5599,0.653333
5600,0.773333
5601,0.84
5602,0.67
5603,0.663333
5604,0.893333
5605,0.83
5606,0.653333
5607,0.906667
5608,0.523333
5609,0.55
5610,0.723333
5611,0.506667
5612,0.73
5613,0.78
5614,0.84
5615,0.736667
5616,0.666667
5617,0.793333
5618,0.723333
5619,0.606667
5620,0.66
5621,0.886667
5622,0.87
5623,0.585333
5624,0.26
5625,0.28
5626,0.766667
5627,0.61
5628,0.796667
5629,0.48
5630,0.89
5631,0.883333
5632,0.756667
5633,0.563333
5634,0.58
5635,0.956667
5636,0.806667
5637,0.486667
5638,0.976667
5639,0.753333
5640,0.786667
5641,0.263333
5642,0.83
5643,0.796667
5644,0.83
5645,0.983333
5646,0.75
5647,0.713333
5648,0.766667
5649,0.626667
5650,0.513333
5651,0.443333
5652,0.753333
5653,0.95
5654,0.683333
5655,0.66
5656,0.686667
5657,0.83
5658,0.593333
5659,0.313333
5660,0.783333
5661,0.503333
5662,0.516667
5663,0.823333
5664,0.566667
5665,0.89
5666,0.556667
5667,0.916667
5668,0.76
5669,0.63
5670,0.43
5671,0.946667
5672,0.81
5673,0.43
5674,0.83
5675,0.74
5676,0.666667
5677,0.82
5678,0.82
5679,0.406667
5680,0.89
5681,0.893333
5682,0.753333
5683,0.81
5684,0.776667
5685,0.5
5686,0.883333
5687,0.676667
5688,0.893333
5689,0.906667
5690,0.786667
5691,0.82
5692,0.893333
5693,0.63
5694,0.663333
5695,0.96
5696,0.336667
5697,0.736667
5698,0.593333
5699,0.943333
5700,0.833333
5701,0.783333
5702,0.623333
5703,0.773333
5704,0.833333
5705,0.773333
5706,0.543333
5707,0.86
5708,0.473333
5709,0.706667
5710,0.77
5711,0.4
5712,0.493333
5713,0.373333
5714,0.496667
5715,0.39
5716,0.716667
5717,0.83
5718,0.98
5719,0.783333
5720,0.823333
5721,0.846667
5722,0.863333
5723,0.806667
5724,0.53
5725,0.823333
5726,0.876667
5727,0.9
5728,0.653333
5729,0.72
5730,0.81
5731,0.733333
5732,0.846667
5733,0.633333
5734,0.746667
5735,0.603333
5736,0.79
5737,0.726667
5738,0.38
5739,0.903333
5740,0.656667
5741,0.72
5742,0.963333
5743,0.543333
5744,0.68
5745,0.896667
5746,0.876667
5747,0.35
5748,0.806667
5749,0.873333
5750,0.806667
5751,0.816667
5752,0.826667
5753,0.85
5754,0.593333
5755,0.813333
5756,0.723333
5757,0.603333
5758,0.52
5759,0.62
5760,0.563333
5761,0.84
5762,0.566667
5763,0.97
5764,0.43
5765,0.733333
5766,0.59
5767,0.416667
5768,0.83
5769,0.606667
5770,0.92
5771,0.576667
5772,0.59
5773,0.676667
5774,0.76
5775,0.44
5776,0.843333
5777,0.893333
5778,0.79
5779,0.653333
5780,0.606667
5781,0.883333
5782,0.49
5783,0.883333
5784,0.683333
5785,0.613333
5786,0.92
5787,0.433333
5788,0.936667
5789,0.633333
5790,0.846667
5791,0.796667
5792,0.876667
5793,0.326667
5794,0.583333
5795,0.753333
5796,0.773333
5797,0.48
5798,0.7
5799,0.58
5800,0.966667
5801,0.846667
5802,0.71
5803,0.93
5804,0.396667
5805,0.48
5806,0.776667
5807,0.82
5808,0.67
5809,0.843333
5810,0.803333
5811,0.88
5812,0.283333
5813,0.976667
5814,0.633333
5815,0.716667
5816,0.66
5817,0.576667
5818,0.773333
5819,0.65
5820,0.43
5821,0.663333
5822,0.516667
5823,0.753333
5824,0.75
5825,0.646667
5826,0.326667
5827,0.42
5828,0.79
5829,0.81
5830,0.583333
5831,0.813333
5832,0.97
5833,0.69
5834,0.886667
5835,0.83
5836,0.686667
5837,0.823333
5838,0.836667
5839,0.71
5840,0.74
5841,0.413333
5842,0.81
5843,0.48
5844,0.636667
5845,0.423333
5846,0.71
5847,0.826667
5848,0.953333
5849,0.756667
5850,0.636667
5851,0.71
5852,0.75
5853,0.79
5854,0.83
5855,0.786667
5856,0.92
5857,0.65
5858,0.55
5859,0.566667
5860,0.903333
5861,0.46
5862,0.84
5863,0.906667
5864,0.933333
5865,0.5
5866,0.97
5867,0.623333
5868,0.56
5869,0.743333
5870,0.75
5871,0.776667
5872,0.63
5873,0.996667
5874,0.633333
5875,0.833333
5876,0.596667
5877,0.78
5878,0.643333
5879,0.333333
5880,0.53
5881,0.7
5882,0.4
5883,0.76
5884,0.703333
5885,0.876667
5886,0.833333
5887,0.316667
5888,0.726667
5889,0.643333
5890,0.276667
5891,0.843333
5892,0.496667
5893,0.706667
5894,0.646667
5895,0.743333
5896,0.943333
5897,0.863333
5898,0.676667
5899,0.456667
5900,0.766667
5901,0.85
5902,0.45
5903,0.726667
5904,0.483333
5905,0.856667
5906,0.673333
5907,0.943333
5908,0.763333
5909,0.656667
5910,0.67
5911,0.633333
5912,0.533333
5913,0.95
5914,0.413333
5915,0.813333
5916,0.863333
5917,0.513333
5918,0.616667
5919,0.81
5920,0.983333
5921,0.806667
5922,0.943333
5923,0.816667
5924,0.576667
5925,0.773333
5926,0.663333
5927,0.723333
5928,0.703333
5929,0.766667
5930,0.703333
5931,0.873333
5932,0.793333
5933,0.643333
5934,0.423333
5935,0.793333
5936,0.84
5937,0.773333
5938,0.773333
5939,0.99
5940,0.476667
5941,0.703333
5942,0.783333
5943,0.47
5944,0.79
5945,0.84
5946,0.556667
5947,0.72
5948,0.52
5949,0.876667
5950,0.58
5951,0.73
5952,0.506667
5953,0.56
5954,0.93
5955,0.893333
5956,0.626667
5957,0.73
5958,0.796667
5959,0.903333
5960,0.603333
5961,0.86
5962,0.863333
5963,0.84
5964,0.89
5965,0.81
5966,0.746667
5967,0.7
5968,0.963333
5969,0.603333
5970,0.506667
5971,0.7
5972,0.466667
5973,0.55
5974,0.956667
5975,0.92
5976,0.69
5977,0.723333
5978,0.923333
5979,0.703333
5980,0.866667
5981,0.766667
5982,0.47
5983,0.71
5984,0.71
5985,0.27
5986,0.556667
5987,0.733333
5988,0.613333
5989,0.483333
5990,0.89
5991,0.724
5992,0.746667
5993,0.63
5994,0.696667
5995,0.733333
5996,0.936667
5997,0.89
5998,0.79
5999,0.676667
6000,0.89
6001,0.473333
6002,0.92
6003,0.663333
6004,0.623333
6005,0.37
6006,0.746667
6007,0.826667
6008,0.806667
6009,0.813333
6010,0.74
6011,0.836667
6012,0.836667
6013,0.85
6014,0.62
6015,0.626667
6016,0.9
6017,1.0
6018,0.906667
6019,0.806667
6020,0.75
6021,0.556667
6022,0.83
6023,0.693333
6024,0.82
6025,0.883333
6026,0.78
6027,0.626667
6028,0.54
6029,0.846667
6030,0.763333
6031,0.86
6032,0.7
6033,0.603333
6034,0.91
6035,0.543333
6036,0.83
6037,0.393333
6038,0.626667
6039,0.413333
6040,0.64
6041,0.796667
6042,0.66
6043,0.95
6044,0.726667
6045,0.78
6046,0.853333
6047,0.696667
6048,0.706667
6049,0.823333
6050,0.91
6051,0.453333
6052,0.55
6053,0.783333
6054,0.64
6055,0.46
6056,0.626667
6057,0.673333
6058,0.603333
6059,0.706667
6060,0.596667
6061,0.92
6062,0.423333
6063,0.813333
6064,0.77
6065,0.856667
6066,0.446667
6067,0.38
6068,0.51
6069,0.643333
6070,0.936667
6071,0.57
6072,0.326667
6073,0.553333
6074,0.766667
6075,0.616667
6076,0.853333
6077,0.44
6078,0.766667
6079,0.923333
6080,0.746667
6081,0.67
6082,0.663333
6083,0.676667
6084,0.42
6085,0.823333
6086,0.486667
6087,0.866667
6088,0.666667
6089,0.893333
6090,0.636667
6091,0.69
6092,0.723333
6093,0.773333
6094,0.106667
6095,0.57
6096,0.823333
6097,0.45
6098,0.943333
6099,0.83
6100,0.736667
6101,0.64
6102,0.586667
6103,0.646667
6104,0.826667
6105,0.76
6106,0.786667
6107,0.17
6108,0.683333
6109,0.623333
6110,0.663333
6111,0.42
6112,0.84
6113,0.796667
6114,0.82
6115,0.903333
6116,0.92
6117,0.98
6118,0.733333
6119,0.57
6120,0.636667
6121,0.93
6122,0.856667
6123,0.683333
6124,0.683333
6125,0.683333
6126,0.816667
6127,0.676667
6128,0.426667
6129,0.69
6130,0.753333
6131,0.813333
6132,0.693333
6133,0.396667
6134,0.67
6135,0.85
6136,0.636667
6137,0.706667
6138,0.64
6139,0.846667
6140,0.723333
6141,0.816667
6142,0.33
6143,0.823333
6144,0.866667
6145,0.856667
6146,0.61
6147,0.823333
6148,0.69
6149,0.956667
6150,0.37
6151,0.986667
6152,0.47
6153,0.95
6154,0.706667
6155,0.713333
6156,0.736667
6157,0.67
6158,0.34
6159,0.84
6160,0.796667
6161,0.426667
6162,0.96
6163,0.8
6164,0.986667
6165,0.78
6166,0.956667
6167,0.493333
6168,0.876667
6169,0.53
6170,0.716667
6171,0.34
6172,0.716667
6173,0.696667
6174,0.66
6175,0.393333
6176,0.913333
6177,0.6
6178,0.686667
6179,0.713333
6180,0.833333
6181,0.76
6182,0.96
6183,0.59
6184,0.123333
6185,0.693333
6186,0.346667
6187,0.973333
6188,0.536667
6189,0.68
6190,0.926667
6191,0.793333
6192,0.516667
6193,0.893333
6194,0.633333
6195,0.94
6196,0.973333
6197,0.74
6198,0.843333
6199,0.423333
6200,0.85
6201,0.423333
6202,0.763333
6203,0.816667
6204,0.873333
6205,0.936667
6206,0.593333
6207,0.83
6208,0.84
6209,0.626667
6210,0.44
6211,0.933333
6212,0.773333
6213,0.596667
6214,0.78
6215,0.6
6216,0.806667
6217,0.64
6218,0.776667
6219,0.65
6220,0.963333
6221,0.716667
6222,0.946667
6223,0.77
6224,0.783333
6225,0.543333
6226,0.826667
6227,0.54
6228,0.63
6229,0.41
6230,0.716667
6231,0.84
6232,0.823333
6233,0.673333
6234,0.53
6235,0.543333
6236,0.99
6237,0.743333
6238,0.55
6239,0.88
6240,0.543333
6241,0.666667
6242,0.7
6243,0.823333
6244,0.783333
6245,0.646667
6246,0.786667
6247,0.563333
6248,0.32
6249,0.746667
6250,0.783333
6251,0.746667
6252,0.6
6253,0.783333
6254,0.84
6255,0.4
6256,0.77
6257,0.486667
6258,0.86
6259,0.673333
6260,0.633333
6261,0.746667
6262,0.616667
6263,0.706667
6264,0.55
6265,0.596667
6266,0.336667
6267,0.753333
6268,0.756667
6269,0.79
6270,0.703333
6271,0.843333
6272,0.87
6273,0.753333
6274,0.57
6275,0.73
6276,0.446667
6277,0.793333
6278,0.643333
6279,0.88
6280,0.936667
6281,0.676667
6282,0.583333
6283,0.826667
6284,0.89
6285,0.26
6286,0.766667
6287,0.616667
6288,0.406667
6289,0.88
6290,0.45
6291,0.733333
6292,0.27
6293,0.683333
6294,0.703333
6295,0.896237
6296,0.573333
6297,0.823333
6298,0.736667
6299,0.143333
6300,0.756667
6301,0.57
6302,0.333333
6303,0.586667
6304,0.576667
6305,0.703333
6306,0.44
6307,0.66
6308,0.65
6309,0.703333
6310,0.623333
6311,0.68
6312,0.736667
6313,0.513333
6314,0.886667
6315,0.953333
6316,0.943333
6317,0.663333
6318,0.776667
6319,0.676667
6320,0.796667
6321,0.893333
6322,0.753333
6323,0.65
6324,0.68
6325,0.576667
6326,0.366667
6327,0.686667
6328,0.813333
6329,0.92
6330,0.713333
6331,0.4
6332,0.836667
6333,0.8
6334,0.72
6335,0.876667
6336,0.613333
6337,0.526667
6338,0.746667
6339,0.773333
6340,0.843333
6341,0.623333
6342,0.976667
6343,0.88
6344,0.966667
6345,0.416667
6346,0.62
6347,0.206667
6348,0.79
6349,0.596667
6350,0.973333
6351,0.81
6352,0.943333
6353,0.626667
6354,0.986667
6355,0.956667
6356,0.78
6357,0.59
6358,0.673333
6359,0.623333
6360,0.426667
6361,0.81
6362,0.713333
6363,0.606667
6364,0.78
6365,0.676667
6366,0.476667
6367,0.68
6368,0.816667
6369,0.69
6370,0.66
6371,0.366667
6372,0.54
6373,0.856667
6374,0.773333
6375,0.753333
6376,0.52
6377,0.65
6378,0.833333
6379,0.693333
6380,0.643333
6381,0.916667
6382,0.606667
6383,0.693333
6384,0.73
6385,0.783333
6386,0.636667
6387,0.783333
6388,0.703333
6389,0.983333
6390,0.833333
6391,0.856667
6392,0.733333
6393,0.46
6394,0.53
6395,0.656667
6396,0.556667
6397,0.476667
6398,0.91
6399,0.89
6400,0.6
6401,0.73
6402,0.756667
6403,0.77
6404,0.753333
6405,0.71
6406,0.796667
6407,0.933333
6408,0.743333
6409,0.453333
6410,0.52
6411,0.733333
6412,0.663333
6413,0.726667
6414,0.673333
6415,0.75
6416,0.863333
6417,0.553333
6418,0.95
6419,0.64
6420,0.996667
6421,0.793333
6422,0.82
6423,0.736667
6424,0.8
6425,0.743333
6426,0.923333
6427,0.72
6428,0.95
6429,0.743333
6430,0.766667
6431,0.756667
6432,0.923333
6433,0.616667
6434,0.943333
6435,0.82
6436,0.973333
6437,0.606667
6438,0.88
6439,0.563333
6440,0.673333
6441,0.826667
6442,0.7
6443,0.566667
6444,0.99
6445,0.406667
6446,0.853333
6447,0.893333
6448,0.873333
6449,0.633333
6450,0.92
6451,0.782667
6452,0.68
6453,0.806667
6454,0.683333
6455,0.793333
6456,0.1
6457,0.57
6458,0.453333
6459,0.956667
6460,0.7
6461,0.776667
6462,0.73
6463,0.666667
6464,0.746667
6465,0.83
6466,0.733333
6467,0.96
6468,0.86
6469,0.99
6470,0.646667
6471,0.563333
6472,0.873333
6473,0.516667
6474,0.896667
6475,0.716667
6476,0.846667
6477,0.72
6478,0.63
6479,0.676667
6480,0.686667
6481,0.846667
6482,0.93
6483,0.526667
6484,0.83
6485,0.66
6486,0.793333
6487,0.723333
6488,0.82
6489,0.716667
6490,0.871852
6491,0.95
6492,0.633333
6493,0.87
6494,0.79
6495,0.9
6496,0.803333
6497,0.93
6498,0.28
6499,0.7
6500,0.7
6501,0.533333
6502,0.273333
6503,0.286667
6504,0.86
6505,0.693333
6506,0.28
6507,0.446667
6508,0.973333
6509,0.68
6510,0.866667
6511,0.596667
6512,0.763333
6513,0.643333
6514,0.39
6515,0.386667
6516,0.92
6517,0.536667
6518,0.84
6519,0.65
6520,0.696667
6521,0.63
6522,0.846667
6523,0.916667
6524,0.523333
6525,0.616667
6526,0.706667
6527,0.903333
6528,0.926667
6529,0.626667
6530,0.286667
6531,0.63
6532,0.833333
6533,0.89
6534,0.74
6535,0.713333
6536,0.85957
6537,0.686667
6538,0.18
6539,0.583333
6540,0.906667
6541,0.336667
6542,0.713333
6543,0.743333
6544,0.736667
6545,0.79
6546,0.76
6547,0.836667
6548,0.53
6549,0.766667
6550,0.83
6551,0.856667
6552,0.646667
6553,0.67
6554,0.94
6555,0.866667
6556,0.573333
6557,0.763333
6558,0.67
6559,0.403333
6560,0.663333
6561,0.853333
6562,0.783333
6563,0.863333
6564,0.626667
6565,0.56
6566,0.523333
6567,0.89
6568,0.78
6569,0.546667
6570,0.486667
6571,0.9
6572,0.816667
6573,0.85
6574,0.593333
6575,0.743333
6576,0.84
6577,0.726667
6578,0.963333
6579,0.733333
6580,0.593333
6581,0.803333
6582,0.956667
6583,0.85
6584,0.963333
6585,0.76
6586,0.606667
6587,0.88
6588,0.873333
6589,0.853333
6590,0.643333
6591,0.486667
6592,0.803333
6593,0.926667
6594,0.363333
6595,0.65
6596,0.62
6597,0.6
6598,0.753333
6599,0.9
6600,0.72
6601,0.593333
6602,0.793333
6603,0.703333
6604,0.796667
6605,0.666667
6606,0.883333
6607,0.813333
6608,0.77
6609,0.59
6610,0.713333
6611,0.216667
6612,0.653333
6613,0.863333
6614,0.716667
6615,0.376667
6616,0.57
6617,0.916667
6618,0.493333
6619,0.72
6620,0.49
6621,0.433333
6622,0.733333
6623,0.506667
6624,0.843333
6625,0.866667
6626,0.926667
6627,0.733333
6628,0.983333
6629,0.883333
6630,0.883333
6631,0.703333
6632,0.866667
6633,0.726667
6634,0.733333
6635,0.653333
6636,0.97
6637,0.803333
6638,0.96
6639,0.803333
6640,0.7
6641,0.393333
6642,0.616667
6643,0.923333
6644,0.433333
6645,0.892903
6646,0.53
6647,0.853333
6648,0.936667
6649,0.71
6650,0.603333
6651,0.63
6652,0.393333
6653,0.59
6654,0.543333
6655,0.796667
6656,0.593333
6657,0.53
6658,0.766667
6659,0.88
6660,0.95
6661,0.816667
6662,0.72
6663,0.593333
6664,0.843333
6665,0.776667
6666,0.69
6667,0.490556
6668,0.883333
6669,0.91
6670,0.803333
6671,0.613333
6672,0.95
6673,0.69
6674,0.836667
6675,0.676667
6676,0.833333
6677,0.683333
6678,0.476667
6679,0.38
6680,0.636667
6681,0.77
6682,0.44
6683,0.43
6684,0.91
6685,0.993333
6686,0.636667
6687,0.853333
6688,0.943333
6689,0.84
6690,0.546667
6691,0.753333
6692,0.683333
6693,0.64
6694,0.786667
6695,0.753333
6696,0.94
6697,0.5925
6698,0.686667
6699,0.803333
6700,0.853333
6701,0.766667
6702,0.906667
6703,0.76
6704,0.513333
6705,0.63
6706,0.49
6707,0.78
6708,0.713333
6709,0.6
6710,0.7
6711,0.706667
6712,0.636667
6713,0.79
6714,0.686667
6715,0.943333
6716,0.49
6717,0.58
6718,0.84
6719,0.79
6720,0.683333
6721,0.826667
6722,0.883333
6723,0.743333
6724,0.606667
6725,0.71
6726,0.896667
6727,0.746667
6728,0.506667
6729,0.91
6730,0.93
6731,0.583333
6732,0.856667
6733,0.99
6734,0.606667
6735,0.723333
6736,0.956667
6737,0.586667
6738,0.883333
6739,0.643333
6740,0.906667
6741,0.663333
6742,0.87
6743,0.616667
6744,0.563333
6745,0.576667
6746,0.586667
6747,0.71
6748,0.743333
6749,0.873333
6750,0.756667
6751,0.633333
6752,0.883333
6753,0.803333
6754,0.723333
6755,0.72
6756,0.606667
6757,0.946667
6758,0.63
6759,0.916667
6760,0.553333
6761,0.923333
6762,0.963333
6763,0.943333
6764,0.823333
6765,0.473333
6766,0.746667
6767,0.586667
6768,0.566667
6769,0.73
6770,0.72
6771,0.79
6772,0.983333
6773,0.51
6774,0.89
6775,0.66
6776,0.75
6777,0.516667
6778,0.796667
6779,0.64
6780,0.716667
6781,0.643333
6782,0.923333
6783,0.776667
6784,0.903333
6785,0.933333
6786,0.823333
6787,0.643333
6788,0.616667
6789,0.94
6790,0.84
6791,0.753333
6792,0.47
6793,0.636667
6794,0.396667
6795,0.85
6796,0.893333
6797,0.666667
6798,0.463333
6799,0.93
6800,0.73
6801,0.91
6802,0.57
6803,0.86
6804,0.883333
6805,0.963333
6806,0.78
6807,0.773333
6808,0.45
6809,0.633333
6810,0.35
6811,0.74
6812,0.566667
6813,0.96
6814,0.706667
6815,0.61
6816,0.56
6817,0.916667
6818,0.726667
6819,0.636667
6820,0.81
6821,0.456667
6822,0.783333
6823,0.956667
6824,0.56
6825,0.903333
6826,0.646667
6827,0.73
6828,0.3
6829,0.663333
6830,0.693333
6831,0.436667
6832,0.726667
6833,0.553333
6834,0.643333
6835,0.73
6836,0.83
6837,0.763333
6838,0.883333
6839,0.743333
6840,0.776667
6841,0.94
6842,0.566667
6843,0.7
6844,0.85
6845,0.973333
6846,0.88
6847,0.566667
6848,0.35
6849,0.95
6850,0.856667
6851,0.696667
6852,0.866667
6853,0.876667
6854,0.65
6855,0.46
6856,0.71
6857,0.83
6858,0.773333
6859,0.723333
6860,0.766667
6861,0.85
6862,0.48
6863,0.84
6864,0.74
6865,0.92
6866,0.546667
6867,0.723333
6868,0.963333
6869,0.763333
6870,0.796667
6871,0.626667
6872,0.463333
6873,0.83
6874,0.656667
6875,0.413333
6876,0.49
6877,0.803333
6878,0.43
6879,0.506667
6880,0.886667
6881,0.623333
6882,0.476667
6883,0.466667
6884,0.976667
6885,0.696667
6886,0.706667
6887,0.783333
6888,0.73
6889,0.763333
6890,0.676667
6891,0.896667
6892,0.793333
6893,0.79
6894,0.823333
6895,0.76
6896,0.506667
6897,0.576667
6898,0.906667
6899,0.976667
6900,0.86
6901,0.96
6902,0.84
6903,0.77
6904,0.256667
6905,0.976667
6906,0.78
6907,0.806667
6908,0.74
6909,0.44
6910,0.8
6911,0.903333
6912,0.69
6913,0.573333
6914,0.623333
6915,0.676667
6916,0.863333
6917,0.473333
6918,0.906667
6919,0.48
6920,0.706667
6921,0.68
6922,0.723333
6923,0.596667
6924,0.906667
6925,0.84
6926,0.81
6927,0.656667
6928,0.456667
6929,0.976667
6930,0.943333
6931,0.87
6932,0.226667
6933,0.83
6934,0.86
6935,0.823333
6936,0.87
6937,0.566667
6938,0.91
6939,0.763333
6940,0.65
6941,0.71
6942,0.733333
6943,0.716667
6944,0.573333
6945,0.683333
6946,0.88
6947,0.71
6948,0.73
6949,0.926667
6950,0.986667
6951,0.776667
6952,0.88
6953,0.42
6954,0.81
6955,0.903333
6956,0.646667
6957,0.626667
6958,0.55
6959,0.89
6960,0.763333
6961,0.803333
6962,0.653333
6963,0.766667
6964,0.903333
6965,0.86
6966,0.636667
6967,0.72
6968,0.94
6969,0.67
6970,0.683333
6971,0.963333
6972,0.653333
6973,0.783333
6974,0.966667
6975,0.733333
6976,0.673333
6977,0.583333
6978,0.72
6979,0.783333
6980,0.806667
6981,0.95
6982,0.506667
6983,0.796667
6984,0.696667
6985,0.58
6986,0.276667
6987,0.89
6988,0.673333
6989,0.626667
6990,0.976667
6991,0.826667
6992,0.576667
6993,0.593333
6994,0.883333
6995,0.436667
6996,0.69
6997,0.716667
6998,0.6
6999,0.563333
7000,0.54
7001,0.79
7002,0.916667
7003,0.526667
7004,0.743333
7005,0.73
7006,0.683333
7007,0.646667
7008,0.74
7009,0.7
7010,0.826667
7011,0.743333
7012,0.82
7013,0.74
7014,0.886667
7015,0.83
7016,0.553333
7017,0.32
7018,0.493333
7019,0.66
7020,0.853333
7021,0.916667
7022,0.673333
7023,0.883333
7024,0.936667
7025,0.666667
7026,0.82
7027,0.64
7028,0.67
7029,0.736667
7030,0.79
7031,0.64
7032,0.3
7033,0.626667
7034,0.583333
7035,0.92
7036,0.61
7037,0.563333
7038,0.85
7039,0.443333
7040,0.736667
7041,0.793333
7042,0.953333
7043,0.64
7044,0.803333
7045,0.75
7046,0.54
7047,0.476667
7048,0.756667
7049,0.893333
7050,0.736667
7051,0.96
7052,0.833333
7053,0.58
7054,0.793333
7055,0.9
7056,0.906667
7057,0.546667
7058,0.95
7059,0.35
7060,0.7
7061,0.946667
7062,0.92
7063,0.82
7064,0.71
7065,0.543333
7066,0.75
7067,0.543333
7068,0.776667
7069,0.576667
7070,0.82
7071,0.833333
7072,0.74
7073,0.606667
7074,0.803333
7075,0.953333
7076,0.433333
7077,0.453333
7078,0.746667
7079,0.666667
7080,0.746667
7081,0.723333
7082,0.953333
7083,0.86
7084,0.86
7085,0.716667
7086,0.686667
7087,0.963333
7088,0.76
7089,0.846667
7090,0.413333
7091,0.58
7092,0.866667
7093,0.87
7094,0.596667
7095,0.786667
7096,0.85
7097,0.713333
7098,0.56
7099,0.913333
7100,0.86
7101,0.826667
7102,0.56
7103,0.736667
7104,0.973333
7105,0.543333
7106,0.613333
7107,0.626667
7108,0.966667
7109,0.68
7110,0.456667
7111,0.783333
7112,0.796667
7113,0.706667
7114,0.773333
7115,0.823333
7116,0.793333
7117,0.663333
7118,0.796667
7119,0.843333
7120,0.656667
7121,0.836667
7122,0.226667
7123,0.59
7124,0.85
7125,0.713333
7126,0.45
7127,0.71
7128,0.73
7129,0.346667
7130,0.84
7131,0.88
7132,0.663333
7133,0.483333
7134,0.583333
7135,0.52
7136,0.663333
7137,0.73
7138,0.753333
7139,0.913333
7140,0.893333
7141,0.633333
7142,0.52
7143,0.943333
7144,0.856667
7145,0.723333
7146,0.67
7147,0.52
7148,0.786667
7149,0.616667
7150,0.826667
7151,0.773333
7152,0.726667
7153,0.926667
7154,0.553333
7155,0.45
7156,0.516667
7157,0.896667
7158,0.68
7159,0.87
7160,0.546667
7161,0.723333
7162,0.516667
7163,0.82
7164,0.306667
7165,0.693333
7166,0.553333
7167,0.836667
7168,0.783333
7169,0.776667
7170,0.523333
7171,0.643333
7172,0.726667
7173,0.61
7174,0.823333
7175,0.546667
7176,0.536667
7177,0.48
7178,0.783333
7179,0.73
7180,0.35
7181,0.913333
7182,0.456667
7183,0.783333
7184,0.75
7185,0.696667
7186,0.7
7187,0.66
7188,0.583333
7189,0.72
7190,0.666667
7191,0.723333
7192,0.78
7193,0.663333
7194,0.983333
7195,0.8
7196,0.933333
7197,0.886667
7198,0.943333
7199,0.916667
7200,0.816667
7201,0.606667
7202,0.753333
7203,0.843333
7204,0.826667
7205,0.583333
7206,0.87
7207,0.81
7208,0.816667
7209,0.626667
7210,0.933333
7211,0.6
7212,0.5
7213,0.66
7214,0.353333
7215,0.88
7216,0.823333
7217,0.623333
7218,0.463333
7219,0.5
7220,0.87
7221,0.613333
7222,0.813333
7223,0.83
7224,0.82
7225,0.633333
7226,0.653333
7227,0.54
7228,0.78
7229,0.843333
7230,0.41
7231,0.513333
7232,0.813333
7233,0.916667
7234,0.966667
7235,0.783333
7236,0.95
7237,0.81
7238,0.556667
7239,0.56
7240,0.626667
7241,0.526667
7242,0.483333
7243,0.856667
7244,0.806667
7245,0.51
7246,0.466667
7247,0.89
7248,0.866667
7249,0.776667
7250,0.426667
7251,0.88
7252,0.773333
7253,0.376667
7254,0.95
7255,0.823333
7256,0.913333
7257,0.886667
7258,0.46
7259,0.613333
7260,0.886667
7261,0.9
7262,0.623333
7263,0.803333
7264,0.786667
7265,0.846667
7266,0.516667
7267,0.776667
7268,0.473333
7269,0.573333
7270,0.886667
7271,0.606667
7272,0.936667
7273,0.766667
7274,0.653333
7275,0.726667
7276,0.83
7277,0.79
7278,0.523333
7279,0.473333
7280,0.71
7281,0.793333
7282,0.823333
7283,0.78
7284,0.69
7285,0.62
7286,0.803333
7287,0.976667
7288,0.923333
7289,0.643333
7290,0.96
7291,0.903333
7292,0.79
7293,0.636667
7294,0.773333
7295,0.626667
7296,0.813333
7297,0.75
7298,0.783333
7299,0.643333
7300,0.693333
7301,0.833333
7302,0.92
7303,0.79
7304,0.816667
7305,0.676667
7306,0.82
7307,0.906667
7308,0.93
7309,0.79
7310,0.943333
7311,0.85
7312,0.606667
7313,0.796667
7314,0.923333
7315,0.67
7316,0.586667
7317,0.713333
7318,0.766667
7319,0.666667
7320,0.856667
7321,0.613333
7322,0.89
7323,0.863333
7324,0.686667
7325,0.636667
7326,0.68
7327,0.53
7328,0.91
7329,0.543333
7330,0.983333
7331,0.726667
7332,0.703333
7333,0.883333
7334,0.246667
7335,0.396667
7336,0.603333
7337,0.83
7338,0.703333
7339,0.37
7340,0.683333
7341,0.7
7342,0.616667
7343,0.683333
7344,0.926667
7345,0.716667
7346,0.436667
7347,0.87
7348,0.6
7349,0.49
7350,0.936667
7351,0.93
7352,0.713333
7353,0.853333
7354,0.863333
7355,0.833333
7356,0.626667
7357,0.63
7358,0.55
7359,0.78
7360,0.66
7361,0.716667
7362,0.41
7363,0.433333
7364,0.986667
7365,0.703333
7366,0.623333
7367,0.53
7368,0.84
7369,0.956667
7370,0.49
7371,0.74
7372,0.81
7373,0.86
7374,0.82
7375,0.68
7376,0.47
7377,0.526667
7378,0.743333
7379,0.913333
7380,0.966667
7381,0.843333
7382,0.48
7383,0.326667
7384,0.84
7385,0.696667
7386,0.743333
7387,0.95
7388,0.603333
7389,0.616667
7390,0.623333
7391,0.766667
7392,0.68
7393,0.313333
7394,0.866667
7395,0.863333
7396,0.303333
7397,0.643333
7398,0.953333
7399,0.92
7400,0.956667
7401,0.97
7402,0.66
7403,0.513333
7404,0.49
7405,0.746667
7406,0.656667
7407,0.54
7408,0.84
7409,0.823333
7410,0.733333
7411,0.69
7412,0.943333
7413,0.72
7414,0.853333
7415,0.65
7416,0.38
7417,0.936667
7418,0.753333
7419,0.766667
7420,0.816667
7421,0.69
7422,0.676667
7423,0.896667
7424,0.896667
7425,0.81
7426,0.333333
7427,0.86
7428,0.673333
7429,0.71
7430,0.51
7431,0.916667
7432,0.836667
7433,0.903333
7434,0.866667
7435,0.893333
7436,0.953333
7437,0.58
7438,0.876667
7439,0.933333
7440,0.7
7441,0.75
7442,0.856667
7443,0.426667
7444,0.876667
7445,0.39
7446,0.52
7447,0.87
7448,0.673333
7449,0.993333
7450,0.923333
7451,0.75
7452,0.403333
7453,0.97
7454,0.623333
7455,0.67
7456,0.426667
7457,0.816667
7458,0.56
7459,0.776667
7460,0.93
7461,0.75
7462,0.533333
7463,0.826667
7464,0.963333
7465,0.946667
7466,0.57
7467,0.716667
7468,0.27
7469,0.806667
7470,0.93
7471,0.57
7472,0.62
7473,0.803333
7474,0.786667
7475,0.936667
7476,0.64
7477,0.483333
7478,0.4
7479,0.83
7480,0.763333
7481,0.68
7482,0.823333
7483,0.923333
7484,0.46
7485,0.496667
7486,0.57
7487,0.63
7488,0.953333
7489,0.873333
7490,0.486667
7491,0.763333
7492,0.726667
7493,0.703333
7494,0.796667
7495,0.533333
7496,0.896667
7497,0.71
7498,0.613333
7499,0.426667
7500,0.816667
7501,0.643333
7502,0.86
7503,0.86
7504,0.92
7505,0.746667
7506,0.893333
7507,0.71
7508,0.433333
7509,0.253333
7510,0.453333
7511,0.51
7512,0.783333
7513,0.92
7514,0.673333
7515,0.496667
7516,0.906667
7517,0.656667
7518,0.553333
7519,0.89
7520,0.85
7521,0.686667
7522,0.803333
7523,0.563333
7524,0.8
7525,0.783333
7526,0.706667
7527,0.776667
7528,0.72
7529,0.67
7530,0.67
7531,0.733333
7532,0.3
7533,0.933333
7534,0.786667
7535,0.843333
7536,0.786667
7537,0.896667
7538,0.95
7539,0.5
7540,0.503333
7541,0.756667
7542,0.64
7543,0.886463
7544,0.946667
7545,0.381167
7546,0.7
7547,0.703333
7548,0.736667
7549,0.866667
7550,0.723333
7551,0.54
7552,0.67
7553,0.76
7554,0.703333
7555,0.76
7556,0.536667
7557,0.673333
7558,0.863333
7559,0.766667
7560,0.256667
7561,0.96
7562,0.886667
7563,0.973333
7564,0.5
7565,0.723333
7566,0.753333
7567,0.626667
7568,0.91
7569,0.693333
7570,0.8
7571,0.48
7572,0.646667
7573,0.846667
7574,0.583333
7575,0.636667
7576,0.353333
7577,0.356667
7578,0.903333
7579,0.746667
7580,0.666667
7581,0.896667
7582,0.396667
7583,0.71
7584,0.596667
7585,0.703333
7586,0.75
7587,0.916667
7588,0.83
7589,0.626667
7590,0.953333
7591,0.783333
7592,0.803333
7593,0.816667
7594,0.416667
7595,0.486667
7596,0.506667
7597,0.34
7598,0.603333
7599,0.783333
7600,0.6
7601,0.786667
7602,0.876667
7603,0.793333
7604,0.816667
7605,0.616667
7606,0.48
7607,0.866667
7608,0.816667
7609,0.916667
7610,0.613333
7611,0.87
7612,0.51
7613,0.803333
7614,0.453333
7615,0.56
7616,0.539167
7617,0.73
7618,0.78
7619,0.7
7620,0.546667
7621,0.88
7622,0.596667
7623,0.91
7624,0.766667
7625,0.343333
7626,0.796667
7627,0.656667
7628,0.55
7629,0.74
7630,0.983333
7631,0.96
7632,0.7
7633,0.693333
7634,0.886667
7635,0.583333
7636,0.643333
7637,0.756667
7638,0.873333
7639,0.4
7640,0.603333
7641,0.823333
7642,0.33
7643,0.343333
7644,0.843333
7645,0.786667
7646,0.726667
7647,0.4
7648,0.64
7649,0.593333
7650,0.726667
7651,0.88
7652,0.84
7653,0.636667
7654,0.703333
7655,0.976667
7656,0.51
7657,0.693333
7658,0.81
7659,0.686667
7660,0.796667
7661,0.98
7662,0.526667
7663,0.66
7664,0.783333
7665,0.726667
7666,0.516667
7667,0.343333
7668,0.863333
7669,0.816667
7670,0.936667
7671,0.833333
7672,0.413333
7673,0.736667
7674,0.723333
7675,0.446667
7676,0.633333
7677,0.906667
7678,0.52
7679,0.463333
7680,0.913333
7681,0.743333
7682,0.65
7683,0.77
7684,0.566667
7685,0.703333
7686,0.89
7687,0.546667
7688,0.74
7689,0.79
7690,0.836667
7691,0.706667
7692,0.16
7693,0.963333
7694,0.903333
7695,0.91
7696,0.853333
7697,0.953333
7698,0.8
7699,0.53
7700,0.796667
7701,0.303333
7702,0.873333
7703,0.646667
7704,0.623333
7705,0.74
7706,0.596667
7707,0.813333
7708,0.823333
7709,0.616667
7710,0.426667
7711,0.5
7712,0.653333
7713,0.876667
7714,0.73
7715,0.566667
7716,0.78
7717,0.516667
7718,0.45
7719,0.54
7720,0.826667
7721,0.663333
7722,0.473333
7723,0.62
7724,0.86
7725,0.6
7726,0.896667
7727,0.826667
7728,0.903333
7729,0.7
7730,0.846667
7731,0.44
7732,0.693333
7733,0.523333
7734,0.626667
7735,0.78
7736,0.656667
7737,0.926667
7738,0.793333
7739,0.67
7740,0.696667
7741,0.596667
7742,0.883333
7743,0.66
7744,0.506667
7745,0.736667
7746,0.583333
7747,0.876667
7748,0.903333
7749,0.483333
7750,0.453333
7751,0.736667
7752,0.74
7753,0.776667
7754,0.41
7755,0.796667
7756,0.77
7757,0.723333
7758,0.56
7759,0.853333
7760,0.543333
7761,0.803333
7762,0.88
7763,0.976667
7764,0.663333
7765,0.503333
7766,0.746667
7767,0.666667
7768,0.623333
7769,0.816667
7770,0.833333
7771,0.58
7772,0.456667
7773,0.8
7774,0.943333
7775,0.796667
7776,0.84
7777,0.943333
7778,0.783333
7779,0.913333
7780,0.79
7781,0.859796
7782,0.52
7783,0.91
7784,0.723333
7785,0.76
7786,0.71
7787,0.663333
7788,0.786667
7789,0.803333
7790,0.72
7791,0.84
7792,0.926667
7793,0.663333
7794,0.726667
7795,0.53
7796,0.876667
7797,0.383333
7798,0.826667
7799,0.75
7800,0.526667
7801,0.58
7802,0.776667
7803,0.823333
7804,0.8
7805,0.686667
7806,0.703333
7807,0.8
7808,0.293333
7809,0.37
7810,0.733333
7811,0.81
7812,0.48
7813,0.576667
7814,0.68
7815,0.966667
7816,0.733333
7817,0.746667
7818,0.93
7819,0.746667
7820,0.786667
7821,0.59
7822,0.64
7823,0.69
7824,0.696667
7825,0.48
7826,0.903333
7827,0.546667
7828,0.843333
7829,0.71
7830,0.633333
7831,0.92
7832,0.96
7833,0.556667
7834,0.65
7835,0.513333
7836,0.84
7837,0.636667
7838,0.606667
7839,0.633333
7840,0.76
7841,0.616667
7842,0.8
7843,0.726667
7844,0.753333
7845,0.88
7846,0.816667
7847,0.916667
7848,0.59
7849,0.436667
7850,0.66
7851,0.9
7852,0.696667
7853,0.81
7854,0.35
7855,0.82
7856,0.68
7857,0.543333
7858,0.756667
7859,0.8
7860,0.64
7861,0.866667
7862,0.823333
7863,0.403333
7864,0.403333
7865,0.563333
7866,0.703333
7867,0.813333
7868,0.833333
7869,0.773333
7870,0.76
7871,0.88
7872,0.566667
7873,0.18
7874,0.853333
7875,0.506667
7876,0.93
7877,0.673333
7878,0.596667
7879,0.593333
7880,0.966667
7881,0.786667
7882,0.65
7883,0.616667
7884,0.77
7885,0.85
7886,0.8
7887,0.45
7888,0.64
7889,0.763333
7890,0.743333
7891,0.593333
7892,0.956667
7893,0.92
7894,0.703333
7895,0.466667
7896,0.57
7897,0.553333
7898,0.353333
7899,0.87
7900,0.853333
7901,0.883333
7902,0.786667
7903,0.81
7904,0.623333
7905,0.77
7906,0.71
7907,0.296667
7908,0.513333
7909,0.746667
7910,0.62
7911,0.786667
7912,0.686667
7913,0.566667
7914,0.67
7915,0.53
7916,0.766667
7917,0.736667
7918,0.543333
7919,0.616667
7920,0.883333
7921,0.57
7922,0.716667
7923,0.82
7924,0.506667
7925,0.52
7926,0.8
7927,0.726667
7928,0.683333
7929,0.85
7930,0.31
7931,0.496667
7932,0.56
7933,0.93
7934,0.946667
7935,0.533333
7936,0.61
7937,0.59
7938,0.553333
7939,0.48
7940,0.793333
7941,0.61
7942,0.27
7943,0.793333
7944,0.773333
7945,0.746667
7946,0.75
7947,0.806667
7948,0.563333
7949,0.943333
7950,0.94
7951,0.953333
7952,0.366667
7953,0.803333
7954,0.603333
7955,0.556667
7956,0.503333
7957,0.966667
7958,0.96
7959,0.602551
7960,0.796667
7961,0.876667
7962,0.59
7963,0.84
7964,0.863333
7965,0.903333
7966,0.883333
7967,0.853333
7968,0.62
7969,0.8
7970,0.713333
7971,0.64
7972,0.676667
7973,0.65
7974,0.483333
7975,0.873333
7976,0.666667
7977,0.61
7978,0.853333
7979,0.676667
7980,0.766667
7981,0.98
7982,0.79
7983,0.68
7984,0.97
7985,0.92
7986,0.66
7987,0.773333
7988,0.89
7989,0.646667
7990,0.74
7991,0.786667
7992,0.736667
7993,0.763333
7994,0.326667
7995,0.363333
7996,0.84
7997,0.583333
7998,0.71
7999,0.563333
8000,0.8
8001,0.823333
8002,0.753333
8003,0.836667
8004,0.6
8005,0.763333
8006,0.81
8007,0.78
8008,0.69
8009,0.756667
8010,0.823333
8011,0.76
8012,0.66
8013,0.816667
8014,0.51
8015,0.883333
8016,0.76
8017,0.86
8018,0.753333
8019,0.596667
8020,0.893333
8021,0.653333
8022,0.78
8023,0.756667
8024,0.236667
8025,0.47
8026,0.823333
8027,0.933333
8028,0.7
8029,0.93
8030,0.923333
8031,0.77
8032,0.35
8033,0.62
8034,0.563333
8035,0.65
8036,0.54
8037,0.77
8038,0.643333
8039,0.883333
8040,0.936667
8041,0.883333
8042,0.596667
8043,0.666667
8044,0.88
8045,0.693333
8046,0.723333
8047,0.826667
8048,0.833333
8049,0.416667
8050,0.716667
8051,0.68
8052,0.716667
8053,0.63
8054,0.67
8055,0.423333
8056,0.563333
8057,0.826667
8058,0.67
8059,0.636667
8060,0.47
8061,0.843333
8062,0.593333
8063,0.93
8064,0.83
8065,0.61
8066,0.963333
8067,0.356667
8068,0.436667
8069,0.65
8070,0.57
8071,0.94
8072,0.736667
8073,0.96
8074,0.74
8075,0.896667
8076,0.473333
8077,0.83
8078,0.943333
8079,0.85
8080,0.79
8081,0.82
8082,0.933333
8083,0.876667
8084,0.673333
8085,0.696667
8086,0.673333
8087,0.983333
8088,0.356667
8089,0.74
8090,0.79
8091,0.743333
8092,0.556667
8093,0.61
8094,0.796667
8095,0.783333
8096,0.736667
8097,0.946667
8098,0.906667
8099,0.606667
8100,0.68
8101,0.696667
8102,0.586667
8103,0.813333
8104,0.566667
8105,0.916667
8106,0.426667
8107,0.536667
8108,0.57
8109,0.873333
8110,0.766667
8111,0.253333
8112,0.656667
8113,0.486667
8114,0.973333
8115,0.9
8116,0.636667
8117,0.973333
8118,0.756667
8119,0.743333
8120,0.98
8121,0.986667
8122,0.82
8123,0.7
8124,0.526667
8125,0.543333
8126,0.47
8127,0.46
8128,0.336667
8129,0.62
8130,0.686667
8131,0.843333
8132,0.686667
8133,0.563333
8134,0.82
8135,0.873333
8136,0.406667
8137,0.706667
8138,0.54
8139,0.57
8140,0.81
8141,0.75
8142,0.58
8143,0.633333
8144,0.84
8145,0.493333
8146,0.686667
8147,0.89
8148,0.94
8149,0.77
8150,0.59
8151,0.79
8152,0.87
8153,0.876667
8154,0.876667
8155,0.833333
8156,0.93
8157,0.846667
8158,0.933333
8159,0.503333
8160,0.7
8161,0.893333
8162,0.886667
8163,0.713333
8164,0.51
8165,0.536667
8166,0.526667
8167,0.486667
8168,0.65
8169,0.896667
8170,0.723333
8171,0.843333
8172,0.933333
8173,0.426667
8174,0.76
8175,0.54
8176,0.46
8177,0.596667
8178,0.756667
8179,0.683333
8180,0.966667
8181,0.9
8182,0.936667
8183,0.533333
8184,0.806667
8185,0.676667
8186,0.74
8187,0.78
8188,0.64
8189,0.56
8190,0.823333
8191,0.86
8192,0.88
8193,0.723333
8194,0.413333
8195,0.723333
8196,0.749333
8197,0.483333
8198,0.713333
8199,0.47
8200,0.516667
8201,0.696667
8202,0.76
8203,0.586667
8204,0.923333
8205,0.613333
8206,0.34
8207,0.45
8208,0.826667
8209,0.903333
8210,0.313333
8211,0.79
8212,0.6
8213,0.856667
8214,0.776667
8215,0.956667
8216,0.68
8217,0.876667
8218,0.55
8219,0.843333
8220,0.863333
8221,0.876667
8222,0.66
8223,0.91
8224,0.603333
8225,0.87
8226,0.733333
8227,0.93
8228,0.536667
8229,0.86
8230,0.69
8231,0.65
8232,0.84
8233,0.84
8234,0.96
8235,0.953333
8236,0.803333
8237,0.533333
8238,0.776667
8239,0.94
8240,0.633333
8241,0.53
8242,0.53
8243,0.863333
8244,0.943333
8245,0.913333
8246,0.933333
8247,0.613333
8248,0.993333
8249,0.563333
8250,0.876667
8251,0.953333
8252,0.58
8253,0.556667
8254,0.53
8255,0.566667
8256,0.71
8257,0.753333
8258,0.736667
8259,0.456667
8260,0.816667
8261,0.816667
8262,0.82
8263,0.703333
8264,0.653333
8265,0.61
8266,0.646667
8267,0.45
8268,0.816667
8269,0.826667
8270,0.706667
8271,0.986667
8272,0.69
8273,0.856667
8274,0.896667
8275,0.783333
8276,0.893333
8277,0.616667
8278,0.606667
8279,0.649362
8280,0.746667
8281,0.645885
8282,0.736667
8283,0.846667
8284,0.59
8285,0.776667
8286,0.673333
8287,0.776667
8288,0.396667
8289,0.886667
8290,0.786667
8291,0.586667
8292,0.303333
8293,0.693333
8294,0.85
8295,0.146667
8296,0.936667
8297,0.746667
8298,0.593333
8299,0.766667
8300,0.776667
8301,0.666667
8302,0.616667
8303,0.483333
8304,0.906667
8305,0.723333
8306,0.673333
8307,0.816667
8308,0.696667
8309,0.966667
8310,0.79
8311,0.713333
8312,0.903333
8313,0.763333
8314,0.84
8315,0.513333
8316,0.863333
8317,0.903333
8318,0.726667
8319,0.696667
8320,0.466667
8321,0.983333
8322,0.886667
8323,0.903333
8324,0.65
8325,0.536667
8326,0.663333
8327,0.69
8328,0.313333
8329,0.606667
8330,0.946667
8331,0.8
8332,0.69
8333,0.96
8334,0.796667
8335,0.65
8336,0.683333
8337,0.706667
8338,0.636667
8339,0.893333
8340,0.553333
8341,0.846667
8342,0.883333
8343,0.463333
8344,0.72
8345,0.76
8346,0.756667
8347,0.733333
8348,0.84
8349,0.883333
8350,0.38
8351,0.763333
8352,0.586667
8353,0.59
8354,0.83
8355,0.583333
8356,0.62
8357,0.456667
8358,0.783333
8359,0.723333
8360,0.82
8361,0.966667
8362,0.616667
8363,0.403333
8364,0.413333
8365,0.813333
8366,0.783333
8367,0.426667
8368,0.66
8369,0.763333
8370,0.883333
8371,0.373333
8372,0.803333
8373,0.653333
8374,0.616667
8375,0.606667
8376,0.886667
8377,0.916667
8378,0.85
8379,0.806667
8380,0.543333
8381,0.656667
8382,0.623333
8383,0.74
8384,0.836667
8385,0.933333
8386,0.736667
8387,0.443333
8388,0.65
8389,0.676667
8390,0.97
8391,0.8
8392,0.656667
8393,0.813333
8394,0.636667
8395,0.583333
8396,0.95
8397,0.736667
8398,0.836667
8399,0.753333
8400,0.666667
8401,0.746667
8402,0.736667
8403,0.606667
8404,0.953333
8405,0.48
8406,0.913333
8407,0.64
8408,0.97
8409,0.7
8410,0.71
8411,0.793333
8412,0.813333
8413,0.37
8414,0.9
8415,0.776667
8416,0.756667
8417,0.486667
8418,0.79
8419,0.836667
8420,0.813333
8421,0.813333
8422,0.646667
8423,0.863333
8424,0.51
8425,0.88
8426,0.696667
8427,0.423333
8428,0.483333
8429,0.67
8430,0.606667
8431,0.786667
8432,0.626667
8433,0.886667
8434,0.783333
8435,0.643333
8436,0.746667
8437,0.476667
8438,0.736667
8439,0.436667
8440,0.743333
8441,0.826667
8442,0.863333
8443,0.93
8444,0.923333
8445,0.47
8446,0.77
8447,0.846667
8448,0.893333
8449,0.593333
8450,0.536667
8451,0.69
8452,0.656667
8453,0.713333
8454,0.88
8455,0.78
8456,0.646667
8457,0.68
8458,0.88
8459,0.823333
8460,0.623333
8461,0.91
8462,0.736667
8463,0.683889
8464,0.943333
8465,0.79
8466,0.463333
8467,0.903333
8468,0.973333
8469,0.52
8470,0.593333
8471,0.966667
8472,0.546667
8473,0.703333
8474,0.89
8475,0.696667
8476,0.596667
8477,0.92
8478,0.85
8479,0.536667
8480,0.51
8481,0.606667
8482,0.573333
8483,0.593333
8484,0.65
8485,0.6
8486,0.933333
8487,0.733333
8488,0.336667
8489,0.666667
8490,0.796667
8491,0.89
8492,0.513333
8493,0.65
8494,0.513333
8495,0.753333
8496,0.586667
8497,0.656667
8498,0.54
8499,0.463333
8500,0.493333
8501,0.683333
8502,0.77
8503,0.573333
8504,0.68
8505,0.876667
8506,0.453333
8507,0.893333
8508,0.743333
8509,0.913333
8510,0.663333
8511,0.336667
8512,0.856667
8513,0.723333
8514,0.473333
8515,0.886667
8516,0.716667
8517,0.463333
8518,0.74
8519,0.673333
8520,0.523333
8521,0.733333
8522,0.686667
8523,0.43
8524,0.59
8525,0.916667
8526,0.376667
8527,0.623333
8528,0.62
8529,0.81
8530,0.386667
8531,0.44
8532,0.796667
8533,0.796667
8534,0.896667
8535,0.77
8536,0.703333
8537,0.583333
8538,0.62
8539,0.67
8540,0.833333
8541,0.356667
8542,0.96
8543,0.816667
8544,0.64
8545,0.866667
8546,0.88
8547,0.596667
8548,0.716667
8549,0.83
8550,0.683333
8551,0.723333
8552,0.593333
8553,0.233333
8554,0.923333
8555,0.743333
8556,0.693333
8557,0.77
8558,0.8
8559,0.343333
8560,0.883333
8561,0.83
8562,0.883333
8563,0.85
8564,0.806667
8565,0.336667
8566,0.99
8567,0.71
8568,0.9
8569,0.82
8570,0.86
8571,0.626667
8572,0.913333
8573,0.763333
8574,0.716667
8575,0.61
8576,0.663333
8577,0.78
8578,0.926667
8579,0.806667
8580,0.62
8581,0.903333
8582,0.606667
8583,0.823333
8584,0.756667
8585,0.806667
8586,0.33
8587,0.64
8588,0.496667
8589,0.733333
8590,0.816667
8591,0.766667
8592,0.99
8593,0.923333
8594,0.603333
8595,0.863333
8596,0.786667
8597,0.99
8598,0.606667
8599,0.883333
8600,0.78
8601,0.57
8602,0.093333
8603,0.79
8604,0.936667
8605,0.8
8606,0.37
8607,0.566667
8608,0.686667
8609,0.976667
8610,0.793333
8611,0.663333
8612,0.723333
8613,0.676667
8614,0.773333
8615,0.613333
8616,0.746667
8617,0.59
8618,0.749444
8619,0.72
8620,0.63
8621,0.666667
8622,0.533333
8623,0.776667
8624,0.723333
8625,0.79
8626,0.75
8627,0.86957
8628,0.44
8629,0.666667
8630,0.796667
8631,0.83
8632,0.85
8633,0.58
8634,0.53
8635,0.596667
8636,0.7
8637,0.786667
8638,0.976667
8639,0.536667
8640,0.68
8641,0.79
8642,0.756667
8643,0.983333
8644,0.736667
8645,0.843333
8646,0.68
8647,0.783333
8648,0.646667
8649,0.83
8650,0.966667
8651,0.826667
8652,0.53
8653,0.86
8654,0.86
8655,0.946667
8656,0.45
8657,0.556667
8658,0.56
8659,0.81
8660,0.93
8661,0.693333
8662,0.853333
8663,0.726667
8664,0.52
8665,0.776667
8666,0.483333
8667,0.65
8668,0.326667
8669,0.83
8670,0.723333
8671,0.896667
8672,0.733333
8673,0.7
8674,0.676667
8675,0.663333
8676,0.33
8677,0.713333
8678,0.1
8679,0.383333
8680,0.77
8681,0.673333
8682,0.926667
8683,0.93
8684,0.57
8685,0.643333
8686,0.55
8687,0.84
8688,0.743333
8689,0.56
8690,0.77
8691,0.826667
8692,0.81
8693,0.916667
8694,0.723333
8695,0.63
8696,0.816667
8697,0.856667
8698,0.913333
8699,0.663333
8700,0.843333
8701,0.853333
8702,0.79
8703,0.576667
8704,0.693333
8705,0.86
8706,0.233333
8707,0.813333
8708,0.496667
8709,0.38
8710,0.71
8711,0.746667
8712,0.686667
8713,0.856667
8714,0.936667
8715,0.513333
8716,0.666667
8717,0.75
8718,0.406667
8719,0.943333
8720,0.74
8721,0.593333
8722,0.933333
8723,0.896667
8724,0.91
8725,0.853333
8726,0.596667
8727,0.663333
8728,0.566667
8729,0.876667
8730,0.693333
8731,0.923333
8732,0.786667
8733,0.82
8734,0.333333
8735,0.923333
8736,0.563333
8737,0.92
8738,0.826667
8739,0.683333
8740,0.743333
8741,0.606667
8742,0.813333
8743,0.87
8744,0.716667
8745,0.953333
8746,0.64
8747,0.936667
8748,0.49
8749,0.34
8750,0.99
8751,0.883333
8752,0.796667
8753,0.636667
8754,0.84
8755,0.51
8756,0.973333
8757,0.663333
8758,0.656667
8759,0.936667
8760,0.803333
8761,0.726667
8762,0.633333
8763,0.74
8764,0.733333
8765,0.346667
8766,0.88
8767,0.473333
8768,0.593333
8769,0.68
8770,0.746667
8771,0.736667
8772,0.946667
8773,0.84
8774,0.573333
8775,0.633333
8776,0.673333
8777,0.536667
8778,0.663333
8779,0.323333
8780,0.453333
8781,0.62
8782,0.626667
8783,0.816667
8784,0.696667
8785,0.51
8786,0.79
8787,0.82
8788,0.703333
8789,0.88
8790,0.643333
8791,0.72
8792,0.733333
8793,0.75
8794,0.81
8795,0.663333
8796,0.496667
8797,0.763333
8798,0.883333
8799,0.57
8800,0.67
8801,0.733333
8802,0.62
8803,0.936667
8804,0.92
8805,0.753333
8806,0.716667
8807,0.48
8808,0.716667
8809,0.816667
8810,0.48
8811,0.6
8812,0.883333
8813,0.906667
8814,0.776667
8815,0.856667
8816,0.936667
8817,0.923333
8818,0.676667
8819,0.816667
8820,0.836667
8821,0.723333
8822,0.896667
8823,0.74
8824,0.943333
8825,0.756667
8826,0.6
8827,0.813333
8828,0.65
8829,0.946667
8830,0.906667
8831,0.733333
8832,0.496667
8833,0.496667
8834,0.956667
8835,0.616667
8836,0.81
8837,0.44
8838,0.787143
8839,0.856667
8840,0.573333
8841,0.823333
8842,0.833333
8843,0.64
8844,0.873333
8845,0.83
8846,0.803333
8847,0.596667
8848,0.613333
8849,0.743333
8850,0.953333
8851,0.686667
8852,0.733333
8853,0.626667
8854,0.51
8855,0.35
8856,0.726667
8857,0.816667
8858,0.7
8859,0.453333
8860,0.5
8861,0.663333
8862,0.766667
8863,0.943333
8864,0.97
8865,0.766667
8866,0.48
8867,0.383333
8868,0.59
8869,0.786667
8870,0.546667
8871,0.836667
8872,0.563333
8873,0.756667
8874,0.743333
8875,0.6
8876,0.323333
8877,0.833333
8878,0.65
8879,0.72
8880,0.663333
8881,0.96
8882,0.863333
8883,0.713333
8884,0.59
8885,0.516667
8886,0.646667
8887,0.836667
8888,0.713333
8889,0.62
8890,0.76
8891,0.563333
8892,0.543333
8893,0.463333
8894,0.373333
8895,0.92
8896,0.716667
8897,0.806667
8898,0.75
8899,0.64
8900,0.876667
8901,0.416667
8902,0.183333
8903,0.723333
8904,0.896667
8905,0.42
8906,0.893333
8907,0.716667
8908,0.86
8909,0.743333
8910,0.79
8911,0.536667
8912,0.773333
8913,0.673333
8914,0.463333
8915,0.793333
8916,0.823333
8917,0.673333
8918,0.493333
8919,0.616667
8920,0.603333
8921,0.526667
8922,0.43
8923,0.623333
8924,0.676667
8925,0.483333
8926,0.866667
8927,0.663333
8928,0.87
8929,0.623333
8930,0.563333
8931,0.37
8932,0.826667
8933,0.686667
8934,0.666667
8935,0.903333
8936,0.926667
8937,0.563333
8938,0.853333
8939,0.643333
8940,0.93
8941,0.92
8942,0.66
8943,0.576667
8944,0.903333
8945,0.536667
8946,0.813333
8947,0.783333
8948,0.71
8949,0.653333
8950,0.976667
8951,0.906667
8952,0.743333
8953,0.626667
8954,0.823333
8955,0.476667
8956,0.523333
8957,0.52
8958,0.66
8959,0.64
8960,0.756667
8961,0.876667
8962,0.77
8963,0.93
8964,0.46
8965,0.753333
8966,0.93
8967,0.45
8968,0.686667
8969,0.773333
8970,0.57
8971,0.516667
8972,0.93
8973,0.88
8974,0.513333
8975,0.976667
8976,0.633333
8977,0.256667
8978,0.773333
8979,0.553333
8980,0.57
8981,0.713333
8982,0.83
8983,0.733333
8984,0.656667
8985,0.65
8986,0.736667
8987,0.656667
8988,0.636667
8989,0.733333
8990,0.796667
8991,0.783333
8992,0.82
8993,0.703333
8994,0.686667
8995,0.473333
8996,0.683333
8997,0.443333
8998,0.983333
8999,0.7
9000,0.47
9001,0.823333
9002,0.846667
9003,0.7
9004,0.96
9005,0.386667
9006,0.783333
9007,0.953333
9008,0.65
9009,0.62
9010,0.57
9011,0.763333
9012,0.466667
9013,0.823333
9014,0.55
9015,0.706667
9016,0.946667
9017,0.86
9018,0.796667
9019,0.413333
9020,0.64
9021,0.86
9022,0.673333
9023,0.556667
9024,0.763333
9025,0.59
9026,0.713333
9027,0.166667
9028,0.886667
9029,0.363333
9030,0.956667
9031,0.84
9032,0.643333
9033,0.903333
9034,0.853333
9035,0.846667
9036,0.316667
9037,0.683333
9038,0.726667
9039,0.816667
9040,0.706667
9041,0.68
9042,0.97
9043,0.74
9044,0.736667
9045,0.763333
9046,0.8
9047,0.61
9048,0.753333
9049,0.706667
9050,0.866667
9051,0.89
9052,0.71
9053,0.67
9054,0.786667
9055,0.446667
9056,0.883333
9057,0.803333
9058,0.696667
9059,0.77
9060,0.713333
9061,0.706667
9062,0.91
9063,0.79
9064,0.726667
9065,0.723333
9066,0.75
9067,0.233333
9068,0.7
9069,0.626667
9070,0.99
9071,0.576667
9072,0.606667
9073,0.73
9074,0.453333
9075,0.626667
9076,0.46
9077,0.55
9078,0.783333
9079,0.37
9080,0.433333
9081,0.853333
9082,0.543333
9083,0.766667
9084,0.78
9085,0.683333
9086,0.733333
9087,0.94
9088,0.793333
9089,0.86
9090,0.966667
9091,0.336667
9092,0.376667
9093,0.53
9094,0.763333
9095,0.986667
9096,0.493333
9097,0.453333
9098,0.776667
9099,0.43
9100,0.57
9101,0.943333
9102,0.78
9103,0.47
9104,0.833333
9105,0.403333
9106,0.793333
9107,0.893333
9108,0.686667
9109,0.503333
9110,0.563333
9111,0.68
9112,0.426667
9113,0.873333
9114,0.7
9115,0.35
9116,0.73
9117,0.746667
9118,0.943333
9119,0.52
9120,0.513333
9121,0.87
9122,0.626667
9123,0.953333
9124,0.8
9125,0.98
9126,0.953333
9127,0.55
9128,0.823333
9129,0.86
9130,0.903333
9131,0.566667
9132,0.483333
9133,0.79
9134,0.94
9135,0.913333
9136,0.536667
9137,0.82
9138,0.896667
9139,0.69
9140,0.83
9141,0.733333
9142,0.59
9143,0.85
9144,0.966667
9145,0.856667
9146,0.62
9147,0.796667
9148,0.333333
9149,0.76
9150,0.986667
9151,0.586667
9152,0.803333
9153,0.97
9154,0.903333
9155,0.536667
9156,0.823333
9157,0.69
9158,0.96
9159,0.55
9160,0.93
9161,0.666667
9162,0.54
9163,0.626667
9164,0.973333
9165,0.22
9166,0.663333
9167,0.51
9168,0.893333
9169,0.763333
9170,0.616667
9171,0.77
9172,0.701556
9173,0.713333
9174,0.856667
9175,0.893333
9176,0.87
9177,0.646667
9178,0.786667
9179,0.556667
9180,0.763333
9181,0.713333
9182,0.636667
9183,0.943333
9184,0.94
9185,0.613333
9186,0.61
9187,0.886667
9188,0.84
9189,0.846667
9190,0.676667
9191,0.57
9192,0.703333
9193,0.353333
9194,0.83
9195,0.613333
9196,0.763333
9197,0.333333
9198,0.463333
9199,0.756667
9200,0.693333
9201,0.68
9202,0.896667
9203,0.75
9204,0.773333
9205,0.71
9206,0.47
9207,0.67
9208,0.623333
9209,0.9
9210,0.716667
9211,0.666667
9212,0.8
9213,0.443333
9214,0.696667
9215,0.793333
9216,0.69
9217,0.866667
9218,0.376667
9219,0.413333
9220,0.616667
9221,0.59
9222,0.686667
9223,0.85
9224,0.55
9225,0.83
9226,0.803333
9227,0.506667
9228,0.6
9229,0.903333
9230,0.846667
9231,0.81
9232,0.976667
9233,0.246667
9234,0.783333
9235,0.71
9236,0.633333
9237,0.406667
9238,0.616667
9239,0.803333
9240,0.56
9241,0.936667
9242,0.43
9243,0.966667
9244,0.833333
9245,0.543333
9246,0.746667
9247,0.586667
9248,0.446667
9249,0.696667
9250,0.8
9251,0.516667
9252,0.803333
9253,0.793333
9254,0.806667
9255,0.9
9256,0.94
9257,0.336667
9258,0.94
9259,1.0
9260,0.546667
9261,0.806667
9262,0.603333
9263,0.9
9264,0.533333
9265,0.543333
9266,0.813333
9267,0.586667
9268,0.843333
9269,0.706667
9270,0.95
9271,0.923333
9272,0.99
9273,0.676667
9274,0.866667
9275,0.553333
9276,0.596667
9277,0.89
9278,0.713333
9279,0.846667
9280,0.786667
9281,0.953333
9282,0.63
9283,0.873333
9284,0.886667
9285,0.84
9286,0.853333
9287,0.323333
9288,0.476667
9289,0.91
9290,0.86
9291,0.676667
9292,0.676667
9293,0.773333
9294,0.683333
9295,0.7
9296,0.626667
9297,0.69
9298,0.766667
9299,0.616667
9300,0.986667
9301,0.47
9302,0.356667
9303,0.706667
9304,0.346667
9305,0.37
9306,0.82
9307,0.4
9308,0.826667
9309,0.826667
9310,0.47
9311,0.69
9312,0.76
9313,0.766667
9314,0.81
9315,0.886667
9316,0.723333
9317,0.716667
9318,0.763333
9319,0.816667
9320,0.776667
9321,0.903333
9322,0.706667
9323,0.553333
9324,0.81
9325,0.68
9326,0.923333
9327,0.67
9328,0.763333
9329,0.983333
9330,0.756667
9331,0.67
9332,0.8
9333,0.766667
9334,0.52
9335,0.746667
9336,0.686667
9337,0.74
9338,0.803333
9339,0.843333
9340,0.82
9341,0.813333
9342,0.806667
9343,0.55
9344,0.266667
9345,0.546667
9346,0.58
9347,0.386667
9348,0.77
9349,0.773333
9350,0.73
9351,0.633333
9352,0.713333
9353,0.763333
9354,0.973333
9355,0.76
9356,0.66
9357,0.88
9358,0.93
9359,0.776667
9360,0.44
9361,0.616667
9362,0.753333
9363,0.436667
9364,0.693333
9365,0.796667
9366,0.786667
9367,0.69
9368,0.85
9369,0.83
9370,0.84
9371,0.85
9372,0.766667
9373,0.476667
9374,0.823333
9375,0.873333
9376,0.833333
9377,0.733333
9378,0.94
9379,0.913333
9380,0.536667
9381,0.92
9382,0.903333
9383,0.616667
9384,0.776667
9385,0.713333
9386,0.743333
9387,0.9
9388,0.943333
9389,0.39381
9390,0.546667
9391,0.683333
9392,0.843333
9393,0.946667
9394,0.973333
9395,0.576667
9396,0.443333
9397,0.79
9398,0.293333
9399,0.753333
9400,0.963333
9401,0.813333
9402,0.936667
9403,0.443333
9404,0.966667
9405,0.64
9406,0.8
9407,0.756667
9408,0.833333
9409,0.823333
9410,0.873333
9411,0.66
9412,0.906667
9413,0.873333
9414,0.663333
9415,0.87
9416,0.89
9417,0.666667
9418,0.713333
9419,0.693333
9420,0.883333
9421,0.8
9422,0.433333
9423,0.87
9424,0.686667
9425,0.726667
9426,0.793333
9427,0.806667
9428,0.966667
9429,0.82
9430,0.946667
9431,0.94
9432,0.67
9433,0.766667
9434,0.733333
9435,0.46
9436,0.766667
9437,0.53
9438,0.826667
9439,0.75
9440,0.763333
9441,0.689218
9442,0.82
9443,0.733333
9444,0.79
9445,0.51
9446,0.636667
9447,0.836667
9448,0.643333
9449,0.616667
9450,0.963333
9451,0.94
9452,0.406667
9453,0.933333
9454,0.616667
9455,0.99
9456,0.93
9457,0.86
9458,0.92
9459,0.896667
9460,0.88
9461,0.62
9462,0.75
9463,0.696667
9464,0.616667
9465,0.776667
9466,0.823333
9467,0.706667
9468,0.69
9469,0.953333
9470,0.836667
9471,0.346667
9472,0.73
9473,0.65
9474,0.616667
9475,0.823333
9476,0.78
9477,0.763333
9478,0.956667
9479,0.946667
9480,0.596667
9481,0.76
9482,0.919796
9483,0.686667
9484,0.576667
9485,0.633333
9486,0.36
9487,0.643333
9488,0.956667
9489,0.67
9490,0.69
9491,0.9
9492,0.55
9493,0.773333
9494,0.806667
9495,0.78
9496,0.416667
9497,0.62
9498,0.48
9499,0.74
9500,0.976667
9501,0.906667
9502,0.453333
9503,0.706667
9504,0.726667
9505,0.61
9506,0.733333
9507,0.553333
9508,0.996667
9509,0.49
9510,0.79
9511,0.72
9512,0.706667
9513,0.856667
9514,0.92
9515,0.67
9516,0.533333
9517,0.47
9518,0.683333
9519,0.643333
9520,0.87
9521,0.896667
9522,0.66
9523,0.67
9524,0.43
9525,0.8
9526,0.633333
9527,0.883333
9528,0.853333
9529,0.85
9530,0.856667
9531,0.79
9532,0.76
9533,0.523333
9534,0.606667
9535,0.47
9536,0.43
9537,0.616667
9538,0.89
9539,0.686667
9540,0.89
9541,0.733333
9542,0.823333
9543,0.68
9544,0.603333
9545,0.66
9546,0.83
9547,0.796667
9548,0.823333
9549,0.56
9550,0.763333
9551,0.87
9552,0.933333
9553,0.86
9554,0.63
9555,0.913333
9556,0.59
9557,0.686667
9558,0.6
9559,0.766667
9560,0.823333
9561,0.64
9562,0.483333
9563,0.933333
9564,0.636667
9565,0.776667
9566,0.933333
9567,0.813333
9568,0.88
9569,0.676667
9570,0.703333
9571,0.893333
9572,0.856667
9573,0.833333
9574,0.653333
9575,0.543333
9576,0.626667
9577,0.846667
9578,0.866667
9579,0.89
9580,0.653333
9581,0.916667
9582,0.813333
9583,0.63
9584,0.996667
9585,0.836667
9586,0.566667
9587,0.7
9588,0.903333
9589,0.746667
9590,0.586667
9591,0.896667
9592,0.62
9593,0.683333
9594,0.906667
9595,0.496667
9596,0.513333
9597,0.263333
9598,0.713333
9599,0.816667
9600,0.715333
9601,0.826667
9602,0.61
9603,0.753333
9604,0.556667
9605,0.813333
9606,0.71
9607,0.44
9608,0.75
9609,0.77
9610,0.83
9611,0.54
9612,0.99
9613,0.75
9614,0.783333
9615,0.66
9616,0.926667
9617,0.743333
9618,0.93
9619,0.68
9620,0.543333
9621,0.52
9622,0.903333
9623,0.9
9624,0.816667
9625,0.64
9626,0.803333
9627,0.82
9628,0.953333
9629,0.55
9630,0.543333
9631,0.873333
9632,0.763333
9633,0.89
9634,0.856667
9635,0.826667
9636,0.823333
9637,0.74
9638,0.71
9639,0.613333
9640,0.57
9641,0.683333
9642,0.526667
9643,0.643333
9644,0.7
9645,0.65
9646,0.51
9647,0.856667
9648,0.623333
9649,0.926667
9650,0.59
9651,0.96
9652,0.85
9653,0.57
9654,0.87
9655,0.55
9656,0.88
9657,0.753333
9658,0.68
9659,0.67
9660,0.666667
9661,0.526667
9662,0.966667
9663,0.633333
9664,0.973333
9665,0.563333
9666,0.666667
9667,0.886667
9668,0.636667
9669,0.456667
9670,0.763333
9671,0.76
9672,0.653333
9673,0.906667
9674,0.653333
9675,0.61
9676,0.76
9677,0.986667
9678,0.833333
9679,0.51
9680,0.246667
9681,0.446667
9682,0.76
9683,0.726667
9684,0.59
9685,0.893333
9686,0.803333
9687,0.87
9688,0.78
9689,0.356667
9690,0.86
9691,0.776667
9692,0.946667
9693,0.743333
9694,0.86
9695,0.866667
9696,0.626667
9697,0.476667
9698,0.736667
9699,0.866667
9700,0.69
9701,0.366667
9702,0.746667
9703,0.863333
9704,0.553333
9705,0.85
9706,0.51
9707,0.48
9708,0.6
9709,0.85
9710,0.826667
9711,0.896667
9712,0.856667
9713,0.826667
9714,0.956667
9715,0.463333
9716,0.95
9717,0.553333
9718,0.9
9719,0.786667
9720,0.816667
9721,0.83
9722,0.806667
9723,0.603333
9724,0.47
9725,0.943333
9726,0.856667
9727,0.443333
9728,0.773333
9729,0.563333
9730,0.88
9731,0.776667
9732,0.86
9733,0.94
9734,0.93
9735,0.683333
9736,0.226667
9737,0.053333
9738,0.353333
9739,0.486667
9740,0.866667
9741,0.59
9742,0.48
9743,0.586667
9744,0.83
9745,0.57
9746,0.863333
9747,0.653333
9748,0.846667
9749,0.67
9750,0.756667
9751,0.213333
9752,0.64
9753,0.84
9754,0.383333
9755,0.823333
9756,0.73
9757,0.756667
9758,0.673333
9759,0.736667
9760,0.963333
9761,0.656667
9762,0.65
9763,0.386667
9764,0.36
9765,0.873333
9766,0.563333
9767,0.673333
9768,0.943333
9769,0.746667
9770,0.56
9771,0.383333
9772,0.496667
9773,0.506667
9774,0.806667
9775,0.92
9776,0.71
9777,0.663333
9778,0.493333
9779,0.383333
9780,0.556667
9781,0.523333
9782,0.586667
9783,0.74
9784,0.54
9785,0.203333
9786,0.806667
9787,0.786667
9788,0.91
9789,0.703333
9790,0.653333
9791,0.486667
9792,0.966667
9793,0.773333
9794,0.813333
9795,0.83
9796,0.883333
9797,0.836667
9798,0.296667
9799,0.623333
9800,0.556667
9801,0.596667
9802,0.296667
9803,0.87
9804,0.616667
9805,0.397143
9806,0.866667
9807,0.673333
9808,0.46
9809,0.83
9810,0.983333
9811,0.846667
9812,0.656667
9813,0.206667
9814,0.633333
9815,0.903333
9816,0.62
9817,0.59
9818,0.903333
9819,0.72
9820,0.856667
9821,0.13
9822,0.953333
9823,0.6
9824,0.67
9825,0.753333
9826,0.503333
9827,0.816667
9828,0.513333
9829,0.603333
9830,0.753333
9831,0.703333
9832,0.636667
9833,0.943333
9834,0.92
9835,0.516667
9836,0.853333
9837,0.41
9838,0.57
9839,0.556667
9840,0.69
9841,0.753333
9842,0.163333
9843,0.953333
9844,0.83
9845,0.673333
9846,0.966667
9847,0.886667
9848,0.746667
9849,0.746667
9850,0.82
9851,0.736667
9852,0.646667
9853,0.583333
9854,0.893333
9855,0.69
9856,0.933333
9857,0.776667
9858,0.81
9859,0.283333
9860,0.703333
9861,0.766667
9862,0.686667
9863,0.843333
9864,0.76
9865,0.623333
9866,0.726667
9867,0.705885
9868,0.943333
9869,0.89
9870,0.78
9871,0.703333
9872,0.713333
9873,0.893333
9874,0.886667
9875,0.576667
9876,0.346667
9877,0.756667
9878,0.706667
9879,0.806667
9880,0.72
9881,0.846667
9882,0.533333
9883,0.723333
9884,0.62
9885,0.696667
9886,0.853333
9887,0.72
9888,0.673333
9889,0.943333
9890,0.736667
9891,0.836667
9892,0.526667
9893,0.64
9894,0.703333
9895,0.663333
9896,0.696667
9897,0.766667
9898,0.643333
9899,0.65
9900,0.616667
9901,0.403333
9902,0.68
9903,0.926667
9904,0.793333
9905,0.37
9906,0.793333
9907,0.836667
9908,0.593333
9909,0.526667
9910,0.45
9911,0.84
9912,0.87
9913,0.536667
9914,0.94
9915,0.673333
9916,0.85
9917,0.598889
9918,0.7
9919,0.643333
9920,0.44
9921,0.603333
9922,0.763333
9923,0.5
9924,0.656667
9925,0.866667
9926,0.853333
9927,0.86
9928,0.346667
9929,0.62
9930,0.77
9931,0.956667
9932,0.88
9933,0.66
9934,0.27
9935,0.64
9936,0.753333
9937,0.41
9938,0.366667
9939,0.39
9940,0.71
9941,0.89
9942,0.64
9943,0.696667
9944,0.533333
9945,0.723333
9946,0.773333
9947,0.976667
9948,0.913333
9949,0.8
9950,0.543333
9951,0.636667
9952,0.913333
9953,0.883333
9954,0.443333
9955,0.47
9956,0.883333
9957,0.683333
9958,0.763333
9959,0.796667
9960,0.916667
9961,0.346667
9962,0.666667
9963,0.596667
9964,0.73
9965,0.77
9966,0.82
9967,0.73
9968,0.96
9969,0.95
9970,0.3
9971,0.803333
9972,0.646667
9973,0.583333
9974,0.62
9975,0.556667
9976,0.88
9977,0.11
9978,0.736667
9979,0.846667
9980,0.82
9981,0.63
9982,0.716667
9983,0.716667
9984,0.623333
9985,0.823333
9986,0.63
9987,0.513333
9988,0.466667
9989,0.67
9990,0.706667
9991,0.55
9992,0.676667
9993,0.593333
9994,0.58
9995,0.743333
9996,0.853333
9997,0.786667
9998,0.6
9999,0.473333
10000,0.883333
10001,0.863333
10002,0.766667
10003,0.373333
10004,0.82
10005,0.76
10006,0.573333
10007,0.713333
10008,0.366667
10009,0.813333
10010,0.76
10011,0.776667
10012,0.773333
10013,0.49
10014,0.67
10015,0.623333
10016,0.763333
10017,0.7
10018,0.903333
10019,0.793333
10020,0.486667
10021,0.393333
10022,0.94
10023,0.406667
10024,0.74
10025,0.97
10026,0.536667
10027,0.723333
10028,0.696667
10029,0.953333
10030,0.916667
10031,0.656667
10032,0.803333
10033,0.693333
10034,0.56
10035,0.896667
10036,0.603333
10037,0.58
10038,0.6
10039,0.723333
10040,0.753333
10041,0.973333
10042,0.84
10043,0.836667
10044,0.936667
10045,0.48
10046,0.943333
10047,0.73
10048,0.793333
10049,0.75
10050,0.936667
10051,0.64
10052,0.803333
10053,0.66
10054,0.75
10055,0.413333
10056,0.723333
10057,0.516667
10058,0.686667
10059,0.763333
10060,0.943333
10061,0.72
10062,0.386667
10063,0.693333
10064,0.78
10065,0.843333
10066,0.683333
10067,0.92
10068,0.803333
10069,0.516667
10070,0.773333
10071,0.846667
10072,0.783333
10073,0.95
10074,0.56
10075,0.9
10076,0.99
10077,0.553333
10078,0.763333
10079,0.283333
10080,0.683333
10081,0.946667
10082,0.786667
10083,0.79
10084,0.903333
10085,0.753333
10086,0.74
10087,0.616667
10088,0.543333
10089,0.786667
10090,0.86
10091,0.846667
10092,0.67
10093,0.626667
10094,0.733333
10095,0.876667
10096,0.896667
10097,0.613333
10098,0.813333
10099,0.73
10100,0.546667
10101,0.716667
10102,0.776667
10103,0.525897
10104,0.67
10105,0.926667
10106,0.753333
10107,0.72
10108,0.883333
10109,0.633333
10110,0.886667
10111,0.903333
10112,0.76
10113,0.85
10114,0.79
10115,0.493333
10116,0.75
10117,0.636667
10118,0.906667
10119,0.866667
10120,0.79
10121,0.963333
10122,0.393333
10123,0.433333
10124,0.953333
10125,0.813333
10126,0.836667
10127,0.686667
10128,0.836667
10129,0.573333
10130,0.573333
10131,0.863333
10132,0.833333
10133,0.682
10134,0.743333
10135,0.92
10136,0.79
10137,0.73
10138,0.786667
10139,0.48
10140,0.793333
10141,0.586667
10142,0.82
10143,0.846667
10144,0.706667
10145,0.703333
10146,0.686667
10147,0.843333
10148,0.53
10149,0.66
10150,0.96
10151,0.41
10152,0.75
10153,0.48
10154,0.573333
10155,0.686667
10156,0.566667
10157,0.773333
10158,0.633333
10159,0.683333
10160,0.49
10161,0.896667
10162,0.666667
10163,0.903333
10164,0.943333
10165,0.516667
10166,0.6
10167,0.826667
10168,0.883333
10169,0.563333
10170,0.61
10171,0.783333
10172,0.316667
10173,0.83
10174,0.633333
10175,0.543333
10176,0.586667
10177,0.813333
10178,0.676667
10179,0.728222
10180,0.883333
10181,0.606667
10182,0.83
10183,0.95
10184,0.56
10185,0.666667
10186,0.623333
10187,0.373333
10188,0.71
10189,0.726667
10190,0.75
10191,0.72
10192,0.966667
10193,0.856667
10194,0.54
10195,0.56
10196,0.773333
10197,0.786667
10198,0.87
10199,0.96
10200,0.706667
10201,0.673333
10202,0.803333
10203,0.716667
10204,0.983333
10205,0.643333
10206,0.85
10207,0.803333
10208,0.856667
10209,0.806667
10210,0.7
10211,0.683333
10212,0.683333
10213,0.843333
10214,0.87
10215,0.66
10216,0.543333
10217,0.903333
10218,0.646667
10219,0.356667
10220,0.846667
10221,0.823333
10222,0.77
10223,0.596667
10224,0.68
10225,0.913333
10226,0.69
10227,0.796667
10228,0.57
10229,0.676667
10230,0.503333
10231,0.67
10232,0.72
10233,0.85
10234,0.743333
10235,0.693333
10236,0.696667
10237,0.486667
10238,0.89
10239,0.796667
10240,0.713333
10241,0.876667
10242,0.38
10243,0.72
10244,0.67
10245,0.31
10246,0.64
10247,0.796667
10248,0.43
10249,0.53
10250,0.68
10251,0.643333
10252,0.426667
10253,0.83
10254,0.646667
10255,0.88
10256,0.68
10257,0.6
10258,0.543333
10259,0.776667
10260,0.603333
10261,0.943333
10262,0.883333
10263,0.986667
10264,0.84
10265,0.726667
10266,0.626667
10267,0.796667
10268,0.876667
10269,0.57
10270,0.786667
10271,0.763333
10272,0.96
10273,0.543333
10274,0.92
10275,0.833333
10276,0.643333
10277,0.803333
10278,0.64
10279,0.706667
10280,0.9
10281,0.656667
10282,0.816667
10283,0.743333
10284,0.67
10285,0.856667
10286,0.72
10287,0.843333
10288,0.69
10289,0.543333
10290,0.576667
10291,0.677143
10292,0.95
10293,0.696667
10294,0.853333
10295,0.523333
10296,0.67
10297,0.753333
10298,0.683333
10299,0.41
10300,0.59
10301,0.383333
10302,0.77
10303,0.866667
10304,0.693333
10305,0.67
10306,0.726667
10307,0.296667
10308,0.853333
10309,0.863333
10310,0.903333
10311,0.71
10312,0.81
10313,0.483333
10314,0.856667
10315,0.896667
10316,0.343333
10317,0.713333
10318,0.363333
10319,0.816667
10320,0.313333
10321,0.673333
10322,0.63
10323,0.933333
10324,0.73
10325,0.746667
10326,0.406667
10327,0.54
10328,0.806667
10329,0.743333
10330,0.86
10331,0.85
10332,0.936667
10333,0.76
10334,0.946667
10335,0.72
10336,0.786667
10337,0.473333
10338,0.45
10339,0.156667
10340,0.743333
10341,0.84
10342,0.98
10343,0.453333
10344,0.91
10345,0.923333
10346,0.74
10347,0.69
10348,0.443333
10349,0.853333
10350,0.676667
10351,0.72
10352,0.776667
10353,0.706667
10354,0.603333
10355,0.983333
10356,0.526667
10357,0.776667
10358,0.803333
10359,0.866667
10360,0.706667
10361,0.856667
10362,0.496667
10363,0.98
10364,0.48
10365,0.466667
10366,0.583333
10367,0.95
10368,0.693333
10369,0.77
10370,0.8
10371,0.57
10372,0.963333
10373,0.58
10374,0.863333
10375,0.58
10376,0.523333
10377,0.583333
10378,0.786667
10379,0.74
10380,0.576667
10381,0.706667
10382,0.5
10383,0.64
10384,0.676667
10385,0.55
10386,0.69
10387,0.986667
10388,0.363333
10389,0.813333
10390,0.723333
10391,0.5
10392,0.65
10393,0.883333
10394,0.56
10395,0.75
10396,0.536667
10397,0.84
10398,0.68
10399,0.976667
10400,0.67
10401,0.703333
10402,0.726667
10403,0.593333
10404,0.483333
10405,0.64
10406,0.773333
10407,0.66
10408,0.636667
10409,0.886667
10410,0.586667
10411,0.846667
10412,0.83
10413,0.83
10414,0.926667
10415,0.513333
10416,0.826667
10417,0.833333
10418,0.46
10419,0.854444
10420,0.696667
10421,0.703333
10422,0.786667
10423,0.936667
10424,0.69
10425,0.946667
10426,0.503333
10427,0.79
10428,0.523333
10429,0.626667
10430,0.963333
10431,0.783333
10432,0.816667
10433,0.703333
10434,0.936667
10435,0.786667
10436,0.513333
10437,0.716667
10438,0.94
10439,0.933333
10440,0.506667
10441,0.67
10442,0.763333
10443,0.71
10444,0.726667
10445,0.656667
10446,0.826667
10447,0.88
10448,0.463333
10449,0.926667
10450,0.703333
10451,0.633333
10452,0.443333
10453,0.486667
10454,0.88
10455,0.74
10456,0.64
10457,0.586667
10458,0.78
10459,0.966667
10460,0.476667
10461,0.966667
10462,0.55
10463,0.316667
10464,0.693333
10465,0.896667
10466,0.5
10467,0.28
10468,0.993333
10469,0.696667
10470,0.906667
10471,0.896667
10472,0.473333
10473,0.55
10474,0.83
10475,0.83
10476,0.76
10477,0.946667
10478,0.91
10479,0.6
10480,0.886667
10481,0.67
10482,0.66
10483,0.65
10484,0.67
10485,0.883333
10486,0.926667
10487,0.61
10488,0.896667
10489,0.81
10490,0.77
10491,0.796667
10492,0.643333
10493,0.743333
10494,0.543333
10495,0.876667
10496,0.676667
10497,0.51
10498,0.683333
10499,0.326667
10500,0.56
10501,0.446667
10502,0.653333
10503,0.786667
10504,0.686667
10505,0.603333
10506,0.86
10507,0.626667
10508,0.696667
10509,0.703333
10510,0.683333
10511,0.57
10512,0.573333
10513,0.803333
10514,0.593333
10515,0.91
10516,0.736667
10517,0.906667
10518,0.983333
10519,0.8
10520,0.676667
10521,0.496667
10522,0.69
10523,0.73
10524,0.71
10525,0.87
10526,0.8
10527,0.916667
10528,0.71
10529,0.616667
10530,0.84
10531,0.853333
10532,0.96
10533,0.756667
10534,0.836667
10535,0.806667
10536,0.866667
10537,0.786667
10538,0.856667
10539,0.643333
10540,0.99
10541,0.8
10542,0.286667
10543,0.743333
10544,0.8
10545,0.706667
10546,0.933333
10547,0.386667
10548,0.563333
10549,0.78
10550,0.576667
10551,0.77
10552,0.94
10553,0.696667
10554,0.87
10555,0.38
10556,0.723333
10557,0.563333
10558,0.64
10559,0.52
10560,0.25
10561,0.8
10562,0.953333
10563,0.886667
10564,0.326667
10565,0.956667
10566,0.783333
10567,0.894444
10568,0.726667
10569,0.536667
10570,0.913333
10571,0.776667
10572,0.433333
10573,0.803333
10574,0.866667
10575,0.813333
10576,0.43
10577,0.723333
10578,0.91
10579,0.876667
10580,0.72
10581,0.576667
10582,0.826667
10583,0.843333
10584,0.836667
10585,0.8
10586,0.67
10587,0.636667
10588,0.716667
10589,0.64
10590,0.433333
10591,0.7
10592,0.906667
10593,0.74
10594,0.87
10595,0.56
10596,0.84
10597,0.533333
10598,0.923333
10599,0.713333
10600,0.253333
10601,0.563333
10602,0.756667
10603,0.796667
10604,0.556667
10605,0.96
10606,0.596667
10607,0.766667
10608,0.656667
10609,0.443333
10610,0.8
10611,0.85
10612,0.64
10613,0.826667
10614,0.85
10615,0.413333
10616,0.673333
10617,0.43
10618,0.683333
10619,0.883333
10620,0.653333
10621,0.676667
10622,0.646667
10623,0.78
10624,0.273333
10625,0.645885
10626,0.586667
10627,0.81
10628,0.84
10629,0.736667
10630,0.906667
10631,0.593333
10632,0.673333
10633,0.84
10634,0.93
10635,0.766667
10636,0.97
10637,0.566667
10638,0.67
10639,0.746667
10640,0.846667
10641,0.65
10642,0.24
10643,0.806667
10644,0.993333
10645,0.313333
10646,0.783333
10647,0.25
10648,0.55
10649,0.723333
10650,0.733333
10651,0.55
10652,0.926667
10653,0.756667
10654,0.49
10655,0.656667
10656,0.4
10657,0.47
10658,0.88
10659,0.233333
10660,0.29
10661,0.78
10662,0.783333
10663,0.236667
10664,0.716667
10665,0.75
10666,0.64
10667,0.46
10668,0.76
10669,0.693333
10670,0.69
10671,0.913333
10672,0.606667
10673,0.74
10674,0.56
10675,0.753333
10676,0.963333
10677,0.523333
10678,0.923333
10679,0.966667
10680,0.353333
10681,0.55
10682,0.39
10683,0.543333
10684,0.72
10685,0.936667
10686,0.88
10687,0.693333
10688,0.676667
10689,0.966667
10690,0.343333
10691,0.27
10692,0.566667
10693,0.846667
10694,0.626667
10695,0.63
10696,0.856667
10697,0.893333
10698,0.676667
10699,0.67
10700,0.696667
10701,0.903333
10702,0.67
10703,0.79
10704,0.54
10705,0.733333
10706,0.683333
10707,0.616667
10708,0.606667
10709,0.666667
10710,0.516667
10711,0.926667
10712,0.7
10713,0.4
10714,0.51
10715,0.466667
10716,0.88
10717,0.803333
10718,0.653333
10719,0.66
10720,0.663333
10721,0.793333
10722,0.94
10723,0.58
10724,0.886667
10725,0.696667
10726,0.653333
10727,0.766667
10728,0.483333
10729,0.823333
10730,0.716667
10731,0.96
10732,0.836667
10733,0.59
10734,0.536667
10735,0.993333
10736,0.84
10737,0.603333
10738,0.66
10739,0.856667
10740,0.713333
10741,0.916667
10742,0.786667
10743,0.953333
10744,0.6
10745,0.716667
10746,0.596667
10747,0.656667
10748,0.633333
10749,0.563333
10750,0.796667
10751,0.733333
10752,0.576667
10753,0.513333
10754,0.723333
10755,0.976667
10756,0.55
10757,0.696667
10758,0.626667
10759,0.946667
10760,0.393333
10761,0.673333
10762,0.736667
10763,0.713333
10764,0.526667
10765,0.946667
10766,0.77
10767,0.713333
10768,0.776667
10769,0.78
10770,0.84
10771,0.88
10772,0.89
10773,0.54
10774,0.876667
10775,0.903333
10776,0.813333
10777,0.946667
10778,0.83
10779,0.446667
10780,0.51
10781,0.633333
10782,0.55
10783,0.903333
10784,0.833333
10785,0.743333
10786,0.823333
10787,0.98
10788,0.653333
10789,0.806667
10790,0.7
10791,0.646667
10792,0.403333
10793,0.643333
10794,0.78
10795,0.94
10796,0.64
10797,0.879333
10798,0.97
10799,0.743333
10800,0.943333
10801,0.733333
10802,0.44
10803,0.83
10804,0.94
10805,0.613333
10806,0.926667
10807,0.403333
10808,0.93
10809,0.96
10810,0.593333
10811,0.876667
10812,0.76
10813,0.703333
10814,0.95
10815,0.576667
10816,0.51
10817,0.63
10818,0.73
10819,0.946667
10820,0.53
10821,0.903333
10822,0.786667
10823,0.973333
10824,0.713333
10825,0.81
10826,0.913333
10827,0.866667
10828,0.883333
10829,0.443333
10830,0.7
10831,0.706667
10832,0.756667
10833,0.816667
10834,0.686667
10835,0.556667
10836,0.72
10837,0.543333
10838,0.563333
10839,0.74
10840,0.75
10841,0.923333
10842,0.64
10843,0.636667
10844,0.613333
10845,0.536667
10846,0.803333
10847,0.866667
10848,0.8
10849,0.853333
10850,0.79
10851,0.486667
10852,0.68
10853,0.86
10854,0.476667
10855,0.64
10856,0.64
10857,0.933333
10858,0.646667
10859,0.756667
10860,0.8
10861,0.993333
10862,0.64
10863,0.816667
10864,0.703333
10865,0.573333
10866,0.863333
10867,0.95
10868,0.726667
10869,0.813333
10870,0.726667
10871,0.536667
10872,0.833333
10873,0.416667
10874,0.676667
10875,0.763333
10876,0.706667
10877,0.803333
10878,0.766667
10879,0.976667
10880,0.666667
10881,0.97
10882,0.736667
10883,0.84
10884,0.77
10885,0.706667
10886,0.976667
10887,0.653333
10888,0.856667
10889,0.486667
10890,0.966667
10891,0.583333
10892,0.616667
10893,0.723333
10894,0.933333
10895,0.863333
10896,0.7
10897,0.806667
10898,0.666667
10899,0.86
10900,0.83
10901,0.406667
10902,0.826667
10903,0.55
10904,0.793333
10905,0.736667
10906,0.313333
10907,0.383333
10908,0.283333
10909,0.693333
10910,0.816667
10911,0.87
10912,0.46
10913,0.376667
10914,0.533333
10915,0.843333
10916,0.466667
10917,0.796667
10918,0.73
10919,0.856667
10920,0.806667
10921,0.883333
10922,0.743333
10923,0.5
10924,0.716667
10925,0.74
10926,0.656667
10927,0.763333
10928,0.603333
10929,0.56
10930,0.963333
10931,0.683333
10932,0.866667
10933,0.5
10934,0.433333
10935,0.516667
10936,0.61
10937,0.826667
10938,0.866667
10939,0.86
10940,0.906667
10941,0.703333
10942,0.72
10943,0.883333
10944,0.736667
10945,0.776667
10946,0.726667
10947,0.826667
10948,0.573333
10949,0.57
10950,0.876667
10951,0.663333
10952,0.726667
10953,0.453333
10954,0.79
10955,0.486667
10956,0.603333
10957,0.536667
10958,0.776667
10959,0.883333
10960,0.656667
10961,0.93
10962,0.793333
10963,0.253333
10964,0.918889
10965,0.773333
10966,0.703333
10967,0.85
10968,0.75
10969,0.823333
10970,0.436667
10971,0.803333
10972,0.87
10973,0.546667
10974,0.78
10975,0.893333
10976,0.773333
10977,0.853333
10978,0.426667
10979,0.446667
10980,0.963333
10981,0.81
10982,0.643333
10983,0.823333
10984,0.56
10985,0.453333
10986,0.78
10987,0.606667
10988,0.413333
10989,0.333333
10990,0.56
10991,0.57
10992,0.836667
10993,0.93
10994,0.706667
10995,0.28
10996,0.873333
10997,0.436667
10998,0.5
10999,0.696667
11000,0.493333
11001,0.373333
11002,0.44
11003,0.843333
11004,0.456667
11005,0.7
11006,0.69
11007,0.65
11008,0.913333
11009,0.786667
11010,0.8
11011,0.646667
11012,0.556667
11013,0.736667
11014,0.14
11015,0.716667
11016,0.826667
11017,0.666667
11018,0.846667
11019,0.586667
11020,0.926667
11021,0.803333
11022,0.786667
11023,0.84
11024,0.796667
11025,0.74
11026,0.676667
11027,0.47
11028,0.606667
11029,0.786667
11030,0.703333
11031,0.923333
11032,0.52
11033,0.786667
11034,0.573333
11035,0.666667
11036,0.733333
11037,0.483333
11038,0.7
11039,0.796667
11040,0.816667
11041,0.676667
11042,0.886667
11043,0.763333
11044,0.613333
11045,0.766667
11046,0.836667
11047,0.516667
11048,0.633333
11049,0.173333
11050,0.62
11051,0.5
11052,0.73
11053,0.803333
11054,0.86
11055,0.933333
11056,0.533333
11057,0.413333
11058,0.49
11059,0.713333
11060,0.216667
11061,0.746667
11062,0.283333
11063,0.653333
11064,0.59
11065,0.836667
11066,0.65
11067,0.453333
11068,0.39
11069,0.873333
11070,0.946667
11071,0.623333
11072,0.733333
11073,0.813333
11074,0.44
11075,0.856667
11076,0.966667
11077,0.666667
11078,0.906667
11079,0.8
11080,0.673333
11081,0.733333
11082,0.513333
11083,0.523333
11084,0.806667
11085,0.62
11086,0.47
11087,0.66
11088,0.603333
11089,0.946667
11090,0.89
11091,0.533333
11092,0.646667
11093,0.75
11094,0.453333
11095,0.936667
11096,0.566667
11097,0.58
11098,0.73
11099,0.89
11100,0.68
11101,0.913333
11102,0.893333
11103,0.84
11104,0.88
11105,0.776667
11106,0.796667
11107,0.176667
11108,0.89
11109,0.52
11110,0.683333
11111,0.946667
11112,0.686667
11113,0.573333
11114,0.75
11115,0.67
11116,0.563333
11117,0.756667
11118,0.503333
11119,0.953333
11120,0.673333
11121,0.98
11122,0.773333
11123,0.786667
11124,0.503333
11125,0.523333
11126,0.396667
11127,0.88
11128,0.873333
11129,0.643333
11130,0.743333
11131,0.476667
11132,0.59
11133,0.67
11134,0.42
11135,0.85
11136,0.893333
11137,0.906667
11138,0.656667
11139,0.63
11140,0.296667
11141,0.70619
11142,0.72
11143,0.91
11144,0.83
11145,0.573333
11146,0.95
11147,0.436667
11148,0.626667
11149,0.596667
11150,0.826667
11151,0.6
11152,0.86
11153,0.856667
11154,0.81
11155,0.986667
11156,0.82
11157,0.64
11158,0.363333
11159,0.92
11160,0.936667
11161,0.593333
11162,0.273333
11163,0.51
11164,0.93
11165,0.586667
11166,0.85
11167,0.85
11168,0.936667
11169,0.82
11170,0.773333
11171,0.846667
11172,0.896667
11173,0.64
11174,0.39
11175,0.513333
11176,0.39
11177,0.83
11178,0.726667
11179,0.753333
11180,0.586667
11181,0.606667
11182,0.486667
11183,0.736667
11184,0.79
11185,0.76
11186,0.766667
11187,0.546667
11188,0.946667
11189,0.5
11190,0.916667
11191,0.83
11192,0.99
11193,0.703333
11194,0.696667
11195,0.836667
11196,0.816667
11197,0.85
11198,0.926667
11199,0.85
11200,0.71
11201,0.84
11202,0.916667
11203,0.686667
11204,0.676667
11205,0.93
11206,0.973333
11207,0.563333
11208,0.77
11209,0.853333
11210,0.833333
11211,0.52
11212,0.67
11213,0.583333
11214,0.626667
11215,0.703333
11216,0.52
11217,0.86
11218,0.816667
11219,0.886667
11220,0.75
11221,0.93
11222,0.71
11223,0.94
11224,0.64
11225,0.563333
11226,0.63
11227,0.553333
11228,0.79
11229,0.756667
11230,0.83
11231,0.593333
11232,0.613333
11233,0.796667
11234,0.736667
11235,0.743333
11236,0.956667
11237,0.63
11238,0.763333
11239,0.77
11240,0.67
11241,0.59
11242,0.783333
11243,0.693333
11244,0.66
11245,0.603333
11246,0.446667
11247,0.76
11248,0.83
11249,0.993333
11250,0.636667
11251,0.69
11252,0.57
11253,0.616667
11254,0.626667
11255,0.803333
11256,0.74
11257,0.97
11258,0.596667
11259,0.74
11260,0.51
11261,0.63
11262,0.693333
11263,0.723333
11264,0.433333
11265,0.946667
11266,0.97
11267,0.553333
11268,0.726667
11269,0.493333
11270,0.986667
11271,0.62
11272,0.956667
11273,0.913333
11274,0.573333
11275,0.936667
11276,0.65
11277,0.556667
11278,0.646667
11279,0.766667
11280,0.846667
11281,0.82
11282,0.656667
11283,0.743333
11284,0.556667
11285,0.9
11286,0.873333
11287,0.703333
11288,0.943333
11289,0.896667
11290,0.64
11291,0.88
11292,0.803333
11293,0.743333
11294,0.643333
11295,0.883333
11296,0.7
11297,0.496667
11298,0.363333
11299,0.67
11300,0.536667
11301,0.71
11302,0.633333
11303,0.81
11304,0.893333
11305,0.25
11306,0.383333
11307,0.86
11308,0.656667
11309,0.84
11310,0.833333
11311,0.63
11312,0.367833
11313,0.893333
11314,0.436667
11315,0.663333
11316,0.49
11317,0.52
11318,0.55
11319,0.75
11320,0.456667
11321,0.813333
11322,0.433333
11323,0.796667
11324,0.523333
11325,0.713333
11326,0.983333
11327,0.64
11328,0.593333
11329,0.896667
11330,0.736667
11331,0.88
11332,0.916667
11333,0.74
11334,0.57
11335,0.923333
11336,0.823333
11337,0.543333
11338,0.873333
11339,0.826667
11340,0.766667
11341,0.643333
11342,0.636667
11343,0.813333
11344,0.423333
11345,0.856667
11346,0.746667
11347,0.913333
11348,0.74
11349,0.473333
11350,0.503333
11351,0.876667
11352,0.763333
11353,0.71
11354,0.67
11355,0.59
11356,0.646667
11357,0.523333
11358,0.82
11359,0.913333
11360,0.68
11361,0.553333
11362,0.416667
11363,0.886667
11364,0.326667
11365,0.8
11366,0.69
11367,0.803333
11368,0.733333
11369,0.8
11370,0.56
11371,0.716667
11372,0.236667
11373,0.65
11374,0.723333
11375,0.893333
11376,0.886667
11377,0.74
11378,0.893333
11379,0.64
11380,0.74
11381,0.34
11382,0.59
11383,0.93
11384,0.546667
11385,0.45
11386,0.553333
11387,0.713333
11388,0.923333
11389,0.333333
11390,0.723333
11391,0.72
11392,0.723333
11393,0.866667
11394,0.566667
11395,0.966667
11396,0.553333
11397,0.86
11398,0.673333
11399,0.716667
11400,0.876667
11401,0.486667
11402,0.87
11403,0.79
11404,0.833333
11405,0.766667
11406,0.766667
11407,0.553333
11408,0.873333
11409,0.57
11410,0.623333
11411,0.753333
11412,0.356667
11413,0.49
11414,0.406667
11415,0.806667
11416,0.713333
11417,0.693333
11418,0.796667
11419,0.736667
11420,0.886667
11421,0.196667
11422,0.773333
11423,0.76
11424,0.806667
11425,0.963333
11426,0.68
11427,0.53
11428,0.453333
11429,0.713333
11430,0.673333
11431,0.67
11432,0.853333
11433,0.733333
11434,0.846667
11435,0.843333
11436,0.3
11437,0.56
11438,0.786667
11439,0.916667
11440,0.563333
11441,0.64
11442,0.75
11443,0.833333
11444,0.516667
11445,0.96
11446,0.823333
11447,0.63
11448,0.876667
11449,0.453333
11450,0.676667
11451,0.656667
11452,0.64
11453,0.913333
11454,0.54
11455,0.31
11456,0.18
11457,0.65
11458,0.473333
11459,0.643333
11460,0.93
11461,0.67
11462,0.806667
11463,0.713333
11464,0.416667
11465,0.6
11466,0.906667
11467,0.436667
11468,0.78
11469,0.53
11470,0.55
11471,0.826667
11472,0.7
11473,0.603333
11474,0.43
11475,0.773333
11476,0.446667
11477,0.763333
11478,0.913333
11479,0.416667
11480,0.713333
11481,0.676667
11482,0.553333
11483,0.873333
11484,0.856667
11485,0.973333
11486,0.94
11487,0.686667
11488,0.763333
11489,0.8
11490,0.64
11491,0.903333
11492,0.523333
11493,0.713333
11494,0.376667
11495,0.766667
11496,0.683333
11497,0.843333
11498,0.826667
11499,0.916667
11500,0.62
11501,0.806667
11502,0.873333
11503,0.743333
11504,0.926667
11505,0.63
11506,0.85
11507,0.593333
11508,0.273333
11509,0.733333
11510,0.796667
11511,0.286667
11512,0.873333
11513,0.816667
11514,0.903333
11515,0.69
11516,0.963333
11517,0.95
11518,0.626667
11519,0.883333
11520,0.8
11521,0.96
11522,0.856667
11523,0.92
11524,0.616667
11525,0.523333
11526,0.96
11527,0.763333
11528,0.856667
11529,0.92
11530,0.583333
11531,0.72
11532,0.95
11533,0.88
11534,0.736667
11535,0.743333
11536,0.983333
11537,0.943333
11538,0.65
11539,0.57
11540,0.1
11541,0.896667
11542,0.86
11543,0.71
11544,0.66
11545,0.543333
11546,0.98
11547,0.796667
11548,0.8
11549,0.943333
11550,0.706667
11551,0.616667
11552,0.563333
11553,0.503333
11554,0.85
11555,0.686667
11556,0.733333
11557,0.39
11558,0.426667
11559,0.53
11560,0.696667
11561,0.57
11562,0.61
11563,0.943333
11564,0.766667
11565,0.84
11566,0.526667
11567,0.866667
11568,0.933333
11569,0.753333
11570,0.783333
11571,0.77
11572,0.766667
11573,0.426667
11574,0.793129
11575,0.603333
11576,0.856667
11577,0.886667
11578,0.933333
11579,0.82
11580,0.596667
11581,0.583333
11582,0.656667
11583,0.506667
11584,0.596667
11585,0.806667
11586,0.63
11587,0.303333
11588,0.71
11589,0.763333
11590,0.82
11591,0.82
11592,0.4
11593,0.69
11594,0.533333
11595,0.66
11596,0.84
11597,0.803333
11598,0.946667
11599,0.68
11600,0.42
11601,0.793333
11602,0.736667
11603,0.793333
11604,0.796667
11605,0.59
11606,0.883333
11607,0.713333
11608,0.946667
11609,0.53
11610,0.823333
11611,0.463333
11612,0.65
11613,0.71
11614,0.956667
11615,0.646667
11616,0.68
11617,0.833333
11618,0.903333
11619,0.793333
11620,0.446667
11621,0.723333
11622,0.963333
11623,0.496667
11624,0.596667
11625,0.306667
11626,0.496667
11627,0.5
11628,0.836667
11629,0.903333
11630,0.74
11631,0.843333
11632,0.976667
11633,0.473333
11634,0.666667
11635,0.59
11636,0.92
11637,0.633333
11638,0.946667
11639,0.79
11640,0.846667
11641,0.966667
11642,0.666667
11643,0.686667
11644,0.613333
11645,0.606667
11646,0.9
11647,0.846667
11648,0.753333
11649,0.776667
11650,0.936667
11651,0.766667
11652,0.833333
11653,0.573333
11654,0.363333
11655,0.723333
11656,0.716667
11657,0.906667
11658,0.923333
11659,0.94
11660,0.523333
11661,0.513333
11662,0.678333
11663,0.81
11664,0.52
11665,0.91
11666,0.713333
11667,0.643333
11668,0.586667
11669,0.683333
11670,0.846667
11671,0.68
11672,0.94
11673,0.756237
11674,0.946667
11675,0.616667
11676,0.906667
11677,0.643333
11678,0.85
11679,0.436667
11680,0.936667
11681,0.893333
11682,0.613333
11683,0.583333
11684,0.936667
11685,0.813333
11686,0.906667
11687,0.69
11688,0.866667
11689,0.663333
11690,0.623333
11691,0.28
11692,0.923333
11693,0.986667
11694,0.34
11695,0.916667
11696,0.876667
11697,0.9
11698,0.683333
11699,0.993333
11700,0.993333
11701,0.89
11702,0.756667
11703,0.69
11704,0.69
11705,0.653333
11706,0.746667
11707,0.95
11708,0.806667
11709,0.85
11710,0.84
11711,0.823333
11712,0.896667
11713,0.693333
11714,0.546667
11715,0.473333
11716,0.853333
11717,0.893333
11718,0.923333
11719,0.876667
11720,0.796667
11721,0.66
11722,0.796667
11723,0.806667
11724,0.96
11725,0.75
11726,0.486667
11727,0.64
11728,0.72
11729,0.356667
11730,0.846667
11731,0.606667
11732,0.836667
11733,0.67
11734,0.786667
11735,0.816667
11736,0.52
11737,0.87
11738,0.686667
11739,0.863333
11740,0.676667
11741,0.6
11742,0.72
11743,0.826667
11744,0.81
11745,0.74
11746,0.356667
11747,0.616667
11748,0.666667
11749,0.66
11750,0.84
11751,0.86
11752,0.7
11753,0.9
11754,0.573333
11755,0.52
11756,0.803333
11757,0.903333
11758,0.753333
11759,0.703333
11760,0.846667
11761,0.773333
11762,0.446667
11763,0.99
11764,0.79
11765,0.96
11766,0.65
11767,0.526667
11768,0.796667
11769,0.736667
11770,0.503333
11771,0.666667
11772,0.896667
11773,0.743333
11774,0.736667
11775,0.453333
11776,0.69
11777,0.966667
11778,0.903333
11779,0.783333
11780,0.676667
11781,0.706667
11782,0.766667
11783,0.726667
11784,0.93
11785,0.656667
11786,0.83
11787,0.796667
11788,0.77
11789,0.69
11790,0.503333
11791,0.67
11792,0.86
11793,0.686667
11794,0.56
11795,0.753333
11796,0.96
11797,0.21
11798,0.7
11799,0.733333
11800,0.846667
11801,0.876667
11802,0.933333
11803,0.713333
11804,0.96
11805,0.736667
11806,0.39
11807,0.753333
11808,0.673333
11809,0.496667
11810,0.353333
11811,0.66
11812,0.936667
11813,0.843333
11814,0.723333
11815,0.706667
11816,0.92
11817,0.536667
11818,0.756667
11819,0.913333
11820,0.753333
11821,0.533333
11822,0.783333
11823,0.983333
11824,0.87
11825,0.293333
11826,0.736667
11827,0.96
11828,0.613333
11829,0.53
11830,0.693333
11831,0.733333
11832,0.72
11833,0.743333
11834,0.67
11835,0.76
11836,0.846667
11837,0.776667
11838,0.866667
11839,0.616667
11840,0.44
11841,0.813333
11842,0.526667
11843,0.706667
11844,0.866667
11845,0.803333
11846,0.72
11847,0.74
11848,0.97
11849,0.656667
11850,0.84
11851,0.45
11852,0.666667
11853,0.953333
11854,0.56
11855,0.803333
11856,0.633333
11857,0.893333
11858,0.816667
11859,0.873333
11860,0.606667
11861,0.78
11862,0.82
11863,0.743333
11864,0.82
11865,0.823333
11866,0.453333
11867,0.616667
11868,0.75
11869,0.82
11870,0.946667
11871,0.456667
11872,0.823333
11873,0.873333
11874,0.566667
11875,0.75
11876,0.736667
11877,0.98
11878,0.656667
11879,0.876667
11880,0.923333
11881,0.873333
11882,0.386667
11883,0.923333
11884,0.976667
11885,0.556667
11886,0.793333
11887,0.873333
11888,0.976667
11889,0.806667
11890,0.913333
11891,0.713333
11892,0.953333
11893,0.8
11894,0.446667
11895,0.533333
11896,0.676667
11897,0.906667
11898,0.613333
11899,0.386667
11900,0.713333
11901,0.783333
11902,0.7
11903,0.523333
11904,0.8
11905,0.9
11906,0.703333
11907,0.776667
11908,0.716667
11909,0.74
11910,0.75
11911,0.82
11912,0.49
11913,0.486667
11914,0.743333
11915,0.85
11916,0.614889
11917,0.543333
11918,0.806667
11919,0.86
11920,0.793333
11921,0.87
11922,0.746667
11923,0.713333
11924,0.77
11925,0.363333
11926,0.45
11927,0.436667
11928,0.66
11929,0.7
11930,0.936667
11931,0.66
11932,0.516667
11933,0.676667
11934,0.763333
11935,0.66
11936,0.813333
11937,0.72
11938,0.54
11939,0.746667
11940,0.88
11941,0.523333
11942,0.726667
11943,0.446667
11944,0.656667
11945,0.59
11946,0.596667
11947,0.65
11948,0.433333
11949,0.68
11950,0.783333
11951,0.82
11952,0.733333
11953,0.513333
11954,0.7
11955,0.776667
11956,0.953333
11957,0.56
11958,0.92
11959,0.866667
11960,0.61
11961,0.823333
11962,0.68
11963,0.216667
11964,0.61
11965,0.733333
11966,0.823333
11967,0.52
11968,0.66
11969,0.746667
11970,0.407833
11971,0.713333
11972,0.706667
11973,0.846667
11974,0.643333
11975,0.796667
11976,0.623333
11977,0.803333
11978,0.73
11979,0.536667
11980,0.83
11981,0.506667
11982,0.426667
11983,0.853333
11984,0.76
11985,0.663333
11986,0.683333
11987,0.583333
11988,0.54
11989,0.406667
11990,0.67
11991,0.816667
11992,0.593333
11993,0.803333
11994,0.91
11995,0.42
11996,0.716667
11997,0.553333
11998,0.7
11999,0.736667
12000,0.663333
12001,0.763333
12002,0.44
12003,0.88
12004,0.69
12005,0.593333
12006,0.873333
12007,0.683333
12008,0.43
12009,0.686667
12010,0.616667
12011,0.426667
12012,0.606667
12013,0.643333
12014,0.733333
12015,0.613333
12016,0.636667
12017,0.94
12018,0.876667
12019,0.863333
12020,0.893333
12021,0.556667
12022,0.373333
12023,0.693333
12024,0.586667
12025,0.756667
12026,0.586667
12027,0.55
12028,0.733333
12029,0.59
12030,0.506667
12031,0.503333
12032,0.493333
12033,0.876667
12034,0.606667
12035,0.793333
12036,0.75
12037,0.873333
12038,0.456667
12039,0.67
12040,0.353333
12041,0.713333
12042,0.816667
12043,0.693333
12044,0.673333
12045,0.69
12046,0.61
12047,0.566667
12048,0.893333
12049,0.893333
12050,0.526667
12051,0.976667
12052,0.603333
12053,0.773333
12054,0.753333
12055,0.91
12056,0.686667
12057,0.676667
12058,0.84
12059,0.643333
12060,0.83
12061,0.716667
12062,0.683333
12063,0.7
12064,0.51
12065,0.8
12066,0.553333
12067,0.666667
12068,0.783333
12069,0.5
12070,0.776667
12071,0.253333
12072,0.55
12073,0.58
12074,0.75
12075,0.723333
12076,0.403333
12077,0.696667
12078,0.776667
12079,0.89
12080,0.203333
12081,0.6
12082,0.833333
12083,0.876667
12084,0.693333
12085,0.486667
12086,0.766667
12087,0.56
12088,0.813333
12089,0.613333
12090,0.62
12091,0.736667
12092,0.713333
12093,0.576667
12094,0.993333
12095,0.796667
12096,0.12
12097,0.72
12098,0.91
12099,0.633333
12100,0.703333
12101,0.623333
12102,0.94
12103,0.686667
12104,0.43
12105,0.426667
12106,0.813333
12107,0.746667
12108,0.666667
12109,0.706667
12110,0.713333
12111,0.453333
12112,0.736667
12113,0.586667
12114,0.763333
12115,0.723333
12116,0.863333
12117,0.93
12118,0.866667
12119,0.58
12120,0.83
12121,0.726667
12122,0.81
12123,0.526667
12124,0.506667
12125,0.41
12126,0.88
12127,0.65
12128,0.873333
12129,0.553333
12130,0.633333
12131,0.74
12132,0.696667
12133,0.826667
12134,0.79
12135,0.906667
12136,0.753333
12137,0.533333
12138,0.333333
12139,0.483333
12140,0.703333
12141,0.563333
12142,0.743333
12143,0.823333
12144,0.836667
12145,0.686667
12146,0.736667
12147,0.383333
12148,0.896667
12149,0.666667
12150,0.843333
12151,0.316667
12152,0.933333
12153,0.58
12154,0.813333
12155,0.823333
12156,0.62
12157,0.58
12158,0.826667
12159,0.603333
12160,0.966667
12161,0.753333
12162,0.543333
12163,0.89
12164,0.693333
12165,0.576667
12166,0.9
12167,0.636667
12168,0.63
12169,0.696667
12170,0.783333
12171,0.77
12172,0.76
12173,0.676667
12174,0.773333
12175,0.31
12176,0.933333
12177,0.836667
12178,0.853333
12179,0.546667
12180,0.89
12181,0.703333
12182,0.586667
12183,0.73
12184,0.713333
12185,0.74
12186,0.696667
12187,0.526667
12188,0.926667
12189,0.306667
12190,0.81
12191,0.473333
12192,0.976667
12193,0.786667
12194,0.803333
12195,0.813333
12196,0.686667
12197,0.903333
12198,0.946667
12199,0.9
12200,0.633333
12201,0.586667
12202,0.636667
12203,0.86
12204,0.573333
12205,0.756667
12206,0.516667
12207,0.893333
12208,0.653333
12209,0.936667
12210,0.81
12211,0.723333
12212,0.93
12213,0.733333
12214,0.796667
12215,0.713333
12216,0.69
12217,0.9
12218,0.54
12219,0.753333
12220,0.72
12221,0.833333
12222,0.613333
12223,0.89
12224,0.913333
12225,0.38
12226,0.696667
12227,0.71
12228,0.74
12229,0.806667
12230,0.943333
12231,0.673333
12232,0.466667
12233,0.523333
12234,0.81
12235,0.71
12236,0.94
12237,0.8
12238,0.79
12239,0.723333
12240,0.603333
12241,0.483333
12242,0.876667
12243,0.556667
12244,0.83
12245,0.763333
12246,0.9
12247,0.42
12248,0.526667
12249,0.7
12250,0.72
12251,0.783333
12252,0.626667
12253,0.61
12254,0.903333
12255,0.65
12256,0.96
12257,0.533333
12258,0.723333
12259,0.936667
12260,0.94
12261,0.166667
12262,0.896667
12263,0.673333
12264,0.406667
12265,0.596667
12266,0.79
12267,0.58
12268,0.88
12269,0.616667
12270,0.83
12271,0.723333
12272,0.916667
12273,0.82
12274,0.88
12275,0.83
12276,0.646667
12277,0.496667
12278,0.863333
12279,0.49
12280,0.913333
12281,0.87
12282,0.75
12283,0.476667
12284,0.713333
12285,0.856667
12286,0.62
12287,0.65
12288,0.676667
12289,0.666667
12290,0.926667
12291,0.853333
12292,0.59
12293,0.72
12294,0.58
12295,0.953333
12296,0.83
12297,0.703333
12298,0.853333
12299,0.76
12300,0.903333
12301,0.583333
12302,0.756667
12303,0.963333
12304,0.56
12305,0.876667
12306,0.94
12307,0.703333
12308,0.996667
12309,0.513333
12310,0.866667
12311,0.693333
12312,0.836667
12313,0.766667
12314,0.213333
12315,0.326667
12316,0.953333
12317,0.743333
12318,0.433333
12319,0.8
12320,0.666667
12321,0.713333
12322,0.716667
12323,0.51
12324,0.49
12325,0.62
12326,0.38
12327,0.673333
12328,0.693333
12329,0.62
12330,0.69
12331,0.766667
12332,0.483333
12333,0.65
12334,0.81
12335,0.703333
12336,0.456667
12337,0.456667
12338,0.796667
12339,0.653333
12340,0.626667
12341,0.586667
12342,0.686667
12343,0.716667
12344,0.76
12345,0.793333
12346,0.973333
12347,0.723333
12348,0.39
12349,0.626667
12350,0.83
12351,0.576667
12352,0.916667
12353,0.953333
12354,0.733333
12355,0.98
12356,0.846667
12357,0.823333
12358,0.873333
12359,0.226667
12360,0.976667
12361,0.67
12362,0.81
12363,0.413333
12364,0.75
12365,0.483333
12366,0.69
12367,0.716667
12368,0.783333
12369,0.58
12370,0.703333
12371,0.866667
12372,0.36
12373,0.916667
12374,0.92
12375,0.556667
12376,0.726667
12377,0.93
12378,0.64
12379,0.84
12380,0.536667
12381,0.666667
12382,0.893333
12383,0.74
12384,0.76
12385,0.526667
12386,0.596667
12387,0.786667
12388,0.733333
12389,0.82
12390,0.776667
12391,0.883333
12392,0.47
12393,0.556667
12394,0.956667
12395,0.966667
12396,0.41
12397,0.73
12398,0.616667
12399,0.933333
12400,0.796667
12401,0.72
12402,0.286667
12403,0.69
12404,0.68
12405,0.906667
12406,0.75
12407,0.823333
12408,0.416667
12409,0.79
12410,0.813333
12411,0.946667
12412,0.593333
12413,0.576667
12414,0.84
12415,0.9
12416,0.886667
12417,0.673333
12418,0.69
12419,0.636028
12420,0.976667
12421,0.61
12422,0.47
12423,0.853333
12424,0.903333
12425,0.443333
12426,0.896667
12427,0.976667
12428,0.87
12429,0.296667
12430,0.633333
12431,0.373333
12432,0.736667
12433,0.863333
12434,0.726667
12435,0.423333
12436,0.84
12437,0.973333
12438,0.823333
12439,0.866667
12440,0.84
12441,0.613333
12442,0.956667
12443,0.753333
12444,0.793333
12445,0.883333
12446,0.74
12447,0.763333
12448,0.327222
12449,0.75
12450,0.89
12451,0.713333
12452,0.69
12453,0.57
12454,0.67
12455,0.813333
12456,0.85
12457,0.863333
12458,0.743333
12459,0.593333
12460,0.57
12461,0.51
12462,0.756667
12463,0.87
12464,0.856667
12465,0.63
12466,0.953333
12467,0.67
12468,0.713333
12469,0.853333
12470,0.76
12471,0.416667
12472,0.823333
12473,0.733333
12474,0.96
12475,0.753333
12476,0.8
12477,0.833333
12478,0.613333
12479,0.693333
12480,0.603333
12481,0.723333
12482,0.776667
12483,0.966667
12484,0.676667
12485,0.54
12486,0.516667
12487,0.87
12488,0.926667
12489,0.8
12490,0.376667
12491,0.953333
12492,0.806667
12493,0.603333
12494,0.903333
12495,0.73
12496,0.796667
12497,0.75
12498,0.41
12499,0.613333
12500,0.74
12501,0.473333
12502,0.853333
12503,0.74
12504,0.436667
12505,0.893333
12506,0.853333
12507,0.71
12508,0.42
12509,0.47
12510,0.38
12511,0.816667
12512,0.816667
12513,0.73
12514,0.81
12515,0.653333
12516,0.69
12517,0.77
12518,0.786667
12519,0.763333
12520,0.826667
12521,0.513333
12522,0.86
12523,0.48
12524,0.706667
12525,0.69
12526,0.743333
12527,0.92
12528,0.666667
12529,0.21
12530,0.586667
12531,0.936667
12532,0.75
12533,0.896667
12534,0.626667
12535,0.863333
12536,0.476667
12537,0.91
12538,0.593333
12539,0.53
12540,0.573333
12541,0.813333
12542,0.67
12543,0.687143
12544,0.606667
12545,0.743333
12546,0.616667
12547,0.78
12548,0.373333
12549,0.92
12550,0.67
12551,0.6825
12552,0.64
12553,0.91
12554,0.71
12555,0.88
12556,0.913333
12557,0.633333
12558,0.846667
12559,0.916667
12560,0.683333
12561,0.77
12562,0.38
12563,0.89
12564,0.456667
12565,0.47
12566,0.773333
12567,0.536667
12568,0.86
12569,0.916667
12570,0.723333
12571,0.906667
12572,0.983333
12573,0.95
12574,0.823333
12575,0.823333
12576,0.873333
12577,0.68
12578,0.75
12579,0.39
12580,0.63
12581,0.296667
12582,0.693333
12583,0.87
12584,0.85
12585,0.473333
12586,0.813333
12587,0.53
12588,0.656667
12589,0.563333
12590,0.883333
12591,0.683333
12592,0.723333
12593,0.476667
12594,0.403333
12595,0.5
12596,0.743333
12597,0.286667
12598,0.873333
12599,0.833333
12600,0.713333
12601,0.723333
12602,0.84
12603,0.956667
12604,0.546667
12605,0.766667
12606,0.916667
12607,0.723333
12608,0.603333
12609,0.816667
12610,0.496667
12611,0.743333
12612,0.693333
12613,0.686667
12614,0.736667
12615,0.84
12616,0.8
12617,0.67
12618,0.713333
12619,0.596667
12620,0.413333
12621,0.723333
12622,0.85
12623,0.603333
12624,0.67
12625,0.676667
12626,0.763333
12627,0.663333
12628,0.56
12629,0.973333
12630,0.503333
12631,0.716667
12632,0.903333
12633,0.973333
12634,0.876667
12635,0.636667
12636,0.836667
12637,0.82
12638,0.676667
12639,0.266667
12640,0.506667
12641,0.586667
12642,0.62
12643,0.703333
12644,0.883333
12645,0.526667
12646,0.66
12647,0.683333
12648,0.743333
12649,0.483333
12650,0.976667
12651,0.913333
12652,0.66
12653,0.63
12654,0.436667
12655,0.686667
12656,0.67
12657,0.91
12658,0.703333
12659,0.773333
12660,0.623333
12661,0.84
12662,0.9
12663,0.66
12664,0.433333
12665,0.623333
12666,0.673333
12667,0.736667
12668,0.91
12669,0.61
12670,0.74
12671,0.986667
12672,0.703333
12673,0.89
12674,0.833333
12675,0.573333
12676,0.713333
12677,0.486667
12678,0.793333
12679,0.76
12680,0.536667
12681,0.453333
12682,0.693333
12683,0.916667
12684,0.863333
12685,0.86
12686,0.58
12687,0.32
12688,0.473333
12689,0.6
12690,0.85
12691,0.716667
12692,0.8
12693,0.73
12694,0.61
12695,0.86
12696,0.673333
12697,0.716667
12698,0.863333
12699,0.37
12700,0.936667
12701,0.303333
12702,0.63
12703,0.796667
12704,0.883333
12705,0.673333
12706,0.733333
12707,0.956667
12708,0.926667
12709,0.826667
12710,0.643333
12711,0.74
12712,0.686237
12713,0.643333
12714,0.736667
12715,0.766667
12716,0.916667
12717,0.876667
12718,0.79
12719,0.553333
12720,0.75
12721,0.566667
12722,0.36
12723,0.533333
12724,0.83
12725,0.783333
12726,0.856667
12727,0.586667
12728,0.593333
12729,0.57
12730,0.333333
12731,0.676667
12732,0.71
12733,0.546667
12734,0.616667
12735,0.776667
12736,0.596667
12737,0.703333
12738,0.89
12739,0.53
12740,0.8
12741,0.603333
12742,0.806028
12743,0.826667
12744,0.926667
12745,0.726667
12746,0.463333
12747,0.696667
12748,0.853333
12749,0.44
12750,0.893333
12751,0.64
12752,0.87
12753,0.926667
12754,0.846667
12755,0.923333
12756,0.766667
12757,0.466667
12758,0.956667
12759,0.776667
12760,0.813333
12761,0.45
12762,0.856667
12763,0.293333
12764,0.696667
12765,0.816667
12766,0.656667
12767,0.86
12768,0.626667
12769,0.856667
12770,0.623333
12771,0.883333
12772,0.596667
12773,0.653333
12774,0.586667
12775,0.846667
12776,0.78
12777,0.776667
12778,0.493333
12779,0.79
12780,0.753333
12781,0.783333
12782,0.633333
12783,0.74
12784,0.433333
12785,0.56
12786,0.586667
12787,0.716667
12788,0.76
12789,0.63
12790,0.86
12791,0.733333
12792,0.556667
12793,0.896667
12794,0.726667
12795,0.683333
12796,0.876667
12797,0.763333
12798,0.616667
12799,0.85
12800,0.533333
12801,0.673333
12802,0.77
12803,0.716667
12804,0.923333
12805,0.713333
12806,0.646667
12807,0.793333
12808,0.923333
12809,0.193333
12810,0.583333
12811,0.616667
12812,0.746667
12813,0.526667
12814,0.576667
12815,0.753333
12816,0.826667
12817,0.696667
12818,0.916667
12819,0.786667
12820,0.633333
12821,0.896667
12822,0.636667
12823,0.683333
12824,0.893333
12825,0.513333
12826,0.48
12827,0.636667
12828,0.763333
12829,0.833333
12830,0.69
12831,0.956667
12832,0.936667
12833,0.57
12834,0.69
12835,0.726667
12836,0.39
12837,0.836667
12838,0.7
12839,0.61
12840,0.353333
12841,0.73
12842,0.796667
12843,0.77
12844,0.656667
12845,0.903333
12846,0.63
12847,0.64
12848,0.69
12849,0.526667
12850,0.706667
12851,0.86
12852,0.556667
12853,0.99
12854,0.853333
12855,0.746667
12856,0.76
12857,0.956667
12858,0.303333
12859,0.743333
12860,0.636667
12861,0.826667
12862,0.663333
12863,0.893333
12864,0.533333
12865,0.99
12866,0.92
12867,0.983333
12868,0.446667
12869,0.7
12870,0.48
12871,0.626667
12872,0.906667
12873,0.663333
12874,0.86
12875,0.686667
12876,0.97
12877,0.483333
12878,0.806667
12879,0.833333
12880,0.876667
12881,0.443333
12882,0.746667
12883,0.73
12884,0.66
12885,0.97
12886,0.84
12887,0.74
12888,0.963333
12889,0.69
12890,0.923333
12891,0.773333
12892,0.906667
12893,0.723333
12894,0.93
12895,0.923333
12896,0.72
12897,0.7
12898,0.593333
12899,0.736667
12900,0.593333
12901,0.663333
12902,0.74
12903,0.74
12904,0.87
12905,0.463333
12906,0.656667
12907,0.74
12908,0.86
12909,0.78
12910,0.783333
12911,0.753333
12912,0.406667
12913,0.713333
12914,0.956667
12915,0.443333
12916,0.576667
12917,0.606667
12918,0.486667
12919,0.65
12920,0.5
12921,0.693333
12922,0.463333
12923,0.716667
12924,0.633333
12925,0.76
12926,0.8
12927,0.433333
12928,0.58
12929,0.693333
12930,0.696667
12931,0.463333
12932,0.463333
12933,0.75
12934,0.763333
12935,0.583333
12936,0.64
12937,0.833333
12938,0.723333
12939,0.696667
12940,0.943333
12941,0.836667
12942,0.753333
12943,0.643333
12944,0.496667
12945,0.443333
12946,0.946667
12947,0.953333
12948,0.9
12949,0.943333
12950,0.596667
12951,0.86
12952,0.676667
12953,0.74
12954,0.826667
12955,0.743333
12956,0.693333
12957,0.243333
12958,0.856667
12959,0.796667
12960,0.546667
12961,0.616667
12962,0.923333
12963,0.743333
12964,0.946667
12965,0.34
12966,0.893333
12967,0.71
12968,0.65
12969,0.606667
12970,0.663333
12971,0.75
12972,0.376667
12973,0.6
12974,0.663333
12975,0.89
12976,0.9
12977,0.6
12978,0.796667
12979,0.666667
12980,0.69
12981,0.716
12982,0.606667
12983,0.756667
12984,0.576667
12985,0.896667
12986,0.733333
12987,0.393333
12988,0.4
12989,0.646667
12990,0.973333
12991,0.21
12992,0.616667
12993,0.63
12994,0.78
12995,0.776667
12996,0.636667
12997,0.893333
12998,0.486667
12999,0.9
13000,0.686667
13001,0.93
13002,0.586667
13003,0.656667
13004,0.686667
13005,0.86
13006,0.616667
13007,0.66
13008,0.726667
13009,0.64
13010,0.456667
13011,0.683333
13012,0.843333
13013,0.953333
13014,0.333333
13015,0.823333
13016,0.61
13017,0.91
13018,0.696667
13019,0.853333
13020,0.746667
13021,0.906667
13022,0.813333
13023,0.616667
13024,0.726667
13025,0.666667
13026,0.656667
13027,0.253333
13028,0.97
13029,0.92
13030,0.653333
13031,0.56
13032,0.756667
13033,0.76
13034,0.506667
13035,0.68
13036,0.62
13037,0.896667
13038,0.636667
13039,0.62
13040,0.993333
13041,0.696667
13042,0.52
13043,0.76
13044,0.836667
13045,0.59
13046,0.846667
13047,0.85
13048,0.856667
13049,0.806667
13050,0.576667
13051,0.366667
13052,0.44
13053,0.423333
13054,0.483333
13055,0.646667
13056,0.803333
13057,0.716667
13058,0.396667
13059,0.716667
13060,0.456667
13061,0.616667
13062,0.89
13063,0.603333
13064,0.64
13065,0.706667
13066,0.82
13067,0.88
13068,0.81
13069,0.67
13070,0.4
13071,0.563333
13072,0.766667
13073,0.653333
13074,0.81
13075,0.563333
13076,0.626667
13077,0.756667
13078,0.456667
13079,0.7
13080,0.876667
13081,0.373333
13082,0.76
13083,0.623333
13084,0.683333
13085,0.37
13086,0.523333
13087,0.593333
13088,0.656667
13089,0.75
13090,0.8
13091,0.776667
13092,0.586667
13093,0.886667
13094,0.92
13095,0.74
13096,0.386667
13097,0.533333
13098,0.593333
13099,0.816667
13100,0.446667
13101,0.693333
13102,0.68
13103,0.783333
13104,0.723333
13105,0.246667
13106,0.623333
13107,0.5
13108,0.71
13109,0.666667
13110,0.466667
13111,0.6
13112,0.956667
13113,0.663333
13114,0.316667
13115,0.786667
13116,0.376667
13117,0.796667
13118,0.663333
13119,0.916667
13120,0.533333
13121,0.596667
13122,0.713333
13123,0.613333
13124,0.71
13125,0.646667
13126,0.596667
13127,0.566667
13128,0.576667
13129,0.743333
13130,0.723333
13131,0.783333
13132,0.863333
13133,0.95
13134,0.826667
13135,0.51
13136,0.546667
13137,0.646667
13138,0.62
13139,0.936667
13140,0.803333
13141,0.67
13142,0.753333
13143,0.66
13144,0.503333
13145,0.573333
13146,0.816667
13147,0.943333
13148,0.626667
13149,0.7
13150,0.696667
13151,0.636667
13152,0.19
13153,0.73
13154,0.603333
13155,0.656667
13156,0.823333
13157,0.586667
13158,0.743333
13159,0.813333
13160,0.826667
13161,0.743333
13162,0.886667
13163,0.81
13164,0.93
13165,0.77
13166,0.656667
13167,0.633333
13168,0.85
13169,0.556667
13170,0.686667
13171,0.816667
13172,0.773333
13173,0.55
13174,0.836667
13175,0.71
13176,0.493333
13177,0.936667
13178,0.766667
13179,0.626667
13180,0.92
13181,0.73
13182,0.543333
13183,0.776667
13184,0.873333
13185,0.636667
13186,0.453333
13187,0.91
13188,0.763333
13189,0.69
13190,0.406667
13191,0.726667
13192,0.65
13193,0.946667
13194,0.69
13195,0.486667
13196,0.69
13197,0.806667
13198,0.473333
13199,0.99
13200,0.936667
13201,0.926667
13202,0.866667
13203,0.66
13204,0.77
13205,0.703333
13206,0.82
13207,0.476667
13208,0.65
13209,0.53
13210,0.596667
13211,0.65
13212,0.806667
13213,0.54
13214,0.66
13215,0.763333
13216,0.776667
13217,0.503333
13218,0.9
13219,0.836667
13220,0.583333
13221,0.833333
13222,0.663333
13223,0.83
13224,0.816667
13225,0.7
13226,0.793333
13227,0.693333
13228,0.74
13229,0.673333
13230,0.546667
13231,0.426667
13232,0.546667
13233,0.8
13234,0.663333
13235,0.75
13236,0.826667
13237,0.75
13238,0.893333
13239,0.643333
13240,0.82
13241,0.633333
13242,0.536667
13243,0.85
13244,0.92
13245,0.566667
13246,0.866667
13247,0.796667
13248,0.866667
13249,0.66
13250,0.54
13251,0.516667
13252,0.49
13253,0.753333
13254,0.486667
13255,0.87
13256,0.69
13257,0.653333
13258,0.973333
13259,0.736667
13260,0.883333
13261,0.986667
13262,0.316667
13263,0.856667
13264,0.886667
13265,0.536667
13266,0.85
13267,0.573333
13268,0.856667
13269,0.68
13270,0.596667
13271,0.65
13272,0.846667
13273,0.676667
13274,0.476667
13275,0.576667
13276,0.786667
13277,0.47
13278,0.75
13279,0.713333
13280,0.653333
13281,0.886667
13282,0.523333
13283,0.5
13284,0.783333
13285,0.676667
13286,0.473333
13287,0.566667
13288,0.756667
13289,0.19
13290,0.746667
13291,0.796667
13292,0.663333
13293,0.69
13294,0.61
13295,0.97
13296,0.903333
13297,0.706667
13298,0.69
13299,0.75
13300,0.946667
13301,0.82
13302,0.95
13303,0.77
13304,0.983333
13305,0.49
13306,0.54
13307,0.88
13308,0.503333
13309,0.746667
13310,0.896667
13311,0.796667
13312,0.306667
13313,0.68
13314,0.686667
13315,0.786667
13316,0.533333
13317,0.903333
13318,0.53
13319,0.91
13320,0.703333
13321,0.25
13322,0.406667
13323,0.783333
13324,0.496667
13325,0.613333
13326,0.83
13327,0.66
13328,0.596667
13329,0.72
13330,0.623333
13331,0.913333
13332,0.92
13333,0.78
13334,0.706667
13335,0.776667
13336,0.803333
13337,0.503333
13338,0.74
13339,0.79
13340,0.68
13341,0.616667
13342,0.703333
13343,0.456667
13344,0.496667
13345,0.76
13346,0.783333
13347,0.896667
13348,0.443333
13349,0.68
13350,0.656667
13351,0.663333
13352,0.82
13353,0.81
13354,0.486667
13355,0.746667
13356,0.87
13357,0.476667
13358,0.666667
13359,0.476667
13360,0.68
13361,0.656667
13362,0.673333
13363,0.676667
13364,0.843333
13365,0.986667
13366,0.673333
13367,0.683333
13368,0.663333
13369,0.683333
13370,0.646667
13371,0.56
13372,0.846667
13373,0.676667
13374,0.653333
13375,0.706667
13376,0.723333
13377,0.7
13378,0.456667
13379,0.923333
13380,0.306667
13381,0.89
13382,0.913333
13383,0.796667
13384,0.53
13385,0.653333
13386,0.673333
13387,0.84
13388,0.61
13389,0.84
13390,0.333333
13391,0.376667
13392,0.693333
13393,0.953333
13394,0.873333
13395,0.776667
13396,0.763333
13397,0.6
13398,0.746667
13399,0.72
13400,0.81
13401,0.736667
13402,0.72
13403,0.673333
13404,0.683333
13405,0.766667
13406,0.92
13407,0.903333
13408,0.733333
13409,0.506667
13410,0.94
13411,0.876667
13412,0.78
13413,0.836667
13414,0.466667
13415,0.83
13416,0.436667
13417,0.836667
13418,0.503333
13419,0.896667
13420,0.846667
13421,0.463333
13422,0.91
13423,0.676667
13424,0.783333
13425,0.68
13426,0.773333
13427,0.51
13428,0.683333
13429,0.713333
13430,0.896667
13431,0.49
13432,0.5
13433,0.73
13434,0.49
13435,0.883333
13436,0.68
13437,0.426667
13438,0.606667
13439,0.776667
13440,0.716667
13441,0.783333
13442,0.393333
13443,0.863333
13444,0.7
13445,0.526667
13446,0.926667
13447,0.846667
13448,0.963333
13449,0.793333
13450,0.856667
13451,0.71
13452,0.956667
13453,0.596667
13454,0.833333
13455,0.856667
13456,0.29
13457,0.796667
13458,0.816667
13459,0.68
13460,0.64
13461,0.67
13462,0.586667
13463,0.65
13464,0.533333
13465,0.496667
13466,0.603333
13467,0.64
13468,0.6
13469,0.453333
13470,0.923333
13471,0.886667
13472,0.798889
13473,0.636667
13474,0.596667
13475,0.56
13476,0.423333
13477,0.863333
13478,0.656667
13479,0.736667
13480,0.583333
13481,0.94
13482,0.596667
13483,0.916667
13484,0.776667
13485,0.89
13486,0.796667
13487,0.78
13488,0.526667
13489,0.596667
13490,0.763333
13491,0.66
13492,0.9
13493,0.736667
13494,0.816667
13495,0.54
13496,0.746667
13497,0.7
13498,0.706667
13499,0.503333
13500,0.916667
13501,0.77
13502,0.983333
13503,0.816667
13504,0.71
13505,0.743333
13506,0.86
13507,0.61
13508,0.366667
13509,0.853333
13510,0.81
13511,0.566667
13512,0.813333
13513,0.923333
13514,0.713333
13515,0.856667
13516,0.69
13517,0.863333
13518,0.653333
13519,0.62
13520,0.563333
13521,0.71
13522,0.866667
13523,0.686667
13524,0.453333
13525,0.516667
13526,0.843333
13527,0.81
13528,0.46
13529,0.826667
13530,0.796667
13531,0.473333
13532,0.756667
13533,0.703333
13534,0.84
13535,0.146667
13536,0.533333
13537,0.4
13538,0.37
13539,0.866667
13540,0.72
13541,0.54
13542,0.646667
13543,0.893333
13544,0.896667
13545,0.653333
13546,0.846667
13547,0.483333
13548,0.37
13549,0.733333
13550,0.833333
13551,0.676667
13552,0.553333
13553,0.873333
13554,0.7
13555,0.786667
13556,0.453333
13557,0.906667
13558,0.726667
13559,0.84
13560,0.956667
13561,0.91
13562,0.96
13563,0.68
13564,0.143333
13565,0.47
13566,0.636667
13567,0.8
13568,0.993333
13569,0.833333
13570,0.656667
13571,0.78
13572,0.846667
13573,0.51
13574,0.85
13575,0.696667
13576,0.696667
13577,0.726667
13578,0.51
13579,0.826667
13580,0.49
13581,0.77
13582,0.85
13583,0.333333
13584,0.626667
13585,0.943333
13586,0.823333
13587,0.88
13588,0.753333
13589,0.876667
13590,0.523333
13591,0.9
13592,0.476667
13593,0.443333
13594,0.893333
13595,0.99
13596,0.896667
13597,0.95
13598,0.376667
13599,0.546667
13600,0.72
13601,0.733333
13602,0.923333
13603,0.726667
13604,0.786667
13605,0.576667
13606,0.776667
13607,0.823333
13608,0.786667
13609,0.863333
13610,0.713333
13611,0.38
13612,0.826667
13613,0.833333
13614,0.623333
13615,0.8
13616,0.933333
13617,0.773333
13618,0.553333
13619,0.77
13620,0.916667
13621,0.793333
13622,0.883333
13623,0.656667
13624,0.773333
13625,0.606667
13626,0.93
13627,0.566667
13628,0.986667
13629,0.773333
13630,0.63
13631,0.963333
13632,0.76
13633,0.42
13634,0.886667
13635,0.656667
13636,0.766667
13637,0.786667
13638,0.636667
13639,0.62
13640,0.68
13641,0.733333
13642,0.693333
13643,0.626667
13644,0.676667
13645,0.696667
13646,0.406667
13647,0.533333
13648,0.586667
13649,0.606667
13650,0.503333
13651,0.682667
13652,0.456667
13653,0.853333
13654,0.676667
13655,0.823333
13656,0.27
13657,0.67
13658,0.76
13659,0.49
13660,0.653333
13661,0.613333
13662,0.65
13663,0.413333
13664,0.926667
13665,0.73
13666,0.716667
13667,0.773333
13668,0.753333
13669,0.763333
13670,0.563333
13671,0.546667
13672,0.846667
13673,0.79
13674,0.703333
13675,0.906667
13676,0.89
13677,0.84
13678,0.643333
13679,0.833333
13680,0.846667
13681,0.47
13682,0.65
13683,0.146667
13684,0.933333
13685,0.653333
13686,0.886667
13687,0.41
13688,0.793333
13689,0.966667
13690,0.91
13691,0.61
13692,0.883333
13693,0.556667
13694,0.673333
13695,0.706667
13696,0.343333
13697,0.676667
13698,0.933333
13699,0.586667
13700,0.88
13701,0.82
13702,0.686667
13703,0.406667
13704,0.61
13705,0.473333
13706,0.85
13707,0.256667
13708,0.82
13709,0.766667
13710,0.606667
13711,0.656667
13712,0.403333
13713,0.86
13714,0.826667
13715,0.806667
13716,0.89
13717,0.96
13718,0.781556
13719,0.79
13720,0.88
13721,0.736667
13722,0.93
13723,0.986667
13724,0.843333
13725,0.916667
13726,0.393333
13727,0.656667
13728,0.483333
13729,0.743333
13730,0.973333
13731,0.69
13732,0.99
13733,0.863333
13734,0.976667
13735,0.866667
13736,0.833333
13737,0.913333
13738,0.79
13739,0.643333
13740,0.36
13741,0.946667
13742,0.39
13743,0.526667
13744,0.333333
13745,0.673333
13746,0.903333
13747,0.356667
13748,0.803333
13749,0.796667
13750,0.866667
13751,0.92
13752,0.976667
13753,0.633333
13754,0.763333
13755,0.623333
13756,0.473333
13757,0.24
13758,0.653333
13759,0.846667
13760,0.666667
13761,0.746667
13762,0.87
13763,0.64
13764,0.6
13765,0.65
13766,0.943333
13767,0.66
13768,0.703333
13769,0.673333
13770,0.85
13771,0.93
13772,0.716667
13773,0.806667
13774,0.693333
13775,0.85
13776,0.75
13777,0.713333
13778,0.823333
13779,0.613333
13780,0.693333
13781,0.99
13782,0.58
13783,0.773333
13784,0.943333
13785,0.85
13786,0.756667
13787,0.723333
13788,0.66
13789,0.58
13790,0.323333
13791,0.923333
13792,0.816667
13793,0.58
13794,0.783333
13795,0.89
13796,0.506667
13797,0.74
13798,0.42
13799,0.666667
13800,0.7
13801,0.976667
13802,0.853333
13803,0.656667
13804,0.876667
13805,0.503333
13806,0.906667
13807,0.736667
13808,0.683333
13809,0.72
13810,0.336667
13811,0.946667
13812,0.8
13813,0.71
13814,0.43
13815,0.95
13816,0.74
13817,0.68
13818,0.87
13819,0.826667
13820,0.72
13821,0.583333
13822,0.64
13823,0.883333
13824,0.806667
13825,0.946667
13826,0.73
13827,0.816667
13828,0.513333
13829,0.986667
13830,0.64
13831,0.77
13832,0.576667
13833,0.733333
13834,0.83
13835,0.91
13836,0.72
13837,0.916667
13838,0.99
13839,0.796667
13840,0.843333
13841,0.87
13842,0.803333
13843,0.73
13844,0.356667
13845,0.733333
13846,0.923333
13847,0.346667
13848,0.453333
13849,0.43
13850,0.753333
13851,0.823333
13852,0.776667
13853,0.873333
13854,0.623333
13855,0.67
13856,0.82
13857,0.416667
13858,0.85
13859,0.693333
13860,0.92
13861,0.773333
13862,0.816667
13863,0.86
13864,0.913333
13865,0.886667
13866,0.86
13867,0.78
13868,0.916667
13869,0.63
13870,0.586667
13871,0.806667
13872,0.666667
13873,0.91
13874,0.846667
13875,0.896667
13876,0.57
13877,0.733333
13878,0.926667
13879,0.746667
13880,0.96
13881,0.793333
13882,0.856667
13883,0.846667
13884,0.546667
13885,0.83
13886,0.63
13887,0.92
13888,0.383333
13889,0.723333
13890,0.68
13891,0.81
13892,0.966667
13893,0.753333
13894,0.743333
13895,0.873333
13896,0.713333
13897,0.546667
13898,0.56
13899,0.966667
13900,0.78
13901,0.823333
13902,0.576667
13903,0.68
13904,0.69
13905,0.423333
13906,0.603333
13907,0.896667
13908,0.763333
13909,0.8
13910,0.833333
13911,0.693333
13912,0.51
13913,0.803333
13914,0.98
13915,0.766667
13916,0.853333
13917,0.456667
13918,0.953333
13919,0.92
13920,0.636667
13921,0.516667
13922,0.323333
13923,0.566667
13924,0.6
13925,0.853333
13926,0.606667
13927,0.66
13928,0.703333
13929,0.7
13930,0.713333
13931,0.813333
13932,0.896667
13933,0.696667
13934,0.863333
13935,0.863333
13936,0.723333
13937,0.876667
13938,0.823333
13939,0.906667
13940,0.796667
13941,0.423333
13942,0.516667
13943,0.71
13944,0.57
13945,0.61
13946,0.623333
13947,0.67
13948,0.71
13949,0.786667
13950,0.613333
13951,0.4
13952,0.963333
13953,0.57
13954,0.98
13955,0.583333
13956,0.373333
13957,0.97
13958,0.786667
13959,0.526667
13960,0.693333
13961,0.613333
13962,0.59
13963,0.866667
13964,0.72
13965,0.89
13966,0.986667
13967,0.733333
13968,0.616667
13969,0.736667
13970,0.763333
13971,0.776667
13972,0.656667
13973,0.603333
13974,0.44
13975,0.67
13976,0.956667
13977,0.713333
13978,0.84
13979,0.506667
13980,0.93
13981,0.666667
13982,0.61
13983,0.71
13984,0.793333
13985,0.883333
13986,0.52
13987,0.596667
13988,0.426667
13989,0.66
13990,0.87
13991,0.733333
13992,0.743333
13993,0.4
13994,0.9
13995,0.776667
13996,0.986667
13997,0.78
13998,0.64
13999,0.67
14000,0.53
14001,0.71
14002,0.656667
14003,0.683333
14004,0.69
14005,0.91
14006,0.793333
14007,0.45
14008,0.856667
14009,0.926667
14010,0.953333
14011,0.706667
14012,0.56
14013,0.686667
14014,0.67
14015,0.543333
14016,0.843333
14017,0.816667
14018,0.95
14019,0.426667
14020,0.713333
14021,0.69
14022,0.95
14023,0.513333
14024,0.65
14025,0.53
14026,0.963333
14027,0.663333
14028,0.95
14029,0.866667
14030,0.85
14031,0.48
14032,0.623333
14033,0.86
14034,0.973333
14035,0.953333
14036,0.746667
14037,0.533333
14038,0.57
14039,0.55
14040,0.953333
14041,0.656667
14042,0.683333
14043,0.766667
14044,0.736667
14045,0.423333
14046,0.776667
14047,0.863333
14048,0.25
14049,0.976667
14050,0.31
14051,0.64
14052,0.676667
14053,0.766667
14054,0.65
14055,0.806667
14056,0.94
14057,0.603333
14058,0.823333
14059,0.43
14060,0.296667
14061,0.693333
14062,0.846667
14063,0.523333
14064,0.87
14065,0.886667
14066,0.476667
14067,0.443333
14068,0.846667
14069,0.61
14070,0.47
14071,0.556667
14072,0.993333
14073,0.71
14074,0.35
14075,0.713333
14076,0.573333
14077,0.686667
14078,0.746667
14079,0.273333
14080,0.81
14081,0.806667
14082,0.96
14083,0.69
14084,0.686667
14085,0.903333
14086,0.36
14087,0.886667
14088,0.906667
14089,0.353333
14090,0.796667
14091,0.716667
14092,0.866667
14093,0.663333
14094,0.623333
14095,0.656667
14096,0.806667
14097,0.59
14098,0.743333
14099,0.926667
14100,0.533333
14101,0.923333
14102,0.4
14103,0.626667
14104,0.89
14105,0.84
14106,0.793333
14107,0.93
14108,0.606667
14109,0.53
14110,0.866667
14111,0.686667
14112,0.95
14113,0.503333
14114,0.573333
14115,0.92
14116,0.786667
14117,0.906667
14118,0.653333
14119,0.94
14120,0.616667
14121,0.816667
14122,0.876667
14123,0.67
14124,0.883333
14125,0.653333
14126,0.776667
14127,0.753333
14128,0.57
14129,0.806667
14130,0.573333
14131,0.55
14132,0.59
14133,0.296667
14134,0.806667
14135,0.793333
14136,0.586667
14137,0.756667
14138,0.943333
14139,0.573333
14140,0.966667
14141,0.896667
14142,0.676667
14143,0.596667
14144,0.803333
14145,0.376667
14146,0.593333
14147,0.716667
14148,0.643333
14149,0.943333
14150,0.803333
14151,0.77
14152,0.856667
14153,0.106667
14154,0.913333
14155,0.74
14156,0.64
14157,0.496667
14158,0.636667
14159,0.936667
14160,0.38
14161,0.6
14162,0.423333
14163,0.22
14164,0.83
14165,0.663333
14166,0.92
14167,0.553333
14168,0.513333
14169,0.71
14170,0.97
14171,0.433333
14172,0.82
14173,0.926667
14174,0.743333
14175,0.606667
14176,0.876667
14177,0.733333
14178,0.466667
14179,0.55
14180,0.713333
14181,0.323333
14182,0.91
14183,0.78
14184,0.783333
14185,0.84
14186,0.9
14187,0.806667
14188,0.623333
14189,0.87
14190,0.66
14191,0.766667
14192,0.746667
14193,0.9
14194,0.61
14195,0.68
14196,0.863333
14197,0.376667
14198,0.736667
14199,0.796667
14200,0.723333
14201,0.936667
14202,0.7
14203,0.666667
14204,0.793333
14205,0.663333
14206,0.663333
14207,0.706667
14208,0.546667
14209,0.896667
14210,0.7
14211,0.96
14212,0.79
14213,0.606667
14214,0.643333
14215,0.566667
14216,0.536667
14217,0.553333
14218,0.963333
14219,0.7
14220,0.91
14221,0.613333
14222,0.723333
14223,0.836667
14224,0.76
14225,0.94
14226,0.696667
14227,0.76
14228,0.703333
14229,0.606667
14230,0.62
14231,0.79
14232,0.89
14233,0.803333
14234,0.576667
14235,0.83
14236,0.783333
14237,0.886667
14238,0.58
14239,0.486667
14240,0.603333
14241,0.923333
14242,0.606667
14243,0.963333
14244,0.626667
14245,0.643333
14246,0.78
14247,0.576667
14248,0.823333
14249,0.843333
14250,0.836667
14251,0.596667
14252,0.733333
14253,0.626667
14254,0.753333
14255,0.91
14256,0.823333
14257,0.503333
14258,0.94
14259,0.593333
14260,0.703333
14261,0.61
14262,0.813333
14263,0.96
14264,0.773333
14265,0.786667
14266,0.443333
14267,0.78
14268,0.69
14269,0.953333
14270,0.803333
14271,0.723333
14272,0.836667
14273,0.756667
14274,0.686667
14275,0.743333
14276,0.826667
14277,0.39
14278,0.683333
14279,0.873333
14280,0.99
14281,0.703333
14282,0.766667
14283,0.92
14284,0.933333
14285,0.516667
14286,0.693333
14287,0.76
14288,0.44
14289,0.716667
14290,0.696667
14291,0.786667
14292,0.746667
14293,0.573333
14294,0.723333
14295,0.293333
14296,0.38
14297,0.753333
14298,0.456667
14299,0.786667
14300,0.66
14301,0.973333
14302,0.916667
14303,0.923333
14304,0.92
14305,0.786667
14306,0.926667
14307,0.52
14308,0.97
14309,0.536667
14310,0.936667
14311,0.68
14312,0.75
14313,0.753333
14314,0.853333
14315,0.633333
14316,0.78
14317,0.71
14318,0.8
14319,0.686667
14320,0.47
14321,0.926667
14322,0.74
14323,0.903333
14324,0.67
14325,0.746667
14326,0.596667
14327,0.673333
14328,0.556667
14329,0.786667
14330,0.353333
14331,0.603333
14332,0.51
14333,0.93
14334,0.843333
14335,0.476667
14336,0.773333
14337,0.69
14338,0.84
14339,0.766667
14340,0.75
14341,0.31
14342,0.593333
14343,0.753333
14344,0.436667
14345,0.623333
14346,0.35
14347,0.756667
14348,0.583333
14349,0.806667
14350,0.23
14351,0.41
14352,0.443333
14353,0.886667
14354,0.853333
14355,0.373333
14356,0.943333
14357,0.893333
14358,0.626667
14359,0.556667
14360,0.923333
14361,0.893333
14362,0.896667
14363,0.54
14364,0.216667
14365,0.816667
14366,0.786667
14367,0.863333
14368,0.556667
14369,0.663333
14370,0.806667
14371,0.86
14372,0.776667
14373,0.333333
14374,0.656667
14375,0.643333
14376,0.493333
14377,0.82
14378,0.28
14379,0.54
14380,0.456667
14381,0.886667
14382,0.583333
14383,0.55
14384,0.633333
14385,0.643333
14386,0.546667
14387,0.553333
14388,0.84
14389,0.693333
14390,0.696667
14391,0.416667
14392,0.64
14393,0.673333
14394,0.666667
14395,0.566667
14396,0.59
14397,0.626667
14398,0.75
14399,0.62
14400,0.73
14401,0.58
14402,0.793333
14403,0.986667
14404,0.73
14405,0.676667
14406,0.782903
14407,0.916667
14408,0.78
14409,0.97
14410,0.49
14411,0.923333
14412,0.656667
14413,0.71
14414,0.913333
14415,0.57
14416,0.96
14417,0.476667
14418,0.536667
14419,0.736667
14420,0.84
14421,0.78
14422,0.783333
14423,0.836667
14424,0.976667
14425,0.573333
14426,0.883333
14427,0.72
14428,0.436667
14429,0.726667
14430,0.43
14431,0.18
14432,0.814167
14433,0.583333
14434,0.39
14435,0.733333
14436,0.59
14437,0.856667
14438,0.676667
14439,0.66
14440,0.64
14441,0.723333
14442,0.833333
14443,0.78
14444,0.603333
14445,0.636667
14446,0.726667
14447,0.676667
14448,0.706667
14449,0.973333
14450,0.743333
14451,0.896667
14452,0.83
14453,0.466667
14454,0.966667
14455,0.773333
14456,0.32
14457,0.676667
14458,0.556667
14459,0.4
14460,0.743333
14461,0.566667
14462,0.79
14463,0.656667
14464,0.846667
14465,0.933333
14466,0.656667
14467,0.383333
14468,0.94
14469,0.723333
14470,0.843333
14471,0.76
14472,0.743333
14473,0.6
14474,0.693333
14475,0.663333
14476,0.57
14477,0.646667
14478,0.743333
14479,0.813333
14480,0.86
14481,0.763333
14482,0.806667
14483,0.87
14484,0.41
14485,0.57
14486,0.863333
14487,0.836667
14488,0.193333
14489,0.886667
14490,0.586667
14491,0.78
14492,0.743333
14493,0.983333
14494,0.736667
14495,0.823333
14496,0.686667
14497,0.976667
14498,0.653333
14499,0.706667
14500,0.666667
14501,0.836667
14502,0.92
14503,0.76
14504,0.796667
14505,0.543333
14506,0.723333
14507,0.633333
14508,0.926667
14509,0.83
14510,0.76
14511,0.56
14512,0.616667
14513,0.686667
14514,0.556667
14515,0.58
14516,0.866667
14517,0.673333
14518,0.82
14519,0.706667
14520,0.656667
14521,0.916667
14522,0.833333
14523,0.88
14524,0.456667
14525,0.29
14526,0.796667
14527,0.77
14528,0.49
14529,0.826667
14530,0.693333
14531,0.76
14532,0.61
14533,0.876667
14534,0.886667
14535,0.42
14536,0.49
14537,0.883333
14538,0.806667
14539,0.836667
14540,0.36
14541,0.65
14542,0.47
14543,0.96
14544,0.663333
14545,0.716667
14546,0.623333
14547,0.506667
14548,0.456667
14549,0.61
14550,0.713333
14551,0.87
14552,0.693333
14553,0.403333
14554,0.726667
14555,0.68
14556,0.683333
14557,0.693333
14558,0.576667
14559,0.736667
14560,0.696667
14561,0.58
14562,0.496667
14563,0.436667
14564,0.7
14565,0.963333
14566,0.813333
14567,0.526667
14568,0.876667
14569,0.53
14570,0.913333
14571,0.89
14572,0.836667
14573,0.893333
14574,0.693333
14575,0.813333
14576,0.836667
14577,0.846667
14578,0.623333
14579,0.64
14580,0.326667
14581,0.933333
14582,0.803333
14583,0.873333
14584,0.733333
14585,0.653333
14586,0.973333
14587,0.716667
14588,0.573333
14589,0.51
14590,0.94
14591,0.806667
14592,0.736667
14593,0.55
14594,0.716667
14595,0.606667
14596,0.913333
14597,0.696667
14598,0.516667
14599,0.8
14600,0.446667
14601,0.623333
14602,0.91
14603,0.693333
14604,0.763333
14605,0.646667
14606,0.683333
14607,0.85
14608,0.493333
14609,0.626667
14610,0.783333
14611,0.61
14612,0.696667
14613,0.886667
14614,0.916667
14615,0.426667
14616,0.953333
14617,0.716667
14618,0.84
14619,0.603333
14620,0.863333
14621,0.686667
14622,0.65
14623,0.726667
14624,0.806667
14625,0.763333
14626,0.443333
14627,0.46
14628,0.66
14629,0.613333
14630,0.823333
14631,0.393333
14632,0.656667
14633,0.773333
14634,0.446667
14635,0.736667
14636,0.81
14637,0.716667
14638,0.403333
14639,0.826667
14640,0.666667
14641,0.63
14642,0.796667
14643,0.81
14644,0.73
14645,0.75
14646,0.806667
14647,0.836667
14648,0.866667
14649,0.966667
14650,0.8
14651,0.416667
14652,0.46
14653,0.65
14654,0.836667
14655,0.463333
14656,0.653333
14657,0.94
14658,0.416667
14659,0.553333
14660,0.773333
14661,0.84
14662,0.9
14663,0.906667
14664,0.69
14665,0.556667
14666,0.9
14667,0.89
14668,0.793333
14669,0.6
14670,0.72
14671,0.906667
14672,0.506667
14673,0.47
14674,0.823333
14675,0.956667
14676,0.923333
14677,0.553333
14678,0.59
14679,0.68
14680,0.676667
14681,0.623333
14682,0.836667
14683,0.68
14684,0.566667
14685,0.663333
14686,0.673333
14687,0.873333
14688,0.93
14689,0.9
14690,0.9
14691,0.84
14692,0.63
14693,0.726667
14694,0.65
14695,0.68
14696,0.763333
14697,0.48
14698,0.486667
14699,0.726667
14700,0.63
14701,0.493333
14702,0.763333
14703,0.576667
14704,0.733333
14705,0.643333
14706,0.526667
14707,0.843333
14708,0.75
14709,0.833333
14710,0.736667
14711,0.923333
14712,0.863333
14713,0.763333
14714,0.323333
14715,0.733333
14716,0.726667
14717,0.75
14718,0.353333
14719,0.72
14720,0.536667
14721,0.496667
14722,0.466667
14723,0.87
14724,0.6
14725,0.6
14726,0.453333
14727,0.883333
14728,0.433333
14729,0.9
14730,0.496667
14731,0.853333
14732,0.74
14733,0.67
14734,0.696667
14735,0.926667
14736,0.916667
14737,0.963333
14738,0.976667
14739,0.896667
14740,0.683333
14741,0.616667
14742,0.83
14743,0.903333
14744,0.833333
14745,0.796667
14746,0.736667
14747,0.66
14748,0.513333
14749,0.943333
14750,0.8
14751,0.876667
14752,0.756667
14753,0.443333
14754,0.183333
14755,0.99
14756,0.85
14757,0.836667
14758,0.763333
14759,0.596667
14760,0.786667
14761,0.446667
14762,0.586667
14763,0.886667
14764,0.936667
14765,0.716667
14766,0.76
14767,0.633333
14768,0.9
14769,0.713333
14770,0.546667
14771,0.933333
14772,0.773333
14773,0.913333
14774,0.906667
14775,0.73
14776,0.79
14777,0.7
14778,0.446667
14779,0.72
14780,0.626667
14781,0.746667
14782,0.793333
14783,0.55
14784,0.8
14785,0.733333
14786,0.698222
14787,0.723333
14788,0.886667
14789,0.503333
14790,0.793333
14791,0.93
14792,0.88
14793,0.55
14794,0.786667
14795,0.893333
14796,0.673333
14797,0.8
14798,0.846667
14799,0.69
14800,0.793333
14801,0.613333
14802,0.87
14803,0.583333
14804,0.716667
14805,0.616667
14806,0.936667
14807,0.456667
14808,0.586667
14809,0.786667
14810,0.9
14811,0.806667
14812,0.883333
14813,0.68
14814,0.57
14815,0.596667
14816,0.923333
14817,0.696667
14818,0.863333
14819,0.603333
14820,0.853333
14821,0.73
14822,0.846667
14823,0.703333
14824,0.746667
14825,0.72
14826,0.633333
14827,0.926667
14828,0.76
14829,0.9
14830,0.966667
14831,0.73
14832,0.89
14833,0.74
14834,0.56
14835,0.553333
14836,0.666667
14837,0.606667
14838,0.633333
14839,0.72
14840,0.746667
14841,0.42
14842,0.806667
14843,0.876667
14844,0.51
14845,0.743333
14846,0.603333
14847,0.913333
14848,0.8
14849,0.376667
14850,0.976667
14851,0.91
14852,0.773333
14853,0.916667
14854,0.6
14855,0.98
14856,0.276667
14857,0.57
14858,0.43
14859,0.763333
14860,0.75
14861,0.906667
14862,0.63
14863,0.676667
14864,0.476667
14865,0.72
14866,0.426667
14867,0.376667
14868,0.823333
14869,0.583333
14870,0.953333
14871,0.833333
14872,0.42
14873,0.793333
14874,0.693333
14875,0.883333
14876,0.61
14877,0.573333
14878,0.773333
14879,0.743333
14880,0.803333
14881,0.92
14882,0.87
14883,0.316667
14884,0.616667
14885,0.793333
14886,0.613333
14887,0.52
14888,0.9
14889,0.313333
14890,0.65
14891,0.736667
14892,0.56
14893,0.806667
14894,0.576667
14895,0.903333
14896,0.76
14897,0.96
14898,0.823333
14899,0.71
14900,0.77
14901,0.59
14902,0.653333
14903,0.583333
14904,0.7
14905,0.9
14906,0.696667
14907,0.353333
14908,0.846667
14909,0.77
14910,0.93
14911,0.786667
14912,0.793333
14913,0.65
14914,0.85
14915,0.623333
14916,0.81
14917,1.0
14918,0.806667
14919,0.673333
14920,0.9
14921,0.833333
14922,0.813333
14923,0.703333
14924,0.793333
14925,0.726667
14926,0.88
14927,0.866667
14928,0.61
14929,0.76
14930,0.536667
14931,0.835556
14932,0.616667
14933,0.886667
14934,0.486667
14935,0.616667
14936,0.633333
14937,0.586667
14938,0.686667
14939,0.53
14940,0.776667
14941,0.963333
14942,0.5
14943,0.85
14944,0.64
14945,0.543333
14946,0.403333
14947,0.486667
14948,0.706667
14949,0.67
14950,0.683333
14951,0.846667
14952,0.44
14953,0.536667
14954,0.956667
14955,0.846667
14956,0.55
14957,0.73
14958,0.773333
14959,0.393333
14960,0.803333
14961,0.68
14962,0.476667
14963,0.77
14964,0.8
14965,0.613333
14966,0.5
14967,0.793333
14968,0.97
14969,0.543333
14970,0.85
14971,0.673333
14972,0.86
14973,0.973333
14974,0.643333
14975,0.523333
14976,0.783333
14977,0.79
14978,0.593333
14979,0.636667
14980,0.746667
14981,0.876667
14982,0.583333
14983,0.6
14984,0.73
14985,0.923333
14986,0.79
14987,0.86
14988,0.723333
14989,0.74
14990,0.756667
14991,0.74
14992,0.593333
14993,0.796667
14994,0.956667
14995,0.946667
14996,0.306667
14997,0.996667
14998,0.65
14999,0.433333
15000,0.943333
15001,0.756667
15002,0.906667
15003,0.796667
15004,0.646667
15005,0.81
15006,0.773333
15007,0.916667
15008,0.846667
15009,0.59
15010,0.456667
15011,0.603333
15012,0.896667
15013,0.666667
15014,0.63
15015,0.65
15016,0.67
15017,0.646667
15018,0.973333
15019,0.72
15020,0.666667
15021,0.81
15022,0.68
15023,0.573333
15024,0.83
15025,0.696667
15026,0.42
15027,0.66
15028,0.73
15029,0.546667
15030,0.593333
15031,0.54
15032,0.786667
15033,0.686667
15034,0.623333
15035,0.556667
15036,0.926667
15037,0.673333
15038,0.666667
15039,0.66
15040,0.443333
15041,0.796667
15042,0.513333
15043,0.513333
15044,0.55
15045,0.343333
15046,0.836667
15047,0.75
15048,0.673333
15049,0.666667
15050,0.766667
15051,0.836667
15052,0.516667
15053,0.816667
15054,0.68
15055,0.54
15056,0.686667
15057,0.546667
15058,0.676667
15059,0.933333
15060,0.373333
15061,0.793333
15062,0.536667
15063,0.8
15064,0.906667
15065,0.703333
15066,0.745556
15067,0.793333
15068,0.94
15069,0.703333
15070,0.673333
15071,0.87
15072,0.233333
15073,0.806667
15074,0.786667
15075,0.58
15076,0.433333
15077,0.803333
15078,0.96
15079,0.776667
15080,0.823333
15081,0.853333
15082,0.536667
15083,0.776667
15084,0.553333
15085,0.646667
15086,0.756667
15087,0.8
15088,0.443333
15089,0.89
15090,0.9
15091,0.796667
15092,0.79
15093,0.751556
15094,0.936667
15095,0.846667
15096,0.926667
15097,0.84
15098,0.776667
15099,0.593333
15100,0.75
15101,0.413333
15102,0.513333
15103,0.68
15104,0.666667
15105,0.473333
15106,0.583333
15107,0.76
15108,0.596667
15109,0.606667
15110,0.723333
15111,0.676667
15112,0.796667
15113,0.916667
15114,0.826667
15115,0.746667
15116,0.446667
15117,0.863333
15118,0.93
15119,0.556667
15120,0.58
15121,0.873333
15122,0.963333
15123,0.683333
15124,0.496667
15125,0.526667
15126,0.84
15127,0.633333
15128,0.87
15129,0.876667
15130,0.836667
15131,0.543333
15132,0.71
15133,0.733333
15134,0.72
15135,0.56
15136,0.66
15137,0.43
15138,0.643333
15139,0.936667
15140,0.746667
15141,0.453333
15142,0.36
15143,0.72
15144,0.88
15145,0.593333
15146,0.663333
15147,0.706667
15148,0.803333
15149,0.956667
15150,0.813333
15151,0.87
15152,0.856667
15153,0.496667
15154,0.853333
15155,0.663333
15156,0.58
15157,0.583333
15158,0.796667
15159,0.846667
15160,0.863333
15161,0.993333
15162,0.516667
15163,0.743333
15164,0.566667
15165,0.566667
15166,0.746667
15167,0.446667
15168,0.633333
15169,0.72
15170,0.726667
15171,0.956667
15172,0.34
15173,0.94
15174,0.623333
15175,0.76
15176,0.546667
15177,0.376667
15178,0.52
15179,0.896667
15180,0.87
15181,0.743333
15182,0.573333
15183,0.586667
15184,0.593333
15185,0.853333
15186,0.766667
15187,0.456667
15188,0.863333
15189,0.64
15190,0.886667
15191,0.78
15192,0.666667
15193,0.836667
15194,0.86
15195,0.78
15196,0.78
15197,0.656667
15198,0.583333
15199,0.92
15200,0.906667
15201,0.84
15202,0.746667
15203,0.763333
15204,0.83
15205,0.933333
15206,0.836667
15207,0.74
15208,0.203333
15209,0.93
15210,0.576667
15211,0.593333
15212,0.91
15213,0.596667
15214,0.956667
15215,0.953333
15216,0.476667
15217,0.666667
15218,0.586667
15219,0.57
15220,0.73
15221,0.766667
15222,0.83
15223,0.926667
15224,0.783333
15225,0.546667
15226,0.68
15227,0.793333
15228,0.636667
15229,0.96
15230,0.636667
15231,0.676667
15232,0.613333
15233,0.386667
15234,0.836667
15235,0.723333
15236,0.67
15237,0.943333
15238,0.733333
15239,0.843333
15240,0.603333
15241,0.93
15242,0.66
15243,0.8
15244,0.793333
15245,0.703333
15246,0.663333
15247,0.87
15248,0.83
15249,0.723333
15250,0.573333
15251,0.453333
15252,0.75
15253,0.636667
15254,0.583333
15255,0.51
15256,0.506667
15257,0.76
15258,0.766667
15259,0.82
15260,0.616667
15261,0.69
15262,0.81
15263,0.54
15264,0.733333
15265,0.653333
15266,0.353333
15267,0.956667
15268,0.436667
15269,0.883333
15270,0.62
15271,0.643333
15272,0.563333
15273,0.626667
15274,0.72
15275,0.766667
15276,0.416667
15277,0.396667
15278,0.673333
15279,0.9
15280,0.306667
15281,0.78
15282,0.82
15283,0.926667
15284,0.67
15285,0.396667
15286,0.636667
15287,0.556667
15288,0.76
15289,0.513333
15290,0.513333
15291,0.926667
15292,0.746667
15293,0.67
15294,0.46
15295,0.816667
15296,0.953333
15297,0.926667
15298,0.95
15299,0.973333
15300,0.73
15301,0.866667
15302,0.733333
15303,0.626667
15304,0.903333
15305,0.576667
15306,0.746667
15307,0.756667
15308,0.316667
15309,0.726667
15310,0.623333
15311,0.643333
15312,0.763333
15313,0.636667
15314,0.76
15315,0.47
15316,0.533333
15317,0.913333
15318,0.486667
15319,0.683333
15320,0.886667
15321,0.78
15322,0.583333
15323,0.91
15324,0.696667
15325,0.583333
15326,0.713333
15327,0.61
15328,0.67
15329,0.586667
15330,0.746667
15331,0.383333
15332,0.873333
15333,0.476667
15334,0.6
15335,0.52
15336,0.63
15337,0.62
15338,0.91
15339,0.946667
15340,0.736667
15341,0.306667
15342,0.663333
15343,0.646667
15344,0.676667
15345,0.816667
15346,0.543333
15347,0.7
15348,0.866667
15349,0.823333
15350,0.656667
15351,0.95
15352,0.34
15353,0.683333
15354,0.693333
15355,0.703333
15356,0.45
15357,0.93
15358,0.666667
15359,0.81
15360,0.53
15361,0.346667
15362,0.383333
15363,0.706667
15364,0.576667
15365,0.873333
15366,0.83
15367,0.593333
15368,0.476667
15369,0.61
15370,0.516667
15371,0.473333
15372,0.853333
15373,0.853333
15374,0.55
15375,0.966667
15376,0.826667
15377,0.95
15378,0.436667
15379,0.87
15380,0.746667
15381,0.806667
15382,0.62
15383,0.85
15384,0.576667
15385,0.886667
15386,0.656667
15387,0.466667
15388,0.733333
15389,0.7
15390,0.49
15391,0.583333
15392,0.846667
15393,0.706667
15394,0.866667
15395,0.716667
15396,0.763333
15397,0.433333
15398,0.76
15399,0.406667
15400,0.736667
15401,0.763333
15402,0.516667
15403,0.853333
15404,0.796667
15405,0.91
15406,0.436667
15407,0.843333
15408,0.823333
15409,0.783333
15410,0.77
15411,0.393333
15412,0.606667
15413,0.95
15414,0.8
15415,0.473333
15416,0.546667
15417,0.713333
15418,0.583333
15419,0.836667
15420,0.583333
15421,0.783333
15422,0.72
15423,0.693333
15424,0.23
15425,0.373333
15426,0.753333
15427,0.293333
15428,0.803333
15429,0.95
15430,0.34
15431,0.583333
15432,0.846667
15433,0.293333
15434,0.586667
15435,0.933333
15436,0.623333
15437,0.55
15438,0.61
15439,0.67
15440,0.743333
15441,0.443333
15442,0.426667
15443,0.61
15444,0.653333
15445,0.78
15446,0.68
15447,0.673333
15448,0.926667
15449,0.593333
15450,0.463333
15451,0.726667
15452,0.813333
15453,0.9
15454,0.703333
15455,0.82
15456,0.616667
15457,0.803333
15458,0.886667
15459,0.73
15460,0.836667
15461,0.716667
15462,0.65
15463,0.56
15464,0.833333
15465,0.526667
15466,0.786667
15467,0.6
15468,0.236667
15469,0.953333
15470,0.63
15471,0.746667
15472,0.803333
15473,0.89
15474,0.943333
15475,0.696667
15476,0.676667
15477,0.676667
15478,0.71
15479,0.83
15480,0.8
15481,0.576667
15482,0.823333
15483,0.613333
15484,0.436667
15485,0.956667
15486,0.823333
15487,0.473333
15488,0.796667
15489,0.506667
15490,0.656667
15491,0.693333
15492,0.736667
15493,0.656667
15494,0.793333
15495,0.516667
15496,0.54
15497,0.876667
15498,0.44
15499,0.866667
15500,0.513333
15501,0.64
15502,0.706667
15503,0.163333
15504,0.556667
15505,0.62
15506,0.456667
15507,0.776667
15508,0.513333
15509,0.966667
15510,0.41
15511,0.906667
15512,0.776667
15513,0.623333
15514,0.66
15515,0.356667
15516,0.46
15517,0.59
15518,0.946667
15519,0.863333
15520,0.533333
15521,0.726667
15522,0.88
15523,0.956667
15524,0.896667
15525,0.64
15526,0.943333
15527,0.8
15528,0.703333
15529,0.683333
15530,0.86
15531,0.67
15532,0.83
15533,0.406667
15534,0.86
15535,0.896667
15536,0.953333
15537,0.923333
15538,0.796667
15539,0.496667
15540,0.95
15541,0.626667
15542,0.646667
15543,0.82
15544,0.466667
15545,0.556667
15546,0.666667
15547,0.696667
15548,0.604889
15549,0.856667
15550,0.686667
15551,0.826667
15552,0.58
15553,0.86
15554,0.573333
15555,0.816667
15556,0.826667
15557,0.36
15558,0.183333
15559,0.923333
15560,0.31
15561,0.803333
15562,0.69
15563,0.79
15564,0.693333
15565,0.686667
15566,0.726667
15567,0.803333
15568,0.863333
15569,0.55
15570,0.473333
15571,0.84
15572,0.9
15573,0.466667
15574,0.96
15575,0.873333
15576,0.576667
15577,0.896667
15578,0.903333
15579,0.863333
15580,0.626667
15581,0.483333
15582,0.956667
15583,0.933333
15584,0.59
15585,0.54
15586,0.27
15587,0.763333
15588,0.706667
15589,0.916667
15590,0.41
15591,0.726667
15592,0.863333
15593,0.863333
15594,0.763333
15595,0.756667
15596,0.693333
15597,0.696667
15598,0.573333
15599,0.49
15600,0.68
15601,0.88
15602,0.753333
15603,0.51
15604,0.873333
15605,0.646667
15606,0.596667
15607,0.906667
15608,0.97
15609,0.65
15610,0.813333
15611,0.706667
15612,0.823333
15613,0.65
15614,0.67
15615,0.906667
15616,0.413333
15617,0.563333
15618,0.906667
15619,0.883333
15620,0.61
15621,0.406667
15622,0.65
15623,0.993333
15624,0.67
15625,0.446667
15626,0.763333
15627,0.963333
15628,0.52
15629,0.933333
15630,0.786667
15631,0.843333
15632,0.426667
15633,0.866667
15634,0.923333
15635,0.51
15636,0.71
15637,0.526667
15638,0.476667
15639,0.803333
15640,0.896667
15641,0.706667
15642,0.803333
15643,0.423333
15644,0.856667
15645,0.876667
15646,0.86
15647,0.316667
15648,0.87
15649,0.9
15650,0.873333
15651,0.73
15652,0.826667
15653,0.85
15654,0.593333
15655,0.823333
15656,0.603333
15657,0.766667
15658,0.56
15659,0.603333
15660,0.916667
15661,0.35
15662,0.98
15663,0.656667
15664,0.54
15665,0.496667
15666,0.963333
15667,0.79
15668,0.946667
15669,0.88
15670,0.796667
15671,0.94
15672,0.61
15673,0.47
15674,0.953333
15675,0.973333
15676,0.486667
15677,0.693333
15678,0.826667
15679,0.786667
15680,0.786667
15681,0.626667
15682,0.83
15683,0.666667
15684,0.74
15685,0.803333
15686,0.87
15687,0.906667
15688,0.77
15689,0.896667
15690,0.65
15691,0.9
15692,0.766667
15693,0.63
15694,0.753333
15695,0.753333
15696,0.916667
15697,0.77
15698,0.836667
15699,0.74
15700,0.48
15701,0.723333
15702,0.383333
15703,0.846667
15704,0.71
15705,0.846667
15706,0.75
15707,0.986667
15708,0.986667
15709,0.72
15710,0.66
15711,0.97
15712,0.783333
15713,0.683333
15714,0.766667
15715,0.513333
15716,0.746667
15717,0.95
15718,0.84
15719,0.526667
15720,0.676667
15721,0.743333
15722,0.423333
15723,0.633333
15724,0.853333
15725,0.88
15726,0.7
15727,0.713333
15728,0.546667
15729,0.946667
15730,0.703333
15731,0.423333
15732,0.76
15733,0.4
15734,0.773333
15735,0.32
15736,0.933333
15737,0.586667
15738,0.636667
15739,0.606667
15740,0.55
15741,0.566667
15742,0.85
15743,0.683333
15744,0.87
15745,0.786667
15746,0.733333
15747,0.766667
15748,0.9
15749,0.77
15750,0.936667
15751,0.576667
15752,0.463333
15753,0.59
15754,0.876667
15755,0.596667
15756,0.666667
15757,0.386667
15758,0.73
15759,0.743333
15760,0.826667
15761,0.906667
15762,0.616667
15763,0.836667
15764,0.803333
15765,0.916667
15766,0.89
15767,0.343333
15768,0.563333
15769,0.28
15770,0.77
15771,0.833333
15772,0.61
15773,0.75
15774,0.71
15775,0.44
15776,0.823333
15777,0.606667
15778,0.186667
15779,0.516667
15780,0.45
15781,0.693333
15782,0.746667
15783,0.863333
15784,0.55
15785,0.596667
15786,0.9
15787,0.776667
15788,0.63
15789,0.86
15790,0.763333
15791,0.666667
15792,0.9
15793,0.696667
15794,0.586667
15795,0.803333
15796,0.659218
15797,0.846667
15798,0.736667
15799,0.563333
15800,0.55
15801,0.606667
15802,0.786667
15803,0.786667
15804,0.63
15805,0.84
15806,0.709362
15807,0.413333
15808,0.62
15809,0.476667
15810,0.856667
15811,0.896667
15812,0.546667
15813,0.62
15814,0.706667
15815,0.79
15816,0.636667
15817,0.766667
15818,0.736667
15819,0.803333
15820,0.823333
15821,0.656667
15822,0.82
15823,0.76
15824,0.96
15825,0.85
15826,0.7
15827,0.406667
15828,0.91
15829,0.91
15830,0.743333
15831,0.68
15832,0.473333
15833,0.663333
15834,0.74
15835,0.996667
15836,0.876667
15837,0.603333
15838,0.64
15839,0.893333
15840,0.733333
15841,0.473333
15842,0.756667
15843,0.8
15844,0.623333
15845,0.523333
15846,0.886667
15847,0.63
15848,0.716667
15849,0.736667
15850,0.7
15851,0.746667
15852,0.72
15853,0.41
15854,0.716667
15855,0.786667
15856,0.826667
15857,0.75
15858,0.413333
15859,0.575897
15860,0.746667
15861,0.683333
15862,0.816667
15863,0.616667
15864,0.9
15865,0.676667
15866,0.433333
15867,0.443333
15868,0.93
15869,0.826667
15870,0.673333
15871,0.813333
15872,0.833333
15873,0.856667
15874,0.663333
15875,0.923333
15876,0.826667
15877,0.716667
15878,0.876667
15879,0.626667
15880,0.716667
15881,0.79
15882,0.736667
15883,0.596667
15884,0.43
15885,0.796667
15886,0.62
15887,0.863333
15888,0.596667
15889,0.816667
15890,0.57
15891,0.626667
15892,0.97
15893,0.706667
15894,0.546667
15895,0.43
15896,0.536667
15897,0.94
15898,0.783333
15899,0.643333
15900,0.736667
15901,0.48
15902,0.53
15903,0.633333
15904,0.88
15905,0.986667
15906,0.59
15907,0.983333
15908,0.213333
15909,0.823333
15910,0.616667
15911,0.763333
15912,0.416667
15913,0.816667
15914,0.99
15915,0.836667
15916,0.633333
15917,0.676667
15918,0.976667
15919,0.536667
15920,0.673333
15921,0.756667
15922,0.436667
15923,0.796667
15924,0.906667
15925,0.633333
15926,0.62
15927,0.856667
15928,0.553333
15929,0.563333
15930,0.473333
15931,0.756667
15932,0.95
15933,0.89
15934,0.48
15935,0.883333
15936,0.54
15937,0.89
15938,0.753333
15939,0.706667
15940,0.666667
15941,0.653333
15942,0.526667
15943,0.866667
15944,0.976667
15945,0.82
15946,0.693333
15947,0.87
15948,0.366667
15949,0.92
15950,0.54
15951,0.88
15952,0.823333
15953,0.773333
15954,0.883333
15955,0.56
15956,0.483333
15957,0.406667
15958,0.78
15959,0.956667
15960,0.653333
15961,0.733333
15962,0.386667
15963,0.8
15964,0.86
15965,0.88
15966,0.636667
15967,0.966667
15968,0.783333
15969,0.836667
15970,0.92
15971,0.52
15972,0.533333
15973,0.96
15974,0.616667
15975,0.583333
15976,0.73
15977,0.753333
15978,0.74
15979,0.493333
15980,0.9
15981,0.946667
15982,0.693333
15983,0.546667
15984,0.843333
15985,0.983333
15986,0.696667
15987,0.736667
15988,0.566667
15989,0.58
15990,0.873333
15991,0.473333
15992,0.483333
15993,0.84
15994,0.746667
15995,0.923333
15996,0.723333
15997,0.88
15998,0.886667
15999,0.793333
16000,0.81
16001,0.86
16002,0.65
16003,0.283333
16004,0.673333
16005,0.813333
16006,0.713333
16007,0.686667
16008,0.89
16009,0.673333
16010,0.966667
16011,0.8
16012,0.666667
16013,0.9
16014,0.67
16015,0.603333
16016,0.71
16017,0.973333
16018,0.646667
16019,0.136667
16020,0.786667
16021,0.996667
16022,0.866667
16023,0.683333
16024,0.856667
16025,0.646667
16026,0.58
16027,0.526667
16028,0.756667
16029,0.94
16030,0.75
16031,0.63
16032,0.57
16033,0.876667
16034,0.96
16035,0.486667
16036,0.58
16037,0.58
16038,0.546667
16039,0.67
16040,0.83
16041,0.703333
16042,0.753333
16043,0.706667
16044,0.62
16045,0.433333
16046,0.803333
16047,0.603333
16048,0.893333
16049,0.826667
16050,0.56
16051,0.593333
16052,0.666667
16053,0.85
16054,0.52
16055,0.82
16056,0.753333
16057,0.683333
16058,0.633333
16059,0.72
16060,0.72
16061,0.84
16062,0.676667
16063,0.806667
16064,0.83
16065,0.533333
16066,0.863333
16067,0.753333
16068,0.723333
16069,0.93
16070,0.976667
16071,0.823333
16072,0.916667
16073,0.51
16074,0.81
16075,0.31
16076,0.883333
16077,0.93
16078,0.48
16079,0.753333
16080,0.793333
16081,0.413333
16082,0.48
16083,0.963333
16084,0.72
16085,0.673333
16086,0.806667
16087,0.476667
16088,0.486667
16089,0.663333
16090,0.403333
16091,0.68
16092,0.813333
16093,0.463333
16094,0.653333
16095,0.61
16096,0.666667
16097,0.713333
16098,0.476667
16099,0.75
16100,0.913333
16101,0.796667
16102,0.493333
16103,0.673333
16104,0.526667
16105,0.516667
16106,0.796667
16107,0.953333
16108,0.74
16109,0.586667
16110,0.786667
16111,0.67
16112,0.726667
16113,0.816667
16114,0.866667
16115,0.703333
16116,0.77
16117,0.376667
16118,0.94
16119,0.713333
16120,0.743333
16121,0.856667
16122,0.816667
16123,0.936667
16124,0.76
16125,0.823333
16126,0.73
16127,0.633333
16128,0.513333
16129,0.826667
16130,0.626667
16131,0.826667
16132,0.826667
16133,0.766667
16134,0.783333
16135,0.696667
16136,0.476667
16137,0.456667
16138,0.78
16139,0.59
16140,0.8
16141,0.553333
16142,0.94
16143,0.6
16144,0.476667
16145,0.85
16146,0.75
16147,0.503333
16148,0.526667
16149,0.59
16150,0.653333
16151,0.636667
16152,0.59
16153,0.183333
16154,0.663333
16155,0.55
16156,0.396667
16157,0.773333
16158,0.763333
16159,0.63
16160,0.71
16161,0.926667
16162,0.713333
16163,0.743333
16164,0.766667
16165,0.62
16166,0.813333
16167,0.386667
16168,0.656667
16169,0.913333
16170,0.543333
16171,0.33
16172,0.85
16173,0.88
16174,0.733333
16175,0.87
16176,0.716667
16177,0.556667
16178,0.643333
16179,0.556667
16180,0.885185
16181,0.796667
16182,0.73
16183,0.886667
16184,0.78
16185,0.626667
16186,0.756667
16187,0.503333
16188,0.966667
16189,0.37
16190,0.756667
16191,0.846667
16192,0.88
16193,0.53
16194,0.6
16195,0.736667
16196,0.433333
16197,0.663333
16198,0.88
16199,0.826667
16200,0.656667
16201,0.73
16202,0.59
16203,0.873333
16204,0.78
16205,0.5
16206,0.836667
16207,0.846667
16208,0.636667
16209,0.636667
16210,0.94
16211,0.52
16212,0.79
16213,0.666667
16214,0.771584
16215,0.816667
16216,0.793333
16217,0.503333
16218,0.89
16219,0.92
16220,0.58
16221,0.873333
16222,0.96
16223,0.966667
16224,0.443333
16225,0.763333
16226,0.843333
16227,0.9
16228,0.83
16229,0.82
16230,0.95
16231,0.64
16232,0.59
16233,0.626667
16234,0.456667
16235,0.733333
16236,0.736667
16237,0.403333
16238,0.956667
16239,0.953333
16240,0.76
16241,0.76
16242,0.77
16243,0.553333
16244,0.76
16245,0.643333
16246,0.766667
16247,0.66
16248,0.623333
16249,0.953333
16250,0.54
16251,0.813333
16252,0.906667
16253,0.873333
16254,0.76
16255,0.703333
16256,0.656667
16257,0.83
16258,0.953333
16259,0.513333
16260,0.573333
16261,0.706667
16262,0.493333
16263,0.96
16264,0.76
16265,0.686667
16266,0.693333
16267,0.66
16268,0.653333
16269,0.823333
16270,0.623333
16271,0.66
16272,0.57
16273,0.95
16274,0.496667
16275,0.786667
16276,0.966667
16277,0.47
16278,0.15
16279,0.29
16280,0.67
16281,0.706667
16282,0.64
16283,0.713333
16284,0.803333
16285,0.786667
16286,0.7
16287,0.543333
16288,0.69
16289,0.513333
16290,0.9
16291,0.893333
16292,0.41
16293,0.89
16294,0.853333
16295,0.49
16296,0.79
16297,0.57
16298,0.596667
16299,0.743333
16300,0.463333
16301,0.873333
16302,0.91
16303,0.56
16304,0.88
16305,0.913333
16306,0.616667
16307,0.696667
16308,0.49
16309,0.63
16310,0.626667
16311,0.893333
16312,0.51
16313,0.443333
16314,0.403333
16315,0.4
16316,0.766667
16317,0.616667
16318,0.656667
16319,0.616667
16320,0.56
16321,0.703333
16322,0.436667
16323,0.766667
16324,0.906667
16325,0.75
16326,0.746667
16327,0.766667
16328,0.973333
16329,0.706667
16330,0.75
16331,0.823333
16332,0.54
16333,0.656667
16334,0.543333
16335,0.743333
16336,0.316667
16337,0.893333
16338,0.95
16339,0.663333
16340,0.85
16341,0.693333
16342,0.946667
16343,0.756667
16344,0.596667
16345,0.813333
16346,0.586667
16347,0.86
16348,0.783333
16349,0.776667
16350,0.503333
16351,0.82
16352,0.506667
16353,0.753333
16354,0.78
16355,0.63
16356,0.683333
16357,0.863333
16358,0.753333
16359,0.893333
16360,0.783333
16361,0.56
16362,0.84
16363,0.64
16364,0.673333
16365,0.18
16366,0.623333
16367,0.736667
16368,0.55
16369,0.893333
16370,0.846667
16371,0.856667
16372,0.916667
16373,0.92
16374,0.666667
16375,0.986667
16376,0.72
16377,0.72
16378,0.683333
16379,0.89
16380,0.806667
16381,0.836667
16382,0.813333
16383,0.75
16384,0.24
16385,0.8
16386,0.63
16387,0.556667
16388,0.606667
16389,0.723333
16390,0.83
16391,0.906667
16392,0.873333
16393,0.736667
16394,0.54
16395,0.43
16396,0.746667
16397,0.813333
16398,0.53
16399,0.906667
16400,0.876667
16401,0.69
16402,0.456667
16403,0.73
16404,0.646667
16405,0.256667
16406,0.783333
16407,0.76
16408,0.96
16409,0.91
16410,0.633333
16411,0.763333
16412,0.55
16413,0.633333
16414,0.82
16415,0.623333
16416,0.933333
16417,0.496667
16418,0.383333
16419,0.72
16420,0.556667
16421,0.77
16422,0.886667
16423,0.696667
16424,0.596667
16425,0.81
16426,0.51
16427,0.763333
16428,0.966667
16429,0.603333
16430,0.576667
16431,0.64
16432,0.746667
16433,0.706667
16434,0.876667
16435,0.623333
16436,0.853333
16437,0.87
16438,0.803333
16439,0.25
16440,0.506667
16441,0.616667
16442,0.97
16443,0.786667
16444,0.3
16445,0.66
16446,0.89
16447,0.673333
16448,0.893333
16449,0.913333
16450,0.663333
16451,0.766667
16452,0.786667
16453,0.813333
16454,0.826667
16455,0.476667
16456,0.8
16457,0.653333
16458,0.91
16459,0.703333
16460,0.806667
16461,0.126667
16462,0.703333
16463,0.65
16464,0.566667
16465,0.973333
16466,0.983333
16467,0.826667
16468,0.72
16469,0.74
16470,0.726667
16471,0.86
16472,0.43
16473,0.706667
16474,0.786667
16475,0.653333
16476,0.926667
16477,0.963333
16478,0.823333
16479,0.75
16480,0.943333
16481,0.883333
16482,0.766667
16483,0.783333
16484,0.51
16485,0.296667
16486,0.893333
16487,0.41
16488,0.863333
16489,0.856667
16490,0.963333
16491,0.66
16492,0.786667
16493,0.623333
16494,0.896667
16495,0.766667
16496,0.933333
16497,0.98
16498,0.596667
16499,0.833333
16500,0.6
16501,0.73
16502,0.603333
16503,0.53
16504,0.613333
16505,0.586667
16506,0.903333
16507,0.79
16508,0.576667
16509,0.576667
16510,0.176667
16511,0.4
16512,0.95
16513,0.863333
16514,0.39
16515,0.936667
16516,0.423333
16517,0.613333
16518,0.876667
16519,0.716667
16520,0.65
16521,0.44
16522,0.7
16523,0.896667
16524,0.396667
16525,0.64
16526,0.81
16527,0.583333
16528,0.733333
16529,0.673333
16530,0.443333
16531,0.313333
16532,0.99
16533,0.763333
16534,0.9
16535,0.733333
16536,0.8
16537,0.943333
16538,0.666667
16539,0.626667
16540,0.62
16541,0.8
16542,0.78
16543,0.756667
16544,0.706667
16545,0.616667
16546,0.49
16547,0.973333
16548,0.723333
16549,0.743333
16550,0.63
16551,0.626667
16552,0.68
16553,0.63
16554,0.483333
16555,0.933333
16556,0.41
16557,0.973333
16558,0.793333
16559,0.563333
16560,0.633333
16561,0.753333
16562,0.783333
16563,0.87
16564,0.843333
16565,0.39
16566,0.933333
16567,0.666667
16568,0.946667
16569,0.69
16570,0.806667
16571,0.593333
16572,0.826667
16573,0.8
16574,0.63
16575,0.476667
16576,0.85
16577,0.553333
16578,0.7
16579,0.854444
16580,0.663333
16581,0.483333
16582,0.763333
16583,0.6
16584,0.763333
16585,0.713333
16586,0.903333
16587,0.873333
16588,0.483333
16589,0.466667
16590,0.65
16591,0.5
16592,0.836667
16593,0.95
16594,0.913333
16595,0.906667
16596,0.613333
16597,0.623333
16598,0.686667
16599,0.763333
16600,0.596667
16601,0.623333
16602,0.55
16603,0.68
16604,0.883333
16605,0.72
16606,0.82
16607,0.963333
16608,0.65
16609,0.8
16610,0.543333
16611,0.89
16612,0.496667
16613,0.82
16614,0.83
16615,0.876667
16616,0.58
16617,0.44
16618,0.936667
16619,0.446667
16620,0.81
16621,0.823333
16622,0.756667
16623,0.23
16624,0.686667
16625,0.566667
16626,0.86
16627,0.113333
16628,0.67
16629,0.596667
16630,0.966667
16631,0.656667
16632,0.56
16633,0.866667
16634,0.786667
16635,0.743333
16636,0.793333
16637,0.886667
16638,0.583333
16639,0.646667
16640,0.62
16641,0.763333
16642,0.993333
16643,0.58
16644,0.943333
16645,0.55
16646,0.89
16647,0.903333
16648,0.82
16649,0.93
16650,0.503333
16651,0.626667
16652,0.646667
16653,0.953333
16654,0.823333
16655,0.683333
16656,0.75
16657,0.303333
16658,0.456667
16659,0.87
16660,0.63
16661,0.783333
16662,0.446667
16663,0.6
16664,0.833333
16665,0.666667
16666,0.593333
16667,0.886667
16668,0.743333
16669,0.716667
16670,0.723333
16671,0.58
16672,0.58
16673,0.676667
16674,0.52
16675,0.876667
16676,0.91
16677,0.596667
16678,0.093333
16679,0.783333
16680,0.9
16681,0.613333
16682,0.373333
16683,0.66
16684,0.866667
16685,0.626667
16686,0.49
16687,0.72
16688,0.623333
16689,0.706667
16690,0.853333
16691,0.81
16692,0.846667
16693,0.41
16694,0.41
16695,0.763333
16696,0.93
16697,0.91
16698,0.703333
16699,0.66
16700,0.566667
16701,0.46
16702,0.48
16703,0.916667
16704,0.843333
16705,0.54
16706,0.853333
16707,0.793333
16708,0.56
16709,0.876667
16710,0.223333
16711,0.816667
16712,0.84
16713,0.626667
16714,0.903333
16715,0.5
16716,0.883333
16717,0.863333
16718,0.66
16719,0.626667
16720,0.916667
16721,0.806667
16722,0.426667
16723,0.46
16724,0.803333
16725,0.623333
16726,0.856667
16727,0.73
16728,0.713333
16729,0.746667
16730,0.94
16731,0.683333
16732,0.656667
16733,0.453333
16734,0.803333
16735,0.766667
16736,0.706667
16737,0.716667
16738,0.62
16739,0.776667
16740,0.836667
16741,0.86
16742,0.406667
16743,0.673333
16744,0.96
16745,0.926667
16746,0.91
16747,0.393333
16748,0.676667
16749,0.526667
16750,0.85
16751,0.773333
16752,0.796667
16753,0.766667
16754,0.673333
16755,0.666667
16756,0.84
16757,0.706667
16758,0.7
16759,0.643333
16760,0.723333
16761,0.76
16762,0.973333
16763,0.696667
16764,0.786667
16765,0.49
16766,0.6
16767,0.663333
16768,0.713333
16769,0.683333
16770,0.926667
16771,0.643333
16772,0.61
16773,0.95
16774,0.536667
16775,0.87
16776,0.413333
16777,0.716667
16778,0.883333
16779,0.883333
16780,0.72
16781,0.84
16782,0.863333
16783,0.733333
16784,0.746667
16785,0.716667
16786,0.943333
16787,0.496667
16788,0.95
16789,0.696667
16790,0.63
16791,0.326667
16792,0.626667
16793,0.97
16794,0.596667
16795,0.806667
16796,0.88
16797,0.586667
16798,0.703333
16799,0.656667
16800,0.92
16801,0.833333
16802,0.806667
16803,0.99
16804,0.816667
16805,0.916667
16806,0.73
16807,0.836667
16808,0.373333
16809,0.61
16810,0.94
16811,0.726667
16812,0.806667
16813,0.553333
16814,0.776667
16815,0.803333
16816,0.983333
16817,0.586667
16818,0.883333
16819,0.87
16820,0.746667
16821,0.706667
16822,0.956667
16823,0.776667
16824,0.933333
16825,0.486667
16826,0.78
16827,0.546667
16828,0.59
16829,0.643333
16830,0.72
16831,0.456667
16832,0.703333
16833,0.853333
16834,0.863333
16835,0.743333
16836,0.816667
16837,0.93
16838,0.723333
16839,0.71
16840,0.613333
16841,0.72
16842,0.9
16843,0.525885
16844,0.85
16845,0.476667
16846,0.876667
16847,0.753333
16848,0.643333
16849,0.413333
16850,0.836667
16851,0.833333
16852,0.443333
16853,0.573333
16854,0.723333
16855,0.723333
16856,0.636667
16857,0.783333
16858,0.763333
16859,0.45
16860,0.88
16861,0.896667
16862,0.71
16863,0.873333
16864,0.833333
16865,0.49
16866,0.76
16867,0.806667
16868,0.54
16869,0.343333
16870,0.806667
16871,0.526667
16872,0.89
16873,0.443333
16874,0.71
16875,0.42
16876,0.513333
16877,0.64
16878,0.573333
16879,0.76
16880,0.44
16881,0.686667
16882,0.81
16883,0.636667
16884,0.866667
16885,0.74
16886,0.606667
16887,0.733333
16888,0.473333
16889,0.416667
16890,0.806667
16891,0.843333
16892,0.796667
16893,0.633333
16894,0.906667
16895,0.706667
16896,0.926667
16897,0.713333
16898,0.786667
16899,0.603333
16900,0.756667
16901,0.596667
16902,0.706667
16903,0.81
16904,0.786667
16905,0.466667
16906,0.84
16907,0.37
16908,0.643333
16909,0.296667
16910,0.78
16911,0.6
16912,0.7
16913,0.126667
16914,0.876667
16915,0.63
16916,0.606667
16917,0.82
16918,0.783333
16919,0.65
16920,0.706667
16921,0.603333
16922,0.593333
16923,0.89
16924,0.726667
16925,0.56
16926,0.706667
16927,0.793333
16928,0.77
16929,0.696667
16930,0.596667
16931,0.88
16932,0.943333
16933,0.926667
16934,0.666667
16935,0.77
16936,0.953333
16937,0.766667
16938,0.713333
16939,0.88
16940,0.836667
16941,0.733333
16942,0.8
16943,0.763333
16944,0.72
16945,0.8
16946,0.723333
16947,0.943333
16948,0.756667
16949,0.86
16950,0.646667
16951,0.226667
16952,0.803333
16953,0.746667
16954,0.776667
16955,0.983333
16956,0.983333
16957,0.65
16958,0.876667
16959,0.753333
16960,0.593333
16961,0.66
16962,0.796667
16963,0.706667
16964,0.826667
16965,0.833333
16966,0.756667
16967,0.603333
16968,0.896667
16969,0.846667
16970,0.823333
16971,0.95
16972,0.936667
16973,0.866667
16974,0.676667
16975,0.686667
16976,0.896667
16977,0.326667
16978,0.623333
16979,0.623333
16980,0.726667
16981,0.79
16982,0.8
16983,0.77
16984,0.536667
16985,0.603333
16986,0.73
16987,0.65
16988,0.683333
16989,0.736667
16990,0.673333
16991,0.746667
16992,0.776667
16993,0.723333
16994,0.863333
16995,0.84
16996,0.786667
16997,0.526667
16998,0.583333
16999,0.52
17000,0.716667
17001,0.52
17002,0.766667
17003,0.516667
17004,0.92
17005,0.316667
17006,0.633333
17007,0.87
17008,0.803333
17009,0.863333
17010,0.76
17011,0.913333
17012,0.706667
17013,0.95
17014,0.776667
17015,0.993333
17016,0.966667
17017,0.64
17018,0.63
17019,0.773333
17020,0.693333
17021,0.496667
17022,0.973333
17023,0.533333
17024,0.803333
17025,0.763333
17026,0.666667
17027,0.845185
17028,0.816667
17029,0.843333
17030,0.253333
17031,0.176667
17032,0.703333
17033,0.836667
17034,0.69
17035,0.313333
17036,0.573333
17037,0.53
17038,0.886667
17039,0.533333
17040,0.666667
17041,0.97
17042,0.63
17043,0.37
17044,0.443333
17045,0.663333
17046,0.876667
17047,0.58
17048,0.553333
17049,0.933333
17050,0.63
17051,0.71
17052,0.676667
17053,0.673333
17054,0.85
17055,0.543333
17056,0.706667
17057,0.903333
17058,0.613333
17059,0.613333
17060,0.826667
17061,0.88
17062,0.916667
17063,0.836667
17064,0.576667
17065,0.62
17066,0.21
17067,0.416667
17068,0.763333
17069,0.6
17070,0.25
17071,0.552551
17072,0.743333
17073,0.846667
17074,0.903333
17075,0.843333
17076,0.873333
17077,0.926667
17078,0.676667
17079,0.57
17080,0.976667
17081,0.783333
17082,0.326667
17083,0.796667
17084,0.776667
17085,0.7
17086,0.67
17087,0.893333
17088,0.833333
17089,0.646667
17090,0.753333
17091,0.82
17092,0.77
17093,0.6
17094,0.636667
17095,0.94
17096,0.943333
17097,0.66
17098,0.89
17099,0.98
17100,0.63
17101,0.54
17102,0.92
17103,0.65
17104,0.556667
17105,0.183333
17106,0.676667
17107,0.493333
17108,0.696667
17109,0.98
17110,0.81
17111,0.683333
17112,0.786667
17113,0.896667
17114,0.723333
17115,0.683333
17116,0.91
17117,0.863333
17118,0.8
17119,0.633333
17120,0.963333
17121,0.396667
17122,0.73
17123,0.753333
17124,0.45
17125,0.873333
17126,0.75
17127,0.89
17128,0.57
17129,0.523333
17130,0.963333
17131,0.493333
17132,0.81
17133,0.75
17134,0.796667
17135,0.69
17136,0.446667
17137,0.76
17138,0.56
17139,0.713333
17140,0.97
17141,0.743333
17142,0.58
17143,0.323333
17144,0.69
17145,0.613333
17146,0.933333
17147,0.623333
17148,0.53
17149,0.513333
17150,0.68
17151,0.92
17152,0.66
17153,0.853333
17154,0.73
17155,0.606667
17156,0.883333
17157,0.753333
17158,0.886667
17159,0.703333
17160,0.873333
17161,0.826667
17162,0.74
17163,0.663333
17164,0.833333
17165,0.413333
17166,0.663333
17167,0.973333
17168,0.746667
17169,0.853333
17170,0.413333
17171,0.573333
17172,0.483333
17173,0.816667
17174,0.69
17175,0.76
17176,0.91
17177,0.76
17178,0.736667
17179,0.733333
17180,0.816667
17181,0.686667
17182,0.696667
17183,0.693333
17184,0.743333
17185,0.8
17186,0.783333
17187,0.686667
17188,0.546667
17189,0.756667
17190,0.826667
17191,0.75
17192,0.866237
17193,0.78
17194,0.763333
17195,0.78
17196,0.636667
17197,0.753333
17198,0.52
17199,0.59
17200,0.666667
17201,0.626667
17202,0.683333
17203,0.98
17204,0.506667
17205,0.466667
17206,0.83
17207,0.683333
17208,0.666667
17209,0.78
17210,0.523333
17211,0.783333
17212,0.583333
17213,0.883333
17214,0.86
17215,0.666667
17216,0.463333
17217,0.986667
17218,0.923333
17219,0.453333
17220,0.906667
17221,0.653333
17222,0.8
17223,0.94
17224,0.793333
17225,0.91
17226,0.75
17227,0.713333
17228,0.34
17229,0.603333
17230,0.53
17231,0.543333
17232,0.78
17233,0.87
17234,0.813333
17235,0.536667
17236,0.826667
17237,0.75
17238,0.56
17239,0.886667
17240,0.843333
17241,0.816667
17242,0.57
17243,0.85
17244,0.59
17245,0.776667
17246,0.793333
17247,0.91
17248,0.626667
17249,0.95
17250,0.803333
17251,0.71
17252,0.683333
17253,0.94
17254,0.546667
17255,0.913333
17256,0.436667
17257,0.666667
17258,0.736667
17259,0.396667
17260,0.636667
17261,0.596667
17262,0.573333
17263,0.81
17264,0.84
17265,0.95
17266,0.596667
17267,0.823333
17268,0.826667
17269,0.683333
17270,0.593333
17271,0.77
17272,0.713333
17273,0.556667
17274,0.21
17275,0.85
17276,0.93
17277,0.98
17278,0.94
17279,0.486667
17280,0.86
17281,0.67
17282,0.733333
17283,0.653333
17284,0.806667
17285,0.453333
17286,0.776667
17287,0.973333
17288,0.77
17289,0.653333
17290,0.78
17291,0.773333
17292,0.606667
17293,0.336667
17294,0.753333
17295,0.523333
17296,0.676667
17297,0.683333
17298,0.58
17299,0.77
17300,0.34
17301,0.66
17302,0.606667
17303,0.736667
17304,0.706667
17305,0.493333
17306,0.976667
17307,0.826667
17308,0.523333
17309,0.636667
17310,0.736667
17311,0.61
17312,0.713333
17313,0.726667
17314,0.876667
17315,0.753333
17316,0.866667
17317,0.82
17318,0.803333
17319,0.9
17320,0.923333
17321,0.51
17322,0.786667
17323,0.813333
17324,0.793333
17325,0.953333
17326,0.753333
17327,0.476667
17328,0.78
17329,0.676667
17330,0.95
17331,0.51
17332,0.816667
17333,0.846667
17334,0.963333
17335,0.746667
17336,0.876667
17337,0.803333
17338,0.653333
17339,0.516667
17340,0.493333
17341,0.896667
17342,0.853333
17343,0.86
17344,0.523333
17345,0.663333
17346,0.943333
17347,0.696667
17348,0.753333
17349,0.606667
17350,0.766667
17351,0.456667
17352,0.823333
17353,0.813333
17354,0.956667
17355,0.953333
17356,0.973333
17357,0.49
17358,0.566667
17359,0.243333
17360,0.87
17361,0.776667
17362,0.873333
17363,0.606667
17364,0.823333
17365,0.813333
17366,0.65
17367,0.676667
17368,0.586667
17369,0.426667
17370,0.82
17371,0.55
17372,0.643333
17373,0.356667
17374,0.86
17375,0.606667
17376,0.446667
17377,0.536667
17378,0.546667
17379,0.62
17380,0.416667
17381,0.556667
17382,0.543333
17383,0.333333
17384,0.916667
17385,0.673333
17386,0.666667
17387,0.67
17388,0.853333
17389,0.463333
17390,0.6
17391,0.726667
17392,0.4
17393,0.81
17394,0.853333
17395,0.736667
17396,0.956667
17397,0.873333
17398,0.776667
17399,0.556667
17400,0.73
17401,0.8
17402,0.87
17403,0.726667
17404,0.863333
17405,0.813333
17406,0.9
17407,0.616667
17408,0.866667
17409,0.383333
17410,0.476667
17411,0.77
17412,0.79
17413,0.58
17414,0.84
17415,0.603333
17416,0.813333
17417,0.652551
17418,0.696667
17419,0.733333
17420,0.903333
17421,0.75
17422,0.61
17423,0.936667
17424,0.503333
17425,0.683333
17426,0.943333
17427,0.913333
17428,0.866667
17429,0.936667
17430,0.67
17431,0.53
17432,0.946667
17433,0.84
17434,0.68
17435,0.91
17436,0.706667
17437,0.13
17438,0.923333
17439,0.433333
17440,0.843333
17441,0.866667
17442,0.786667
17443,0.526667
17444,0.6
17445,0.616667
17446,0.916667
17447,0.6
17448,0.516667
17449,0.94
17450,0.96
17451,0.533333
17452,0.68
17453,0.58
17454,0.7
17455,0.743333
17456,0.596667
17457,0.643333
17458,0.753333
17459,0.83
17460,0.713333
17461,0.663333
17462,0.406667
17463,0.453333
17464,0.76
17465,0.406667
17466,0.88
17467,0.946667
17468,0.773333
17469,0.98
17470,0.84
17471,0.946667
17472,0.886667
17473,0.686667
17474,0.42
17475,0.693333
17476,0.46
17477,0.876667
17478,0.983333
17479,0.776667
17480,0.453333
17481,0.91
17482,0.673333
17483,0.983333
17484,0.966667
17485,0.903333
17486,0.516667
17487,0.993333
17488,0.836667
17489,0.88
17490,0.59
17491,0.95
17492,0.723333
17493,0.936667
17494,0.806667
17495,0.79
17496,0.78
17497,0.796667
17498,0.676667
17499,0.793333
17500,0.543333
17501,0.903333
17502,0.653333
17503,0.683333
17504,0.555885
17505,0.626667
17506,0.906667
17507,0.566667
17508,0.893333
17509,0.956667
17510,0.766667
17511,0.72
17512,0.916667
17513,0.703333
17514,0.706667
17515,0.4
17516,0.9
17517,0.57
17518,0.53
17519,0.903333
17520,0.746667
17521,0.706667
17522,0.76
17523,0.916667
17524,0.403333
17525,0.9
17526,0.84
17527,0.733333
17528,0.61
17529,0.483333
17530,0.88
17531,0.9
17532,0.566667
17533,0.9
17534,0.74
17535,0.776667
17536,0.936667
17537,0.89
17538,0.503333
17539,0.746667
17540,0.776667
17541,0.82
17542,0.683333
17543,0.62
17544,0.64
17545,0.906667
17546,0.763333
17547,0.713333
17548,0.87
17549,0.913333
17550,0.52
17551,0.903333
17552,0.726667
17553,0.833333
17554,0.926667
17555,0.743333
17556,0.876
17557,0.85
17558,0.473333
17559,0.67
17560,0.896667
17561,0.856667
17562,0.653333
17563,0.913333
17564,0.746667
17565,0.61
17566,0.82957
17567,0.71
17568,0.893333
17569,0.84
17570,0.48
17571,0.596667
17572,0.613333
17573,0.733333
17574,0.88
17575,0.743333
17576,0.823333
17577,0.946667
17578,0.59
17579,0.496667
17580,0.966667
17581,0.88
17582,0.97
17583,0.873333
17584,0.77
17585,0.66
17586,0.546667
17587,0.786667
17588,0.903333
17589,0.78
17590,0.846667
17591,0.69
17592,0.813333
17593,0.766667
17594,0.746667
17595,0.863333
17596,0.773333
17597,0.823333
17598,0.656667
17599,0.65
17600,0.426667
17601,0.516667
17602,0.646667
17603,0.56
17604,0.7
17605,0.53
17606,0.79
17607,0.636667
17608,0.866667
17609,0.856667
17610,0.52
17611,0.746667
17612,0.803333
17613,0.713333
17614,0.633333
17615,0.806667
17616,0.86
17617,0.36
17618,0.393333
17619,0.76
17620,0.94
17621,0.856667
17622,0.546667
17623,0.54
17624,0.426667
17625,0.686667
17626,0.976667
17627,0.86
17628,0.84
17629,0.59
17630,0.796667
17631,0.91
17632,0.59
17633,0.526667
17634,0.303333
17635,0.303333
17636,0.892903
17637,0.726667
17638,0.836667
17639,0.883333
17640,0.593333
17641,0.68
17642,0.683333
17643,0.85
17644,0.72
17645,0.753333
17646,0.97
17647,0.673333
17648,0.513333
17649,0.52
17650,0.79
17651,0.903333
17652,0.646667
17653,0.783333
17654,0.663333
17655,0.936667
17656,0.88
17657,0.603333
17658,0.986667
17659,0.92
17660,0.63
17661,0.933333
17662,0.543333
17663,0.87
17664,0.683333
17665,0.603333
17666,0.746667
17667,0.69
17668,0.763333
17669,0.443333
17670,0.41
17671,0.653333
17672,0.82
17673,0.576667
17674,0.943333
17675,0.893333
17676,0.673333
17677,0.53
17678,0.866667
17679,0.77
17680,0.56
17681,0.793333
17682,0.776667
17683,0.8
17684,0.373333
17685,0.906667
17686,0.783333
17687,0.786667
17688,0.716667
17689,0.163333
17690,0.863333
17691,0.776667
17692,0.683333
17693,0.723333
17694,0.43
17695,0.65
17696,0.606667
17697,0.816667
17698,0.353333
17699,0.946667
17700,0.896667
17701,0.676667
17702,0.786667
17703,0.903333
17704,0.573333
17705,0.526667
17706,0.696667
17707,0.79
17708,0.666667
17709,0.833333
17710,0.676667
17711,0.97
17712,0.923333
17713,0.4
17714,0.746667
17715,0.773333
17716,0.69
17717,0.65
17718,0.71
17719,0.683333
17720,0.533333
17721,0.773333
17722,0.526667
17723,0.95
17724,0.413333
17725,0.86
17726,0.83
17727,0.84
17728,0.6
17729,0.383333
17730,0.9
17731,0.796667
17732,0.2
17733,0.63
17734,0.69
17735,0.86
17736,0.863333
17737,0.783333
17738,0.726667
17739,0.463333
17740,0.903333
17741,0.793333
17742,0.543333
17743,0.943333
17744,0.856667
17745,0.536667
17746,0.643333
17747,0.97
17748,0.883333
17749,0.336667
17750,0.75
17751,0.836667
17752,0.836667
17753,0.776667
17754,0.996667
17755,0.766667
17756,0.793333
17757,0.88
17758,0.813333
17759,0.61
17760,0.813333
17761,0.81
17762,0.703333
17763,0.736667
17764,0.853333
17765,0.5
17766,0.946667
17767,0.533333
17768,0.363333
17769,0.713333
17770,0.97
17771,0.643333
17772,0.466667
17773,0.626667
17774,0.743333
17775,0.953333
17776,0.79
17777,0.97
17778,0.67
17779,0.383333
17780,0.816667
17781,0.733333
17782,0.916667
17783,0.68
17784,0.633333
17785,0.866667
17786,0.546667
17787,0.866667
17788,0.793333
17789,0.736667
17790,0.343333
17791,0.636667
17792,0.626667
17793,0.486667
17794,0.776667
17795,0.696667
17796,0.44
17797,0.776667
17798,0.576667
17799,0.926667
17800,0.503333
17801,0.946667
17802,0.42
17803,0.493333
17804,0.653333
17805,0.533333
17806,0.626667
17807,0.66
17808,0.406667
17809,0.746667
17810,0.723333
17811,0.89
17812,0.913333
17813,0.716667
17814,0.643333
17815,0.906667
17816,0.923333
17817,0.686667
17818,0.963333
17819,0.656667
17820,0.62
17821,0.83
17822,0.636667
17823,0.18
17824,0.7
17825,0.64
17826,0.83
17827,0.92
17828,0.923333
17829,0.806667
17830,0.26
17831,0.89
17832,0.753333
17833,0.956667
17834,0.903333
17835,0.466667
17836,0.476667
17837,0.586667
17838,0.746667
17839,0.6
17840,0.95
17841,0.986667
17842,0.533333
17843,0.733333
17844,0.796667
17845,0.536667
17846,0.616667
17847,0.373333
17848,0.73
17849,0.873333
17850,0.753333
17851,0.886667
17852,0.756667
17853,0.54
17854,0.78
17855,0.59
17856,0.723333
17857,0.466667
17858,0.823333
17859,0.583333
17860,0.666667
17861,0.886667
17862,0.746667
17863,0.893333
17864,0.75
17865,0.93
17866,0.706667
17867,0.72
17868,0.926667
17869,0.74
17870,0.88
17871,0.47
17872,0.97
17873,0.936667
17874,0.693333
17875,0.713333
17876,0.823333
17877,0.48
17878,0.683333
17879,0.563333
17880,0.44
17881,0.89
17882,0.92
17883,0.553333
17884,0.613333
17885,0.203333
17886,0.6
17887,0.766667
17888,0.68
17889,0.94
17890,0.79
17891,0.773333
17892,0.74
17893,0.36
17894,0.78
17895,0.656667
17896,0.446667
17897,0.62
17898,0.71
17899,0.786667
17900,0.52
17901,0.94
17902,0.93
17903,0.27
17904,0.893333
17905,0.61
17906,0.85
17907,0.583333
17908,0.53
17909,0.856667
17910,0.43
17911,0.776667
17912,0.863333
17913,0.853333
17914,0.326667
17915,0.493333
17916,0.743333
17917,0.796667
17918,0.976667
17919,0.803333
17920,0.636667
17921,0.71
17922,0.87
17923,0.786667
17924,0.95
17925,0.776667
17926,0.693333
17927,0.633333
17928,0.863333
17929,0.793333
17930,0.58
17931,0.833333
17932,0.576667
17933,0.296667
17934,0.98
17935,0.646667
17936,0.67
17937,0.76
17938,0.876667
17939,0.536667
17940,0.733333
17941,0.876667
17942,0.706667
17943,0.446667
17944,0.656667
17945,0.57
17946,0.986667
17947,0.666667
17948,0.8
17949,0.503333
17950,0.663333
17951,0.813333
17952,0.606667
17953,0.853333
17954,0.52
17955,0.46
17956,0.65
17957,0.73
17958,0.643333
17959,0.93
17960,0.46
17961,0.68
17962,0.8
17963,0.733333
17964,0.61
17965,0.786667
17966,0.873333
17967,0.676667
17968,0.956667
17969,0.62
17970,0.463333
17971,0.736667
17972,0.916667
17973,0.863333
17974,0.963333
17975,0.733333
17976,0.41
17977,0.736667
17978,0.91
17979,0.62
17980,0.5
17981,0.893333
17982,0.686667
17983,0.84
17984,0.843333
17985,0.546667
17986,0.673333
17987,0.913333
17988,0.883333
17989,0.42
17990,0.926667
17991,0.943333
17992,0.843333
17993,0.683333
17994,0.82
17995,0.613333
17996,0.403333
17997,0.75
17998,0.453333
17999,0.84
18000,0.64
18001,0.853333
18002,0.67
18003,0.87
18004,0.62
18005,0.493333
18006,0.91
18007,0.606667
18008,0.54
18009,0.943333
18010,0.863333
18011,0.946667
18012,0.749333
18013,0.736667
18014,0.43
18015,0.926667
18016,0.656667
18017,0.91
18018,0.97
18019,0.966667
18020,0.786667
18021,0.516667
18022,0.856667
18023,0.65
18024,0.613333
18025,0.51
18026,0.696667
18027,0.37
18028,0.493333
18029,0.686667
18030,0.653333
18031,0.906667
18032,0.706667
18033,0.683333
18034,0.34
18035,0.673333
18036,0.7
18037,0.49
18038,0.886667
18039,0.59
18040,0.806667
18041,0.716667
18042,0.93
18043,0.753333
18044,0.866667
18045,0.71
18046,0.99
18047,0.87
18048,0.65
18049,0.81
18050,0.476667
18051,0.916667
18052,0.676667
18053,0.83
18054,0.75
18055,0.906667
18056,0.336667
18057,0.83
18058,0.659259
18059,0.73
18060,0.876667
18061,0.96
18062,0.793333
18063,0.706667
18064,0.546667
18065,0.516667
18066,0.773333
18067,0.723333
18068,0.853333
18069,0.843333
18070,0.413333
18071,0.863333
18072,0.88
18073,0.78
18074,0.76
18075,0.946667
18076,0.843333
18077,0.76
18078,0.763333
18079,0.813333
18080,0.766667
18081,0.846667
18082,0.84
18083,0.666667
18084,0.97
18085,0.906667
18086,0.946667
18087,0.523333
18088,0.533333
18089,0.606667
18090,0.736667
18091,0.906667
18092,0.77
18093,0.733333
18094,0.476667
18095,0.94
18096,0.743333
18097,0.626667
18098,0.913333
18099,0.84
18100,0.756667
18101,0.592695
18102,0.896667
18103,0.95
18104,0.816667
18105,0.603333
18106,0.753333
18107,0.666667
18108,0.833333
18109,0.623333
18110,0.736667
18111,0.76
18112,0.89
18113,0.573333
18114,0.956667
18115,0.663333
18116,0.839444
18117,0.89
18118,0.603333
18119,0.766667
18120,0.556667
18121,0.796667
18122,0.656667
18123,0.64
18124,0.75
18125,0.9
18126,0.54
18127,0.843333
18128,0.383333
18129,0.62
18130,0.706667
18131,0.84
18132,0.933333
18133,0.616667
18134,0.86
18135,0.866667
18136,0.953333
18137,0.82
18138,0.68
18139,0.96
18140,0.393333
18141,0.703333
18142,0.953333
18143,0.813333
18144,0.84
18145,0.286667
18146,0.306667
18147,0.863333
18148,0.65
18149,0.871852
18150,0.56
18151,0.943333
18152,0.803333
18153,0.836667
18154,0.973333
18155,0.556667
18156,0.65
18157,0.683333
18158,0.59
18159,0.72
18160,0.186667
18161,0.76
18162,0.743333
18163,0.84
18164,0.686667
18165,0.49
18166,0.77
18167,0.63
18168,0.746667
18169,0.74
18170,0.65
18171,0.65
18172,0.62
18173,0.566667
18174,0.633333
18175,0.61
18176,0.886667
18177,0.563333
18178,0.933333
18179,0.863333
18180,0.926667
18181,0.683333
18182,0.113333
18183,0.886667
18184,0.78
18185,0.786667
18186,0.803333
18187,0.54
18188,0.79
18189,0.84
18190,0.12
18191,0.553333
18192,0.646667
18193,0.716667
18194,0.74
18195,0.493333
18196,0.66
18197,0.836667
18198,0.916667
18199,0.593333
18200,0.58
18201,0.893333
18202,0.776667
18203,0.57
18204,0.653333
18205,0.66
18206,0.856667
18207,0.483333
18208,0.856667
18209,0.603333
18210,0.916667
18211,0.406667
18212,0.876667
18213,0.86
18214,0.626667
18215,0.67
18216,0.673333
18217,0.88
18218,0.686667
18219,0.95
18220,0.626667
18221,0.913333
18222,0.57
18223,0.756667
18224,0.433333
18225,0.55
18226,0.67
18227,0.613333
18228,0.893333
18229,0.546667
18230,0.72
18231,0.943333
18232,0.803333
18233,0.876667
18234,0.7
18235,0.623333
18236,0.61
18237,0.826667
18238,0.666667
18239,0.453333
18240,0.553333
18241,0.593333
18242,0.58
18243,0.876667
18244,0.893333
18245,0.643333
18246,0.61
18247,0.813333
18248,0.75
18249,0.78
18250,0.76
18251,0.94
18252,0.796667
18253,0.716667
18254,0.676667
18255,0.8
18256,0.683333
18257,0.836667
18258,0.86
18259,0.726667
18260,0.383333
18261,0.726667
18262,0.51
18263,0.87
18264,0.576667
18265,0.786667
18266,0.36
18267,0.756667
18268,0.583333
18269,0.606667
18270,0.773333
18271,0.783333
18272,0.906667
18273,0.686667
18274,0.61
18275,0.413333
18276,0.77
18277,0.296667
18278,0.976667
18279,0.57
18280,0.77
18281,0.883333
18282,0.613333
18283,0.46
18284,0.753333
18285,0.723333
18286,0.773333
18287,0.59
18288,0.693333
18289,0.69
18290,0.856667
18291,0.443333
18292,0.87
18293,0.473333
18294,0.73
18295,0.64
18296,0.746667
18297,0.61
18298,0.853333
18299,0.48
18300,0.946667
18301,0.576667
18302,0.623333
18303,0.873333
18304,0.736667
18305,0.89
18306,0.373333
18307,0.746667
18308,0.57
18309,0.853333
18310,0.763333
18311,0.893333
18312,0.65
18313,0.843333
18314,0.583333
18315,0.963333
18316,0.616667
18317,0.423333
18318,0.75
18319,0.86
18320,0.976667
18321,0.116667
18322,0.846667
18323,0.696667
18324,0.746667
18325,0.573333
18326,0.846667
18327,0.713333
18328,0.6
18329,0.903333
18330,0.636667
18331,0.56
18332,0.943333
18333,0.88
18334,0.823333
18335,0.49
18336,0.82
18337,0.703333
18338,0.566667
18339,0.816667
18340,0.686667
18341,0.96
18342,0.696667
18343,0.62
18344,0.656667
18345,0.886667
18346,0.756667
18347,0.683333
18348,0.706667
18349,0.4
18350,0.583333
18351,0.92
18352,0.386667
18353,0.816667
18354,0.74
18355,0.803333
18356,0.773333
18357,0.816667
18358,0.903333
18359,0.736667
18360,0.856667
18361,0.47
18362,0.91
18363,0.686667
18364,0.19
18365,0.883333
18366,0.683333
18367,0.626667
18368,0.676667
18369,0.673333
18370,0.73
18371,0.62
18372,0.94
18373,0.9
18374,0.62
18375,0.783333
18376,0.466667
18377,0.903333
18378,0.593333
18379,0.743333
18380,0.91
18381,0.953333
18382,0.966667
18383,0.493333
18384,0.58
18385,0.626667
18386,0.676667
18387,0.693333
18388,0.383333
18389,0.88
18390,0.333333
18391,0.186667
18392,0.63
18393,0.833333
18394,0.516667
18395,0.99
18396,0.546667
18397,0.603333
18398,0.726667
18399,0.72
18400,0.756667
18401,0.61
18402,0.37
18403,0.723333
18404,0.756667
18405,0.88
18406,0.863333
18407,0.93
18408,0.766667
18409,0.58
18410,0.923333
18411,0.883333
18412,0.68
18413,0.833333
18414,0.716667
18415,0.71
18416,0.976667
18417,0.836667
18418,0.54
18419,0.936667
18420,0.393333
18421,0.643333
18422,0.836667
18423,0.626667
18424,0.96
18425,0.6
18426,0.903333
18427,0.76
18428,0.883333
18429,0.64
18430,0.763333
18431,0.676667
18432,0.46
18433,0.753333
18434,0.773333
18435,0.596667
18436,0.886667
18437,0.806667
18438,0.666667
18439,0.776667
18440,0.8
18441,0.423333
18442,0.896667
18443,0.5
18444,0.9
18445,0.66
18446,0.983333
18447,0.773333
18448,0.54
18449,0.523333
18450,0.433333
18451,0.593333
18452,0.346667
18453,0.746667
18454,0.766667
18455,0.703333
18456,0.8
18457,0.733333
18458,0.94
18459,0.79
18460,0.88
18461,0.85
18462,0.68
18463,0.626667
18464,0.723333
18465,0.663333
18466,0.79
18467,0.87
18468,0.443333
18469,0.786667
18470,0.843333
18471,0.67
18472,0.783333
18473,0.78
18474,0.596667
18475,0.613333
18476,0.423333
18477,0.526667
18478,0.723333
18479,0.506667
18480,0.573333
18481,0.95
18482,0.923333
18483,0.913333
18484,0.81
18485,0.826667
18486,0.61
18487,0.726667
18488,0.75
18489,0.76
18490,0.873333
18491,0.563333
18492,0.433333
18493,0.5
18494,0.503333
18495,0.7
18496,0.596667
18497,0.73
18498,0.753333
18499,0.37
18500,0.593333
18501,0.753333
18502,0.65
18503,0.713333
18504,0.693333
18505,0.67
18506,0.66
18507,0.406667
18508,0.93
18509,0.52
18510,0.986667
18511,0.486667
18512,0.77
18513,0.836667
18514,0.943333
18515,0.59
18516,0.673333
18517,0.91
18518,0.633333
18519,0.51
18520,0.893333
18521,0.556667
18522,0.826667
18523,0.59
18524,0.396667
18525,0.516667
18526,0.78
18527,0.976667
18528,0.79
18529,0.54
18530,0.743333
18531,0.853333
18532,0.773333
18533,0.663333
18534,0.866667
18535,0.936667
18536,0.526667
18537,0.36
18538,0.676667
18539,0.63
18540,0.866667
18541,0.913333
18542,0.463333
18543,0.36
18544,0.7
18545,0.733333
18546,0.883333
18547,0.75
18548,0.506667
18549,0.833333
18550,0.743333
18551,0.67
18552,0.866667
18553,0.62
18554,0.786667
18555,0.64
18556,0.74
18557,0.75
18558,0.783333
18559,0.766667
18560,0.85
18561,0.626667
18562,0.856667
18563,0.906667
18564,0.163333
18565,0.63
18566,0.98
18567,0.723333
18568,0.593333
18569,0.926667
18570,0.243333
18571,0.676667
18572,0.566667
18573,0.8
18574,0.233333
18575,0.616667
18576,0.816667
18577,0.21
18578,0.9
18579,0.766667
18580,0.713333
18581,0.533333
18582,0.72
18583,0.496667
18584,0.32
18585,0.84
18586,0.69
18587,0.823333
18588,0.55
18589,0.863333
18590,0.69
18591,0.89
18592,0.723333
18593,0.653333
18594,0.626667
18595,0.813333
18596,0.693333
18597,0.473333
18598,0.806667
18599,0.763333
18600,0.736667
18601,0.483333
18602,0.89
18603,0.686667
18604,0.796667
18605,0.486667
18606,0.793333
18607,0.85
18608,0.633333
18609,0.77
18610,0.933333
18611,0.943333
18612,0.683333
18613,0.72
18614,0.463333
18615,0.943333
18616,0.953333
18617,0.573333
18618,0.9
18619,0.896667
18620,0.88
18621,0.553333
18622,0.61
18623,0.766667
18624,0.58
18625,0.806667
18626,0.93
18627,0.873333
18628,0.776667
18629,0.736667
18630,0.69
18631,0.953333
18632,0.583333
18633,0.676667
18634,0.74
18635,0.803333
18636,0.31
18637,0.826667
18638,0.893333
18639,0.456667
18640,0.773333
18641,0.73
18642,0.66
18643,0.513333
18644,0.84
18645,0.91
18646,0.61
18647,0.41
18648,0.646667
18649,0.943333
18650,0.553333
18651,0.79
18652,0.723333
18653,0.813333
18654,0.743333
18655,0.873333
18656,0.903333
18657,0.436667
18658,0.673333
18659,0.623333
18660,0.403333
18661,0.733333
18662,0.676667
18663,0.973333
18664,0.563333
18665,0.743333
18666,0.8
18667,0.753333
18668,0.78
18669,0.67
18670,0.636667
18671,0.823333
18672,0.626667
18673,0.51
18674,0.65
18675,0.203333
18676,0.916667
18677,0.486667
18678,0.716667
18679,1.0
18680,0.876667
18681,0.743333
18682,0.74
18683,0.566667
18684,0.393333
18685,0.903333
18686,0.273333
18687,0.583333
18688,0.72
18689,0.523333
18690,0.323333
18691,0.93
18692,0.58
18693,0.77
18694,0.633333
18695,0.5
18696,0.923333
18697,0.8
18698,0.643333
18699,0.85
18700,0.83
18701,0.49
18702,0.943333
18703,0.913333
18704,0.666667
18705,0.84
18706,0.426667
18707,0.413333
18708,0.493333
18709,0.736667
18710,0.73
18711,0.78
18712,0.943333
18713,0.843333
18714,0.59
18715,0.783333
18716,0.883333
18717,0.766667
18718,0.456667
18719,0.57
18720,0.92
18721,0.96
18722,0.73
18723,0.82
18724,0.796667
18725,0.57
18726,0.51
18727,0.956667
18728,0.776667
18729,0.87
18730,0.946667
18731,0.873333
18732,0.653333
18733,0.84
18734,0.516667
18735,0.83
18736,0.953333
18737,0.816667
18738,0.27
18739,0.89
18740,0.716667
18741,0.6
18742,0.863333
18743,0.95
18744,0.81
18745,0.546667
18746,0.8
18747,0.293333
18748,0.85
18749,0.87
18750,0.81
18751,0.923333
18752,0.576667
18753,0.96
18754,0.916667
18755,0.44
18756,0.833333
18757,0.92
18758,0.836667
18759,0.856667
18760,0.833333
18761,0.933333
18762,0.563333
18763,0.73
18764,0.72
18765,0.716667
18766,0.793333
18767,0.466667
18768,0.663333
18769,0.866667
18770,0.913333
18771,0.306667
18772,0.596667
18773,0.83
18774,0.743333
18775,0.966667
18776,0.776667
18777,0.906667
18778,0.48
18779,0.796667
18780,0.653333
18781,0.86
18782,0.563333
18783,0.26
18784,0.733333
18785,0.516667
18786,0.82
18787,0.726667
18788,0.43
18789,0.736667
18790,0.413333
18791,0.88
18792,0.816667
18793,0.78
18794,0.73
18795,0.866667
18796,0.75
18797,0.7
18798,0.276667
18799,0.833333
18800,0.736667
18801,0.65
18802,0.453333
18803,0.7
18804,0.773333
18805,0.776667
18806,0.39
18807,0.986667
18808,0.89
18809,0.833333
18810,0.92
18811,0.91
18812,0.756667
18813,0.586667
18814,0.63
18815,0.66
18816,0.773333
18817,0.85
18818,0.416667
18819,0.763333
18820,0.94
18821,0.573333
18822,0.743333
18823,0.91
18824,0.376667
18825,0.693333
18826,0.25
18827,0.886667
18828,0.63
18829,0.383333
18830,0.69
18831,0.803333
18832,0.563333
18833,0.896667
18834,0.483333
18835,0.65
18836,0.77
18837,0.7
18838,0.806667
18839,0.84
18840,0.763333
18841,0.763333
18842,0.576667
18843,0.73
18844,0.6
18845,0.68
18846,0.6
18847,0.95
18848,0.596667
18849,0.783333
18850,0.503333
18851,0.153333
18852,0.773333
18853,0.823333
18854,0.886667
18855,0.61
18856,0.933333
18857,0.863333
18858,0.633333
18859,0.63
18860,0.646667
18861,0.803333
18862,0.94
18863,0.806667
18864,0.123333
18865,0.773333
18866,0.463333
18867,0.66
18868,0.98
18869,0.74
18870,0.973333
18871,0.7
18872,0.82
18873,0.863333
18874,0.71
18875,0.89
18876,0.8275
18877,0.746667
18878,0.956667
18879,0.8
18880,0.733333
18881,0.876667
18882,0.7
18883,0.546667
18884,0.976667
18885,0.923333
18886,0.356667
18887,0.87
18888,0.653333
18889,0.846667
18890,0.873333
18891,0.63
18892,0.65
18893,0.71
18894,0.22
18895,0.77
18896,0.77
18897,0.716667
18898,0.473333
18899,0.503333
18900,0.93
18901,0.883333
18902,0.796667
18903,0.98
18904,0.776667
18905,0.6
18906,0.876667
18907,0.74
18908,0.93
18909,0.68
18910,0.756667
18911,0.686667
18912,0.306667
18913,0.756667
18914,0.626667
18915,0.396667
18916,0.476667
18917,0.806667
18918,0.283333
18919,0.873333
18920,0.906667
18921,0.55
18922,0.606667
18923,0.553333
18924,0.376667
18925,0.75
18926,0.843333
18927,0.946667
18928,0.843333
18929,0.833333
18930,0.786667
18931,0.66
18932,0.936667
18933,0.953333
18934,0.593333
18935,0.893333
18936,0.763333
18937,0.903333
18938,0.97
18939,0.546667
18940,0.423333
18941,0.606667
18942,0.84
18943,0.636667
18944,0.966667
18945,0.886667
18946,0.34
18947,0.676667
18948,0.796667
18949,0.543333
18950,0.793333
18951,0.732667
18952,0.623333
18953,0.546667
18954,0.583333
18955,0.713333
18956,0.893333
18957,0.646667
18958,0.61
18959,0.406667
18960,0.886667
18961,0.446667
18962,0.99
18963,0.686667
18964,0.886667
18965,0.88
18966,0.626667
18967,0.586667
18968,0.566667
18969,0.396667
18970,0.376667
18971,0.806667
18972,0.37
18973,0.4
18974,0.946667
18975,0.876667
18976,0.466667
18977,0.76
18978,0.703333
18979,0.896667
18980,0.766667
18981,0.556667
18982,0.71
18983,0.54
18984,0.893333
18985,0.726667
18986,0.806667
18987,0.82
18988,0.433333
18989,0.853333
18990,0.64
18991,0.64
18992,0.473333
18993,0.893333
18994,0.77
18995,0.9
18996,0.67
18997,0.706667
18998,0.526667
18999,0.69
19000,0.66
19001,0.303333
19002,0.853333
19003,0.666667
19004,0.896667
19005,0.673333
19006,0.75
19007,0.353333
19008,0.833333
19009,0.68
19010,0.42
19011,0.64
19012,0.903333
19013,0.55
19014,0.956667
19015,0.59
19016,0.733333
19017,0.676667
19018,0.753333
19019,0.753333
19020,0.856667
19021,0.653333
19022,0.56
19023,0.88
19024,0.736667
19025,0.65
19026,0.706667
19027,0.736667
19028,0.696667
19029,0.686667
19030,0.73
19031,0.71
19032,0.753333
19033,0.86
19034,0.896667
19035,0.723333
19036,0.806667
19037,0.733333
19038,0.68
19039,0.703333
19040,0.816667
19041,0.46
19042,0.6
19043,0.84
19044,0.66
19045,0.65
19046,0.33
19047,0.683333
19048,0.683333
19049,0.636667
19050,0.536667
19051,0.863333
19052,0.76
19053,0.883333
19054,0.75
19055,0.99
19056,0.443333
19057,0.943333
19058,0.62
19059,0.793333
19060,0.926667
19061,0.823333
19062,0.75
19063,0.786667
19064,0.87
19065,0.82
19066,0.823333
19067,0.86
19068,0.753333
19069,0.916667
19070,0.833333
19071,0.416667
19072,0.946667
19073,0.713333
19074,0.95
19075,0.733333
19076,0.97
19077,0.72
19078,0.923333
19079,0.75
19080,0.92
19081,0.75
19082,0.513333
19083,0.9
19084,0.633333
19085,0.788667
19086,0.653333
19087,0.863333
19088,0.606667
19089,0.903333
19090,0.78
19091,0.203333
19092,0.796667
19093,0.786667
19094,0.936667
19095,0.42
19096,0.696667
19097,0.933333
19098,0.676667
19099,0.516667
19100,0.853333
19101,0.803333
19102,0.55
19103,0.743333
19104,0.623333
19105,0.493333
19106,0.82
19107,0.786667
19108,0.54
19109,0.65
19110,0.516667
19111,0.736667
19112,0.913333
19113,0.686667
19114,0.553333
19115,0.31
19116,0.78
19117,0.88
19118,0.783333
19119,0.623333
19120,0.796667
19121,0.73
19122,0.96
19123,0.86
19124,0.996667
19125,0.663333
19126,0.72
19127,0.85
19128,0.92
19129,0.713333
19130,0.71
19131,0.906667
19132,0.913333
19133,0.65
19134,0.93
19135,0.7
19136,0.713333
19137,0.506667
19138,0.7
19139,0.833333
19140,0.813333
19141,0.906667
19142,0.666667
19143,0.93
19144,0.956667
19145,0.433333
19146,0.606667
19147,0.85
19148,0.83
19149,0.826667
19150,0.756667
19151,0.823333
19152,0.92
19153,0.793333
19154,0.58
19155,0.383333
19156,0.636667
19157,0.72
19158,0.936667
19159,0.756667
19160,0.666667
19161,0.98
19162,0.73
19163,0.76
19164,0.616667
19165,0.843333
19166,0.84
19167,0.886667
19168,0.9
19169,0.836667
19170,0.773333
19171,0.696667
19172,0.97
19173,0.66
19174,0.956667
19175,0.956667
19176,0.666667
19177,0.813333
19178,0.633333
19179,0.806667
19180,0.866667
19181,0.856667
19182,0.923333
19183,0.78
19184,0.806667
19185,0.733333
19186,0.656667
19187,0.9
19188,0.936667
19189,0.726667
19190,0.633333
19191,0.803333
19192,0.93
19193,0.913333
19194,0.753333
19195,0.45
19196,0.796667
19197,0.82
19198,0.77
19199,0.72
19200,0.513333
19201,0.653333
19202,0.613333
19203,0.816667
19204,0.41
19205,0.823333
19206,0.886667
19207,0.776667
19208,0.886667
19209,0.623333
19210,0.996667
19211,0.586667
19212,0.693333
19213,0.68
19214,0.923333
19215,0.836667
19216,0.62
19217,0.683333
19218,0.493333
19219,0.826667
19220,0.34
19221,0.78
19222,0.633333
19223,0.93
19224,0.8
19225,0.653333
19226,0.47
19227,0.676667
19228,0.556667
19229,0.666667
19230,0.649218
19231,0.936667
19232,0.77
19233,0.616667
19234,0.973333
19235,0.996667
19236,0.76
19237,0.626667
19238,0.94
19239,0.93
19240,0.92
19241,0.836667
19242,0.96
19243,0.706667
19244,0.873333
19245,0.806667
19246,0.786667
19247,0.866667
19248,0.713333
19249,0.543333
19250,0.936667
19251,0.703333
19252,0.623333
19253,0.583333
19254,0.776667
19255,0.836667
19256,0.566667
19257,0.853333
19258,0.64
19259,0.91
19260,0.68
19261,0.536667
19262,0.52
19263,0.576667
19264,0.833333
19265,0.89
19266,0.536667
19267,0.743333
19268,0.6
19269,0.586667
19270,0.416667
19271,0.94
19272,0.736667
19273,0.723333
19274,0.676667
19275,0.473333
19276,0.856667
19277,0.88
19278,0.656667
19279,0.753333
19280,0.593333
19281,0.361167
19282,0.7
19283,0.763333
19284,0.76
19285,0.856667
19286,0.62
19287,0.453333
19288,0.55
19289,0.753333
19290,0.676667
19291,0.763333
19292,0.796667
19293,0.893333
19294,0.55
19295,0.583333
19296,0.796667
19297,0.716667
19298,0.386667
19299,0.736667
19300,0.826667
19301,0.84
19302,0.946667
19303,0.936667
19304,0.666667
19305,0.946667
19306,0.613333
19307,0.693333
19308,0.626667
19309,0.866667
19310,0.783333
19311,0.453333
19312,0.94
19313,0.573333
19314,0.77
19315,0.806667
19316,0.75
19317,0.803333
19318,0.7
19319,0.783333
19320,0.856667
19321,0.633333
19322,0.833333
19323,0.4
19324,0.623333
19325,0.806667
19326,0.92
19327,0.83
19328,0.833333
19329,0.8
19330,0.866667
19331,0.79
19332,0.876667
19333,0.89
19334,0.92
19335,0.896667
19336,0.483333
19337,0.606667
19338,0.86
19339,0.883333
19340,0.97
19341,0.81
19342,0.946667
19343,0.456667
19344,0.746667
19345,0.813333
19346,0.666667
19347,0.646667
19348,0.936667
19349,0.966667
19350,0.826667
19351,0.806667
19352,0.351167
19353,0.443333
19354,0.886667
19355,0.963333
19356,0.933333
19357,0.676667
19358,0.74
19359,0.866667
19360,0.3
19361,0.88
19362,0.48
19363,0.88
19364,0.86
19365,0.723333
19366,0.863333
19367,0.456667
19368,0.823333
19369,0.483333
19370,0.863333
19371,0.63
19372,0.86
19373,0.81
19374,0.876667
19375,0.596667
19376,0.653333
19377,0.516667
19378,0.343333
19379,0.91
19380,0.443333
19381,0.41
19382,0.61
19383,0.993333
19384,0.593333
19385,0.583333
19386,0.85
19387,0.883333
19388,0.79
19389,0.88
19390,0.763333
19391,0.92
19392,0.72
19393,0.83
19394,0.656667
19395,0.803333
19396,0.336667
19397,0.57
19398,0.993333
19399,0.716667
19400,0.95
19401,0.83
19402,0.65
19403,0.703333
19404,0.673333
19405,0.92
19406,0.91
19407,0.77
19408,0.816667
19409,0.696667
19410,0.23
19411,0.62
19412,0.853333
19413,0.643333
19414,0.916667
19415,0.236667
19416,0.63
19417,0.85
19418,0.59
19419,0.626667
19420,0.383333
19421,0.761852
19422,0.78
19423,0.506667
19424,0.5
19425,0.716667
19426,0.786667
19427,0.87
19428,0.963333
19429,0.81
19430,0.726667
19431,0.736667
19432,0.936667
19433,0.673333
19434,0.736667
19435,0.643333
19436,0.613333
19437,0.703333
19438,0.743333
19439,0.44
19440,0.636667
19441,0.876667
19442,0.873333
19443,0.566667
19444,0.32
19445,0.69
19446,0.836667
19447,0.773333
19448,0.753333
19449,0.8
19450,0.76
19451,0.77
19452,0.953333
19453,0.583333
19454,0.833333
19455,0.71
19456,0.66
19457,0.636667
19458,0.76
19459,0.556667
19460,0.793333
19461,0.793333
19462,0.816667
19463,0.73
19464,0.646667
19465,0.836667
19466,0.923333
19467,0.733333
19468,0.426667
19469,0.773333
19470,0.656667
19471,0.98
19472,0.92
19473,0.673333
19474,0.886667
19475,0.84
19476,0.966667
19477,0.683333
19478,0.5
19479,0.426667
19480,0.486667
19481,0.653333
19482,0.626667
19483,0.91
19484,0.823333
19485,0.69
19486,0.476667
19487,0.866667
19488,0.74
19489,0.26
19490,0.72
19491,0.626667
19492,0.883333
19493,0.793333
19494,0.693333
19495,0.573333
19496,0.523333
19497,0.863333
19498,0.416667
19499,0.796667
19500,0.666667
19501,0.606667
19502,0.603333
19503,0.343333
19504,0.78
19505,0.276667
19506,0.713333
19507,0.81
19508,0.786667
19509,0.736667
19510,0.686667
19511,0.776667
19512,0.733333
19513,0.616667
19514,0.743333
19515,0.676667
19516,0.743333
19517,0.833333
19518,0.623333
19519,0.94
19520,0.52
19521,0.64
19522,0.916667
19523,0.61
19524,0.94
19525,0.433333
19526,0.946667
19527,0.793333
19528,0.59
19529,0.763333
19530,0.663333
19531,0.496667
19532,0.906667
19533,0.563333
19534,0.873333
19535,0.626667
19536,0.606667
19537,0.84
19538,0.343333
19539,0.463333
19540,0.573333
19541,0.836667
19542,0.47
19543,0.896667
19544,0.203333
19545,0.48
19546,0.373333
19547,0.556667
19548,0.353333
19549,0.893333
19550,0.713333
19551,0.766667
19552,0.806667
19553,0.97
19554,0.706667
19555,0.883333
19556,0.796667
19557,0.66
19558,0.623333
19559,0.583333
19560,0.096667
19561,0.703333
19562,0.71
19563,0.836667
19564,0.563333
19565,0.526667
19566,0.786667
19567,0.753333
19568,0.803333
19569,0.463333
19570,0.673333
19571,0.94
19572,0.823333
19573,0.846667
19574,0.793333
19575,0.686667
19576,0.833333
19577,0.51
19578,0.723333
19579,0.67
19580,0.506667
19581,0.716667
19582,0.66
19583,0.623333
19584,0.843333
19585,0.423333
19586,0.71
19587,0.366667
19588,0.76
19589,0.9
19590,0.85
19591,0.796667
19592,0.713333
19593,0.933333
19594,0.77
19595,0.63
19596,0.85
19597,0.823333
19598,0.796667
19599,0.463333
19600,0.81
19601,0.77
19602,0.616667
19603,0.753333
19604,0.833333
19605,0.8
19606,0.993333
19607,0.64
19608,0.94
19609,0.733333
19610,0.726667
19611,0.896667
19612,0.573333
19613,0.986667
19614,0.67
19615,0.766667
19616,0.773333
19617,0.953333
19618,0.893333
19619,0.75
19620,0.573333
19621,0.66
19622,0.763333
19623,0.82
19624,0.56
19625,0.743333
19626,0.883333
19627,0.746667
19628,0.59
19629,0.486667
19630,0.736667
19631,0.813333
19632,0.873333
19633,0.746667
19634,0.693333
19635,0.856667
19636,0.816667
19637,0.32
19638,0.893333
19639,0.5
19640,0.843333
19641,0.85
19642,0.62
19643,0.856667
19644,0.876667
19645,0.856667
19646,0.82
19647,0.7
19648,0.743333
19649,0.893333
19650,0.606667
19651,0.69
19652,0.653333
19653,0.87
19654,0.916667
19655,0.663333
19656,0.96
19657,0.913333
19658,0.286667
19659,0.533333
19660,0.496667
19661,0.63
19662,0.843333
19663,0.92
19664,0.696667
19665,0.769444
19666,0.786667
19667,0.696667
19668,0.713333
19669,0.913333
19670,0.333333
19671,0.52
19672,0.803333
19673,0.763333
19674,0.076667
19675,0.933333
19676,0.536667
19677,0.68
19678,0.613333
19679,0.823333
19680,0.716667
19681,0.966667
19682,0.756667
19683,0.476667
19684,0.83
19685,0.59
19686,0.85
19687,0.623333
19688,0.673333
19689,0.673333
19690,0.606667
19691,0.466667
19692,0.75
19693,0.963333
19694,0.826667
19695,0.98
19696,0.79
19697,0.98
19698,0.836667
19699,0.846667
19700,0.206667
19701,0.853333
19702,0.463333
19703,0.803333
19704,0.793333
19705,0.956667
19706,0.89
19707,0.983333
19708,0.843333
19709,0.923333
19710,0.786667
19711,0.55
19712,0.576667
19713,0.836667
19714,0.826667
19715,0.376667
19716,0.83
19717,0.813333
19718,0.826667
19719,0.743333
19720,0.61
19721,0.953333
19722,0.813333
19723,0.5
19724,0.52
19725,0.753333
19726,0.886667
19727,0.686667
19728,0.306667
19729,0.786667
19730,0.863333
19731,0.72
19732,0.543333
19733,0.606667
19734,0.763333
19735,0.75
19736,0.71
19737,0.466667
19738,0.833333
19739,0.726667
19740,0.576667
19741,0.59
19742,0.71
19743,0.91
19744,0.233333
19745,0.816667
19746,0.626667
19747,0.406667
19748,0.716667
19749,0.463333
19750,0.646667
19751,0.846667
19752,0.46
19753,0.713333
19754,0.53
19755,0.74
19756,0.966667
19757,0.63
19758,0.39
19759,0.713333
19760,0.943333
19761,0.92
19762,0.703333
19763,0.596667
19764,0.356667
19765,0.88
19766,0.62
19767,0.66
19768,0.646667
19769,0.796667
19770,0.573333
19771,0.723333
19772,0.896667
19773,0.916667
19774,0.426667
19775,0.813333
19776,0.9
19777,0.623333
19778,0.71
19779,0.806667
19780,0.73
19781,0.88
19782,0.923333
19783,0.88
19784,0.843333
19785,0.67
19786,0.723333
19787,0.84
19788,0.513333
19789,0.306667
19790,0.803333
19791,0.823333
19792,0.73
19793,0.903333
19794,0.696667
19795,0.893333
19796,0.436667
19797,0.163333
19798,0.73
19799,0.906667
19800,0.83
19801,0.673333
19802,0.896667
19803,0.58
19804,0.65
19805,0.166667
19806,0.413333
19807,0.54
19808,0.846667
19809,0.643333
19810,0.69
19811,0.59
19812,0.646667
19813,0.966667
19814,0.793333
19815,0.61
19816,0.32
19817,0.61
19818,0.826667
19819,0.57
19820,0.443333
19821,0.726667
19822,0.703333
19823,0.91
19824,0.383333
19825,0.823333
19826,0.296667
19827,0.753333
19828,0.823333
19829,0.936667
19830,0.853333
19831,0.703333
19832,0.81
19833,0.796667
19834,0.636667
19835,0.826667
19836,0.746667
19837,0.82
19838,0.843333
19839,0.866667
19840,0.58
19841,0.586667
19842,0.55
19843,0.643333
19844,0.656667
19845,0.753333
19846,0.533333
19847,0.703333
19848,0.466667
19849,0.66
19850,0.693333
19851,0.596667
19852,0.656667
19853,0.543333
19854,0.736667
19855,0.76
19856,0.823333
19857,0.633333
19858,0.883333
19859,0.576667
19860,0.56
19861,0.966667
19862,0.666667
19863,0.693333
19864,0.776667
19865,0.646667
19866,0.676667
19867,0.816667
19868,0.98
19869,0.613333
19870,0.91
19871,0.306667
19872,0.79
19873,0.796667
19874,0.54
19875,0.856667
19876,0.776667
19877,0.77
19878,0.893333
19879,0.913333
19880,0.643333
19881,0.586667
19882,0.946667
19883,0.333333
19884,0.98
19885,0.796667
19886,0.95
19887,0.823333
19888,0.763333
19889,0.653333
19890,0.62
19891,0.94
19892,0.956667
19893,0.893333
19894,0.603333
19895,0.69
19896,0.533333
19897,0.906667
19898,0.956667
19899,0.5
19900,0.78
19901,0.61
19902,0.743333
19903,0.523333
19904,0.986667
19905,0.598667
19906,0.906667
19907,0.926667
19908,0.856667
19909,0.86
19910,0.403333
19911,0.896667
19912,0.663333
19913,0.733333
19914,0.86
19915,0.676667
19916,0.893333
19917,0.903333
19918,0.806667
19919,0.76
19920,0.44
19921,0.753333
19922,0.67
19923,0.366667
19924,0.706667
19925,0.576667
19926,0.483333
19927,0.783333
19928,0.943333
19929,0.736667
19930,0.796667
19931,0.61
19932,0.766667
19933,0.636667
19934,0.916667
19935,0.843333
19936,0.883333
19937,0.783333
19938,0.78
19939,0.92
19940,0.68
19941,0.463333
19942,0.563333
19943,0.836667
19944,0.84
19945,0.883333
19946,0.59
19947,0.99
19948,0.91
19949,0.806667
19950,0.646667
19951,0.883333
19952,0.66
19953,0.646667
19954,0.883333
19955,0.796667
19956,0.876667
19957,0.5
19958,0.91
19959,0.66
19960,0.953333
19961,0.766667
19962,0.706667
19963,0.866667
19964,0.92
19965,0.53
19966,0.45
19967,0.92
19968,0.83
19969,0.783333
19970,0.83
19971,0.53
19972,0.943333
19973,0.743333
19974,0.463333
19975,0.666667
19976,0.823333
19977,0.863333
19978,0.943333
19979,0.753333
19980,0.813333
19981,0.5
19982,0.56
19983,0.766667
19984,0.923333
19985,0.7
19986,0.743333
19987,0.64
19988,0.733333
19989,0.916667
19990,0.62
19991,0.886667
19992,0.98
19993,0.836667
19994,0.75
19995,0.906667
19996,0.683333
19997,0.796667
19998,0.693333
19999,0.973333
20000,0.783333
20001,0.713333
20002,0.64
20003,0.763333
20004,0.65
20005,0.45
20006,0.823333
20007,0.873333
20008,0.943333
20009,0.74
20010,0.7
20011,0.213333
20012,0.89
20013,0.773333
20014,0.793333
20015,0.663333
20016,0.493333
20017,0.61
20018,0.553333
20019,0.59
20020,0.626667
20021,0.976667
20022,0.883333
20023,0.716667
20024,0.92
20025,0.556667
20026,0.653333
20027,0.896667
20028,0.553333
20029,0.61
20030,0.606667
20031,0.89
20032,0.673333
20033,0.593333
20034,0.553333
20035,0.946667
20036,0.686667
20037,0.413333
20038,0.886667
20039,0.906667
20040,0.806667
20041,0.96
20042,0.356667
20043,0.493333
20044,0.41
20045,0.696667
20046,0.89
20047,0.763333
20048,0.7
20049,0.796667
20050,0.956667
20051,0.866667
20052,0.476667
20053,0.67
20054,0.696667
20055,0.626667
20056,0.66
20057,0.63
20058,0.916667
20059,0.653333
20060,0.843333
20061,0.833333
20062,0.176667
20063,0.946667
20064,0.786667
20065,0.956667
20066,0.69
20067,0.556667
20068,0.903333
20069,0.772903
20070,0.42
20071,0.736667
20072,0.563333
20073,0.723333
20074,0.523333
20075,0.83
20076,0.353333
20077,0.843333
20078,0.733333
20079,0.976667
20080,0.606667
20081,0.433333
20082,0.61
20083,0.816667
20084,0.876667
20085,0.553333
20086,0.856667
20087,0.763333
20088,0.703333
20089,0.733333
20090,0.78
20091,0.713333
20092,0.88
20093,0.566667
20094,0.806667
20095,0.776667
20096,0.853333
20097,0.33
20098,0.303333
20099,0.666667
20100,0.776667
20101,0.51
20102,0.786667
20103,0.886667
20104,0.726667
20105,0.163333
20106,0.61
20107,0.81
20108,0.446667
20109,0.573333
20110,0.966667
20111,0.87
20112,0.89
20113,0.61
20114,0.49
20115,0.62
20116,0.496667
20117,0.786667
20118,0.643333
20119,0.636667
20120,0.813333
20121,0.583333
20122,0.313333
20123,0.536667
20124,0.493333
20125,0.39
20126,0.663333
20127,0.923333
20128,0.963333
20129,0.576667
20130,0.65
20131,0.65
20132,0.876667
20133,0.836667
20134,0.62
20135,0.783333
20136,0.413333
20137,0.64
20138,0.826667
20139,0.576667
20140,0.486667
20141,0.546667
20142,0.51
20143,0.66
20144,0.333333
20145,0.966667
20146,0.376667
20147,0.93
20148,0.706667
20149,0.733333
20150,0.76
20151,0.506667
20152,0.73
20153,0.653333
20154,0.696667
20155,0.963333
20156,0.666667
20157,0.82
20158,0.83
20159,0.766667
20160,0.783333
20161,0.523333
20162,0.596667
20163,0.493333
20164,0.613333
20165,0.29
20166,0.69
20167,0.713333
20168,0.68
20169,0.65
20170,0.72
20171,0.923333
20172,0.64
20173,0.77
20174,0.696667
20175,0.74
20176,0.516667
20177,0.756667
20178,0.58
20179,0.53
20180,0.403333
20181,0.616667
20182,0.806667
20183,0.386667
20184,0.703333
20185,0.616667
20186,0.85
20187,0.623333
20188,0.91
20189,0.456667
20190,0.603333
20191,0.786667
20192,0.773333
20193,0.87
20194,0.553333
20195,0.603333
20196,0.786667
20197,0.573333
20198,0.736667
20199,0.33
20200,0.436667
20201,0.573333
20202,0.573333
20203,0.77
20204,0.91
20205,0.703333
20206,0.726667
20207,0.703333
20208,0.632903
20209,0.866667
20210,0.596667
20211,0.663333
20212,0.73
20213,0.623333
20214,0.583333
20215,0.846667
20216,0.88
20217,0.793333
20218,0.726667
20219,0.866667
20220,0.503333
20221,0.496667
20222,0.986667
20223,0.763333
20224,0.49
20225,0.436667
20226,0.66
20227,0.846667
20228,0.893333
20229,0.76
20230,0.586667
20231,0.82
20232,0.376667
20233,0.97
20234,0.846667
20235,0.806667
20236,0.636667
20237,0.413333
20238,0.696667
20239,0.45
20240,0.656667
20241,0.62
20242,0.75
20243,0.486667
20244,0.706667
20245,0.513333
20246,0.693333
20247,0.866667
20248,0.72
20249,0.793333
20250,0.68
20251,0.71
20252,0.843333
20253,0.756667
20254,0.966667
20255,0.633333
20256,0.876667
20257,0.763333
20258,0.56
20259,0.85
20260,0.73
20261,0.703333
20262,0.82
20263,0.39
20264,0.603333
20265,0.433333
20266,0.407833
20267,0.36
20268,0.5
20269,0.743333
20270,0.926667
20271,0.64
20272,0.713333
20273,0.403333
20274,0.81
20275,0.793333
20276,0.98
20277,0.756667
20278,0.68
20279,0.63
20280,0.936667
20281,0.603333
20282,0.593333
20283,0.566667
20284,0.933333
20285,0.576667
20286,0.653333
20287,0.963333
20288,0.723333
20289,0.7
20290,0.88
20291,0.81
20292,0.44
20293,0.47
20294,0.713333
20295,0.85
20296,0.413333
20297,0.806667
20298,0.463333
20299,0.65
20300,0.653333
20301,0.75
20302,0.64
20303,0.916667
20304,0.933333
20305,0.853333
20306,0.363333
20307,0.626667
20308,0.173333
20309,0.8
20310,0.866667
20311,0.773333
20312,0.833333
20313,0.853333
20314,0.83
20315,0.886667
20316,0.64
20317,0.756667
20318,0.76
20319,0.3
20320,0.92
20321,0.806667
20322,0.14
20323,0.926667
20324,0.303333
20325,0.803333
20326,0.866667
20327,0.976667
20328,0.806667
20329,0.703333
20330,0.526667
20331,0.736667
20332,0.946667
20333,0.87
20334,0.923333
20335,0.923333
20336,0.88
20337,0.65
20338,0.92
20339,0.286667
20340,0.86
20341,0.883333
20342,0.933333
20343,0.896667
20344,0.823333
20345,0.46
20346,0.88
20347,0.653333
20348,0.906667
20349,0.663333
20350,0.776667
20351,0.763333
20352,0.823333
20353,0.966667
20354,0.616667
20355,0.47
20356,0.663333
20357,0.643333
20358,0.766667
20359,0.78
20360,0.586667
20361,0.833333
20362,0.483333
20363,0.563333
20364,0.746667
20365,0.786667
20366,0.463333
20367,0.776667
20368,0.733333
20369,0.723333
20370,0.73
20371,0.893333
20372,0.78
20373,0.91
20374,0.683333
20375,0.98
20376,0.79
20377,0.653333
20378,0.866667
20379,0.673333
20380,0.68
20381,0.78
20382,0.65
20383,0.613333
20384,0.853333
20385,0.653333
20386,0.503333
20387,0.776667
20388,0.663333
20389,0.903333
20390,0.976667
20391,0.663333
20392,0.463333
20393,0.476667
20394,0.533333
20395,0.95
20396,0.916667
20397,0.656667
20398,0.673333
20399,0.7
20400,0.653333
20401,0.963333
20402,0.5
20403,0.55
20404,0.566667
20405,0.683333
20406,0.616667
20407,0.66
20408,0.933333
20409,0.623333
20410,0.466667
20411,0.423333
20412,0.843333
20413,0.703333
20414,0.873333
20415,0.543333
20416,0.86
20417,0.873333
20418,0.72
20419,0.793333
20420,0.766667
20421,0.72
20422,0.726667
20423,0.66
20424,0.62
20425,0.826667
20426,0.74
20427,0.633333
20428,0.423333
20429,0.426667
20430,0.726667
20431,0.96
20432,0.203333
20433,0.693333
20434,0.956667
20435,0.68
20436,0.776667
20437,0.693333
20438,0.62
20439,0.456667
20440,0.713333
20441,0.723333
20442,0.73
20443,0.713333
20444,0.643333
20445,0.933333
20446,0.716667
20447,0.57
20448,0.803333
20449,0.803333
20450,0.44
20451,0.736667
20452,0.706667
20453,0.686667
20454,0.69
20455,0.816667
20456,0.813333
20457,0.39
20458,0.816667
20459,0.776667
20460,0.866667
20461,0.933333
20462,0.833333
20463,0.93
20464,0.59
20465,0.57
20466,0.99
20467,0.72
20468,0.32
20469,0.863333
20470,0.64
20471,0.36
20472,0.39
20473,0.636667
20474,0.573333
20475,0.59
20476,0.8
20477,0.633333
20478,0.78
20479,0.796667
20480,0.843333
20481,0.93
20482,0.536667
20483,0.686667
20484,0.866667
20485,0.836667
20486,0.933333
20487,0.856667
20488,0.643333
20489,0.556667
20490,0.666667
20491,0.566667
20492,0.396667
20493,0.843333
20494,0.726667
20495,0.673333
20496,0.52
20497,0.91
20498,0.893333
20499,0.7
20500,0.673333
20501,0.97
20502,0.783333
20503,0.806667
20504,0.93
20505,0.92
20506,0.596667
20507,0.196667
20508,0.363333
20509,0.676667
20510,0.926667
20511,0.833333
20512,0.496667
20513,0.93
20514,0.57
20515,0.7
20516,0.6
20517,0.736667
20518,0.89
20519,0.696667
20520,0.843333
20521,0.24
20522,0.873333
20523,0.49
20524,0.8
20525,0.673333
20526,0.496667
20527,0.926667
20528,0.12
20529,0.626667
20530,0.673333
20531,0.66
20532,0.85
20533,0.91
20534,0.846667
20535,0.723333
20536,0.75
20537,0.896667
20538,0.52
20539,0.76
20540,0.6
20541,0.903333
20542,0.62
20543,0.663333
20544,0.926667
20545,0.933333
20546,0.636667
20547,0.856667
20548,0.883333
20549,0.586667
20550,0.583333
20551,0.643333
20552,0.803333
20553,0.966667
20554,0.863333
20555,0.803333
20556,0.756667
20557,0.86
20558,0.853333
20559,0.543333
20560,0.57
20561,0.966667
20562,0.65
20563,0.723333
20564,0.706667
20565,0.84
20566,0.703333
20567,0.426667
20568,0.883333
20569,0.746667
20570,0.78
20571,0.546667
20572,0.776667
20573,0.57
20574,0.643333
20575,0.693333
20576,0.676667
20577,0.776667
20578,0.44
20579,0.71
20580,0.91
20581,0.54
20582,0.89
20583,0.883333
20584,0.756667
20585,0.723333
20586,0.863333
20587,0.913333
20588,0.823333
20589,0.906667
20590,0.486667
20591,0.52
20592,0.793333
20593,0.89
20594,0.94
20595,0.4
20596,0.24
20597,0.676667
20598,0.7
20599,0.69
20600,0.756667
20601,0.516667
20602,0.77
20603,0.673333
20604,0.926667
20605,0.413333
20606,0.84
20607,0.586667
20608,0.91
20609,0.52
20610,0.35
20611,0.836667
20612,0.563333
20613,0.983333
20614,0.93
20615,0.533333
20616,0.476667
20617,0.733333
20618,0.893333
20619,0.516667
20620,0.683333
20621,0.633333
20622,0.446667
20623,0.693333
20624,0.74
20625,0.923333
20626,0.896667
20627,0.406667
20628,0.966667
20629,0.783333
20630,0.926667
20631,0.63
20632,0.78
20633,0.516667
20634,0.82
20635,0.706667
20636,0.366667
20637,0.48
20638,0.82
20639,0.603333
20640,0.746667
20641,0.62
20642,0.936667
20643,0.543333
20644,0.516667
20645,0.943333
20646,0.836667
20647,0.736667
20648,0.73
20649,0.91
20650,0.96
20651,0.846667
20652,0.98
20653,0.806667
20654,0.706667
20655,0.87
20656,0.58
20657,0.936667
20658,0.66
20659,0.24
20660,0.463333
20661,0.166667
20662,0.853333
20663,0.726667
20664,0.703333
20665,0.83
20666,0.69
20667,0.54
20668,0.856667
20669,0.816667
20670,0.943333
20671,0.773333
20672,0.663333
20673,0.813333
20674,0.706667
20675,0.923333
20676,0.623333
20677,0.426667
20678,0.49
20679,0.393333
20680,0.643333
20681,0.72
20682,0.466667
20683,0.743333
20684,0.703333
20685,0.943333
20686,0.966667
20687,0.406667
20688,0.94
20689,0.633333
20690,0.646667
20691,0.61
20692,0.663333
20693,0.81
20694,0.49
20695,0.776667
20696,0.85
20697,0.766667
20698,0.77
20699,0.783333
20700,0.716667
20701,0.58
20702,0.85
20703,0.763333
20704,0.49
20705,0.446667
20706,0.86
20707,0.413333
20708,0.533333
20709,0.676667
20710,0.686667
20711,0.593333
20712,0.843333
20713,0.826667
20714,0.656667
20715,0.793333
20716,0.91
20717,0.906667
20718,0.74
20719,0.726667
20720,0.653333
20721,0.723333
20722,0.566667
20723,0.683333
20724,0.9
20725,0.613333
20726,0.523333
20727,0.676667
20728,0.48
20729,0.426667
20730,0.66
20731,0.446667
20732,0.733333
20733,0.936667
20734,0.713333
20735,0.706667
20736,0.88
20737,0.496667
20738,0.88
20739,0.77
20740,0.806667
20741,0.723333
20742,0.743333
20743,0.7
20744,0.563333
20745,0.476667
20746,0.626667
20747,0.74
20748,0.56
20749,0.543333
20750,0.836667
20751,0.7
20752,0.896667
20753,0.873333
20754,0.636667
20755,0.42
20756,0.85
20757,0.886667
20758,0.933333
20759,0.33
20760,0.903333
20761,0.743333
20762,0.71
20763,0.85
20764,0.523333
20765,0.85
20766,0.823333
20767,0.92
20768,0.696667
20769,0.666667
20770,0.84
20771,0.696667
20772,0.423333
20773,0.83
20774,0.503333
20775,0.646667
20776,0.93
20777,0.75
20778,0.826667
20779,0.64
20780,0.903333
20781,0.55
20782,0.69
20783,0.896667
20784,0.653333
20785,0.816667
20786,0.91
20787,0.923333
20788,0.73
20789,0.926667
20790,0.58
20791,0.676667
20792,0.836667
20793,0.74
20794,0.5
20795,0.736667
20796,0.69
20797,0.663333
20798,0.903333
20799,0.596667
20800,0.603333
20801,0.913333
20802,0.793333
20803,0.646667
20804,0.88
20805,0.643333
20806,0.906667
20807,0.996667
20808,0.574444
20809,0.483333
20810,0.896667
20811,0.42
20812,0.703333
20813,0.68
20814,0.92
20815,0.406667
20816,0.466667
20817,0.746667
20818,0.766667
20819,0.676667
20820,0.793333
20821,0.903333
20822,0.946667
20823,0.596667
20824,0.906667
20825,0.626667
20826,0.946667
20827,0.673333
20828,0.603333
20829,0.926667
20830,0.636667
20831,0.786667
20832,0.893333
20833,0.81
20834,0.693333
20835,0.786667
20836,0.533333
20837,0.666667
20838,0.806667
20839,0.77
20840,0.746667
20841,0.803333
20842,0.81
20843,0.56
20844,0.63
20845,0.493333
20846,0.92
20847,0.506667
20848,0.653333
20849,0.383333
20850,0.846667
20851,0.563333
20852,0.786667
20853,0.743333
20854,0.816667
20855,0.58
20856,0.676667
20857,0.613333
20858,0.843333
20859,0.84
20860,0.543333
20861,0.933333
20862,0.736667
20863,0.796667
20864,0.41
20865,0.616667
20866,0.626667
20867,0.33
20868,0.61
20869,0.55
20870,0.823333
20871,0.813333
20872,0.803333
20873,0.72
20874,0.493333
20875,0.646667
20876,0.743333
20877,0.596667
20878,0.656667
20879,0.873333
20880,0.966667
20881,0.59
20882,0.8
20883,0.883333
20884,0.596667
20885,0.41
20886,0.74
20887,0.743333
20888,0.613333
20889,0.846667
20890,0.746667
20891,0.546667
20892,0.91
20893,0.81
20894,0.633333
20895,0.8
20896,0.586667
20897,0.713333
20898,0.746667
20899,0.833333
20900,0.736667
20901,0.79
20902,0.586667
20903,0.816667
20904,0.613333
20905,0.87
20906,0.826667
20907,0.576667
20908,0.816667
20909,0.486667
20910,0.743333
20911,0.876667
20912,0.836667
20913,0.643333
20914,0.77
20915,0.83
20916,0.563333
20917,0.543333
20918,0.64
20919,0.466667
20920,0.726667
20921,0.94
20922,0.92
20923,0.53
20924,0.406667
20925,0.796667
20926,0.606667
20927,0.886667
20928,0.743333
20929,0.533333
20930,0.58
20931,0.576667
20932,0.603333
20933,0.583333
20934,0.65
20935,0.84
20936,0.496667
20937,0.3
20938,0.82
20939,0.69
20940,0.676667
20941,0.6
20942,0.813333
20943,0.906667
20944,0.413333
20945,0.973333
20946,0.84
20947,0.586667
20948,0.67
20949,0.703333
20950,0.813333
20951,0.843333
20952,0.673333
20953,0.75
20954,0.716667
20955,0.47
20956,0.65
20957,0.726667
20958,0.403333
20959,0.616667
20960,0.776667
20961,0.453333
20962,0.583333
20963,0.74
20964,0.743333
20965,0.603333
20966,0.986667
20967,0.683333
20968,0.666667
20969,0.776667
20970,0.406667
20971,0.92
20972,0.613333
20973,0.786667
20974,0.943333
20975,0.883333
20976,0.863333
20977,0.856667
20978,0.85
20979,0.613333
20980,0.673333
20981,0.953333
20982,0.863333
20983,0.81
20984,0.333889
20985,0.49
20986,0.846667
20987,0.616667
20988,0.596667
20989,0.496667
20990,0.396667
20991,0.743333
20992,0.61
20993,0.87
20994,0.563333
20995,0.65
20996,0.546667
20997,0.876667
20998,0.683333
20999,0.553333
21000,0.85
21001,0.486667
21002,0.65
21003,0.686667
21004,0.433333
21005,0.906667
21006,0.683333
21007,0.746667
21008,0.64
21009,0.806667
21010,0.773333
21011,0.596667
21012,0.85
21013,0.786667
21014,0.786667
21015,0.546667
21016,0.676667
21017,0.62
21018,0.876667
21019,0.666667
21020,0.463333
21021,0.946667
21022,0.65
21023,0.586667
21024,0.833333
21025,0.54
21026,0.933333
21027,0.953333
21028,0.313333
21029,0.846667
21030,0.86
21031,0.65
21032,0.753333
21033,0.423333
21034,0.903333
21035,0.783333
21036,0.3
21037,0.793333
21038,0.926667
21039,0.693333
21040,0.873333
21041,0.97
21042,0.546667
21043,0.74
21044,0.826667
21045,0.873333
21046,0.7
21047,0.886667
21048,0.833333
21049,0.413333
21050,0.62
21051,0.836667
21052,0.913333
21053,0.55
21054,0.55
21055,0.463333
21056,0.633333
21057,0.666667
21058,0.663333
21059,0.813333
21060,0.716667
21061,0.563333
21062,0.633333
21063,0.676667
21064,0.88
21065,0.643333
21066,0.936667
21067,0.633333
21068,0.723333
21069,0.806667
21070,0.863333
21071,0.76
21072,0.753333
21073,0.596667
21074,0.79
21075,0.576667
21076,0.73
21077,0.526667
21078,0.883333
21079,0.913333
21080,0.89
21081,0.3
21082,0.94
21083,0.64
21084,0.48
21085,0.386667
21086,0.96
21087,0.636667
21088,0.903333
21089,0.846667
21090,0.586667
21091,0.633333
21092,0.76
21093,0.766667
21094,0.883333
21095,0.486667
21096,0.773333
21097,0.78
21098,0.76
21099,0.876667
21100,0.833333
21101,0.57
21102,0.856667
21103,0.4
21104,0.78
21105,0.88
21106,0.476667
21107,0.953333
21108,0.766667
21109,0.703333
21110,0.7
21111,0.8
21112,0.63
21113,0.84
21114,0.493333
21115,0.536667
21116,0.88
21117,0.836667
21118,0.85
21119,0.76
21120,0.933333
21121,0.79
21122,0.67
21123,0.436667
21124,0.6
21125,0.876667
21126,0.853333
21127,0.8
21128,0.983333
21129,0.84
21130,0.486667
21131,0.846667
21132,0.746667
21133,0.69
21134,0.653333
21135,0.746667
21136,0.55
21137,0.19
21138,0.916667
21139,0.82
21140,0.753333
21141,0.47
21142,0.57
21143,0.793333
21144,0.883333
21145,0.5
21146,0.663333
21147,0.803333
21148,0.623333
21149,0.383333
21150,0.75
21151,0.883333
21152,0.903333
21153,0.706667
21154,0.636667
21155,0.693333
21156,0.936667
21157,0.77
21158,0.956667
21159,0.853333
21160,0.19
21161,0.683333
21162,0.76
21163,0.69
21164,0.766667
21165,0.93
21166,0.806667
21167,0.483333
21168,0.423333
21169,0.28
21170,0.703333
21171,0.673333
21172,0.74
21173,0.753333
21174,0.97
21175,0.706667
21176,0.616667
21177,0.623333
21178,0.58
21179,0.936667
21180,0.476667
21181,0.78
21182,0.86
21183,0.813333
21184,0.71
21185,0.953333
21186,0.83
21187,0.593333
21188,0.723333
21189,0.533333
21190,0.596667
21191,0.703333
21192,0.646667
21193,0.616667
21194,0.63
21195,0.516667
21196,0.89
21197,0.676667
21198,0.563333
21199,0.483333
21200,0.693333
21201,0.846667
21202,0.683333
21203,0.706667
21204,0.95
21205,0.673333
21206,0.6
21207,0.84
21208,0.593333
21209,0.683333
21210,0.26
21211,0.526667
21212,0.946667
21213,0.686667
21214,0.62
21215,0.723333
21216,0.443333
21217,0.973333
21218,0.923333
21219,0.8
21220,0.68
21221,0.853333
21222,0.43
21223,0.893333
21224,0.816667
21225,0.793333
21226,0.503333
21227,0.516667
21228,0.653333
21229,0.98
21230,0.753333
21231,0.986667
21232,0.926667
21233,0.953333
21234,0.596667
21235,0.77
21236,0.763333
21237,0.933333
21238,0.963333
21239,0.763333
21240,0.886667
21241,0.916667
21242,0.546667
21243,0.69
21244,0.666667
21245,0.61
21246,0.77
21247,0.41
21248,0.55
21249,0.643333
21250,0.706667
21251,0.856667
21252,0.666667
21253,0.633333
21254,0.873333
21255,0.806667
21256,0.816667
21257,0.36
21258,0.87
21259,0.69
21260,0.72
21261,0.64
21262,0.636667
21263,0.726667
21264,0.46
21265,0.746667
21266,0.926667
21267,0.476667
21268,0.57
21269,0.766667
21270,0.716667
21271,0.696667
21272,0.413333
21273,0.633333
21274,0.636667
21275,0.886667
21276,0.946667
21277,0.96
21278,0.793333
21279,0.7
21280,0.53
21281,0.623333
21282,0.913333
21283,0.823333
21284,0.35
21285,0.826667
21286,0.743333
21287,0.7
21288,0.763333
21289,0.973333
21290,0.523333
21291,0.806667
21292,0.85
21293,0.85
21294,0.6
21295,0.753333
21296,0.676667
21297,0.903333
21298,0.453333
21299,0.803333
21300,0.196667
21301,0.876667
21302,0.863333
21303,0.92
21304,0.656667
21305,0.99
21306,0.616667
21307,0.52
21308,0.893333
21309,0.676667
21310,0.953333
21311,0.8
21312,0.58
21313,0.82
21314,0.886667
21315,0.733333
21316,0.74
21317,0.769218
21318,0.516667
21319,0.843333
21320,0.71
21321,0.93
21322,0.613333
21323,0.866667
21324,0.736667
21325,0.706667
21326,0.65
21327,0.836667
21328,0.686667
21329,0.66
21330,0.573333
21331,0.646667
21332,0.96
21333,0.616667
21334,0.683333
21335,0.193333
21336,0.646667
21337,0.763333
21338,0.63
21339,0.77
21340,0.713333
21341,0.976667
21342,0.826667
21343,0.763333
21344,0.933333
21345,0.753333
21346,0.703333
21347,0.446667
21348,0.74
21349,0.383333
21350,0.913333
21351,0.956667
21352,0.973333
21353,0.886667
21354,0.66
21355,0.966667
21356,0.876667
21357,0.78
21358,0.73
21359,0.473333
21360,0.863333
21361,0.803333
21362,0.44
21363,0.85
21364,0.576667
21365,0.946667
21366,0.733333
21367,0.87
21368,0.883333
21369,0.476667
21370,0.846667
21371,0.37
21372,0.63
21373,0.743333
21374,0.69
21375,0.45
21376,0.746667
21377,0.36
21378,0.863333
21379,0.82
21380,0.76
21381,0.75
21382,0.78
21383,0.636667
21384,0.856667
21385,0.643333
21386,0.926667
21387,0.68
21388,0.913333
21389,0.7
21390,0.853333
21391,0.61
21392,0.536667
21393,0.713333
21394,0.65
21395,0.676667
21396,0.676667
21397,0.473333
21398,0.733333
21399,0.77
21400,0.416667
21401,0.77
21402,0.543333
21403,0.73
21404,0.713333
21405,0.976667
21406,0.74
21407,0.803333
21408,0.713333
21409,0.483333
21410,0.916667
21411,0.443333
21412,0.44
21413,0.626667
21414,0.766667
21415,0.966667
21416,0.873333
21417,0.57
21418,0.626667
21419,0.706667
21420,0.656667
21421,0.746667
21422,0.99
21423,0.7
21424,0.73
21425,0.6
21426,0.466667
21427,0.756667
21428,0.443333
21429,0.803333
21430,0.62
21431,0.246667
21432,0.83
21433,0.613333
21434,0.753333
21435,0.713333
21436,0.856667
21437,0.713333
21438,0.986667
21439,0.843333
21440,0.576667
21441,0.39
21442,0.806667
21443,0.84
21444,0.42
21445,0.92
21446,0.626667
21447,0.873333
21448,0.976667
21449,0.79
21450,0.71
21451,0.873333
21452,0.756667
21453,0.886667
21454,0.913333
21455,0.61
21456,0.803333
21457,0.71
21458,0.693333
21459,0.753333
21460,0.913333
21461,0.78
21462,0.386667
21463,0.746667
21464,0.44
21465,0.366667
21466,0.526667
21467,0.633333
21468,0.846667
21469,0.776667
21470,0.88
21471,0.556667
21472,0.98
21473,0.763333
21474,0.62
21475,0.753333
21476,0.846667
21477,0.673333
21478,0.513333
21479,0.7
21480,0.53
21481,0.733333
21482,0.936667
21483,0.816667
21484,0.886667
21485,0.98
21486,0.606667
21487,0.453333
21488,0.71
21489,0.766667
21490,0.693333
21491,0.156667
21492,0.273333
21493,0.833333
21494,0.873333
21495,0.65
21496,0.706667
21497,0.883333
21498,0.63
21499,0.543333
21500,0.65
21501,0.726667
21502,0.87
21503,0.763333
21504,0.816667
21505,0.643333
21506,0.643333
21507,0.726667
21508,0.833333
21509,0.873333
21510,0.67
21511,0.913333
21512,0.763333
21513,0.333333
21514,0.936667
21515,0.586667
21516,0.79
21517,0.84
21518,0.866667
21519,0.91
21520,0.763333
21521,0.64
21522,0.946667
21523,0.74
21524,0.626667
21525,0.566667
21526,0.72
21527,0.646667
21528,0.833333
21529,0.943333
21530,0.573333
21531,0.766667
21532,0.527833
21533,0.73
21534,0.953333
21535,0.513333
21536,0.483333
21537,0.433333
21538,0.84
21539,0.686667
21540,0.606667
21541,0.986667
21542,0.623333
21543,0.533333
21544,0.743333
21545,0.896667
21546,0.866667
21547,0.99
21548,0.83
21549,0.646667
21550,0.47
21551,0.716667
21552,0.796667
21553,0.906667
21554,0.88
21555,0.816667
21556,0.683333
21557,0.323333
21558,0.273333
21559,0.706667
21560,0.546667
21561,0.456667
21562,0.52
21563,0.42
21564,0.33
21565,0.883333
21566,0.936667
21567,0.576667
21568,0.56
21569,0.496667
21570,0.543333
21571,0.793333
21572,0.803333
21573,0.653333
21574,0.806667
21575,0.61
21576,0.553333
21577,0.78
21578,0.743333
21579,0.403333
21580,0.743333
21581,0.803333
21582,0.94
21583,0.66
21584,0.846667
21585,0.82
21586,0.5
21587,0.84
21588,0.89
21589,0.68
21590,0.84
21591,0.723333
21592,0.563333
21593,0.81
21594,0.67
21595,0.563333
21596,0.453333
21597,0.753333
21598,0.266667
21599,0.6
21600,0.86
21601,0.926667
21602,0.816667
21603,0.506667
21604,0.89
21605,0.466667
21606,0.483333
21607,0.46
21608,0.53
21609,0.7
21610,0.41
21611,0.223333
21612,0.863333
21613,0.933333
21614,0.883333
21615,0.88
21616,0.916667
21617,0.813333
21618,0.716667
21619,0.88
21620,0.963333
21621,0.793333
21622,0.736667
21623,0.446667
21624,0.763333
21625,0.746667
21626,0.8
21627,0.78
21628,0.726667
21629,0.836667
21630,0.716667
21631,0.616667
21632,0.146667
21633,0.846667
21634,0.726667
21635,0.646667
21636,0.92
21637,0.506667
21638,0.983333
21639,0.933333
21640,0.893333
21641,0.543333
21642,0.6
21643,0.763333
21644,0.876667
21645,0.413333
21646,0.833333
21647,0.883333
21648,0.566667
21649,0.833333
21650,0.716667
21651,0.88957
21652,0.45
21653,0.356667
21654,0.126667
21655,0.926667
21656,0.623333
21657,0.766667
21658,0.463333
21659,0.706667
21660,0.69
21661,0.943333
21662,0.683333
21663,0.7
21664,0.686667
21665,0.74
21666,0.546667
21667,0.606667
21668,0.713333
21669,0.886667
21670,0.726667
21671,0.983333
21672,0.786667
21673,0.58
21674,0.506667
21675,0.576667
21676,0.9
21677,0.936667
21678,0.913333
21679,0.65
21680,0.89
21681,0.75
21682,0.596667
21683,0.81
21684,0.856667
21685,0.72
21686,0.63
21687,0.923333
21688,0.473333
21689,0.56
21690,0.483333
21691,0.84
21692,0.6
21693,0.573333
21694,0.646667
21695,0.873333
21696,0.763333
21697,0.49
21698,0.646667
21699,0.62
21700,0.826667
21701,0.883333
21702,0.333333
21703,0.7
21704,0.72
21705,0.836667
21706,0.463333
21707,0.42
21708,0.726667
21709,0.89
21710,0.796667
21711,0.626667
21712,0.553333
21713,0.903333
21714,0.64
21715,0.763333
21716,0.876667
21717,0.766667
21718,0.556667
21719,0.96
21720,0.87
21721,0.853333
21722,0.783333
21723,0.683333
21724,0.733333
21725,0.96
21726,0.806667
21727,0.593333
21728,0.85
21729,0.616667
21730,0.853333
21731,0.693333
21732,0.966667
21733,0.946667
21734,0.823333
21735,0.676667
21736,0.773333
21737,0.493333
21738,0.89
21739,0.823333
21740,0.903333
21741,0.453333
21742,0.796667
21743,0.866667
21744,0.916667
21745,0.956667
21746,0.756667
21747,0.49
21748,0.58
21749,0.506667
21750,0.583333
21751,0.526667
21752,0.713333
21753,0.79
21754,0.633333
21755,0.78
21756,0.72
21757,0.793333
21758,0.52
21759,0.553333
21760,0.416667
21761,0.566667
21762,0.923333
21763,0.433333
21764,0.97
21765,0.766667
21766,0.68
21767,0.4
21768,0.746667
21769,0.856667
21770,0.843333
21771,0.55
21772,0.663333
21773,0.85
21774,0.933333
21775,0.92
21776,0.896667
21777,0.7
21778,0.97
21779,0.87
21780,0.873333
21781,0.273333
21782,0.896667
21783,0.846667
21784,0.593333
21785,0.766667
21786,0.483333
21787,0.966667
21788,0.703333
21789,0.696667
21790,0.366667
21791,0.94
21792,0.723333
21793,0.646667
21794,0.86
21795,0.283333
21796,0.78
21797,0.433333
21798,0.75
21799,0.48
21800,0.253333
21801,0.466667
21802,0.353333
21803,0.843333
21804,0.743333
21805,0.96
21806,0.796667
21807,0.646667
21808,0.673333
21809,0.74
21810,0.786667
21811,0.673333
21812,0.696667
21813,0.733333
21814,0.833333
21815,0.81
21816,0.113333
21817,0.63
21818,0.693333
21819,0.853333
21820,0.9
21821,0.686667
21822,0.85
21823,0.733333
21824,0.82
21825,0.513333
21826,0.603333
21827,0.66
21828,0.82
21829,0.61
21830,0.516667
21831,0.813333
21832,0.843333
21833,0.71
21834,0.663333
21835,0.473333
21836,0.616667
21837,0.65
21838,0.5
21839,0.37
21840,0.9
21841,0.803333
21842,0.503333
21843,0.83
21844,0.76
21845,0.656667
21846,0.84
21847,0.636667
21848,0.573333
21849,0.943333
21850,0.733333
21851,0.746667
21852,0.71
21853,0.953333
21854,0.923333
21855,0.71
21856,0.753333
21857,0.453333
21858,0.766667
21859,0.866667
21860,0.68
21861,0.823333
21862,0.773333
21863,0.813333
21864,0.546667
21865,0.603333
21866,0.793333
21867,0.816667
21868,0.613333
21869,0.636667
21870,0.613333
21871,0.56
21872,0.613333
21873,0.626667
21874,0.66
21875,0.863333
21876,0.89
21877,0.743333
21878,0.61
21879,0.736667
21880,0.526667
21881,0.75
21882,0.7
21883,0.73
21884,0.683333
21885,0.663333
21886,0.843333
21887,0.48
21888,0.756667
21889,0.95
21890,0.743333
21891,0.76
21892,0.89
21893,0.813333
21894,0.893333
21895,0.533333
21896,0.86
21897,0.74
21898,0.546667
21899,0.766667
21900,0.46
21901,0.953333
21902,0.896667
21903,0.926667
21904,0.893333
21905,0.516667
21906,0.66
21907,0.52
21908,0.67
21909,0.71
21910,0.763333
21911,0.566667
21912,0.933333
21913,0.81
21914,0.99
21915,0.496667
21916,0.81
21917,0.91
21918,0.96
21919,0.84
21920,0.456667
21921,0.58
21922,0.69
21923,0.833333
21924,0.756667
21925,0.706667
21926,0.616667
21927,0.703333
21928,0.896667
21929,0.63
21930,0.563333
21931,0.62
21932,0.976667
21933,0.39
21934,0.633333
21935,0.383333
21936,0.78
21937,0.71
21938,0.69
21939,0.646667
21940,0.956667
21941,0.603333
21942,0.833333
21943,0.386667
21944,0.87
21945,0.706667
21946,0.946667
21947,0.74
21948,0.826667
21949,0.753333
21950,0.79
21951,0.843333
21952,0.763333
21953,0.763333
21954,0.82
21955,0.69
21956,0.963333
21957,0.786667
21958,0.64
21959,0.726667
21960,0.41
21961,0.866667
21962,0.913333
21963,0.74
21964,0.66
21965,0.59
21966,0.653333
21967,0.483333
21968,0.83
21969,0.783333
21970,0.76
21971,0.826667
21972,0.75
21973,0.616667
21974,0.773333
21975,0.76
21976,0.596667
21977,0.663333
21978,0.806667
21979,0.843333
21980,0.633333
21981,0.89
21982,0.953333
21983,0.933333
21984,0.876667
21985,0.706667
21986,0.813333
21987,0.65
21988,0.803333
21989,0.66
21990,0.823333
21991,0.59
21992,0.753333
21993,0.753333
21994,0.853333
21995,0.62
21996,0.813333
21997,0.833333
21998,0.476667
21999,0.826667
22000,0.76
22001,0.766667
22002,0.406667
22003,0.743333
22004,0.676667
22005,0.843333
22006,0.41
22007,0.816667
22008,0.826667
22009,0.416667
22010,0.616667
22011,0.866667
22012,0.476667
22013,0.743333
22014,0.636667
22015,0.413333
22016,0.52
22017,0.913333
22018,0.856667
22019,0.836667
22020,0.863333
22021,0.803333
22022,0.686667
22023,0.576667
22024,0.86
22025,0.653333
22026,0.923333
22027,0.726667
22028,0.553333
22029,0.886667
22030,0.836667
22031,0.913333
22032,0.73
22033,0.65
22034,0.65
22035,0.356667
22036,0.636667
22037,0.806667
22038,0.656667
22039,0.616667
22040,0.876667
22041,0.786667
22042,0.94
22043,0.696667
22044,0.756667
22045,0.383333
22046,0.38
22047,0.82
22048,0.473333
22049,0.77
22050,0.763333
22051,0.93
22052,0.756667
22053,0.876667
22054,0.736667
22055,0.763333
22056,0.763333
22057,0.71
22058,0.853333
22059,0.956667
22060,0.76
22061,0.61
22062,0.796667
22063,0.643333
22064,0.87
22065,0.676667
22066,0.86
22067,0.4
22068,0.52
22069,0.876667
22070,1.0
22071,0.7
22072,0.643333
22073,0.51
22074,0.703333
22075,0.953333
22076,0.766667
22077,0.41
22078,0.356667
22079,0.65
22080,0.773333
22081,0.453333
22082,0.956667
22083,0.616667
22084,0.833333
22085,0.47
22086,0.853333
22087,0.776667
22088,0.703333
22089,0.833333
22090,0.853333
22091,0.98
22092,0.743333
22093,0.86
22094,0.836667
22095,0.846667
22096,0.776667
22097,0.863333
22098,0.973333
22099,0.87
22100,0.76
22101,0.31
22102,0.733333
22103,0.793333
22104,0.956667
22105,0.67
22106,0.646667
22107,0.61
22108,0.636667
22109,0.373333
22110,0.856667
22111,0.75
22112,0.983333
22113,0.36
22114,0.84
22115,0.09
22116,0.703333
22117,0.843333
22118,0.91
22119,0.633333
22120,0.573333
22121,0.79
22122,0.71
22123,0.686667
22124,0.486667
22125,0.526667
22126,0.763333
22127,0.736667
22128,0.83
22129,0.906667
22130,0.86
22131,0.646667
22132,0.976667
22133,0.976667
22134,0.516667
22135,0.69
22136,0.64
22137,0.293333
22138,0.756667
22139,0.733333
22140,0.79
22141,0.77
22142,0.906667
22143,0.456667
22144,0.623333
22145,0.413333
22146,0.913333
22147,0.666667
22148,0.893333
22149,0.683333
22150,0.816667
22151,0.97
22152,0.656667
22153,0.64
22154,0.686667
22155,0.623333
22156,0.863333
22157,0.38
22158,0.94
22159,0.7
22160,0.686667
22161,0.313333
22162,0.96
22163,0.453333
22164,0.886667
22165,0.963333
22166,0.943333
22167,0.623333
22168,0.693333
22169,0.693333
22170,0.663333
22171,0.723333
22172,0.823333
22173,0.583333
22174,0.856667
22175,0.723333
22176,0.81
22177,0.633333
22178,0.563333
22179,0.76
22180,0.69
22181,0.86
22182,0.646667
22183,0.856667
22184,0.536667
22185,0.723333
22186,0.573333
22187,0.723333
22188,0.863333
22189,0.36
22190,0.66
22191,0.43
22192,0.906667
22193,0.796667
22194,0.776667
22195,0.756667
22196,0.776667
22197,0.993333
22198,0.856667
22199,0.65
22200,0.766667
22201,0.873333
22202,0.866667
22203,0.536667
22204,0.756667
22205,0.583333
22206,0.96
22207,0.636667
22208,0.763333
22209,0.963333
22210,0.73
22211,0.646667
22212,0.773333
22213,0.766667
22214,0.746667
22215,0.686667
22216,0.873333
22217,0.786667
22218,0.69
22219,0.583333
22220,0.786667
22221,0.816667
22222,0.963333
22223,0.71
22224,0.816667
22225,0.533333
22226,0.836667
22227,0.9
22228,0.573333
22229,0.413333
22230,0.766667
22231,0.766111
22232,0.13
22233,0.266667
22234,0.536667
22235,0.93
22236,0.386667
22237,0.926667
22238,0.74
22239,0.703333
22240,0.473333
22241,0.933333
22242,0.826667
22243,0.68
22244,0.656667
22245,0.476667
22246,0.653333
22247,0.706667
22248,0.8
22249,0.796667
22250,0.643333
22251,0.76
22252,0.713333
22253,0.773333
22254,0.523333
22255,0.69
22256,0.43
22257,0.386667
22258,0.543333
22259,0.636667
22260,0.636667
22261,0.795714
22262,0.5
22263,0.756667
22264,0.863333
22265,0.726667
22266,0.306667
22267,0.653333
22268,0.586667
22269,0.986667
22270,0.76
22271,0.336667
22272,0.72
22273,0.733333
22274,0.77
22275,0.886667
22276,0.783333
22277,0.726667
22278,0.9
22279,0.56
22280,0.446667
22281,0.573333
22282,0.68
22283,0.933333
22284,0.703333
22285,0.78
22286,0.743333
22287,0.92
22288,0.473333
22289,0.773333
22290,0.463333
22291,0.41
22292,0.703333
22293,0.76
22294,0.683333
22295,0.873333
22296,0.87
22297,0.676667
22298,0.83
22299,0.666667
22300,0.893333
22301,0.82
22302,0.36
22303,0.746667
22304,0.573333
22305,0.63
22306,0.88
22307,0.596667
22308,0.656667
22309,0.716667
22310,0.926667
22311,0.41
22312,0.946667
22313,0.833333
22314,0.706667
22315,0.636667
22316,0.586667
22317,0.63
22318,0.633333
22319,0.776667
22320,0.61
22321,0.866667
22322,0.663333
22323,0.716667
22324,0.63
22325,0.62
22326,0.456667
22327,0.446667
22328,0.65
22329,0.736667
22330,0.9
22331,0.9
22332,0.726667
22333,0.636667
22334,0.77
22335,0.993333
22336,0.833333
22337,0.78
22338,0.73
22339,0.816667
22340,0.87
22341,0.83
22342,0.89
22343,0.38
22344,0.833333
22345,0.953333
22346,0.87
22347,0.956667
22348,0.726667
22349,0.936667
22350,0.656667
22351,0.68
22352,0.636667
22353,0.78
22354,0.87
22355,0.96
22356,0.76
22357,0.29
22358,0.54
22359,0.683333
22360,0.686667
22361,0.89
22362,0.803333
22363,0.726667
22364,0.85
22365,0.393333
22366,0.72
22367,0.656667
22368,0.83
22369,0.856667
22370,0.513333
22371,0.603333
22372,0.763333
22373,0.56
22374,0.613333
22375,0.736667
22376,0.75
22377,0.516667
22378,0.9
22379,0.86
22380,0.893333
22381,0.639218
22382,0.643333
22383,0.913333
22384,0.51
22385,0.53
22386,0.716667
22387,0.536667
22388,0.373333
22389,0.913333
22390,0.793333
22391,0.79
22392,0.816667
22393,0.63
22394,0.886667
22395,0.81
22396,0.646667
22397,0.86
22398,0.726667
22399,0.81
22400,0.656667
22401,0.746667
22402,0.256667
22403,0.95
22404,0.88
22405,0.59
22406,0.556667
22407,0.696667
22408,0.753333
22409,0.796667
22410,0.74
22411,0.87
22412,0.766667
22413,0.723333
22414,0.976667
22415,0.89
22416,0.89
22417,0.62
22418,0.843333
22419,0.693333
22420,0.74
22421,0.483333
22422,0.436667
22423,0.813333
22424,0.886667
22425,0.29
22426,0.753333
22427,0.656667
22428,0.696667
22429,0.676667
22430,0.796667
22431,0.716667
22432,0.71
22433,0.903333
22434,0.656667
22435,0.853333
22436,0.836667
22437,0.796667
22438,0.74
22439,0.406667
22440,0.99
22441,0.54
22442,0.853333
22443,0.87
22444,0.413333
22445,0.666667
22446,0.296667
22447,0.66
22448,0.693333
22449,0.373333
22450,0.523333
22451,0.793333
22452,0.666667
22453,0.453333
22454,0.656667
22455,0.803333
22456,0.646667
22457,0.686667
22458,0.883333
22459,0.986667
22460,0.543333
22461,0.51
22462,0.826667
22463,0.493333
22464,0.606667
22465,0.736667
22466,0.653333
22467,0.686667
22468,0.98
22469,0.963333
22470,0.783333
22471,0.95
22472,0.443333
22473,0.83
22474,0.906667
22475,0.703333
22476,0.646667
22477,0.7
22478,0.643333
22479,0.91
22480,0.723333
22481,0.846667
22482,0.68
22483,0.733333
22484,0.71
22485,0.64
22486,0.806667
22487,0.713333
22488,0.733333
22489,0.71
22490,0.413333
22491,0.816667
22492,0.326667
22493,0.613333
22494,0.93
22495,0.953333
22496,0.77
22497,0.93
22498,0.426667
22499,0.656667
22500,0.626667
22501,0.803333
22502,0.856667
22503,0.16
22504,0.793333
22505,0.826667
22506,0.736667
22507,0.533333
22508,0.586667
22509,0.873333
22510,0.836667
22511,0.63
22512,0.733333
22513,0.92
22514,0.666667
22515,0.86
22516,0.936667
22517,0.63
22518,0.753333
22519,0.943333
22520,0.563333
22521,0.96
22522,0.416667
22523,0.603333
22524,0.956667
22525,0.843333
22526,0.83
22527,0.63
22528,0.413333
22529,0.56
22530,0.693333
22531,0.913333
22532,0.626667
22533,0.91
22534,0.896667
22535,0.71
22536,0.803333
22537,0.816667
22538,0.683333
22539,0.92
22540,0.713333
22541,0.806667
22542,0.753333
22543,0.806667
22544,0.6
22545,0.533333
22546,0.866667
22547,0.796667
22548,0.603333
22549,0.88
22550,0.963333
22551,0.656667
22552,0.636667
22553,0.733333
22554,0.916667
22555,0.696667
22556,0.87
22557,0.85
22558,0.663333
22559,0.466667
22560,0.9
22561,0.64
22562,0.9
22563,0.396667
22564,0.783333
22565,0.313333
22566,0.826667
22567,0.793333
22568,0.976667
22569,0.76
22570,0.713333
22571,0.723333
22572,0.65
22573,0.096667
22574,0.703333
22575,0.646667
22576,0.26
22577,0.74
22578,0.81
22579,0.783333
22580,0.843333
22581,0.723333
22582,0.636667
22583,0.72
22584,0.526667
22585,0.79
22586,0.936667
22587,0.596667
22588,0.883333
22589,0.7
22590,0.8
22591,0.78
22592,0.786667
22593,0.866667
22594,0.673333
22595,0.963333
22596,0.753333
22597,0.833333
22598,0.5
22599,0.823333
22600,0.913333
22601,0.516667
22602,0.703333
22603,0.656667
22604,0.933333
22605,0.686667
22606,0.776667
22607,0.896667
22608,0.573333
22609,0.636667
22610,0.346667
22611,0.776667
22612,0.883333
22613,0.4
22614,0.733333
22615,0.3
22616,0.456667
22617,0.976667
22618,0.583333
22619,0.61
22620,0.496667
22621,0.696667
22622,0.62
22623,0.746667
22624,0.83
22625,0.63
22626,0.77
22627,0.946667
22628,0.856237
22629,0.67
22630,0.786667
22631,0.85
22632,0.263333
22633,0.903333
22634,0.903333
22635,0.84
22636,0.406667
22637,0.933333
22638,0.573333
22639,0.543333
22640,0.723333
22641,0.473333
22642,0.696667
22643,0.74
22644,0.92
22645,0.97
22646,0.133333
22647,0.833333
22648,0.746667
22649,0.51
22650,0.42
22651,0.73
22652,0.756667
22653,0.673333
22654,0.97
22655,0.696667
22656,0.696667
22657,0.813333
22658,0.806667
22659,0.706667
22660,0.51
22661,0.626667
22662,0.473333
22663,0.686667
22664,0.643333
22665,0.893333
22666,0.486667
22667,0.3
22668,0.91
22669,0.65
22670,0.643333
22671,0.72
22672,0.633333
22673,0.926667
22674,0.85
22675,0.833333
22676,0.623333
22677,0.886667
22678,0.73
22679,0.95
22680,0.826667
22681,0.746667
22682,0.383333
22683,0.706028
22684,0.643333
22685,0.856667
22686,0.776667
22687,0.463333
22688,0.68
22689,0.99
22690,0.296667
22691,0.66
22692,0.71
22693,0.983333
22694,0.723333
22695,0.83
22696,0.306667
22697,0.143333
22698,0.636667
22699,0.736667
22700,0.93
22701,0.796667
22702,0.343333
22703,0.846667
22704,0.586667
22705,0.296667
22706,0.933333
22707,0.423333
22708,0.446667
22709,0.676667
22710,0.996667
22711,0.603333
22712,0.523333
22713,0.85
22714,0.77
22715,0.356667
22716,0.73
22717,0.716667
22718,0.156667
22719,0.616667
22720,0.98
22721,0.736667
22722,0.62
22723,0.83
22724,0.83
22725,0.386667
22726,0.903333
22727,0.646667
22728,0.71
22729,0.94
22730,0.836667
22731,0.73
22732,0.82
22733,0.726667
22734,0.4
22735,0.54
22736,0.496667
22737,0.683333
22738,0.71
22739,0.766667
22740,0.696667
22741,0.766667
22742,0.813333
22743,0.576667
22744,0.706667
22745,0.683333
22746,0.91
22747,0.665885
22748,0.82
22749,0.81
22750,0.716667
22751,0.703333
22752,0.516667
22753,0.756667
22754,0.893333
22755,0.873333
22756,0.56
22757,0.6
22758,0.836667
22759,0.953333
22760,0.713333
22761,0.73
22762,0.786667
22763,0.43
22764,0.59
22765,0.766667
22766,0.73
22767,0.78
22768,0.9
22769,0.86
22770,0.646667
22771,0.733333
22772,0.576667
22773,0.636667
22774,0.85
22775,0.55
22776,0.763333
22777,0.886667
22778,0.486667
22779,0.953333
22780,0.91
22781,0.616667
22782,0.626667
22783,0.84
22784,0.68
22785,0.73
22786,0.806667
22787,0.383333
22788,0.876667
22789,0.346667
22790,0.783333
22791,0.434762
22792,0.833333
22793,0.883333
22794,0.523333
22795,0.783333
22796,0.56
22797,0.463333
22798,0.203333
22799,0.683333
22800,0.836667
22801,0.926667
22802,0.706667
22803,0.73
22804,0.456667
22805,0.57
22806,0.753333
22807,0.613333
22808,0.966667
22809,0.84
22810,0.973333
22811,0.763333
22812,0.46
22813,0.713333
22814,0.536667
22815,0.25
22816,0.63
22817,0.63
22818,0.756667
22819,0.633333
22820,0.856667
22821,0.773333
22822,0.846667
22823,0.786667
22824,0.753333
22825,0.823333
22826,0.836667
22827,0.64
22828,0.816667
22829,0.956667
22830,0.486667
22831,0.92
22832,0.72
22833,0.543333
22834,0.46
22835,0.29
22836,0.193333
22837,0.716667
22838,0.586667
22839,0.66
22840,0.653333
22841,0.916667
22842,0.423333
22843,0.91
22844,0.73
22845,0.783333
22846,0.916667
22847,0.666667
22848,0.783333
22849,0.766667
22850,0.82
22851,0.82
22852,0.563333
22853,0.97
22854,0.526667
22855,0.77
22856,0.566667
22857,0.383333
22858,0.543333
22859,0.853333
22860,0.893333
22861,0.933333
22862,0.62
22863,0.606667
22864,0.873333
22865,0.843333
22866,0.633333
22867,0.876667
22868,0.82
22869,0.876667
22870,0.41
22871,0.73
22872,0.666667
22873,0.696667
22874,0.37
22875,0.45
22876,0.913333
22877,0.403333
22878,0.673333
22879,0.936667
22880,0.87
22881,0.436667
22882,0.893333
22883,0.72
22884,0.446667
22885,0.91
22886,0.63
22887,0.513333
22888,0.616667
22889,0.54
22890,0.906667
22891,0.846667
22892,0.793333
22893,0.43
22894,0.793333
22895,0.62
22896,0.75
22897,0.89
22898,0.74
22899,0.83
22900,0.773333
22901,0.81
22902,0.83
22903,0.566667
22904,0.716667
22905,0.636667
22906,0.67
22907,0.676667
22908,0.69
22909,0.31
22910,0.843333
22911,0.733333
22912,0.656667
22913,0.693333
22914,0.603333
22915,0.43
22916,0.8
22917,0.42
22918,0.566667
22919,0.763333
22920,0.723333
22921,0.693333
22922,0.786667
22923,0.793333
22924,0.526667
22925,0.646667
22926,0.366667
22927,0.82
22928,0.88
22929,0.403333
22930,0.62
22931,0.716667
22932,0.41
22933,0.536667
22934,0.47
22935,0.646667
22936,0.71
22937,0.786667
22938,0.58
22939,0.78
22940,0.593333
22941,0.856667
22942,0.823333
22943,0.636667
22944,0.64
22945,0.49
22946,0.732695
22947,0.803333
22948,0.496667
22949,0.823333
22950,0.75
22951,0.75
22952,0.796667
22953,0.756667
22954,0.543333
22955,0.716667
22956,0.93
22957,0.586667
22958,0.56
22959,0.603333
22960,0.406667
22961,0.45
22962,0.766667
22963,0.763333
22964,0.646667
22965,0.853333
22966,0.646667
22967,0.59
22968,0.603333
22969,0.516667
22970,0.806667
22971,0.816667
22972,0.876667
22973,0.886667
22974,0.966667
22975,0.853333
22976,0.99
22977,0.143333
22978,0.696667
22979,0.573333
22980,0.903333
22981,0.813333
22982,0.95
22983,0.95
22984,0.606667
22985,0.79
22986,0.263889
22987,0.673333
22988,0.41
22989,0.876667
22990,0.666667
22991,0.746667
22992,0.69
22993,0.903333
22994,0.893333
22995,0.77
22996,0.916667
22997,0.683333
22998,0.69
22999,0.74
23000,0.456667
23001,0.69
23002,0.62
23003,0.653333
23004,0.803333
23005,0.29
23006,0.623333
23007,0.553333
23008,0.573333
23009,0.513333
23010,0.673333
23011,0.68
23012,0.53
23013,0.613333
23014,0.933333
23015,0.82
23016,0.746667
23017,0.893333
23018,0.686667
23019,0.69
23020,0.683333
23021,0.893333
23022,0.686667
23023,0.953333
23024,0.74
23025,0.796667
23026,0.906667
23027,0.74
23028,0.816667
23029,0.54
23030,0.87
23031,0.943333
23032,0.726667
23033,0.81
23034,0.82
23035,0.526667
23036,0.913333
23037,0.433333
23038,0.83
23039,0.41
23040,0.783333
23041,0.32
23042,0.23
23043,0.826667
23044,0.749524
23045,0.913333
23046,0.806667
23047,0.69
23048,0.906667
23049,0.653333
23050,0.673333
23051,0.633333
23052,0.873333
23053,0.7
23054,0.656667
23055,0.803333
23056,0.893333
23057,0.793333
23058,0.956667
23059,0.663333
23060,0.83
23061,0.736667
23062,0.86
23063,0.82
23064,0.756667
23065,0.866667
23066,0.636667
23067,0.743333
23068,0.666667
23069,0.766667
23070,0.663333
23071,0.613333
23072,0.496667
23073,0.733333
23074,0.5
23075,0.256667
23076,0.76
23077,0.816667
23078,0.913333
23079,0.93
23080,0.623333
23081,0.54
23082,0.913333
23083,0.756667
23084,0.623333
23085,0.703333
23086,0.286667
23087,0.806667
23088,0.673333
23089,0.643333
23090,0.466667
23091,0.86
23092,0.436667
23093,0.316667
23094,0.903333
23095,0.56
23096,0.866667
23097,0.933333
23098,0.806667
23099,0.66
23100,0.803333
23101,0.43
23102,0.356667
23103,0.78
23104,0.95
23105,0.823333
23106,0.753333
23107,0.903333
23108,0.536667
23109,0.756667
23110,0.706667
23111,0.566667
23112,0.696667
23113,0.51
23114,0.77
23115,0.73
23116,0.59
23117,0.573333
23118,0.476667
23119,0.713333
23120,0.513333
23121,0.49
23122,0.68
23123,0.743333
23124,0.803333
23125,0.886667
23126,0.746667
23127,0.723333
23128,0.8
23129,0.62
23130,0.79
23131,0.916667
23132,0.92
23133,0.666667
23134,0.973333
23135,0.66
23136,0.756667
23137,0.516667
23138,0.66
23139,0.913333
23140,0.896667
23141,0.783333
23142,0.633333
23143,0.663333
23144,0.82
23145,0.663333
23146,0.663333
23147,0.62
23148,0.556667
23149,0.283333
23150,0.476667
23151,0.84
23152,0.76
23153,0.94
23154,0.746667
23155,0.27
23156,0.633333
23157,0.863333
23158,0.61
23159,0.67
23160,0.78
23161,0.72
23162,0.93
23163,0.403333
23164,0.726667
23165,0.68
23166,0.886667
23167,0.966667
23168,0.893333
23169,0.746667
23170,0.513333
23171,0.636463
23172,0.933333
23173,0.946667
23174,0.923333
23175,0.693333
23176,0.753333
23177,0.876667
23178,0.669218
23179,0.786667
23180,0.606667
23181,0.763333
23182,0.93
23183,0.53
23184,0.476667
23185,0.443333
23186,0.883333
23187,0.626667
23188,0.873333
23189,0.573333
23190,0.833333
23191,0.653333
23192,0.49
23193,0.373333
23194,0.45
23195,0.763333
23196,0.616667
23197,0.936667
23198,0.696667
23199,0.7
23200,0.5
23201,0.893333
23202,0.63
23203,0.84
23204,0.72
23205,0.47
23206,0.47
23207,0.676667
23208,0.336667
23209,0.783333
23210,0.483333
23211,0.243333
23212,0.793333
23213,0.616667
23214,0.78
23215,0.84
23216,0.706667
23217,0.736667
23218,0.603333
23219,0.676667
23220,0.723333
23221,0.846667
23222,0.92
23223,0.716667
23224,0.676667
23225,0.81
23226,0.7
23227,0.893333
23228,0.896667
23229,0.546667
23230,0.563333
23231,0.65
23232,0.79
23233,0.906667
23234,0.716667
23235,0.423333
23236,0.876667
23237,0.553333
23238,0.683333
23239,0.71
23240,0.92
23241,0.75
23242,0.92
23243,0.51
23244,0.863333
23245,0.39
23246,0.633333
23247,0.673333
23248,0.636667
23249,0.663333
23250,0.89
23251,0.806667
23252,0.806667
23253,0.836667
23254,0.783333
23255,0.833333
23256,0.916667
23257,0.83
23258,0.833333
23259,0.713333
23260,0.743333
23261,0.99
23262,0.64
23263,0.693333
23264,0.913333
23265,0.886667
23266,0.806667
23267,0.643333
23268,0.786667
23269,0.9
23270,0.876667
23271,0.516667
23272,0.783333
23273,0.786667
23274,0.406667
23275,0.78
23276,0.536667
23277,0.42
23278,0.51
23279,0.723333
23280,0.393333
23281,0.576667
23282,0.813333
23283,0.656667
23284,0.86
23285,0.77
23286,0.89
23287,0.53
23288,0.796667
23289,0.396667
23290,0.603333
23291,0.623333
23292,0.876667
23293,0.746667
23294,0.85
23295,0.59
23296,0.796667
23297,0.883333
23298,0.456667
23299,0.566667
23300,0.523333
23301,0.79
23302,0.756667
23303,0.75
23304,0.816667
23305,0.76
23306,0.633333
23307,0.743333
23308,0.49
23309,0.886667
23310,0.99
23311,0.696667
23312,0.66
23313,0.81
23314,0.56
23315,0.903333
23316,0.586667
23317,0.876667
23318,0.76
23319,0.613333
23320,0.673333
23321,0.87
23322,0.703333
23323,0.686667
23324,0.526667
23325,0.59
23326,0.456667
23327,0.783333
23328,0.633333
23329,0.96
23330,0.516667
23331,0.71
23332,0.73
23333,0.726667
23334,0.763333
23335,0.613333
23336,0.87
23337,0.403333
23338,0.676667
23339,0.686667
23340,0.62
23341,0.616667
23342,0.38
23343,0.94
23344,0.953333
23345,0.293333
23346,0.543333
23347,0.484545
23348,0.953333
23349,0.606667
23350,0.59
23351,0.75
23352,0.673333
23353,0.743333
23354,0.78
23355,0.543333
23356,0.946667
23357,0.616667
23358,0.886667
23359,0.756667
23360,0.766667
23361,0.823333
23362,0.763333
23363,0.983333
23364,0.503333
23365,0.56
23366,0.473333
23367,0.95
23368,0.86
23369,0.586667
23370,0.863333
23371,0.533333
23372,0.45
23373,0.84
23374,0.656667
23375,0.953333
23376,0.793333
23377,0.766667
23378,0.866667
23379,0.373333
23380,0.69
23381,0.623333
23382,0.43
23383,0.326667
23384,0.723333
23385,0.766667
23386,0.573333
23387,0.766667
23388,0.943333
23389,0.836667
23390,0.6
23391,0.92
23392,0.413333
23393,0.82
23394,0.796667
23395,0.88
23396,0.443333
23397,0.716667
23398,0.56
23399,0.816667
23400,0.656667
23401,0.45
23402,0.52
23403,0.456667
23404,0.26
23405,0.86
23406,0.653333
23407,0.606667
23408,0.63
23409,0.666667
23410,0.85
23411,0.853333
23412,0.663333
23413,0.966667
23414,0.53
23415,0.64
23416,0.79
23417,0.866667
23418,0.466667
23419,0.853333
23420,0.416667
23421,0.76
23422,0.833333
23423,0.416667
23424,0.21
23425,0.69
23426,0.89
23427,0.79
23428,0.736667
23429,0.913333
23430,0.926667
23431,0.56
23432,0.446667
23433,0.856667
23434,0.696667
23435,0.836667
23436,0.78
23437,0.763333
23438,0.806667
23439,0.816667
23440,0.716667
23441,0.996667
23442,0.863333
23443,0.753333
23444,0.763333
23445,0.93
23446,0.46
23447,0.733333
23448,0.603333
23449,0.476667
23450,0.653333
23451,0.556667
23452,0.783333
23453,0.8
23454,0.63
23455,0.876667
23456,0.833333
23457,0.853333
23458,0.523333
23459,0.43
23460,0.83
23461,0.946667
23462,0.96
23463,0.96
23464,0.863333
23465,0.863333
23466,0.753333
23467,0.636667
23468,0.726667
23469,0.673333
23470,0.91
23471,0.566667
23472,0.68
23473,0.62
23474,0.486667
23475,0.8
23476,0.876667
23477,0.46
23478,0.75
23479,0.42
23480,0.846667
23481,0.596667
23482,0.683333
23483,0.85
23484,0.903333
23485,0.976667
23486,0.9
23487,0.67
23488,0.856667
23489,0.486667
23490,0.83
23491,0.693333
23492,0.83
23493,0.74
23494,0.96
23495,0.8
23496,0.583333
23497,0.67
23498,0.8
23499,0.803333
23500,0.933333
23501,0.583333
23502,0.663333
23503,0.603333
23504,0.606667
23505,0.723333
23506,0.796667
23507,0.966667
23508,0.73
23509,0.98
23510,0.716667
23511,0.646667
23512,0.773333
23513,0.946667
23514,0.88
23515,0.57
23516,0.646667
23517,0.63
23518,0.81
23519,0.636667
23520,0.703333
23521,0.68
23522,0.503333
23523,0.593333
23524,0.863333
23525,0.59
23526,0.736667
23527,0.3
23528,0.86
23529,0.743333
23530,0.986667
23531,0.706667
23532,0.896667
23533,0.756667
23534,0.72
23535,0.776667
23536,0.713333
23537,0.593333
23538,0.713333
23539,0.45
23540,0.776667
23541,0.71
23542,0.72
23543,0.673333
23544,0.866667
23545,0.793333
23546,0.906667
23547,0.373333
23548,0.663333
23549,0.886667
23550,0.726667
23551,0.76
23552,0.846667
23553,0.963333
23554,0.37
23555,0.49
23556,0.79
23557,0.433333
23558,0.746667
23559,0.876667
23560,0.75
23561,0.77
23562,0.933333
23563,0.726667
23564,0.83
23565,0.956667
23566,0.933333
23567,0.693333
23568,0.613333
23569,0.9
23570,0.83
23571,0.733333
23572,0.83
23573,0.753333
23574,0.846667
23575,0.783333
23576,0.563333
23577,0.543333
23578,0.626667
23579,0.713333
23580,0.636667
23581,0.953333
23582,0.72
23583,0.85
23584,0.33
23585,0.49
23586,0.66
23587,0.36
23588,0.646667
23589,0.39
23590,0.723333
23591,0.846667
23592,0.673333
23593,0.526667
23594,0.803333
23595,0.483333
23596,0.57
23597,0.713333
23598,0.73
23599,0.75
23600,0.846667
23601,0.813333
23602,0.65
23603,0.896667
23604,0.616667
23605,0.79
23606,0.67
23607,0.346667
23608,0.93
23609,0.68
23610,0.95
23611,0.836667
23612,0.833333
23613,0.836667
23614,0.706667
23615,0.76
23616,0.636667
23617,0.876667
23618,0.596667
23619,0.75
23620,0.53
23621,0.596667
23622,0.836667
23623,0.706667
23624,0.743333
23625,0.69
23626,0.753333
23627,0.966667
23628,0.83
23629,0.45
23630,0.623333
23631,0.856667
23632,0.73
23633,0.67
23634,0.953333
23635,0.65
23636,0.446667
23637,0.313333
23638,0.623333
23639,0.88
23640,0.55
23641,0.866667
23642,0.903333
23643,0.806667
23644,0.566667
23645,0.693333
23646,0.746667
23647,0.726667
23648,0.696667
23649,0.346667
23650,0.736667
23651,0.773333
23652,0.806667
23653,0.9
23654,0.726667
23655,0.55
23656,0.723333
23657,0.716667
23658,0.49
23659,0.453333
23660,0.516667
23661,0.85
23662,0.75
23663,0.463333
23664,0.893333
23665,0.953333
23666,0.586667
23667,0.493333
23668,0.466667
23669,0.936667
23670,0.666667
23671,0.573333
23672,0.903333
23673,0.416667
23674,0.693333
23675,0.506667
23676,0.903333
23677,0.136667
23678,0.65
23679,0.556667
23680,0.84
23681,0.696667
23682,0.553333
23683,0.57
23684,0.92
23685,0.613333
23686,0.746667
23687,0.513333
23688,0.72
23689,0.546667
23690,0.786667
23691,0.6
23692,0.68
23693,0.796667
23694,0.656667
23695,0.846667
23696,0.753333
23697,0.72
23698,0.423333
23699,0.896667
23700,0.746667
23701,0.91
23702,0.75
23703,0.89
23704,0.883333
23705,0.53
23706,0.673333
23707,0.773333
23708,0.356667
23709,0.406667
23710,0.57
23711,0.966667
23712,0.83
23713,0.693333
23714,0.836667
23715,0.71
23716,0.773333
23717,0.496667
23718,0.703333
23719,0.386667
23720,0.816667
23721,0.953333
23722,0.683333
23723,0.786667
23724,0.91
23725,0.8
23726,0.49
23727,0.826667
23728,0.336667
23729,0.526667
23730,0.503333
23731,0.673333
23732,0.533333
23733,0.523333
23734,0.79
23735,0.44
23736,0.693333
23737,0.683333
23738,0.183333
23739,0.96
23740,0.803333
23741,0.17
23742,0.623333
23743,0.591556
23744,0.676667
23745,0.576667
23746,0.666667
23747,0.533333
23748,0.743333
23749,0.84
23750,0.49
23751,0.75
23752,0.84
23753,0.886667
23754,0.796667
23755,0.643333
23756,0.976667
23757,0.663333
23758,0.473333
23759,0.95
23760,0.963333
23761,0.413333
23762,0.826667
23763,0.85
23764,0.793333
23765,0.903333
23766,0.633333
23767,0.65
23768,0.326667
23769,0.593333
23770,0.726667
23771,0.28
23772,0.716667
23773,0.89
23774,0.576667
23775,0.97
23776,0.763333
23777,0.73
23778,0.593333
23779,0.8
23780,0.666667
23781,0.53
23782,0.806667
23783,0.946667
23784,0.666667
23785,0.573333
23786,0.686667
23787,0.79
23788,0.543333
23789,0.846667
23790,0.91
23791,0.53
23792,0.306667
23793,0.48
23794,0.703333
23795,0.63
23796,0.503333
23797,0.413333
23798,0.146667
23799,0.653333
23800,0.76
23801,0.89
23802,0.59
23803,0.89
23804,0.693333
23805,0.893333
23806,0.776667
23807,0.756667
23808,0.763333
23809,0.943333
23810,0.633333
23811,0.926667
23812,0.526667
23813,0.743333
23814,0.866667
23815,0.73
23816,0.586667
23817,0.713333
23818,0.986667
23819,0.92
23820,0.613333
23821,0.783333
23822,0.623333
23823,0.72
23824,0.576667
23825,0.903333
23826,0.77
23827,0.776667
23828,0.776667
23829,0.646667
23830,0.88
23831,0.653333
23832,0.54
23833,0.573333
23834,0.426667
23835,0.96
23836,0.586667
23837,0.666667
23838,0.356667
23839,0.653333
23840,0.906667
23841,0.7
23842,0.856667
23843,0.866667
23844,0.963333
23845,0.79
23846,0.866667
23847,0.83
23848,0.696667
23849,0.65
23850,0.66
23851,0.45
23852,0.84
23853,0.68
23854,0.6
23855,0.693333
23856,0.913333
23857,0.71
23858,0.713333
23859,0.666667
23860,0.936667
23861,0.7
23862,0.693333
23863,0.796667
23864,0.72
23865,0.906667
23866,0.636667
23867,0.583333
23868,0.96
23869,0.49
23870,0.613333
23871,0.603333
23872,0.94
23873,0.193333
23874,0.8
23875,0.746667
23876,0.653333
23877,0.603333
23878,0.703333
23879,0.94
23880,0.983333
23881,0.843333
23882,0.46
23883,0.536667
23884,0.77
23885,0.616667
23886,0.683333
23887,0.9
23888,0.886667
23889,0.39
23890,0.733333
23891,0.8
23892,0.613333
23893,0.83
23894,0.446667
23895,0.683333
23896,0.69
23897,0.883333
23898,0.8
23899,0.96
23900,0.743333
23901,0.9
23902,0.85
23903,0.726667
23904,0.876667
23905,0.923333
23906,0.41
23907,0.71
23908,0.716667
23909,0.46
23910,0.566667
23911,0.873333
23912,0.306667
23913,0.51
23914,0.523333
23915,0.733333
23916,0.706667
23917,0.71
23918,0.813333
23919,0.523333
23920,0.633333
23921,0.94
23922,0.763333
23923,0.28
23924,0.97
23925,0.736667
23926,0.77
23927,0.636667
23928,0.7
23929,0.696667
23930,0.923333
23931,0.806667
23932,0.523333
23933,0.593333
23934,0.666667
23935,0.383333
23936,0.906667
23937,0.833333
23938,0.65
23939,0.54
23940,0.243333
23941,0.773333
23942,0.706667
23943,0.643333
23944,0.683333
23945,0.95
23946,0.65
23947,0.816667
23948,0.57
23949,0.926667
23950,0.656667
23951,0.61
23952,0.776667
23953,0.373333
23954,0.593333
23955,0.98
23956,0.52
23957,0.783333
23958,0.953333
23959,0.756667
23960,0.973333
23961,0.713333
23962,0.596667
23963,0.673333
23964,0.576667
23965,0.736667
23966,0.953333
23967,0.833333
23968,0.45
23969,0.436667
23970,0.683333
23971,0.78
23972,0.896667
23973,0.696667
23974,0.853333
23975,0.643333
23976,0.63
23977,0.643333
23978,0.873333
23979,0.943333
23980,0.74
23981,0.976667
23982,0.656667
23983,0.466667
23984,0.59
23985,0.453333
23986,0.693333
23987,0.776667
23988,0.636667
23989,0.326667
23990,0.793333
23991,0.776667
23992,0.756667
23993,0.82
23994,0.646667
23995,0.863333
23996,0.963333
23997,0.783333
23998,0.806667
23999,0.723333
24000,0.6
24001,0.613333
24002,0.763333
24003,0.603333
24004,0.863333
24005,0.51
24006,0.95
24007,0.806667
24008,0.9
24009,0.7
24010,0.803333
24011,0.666667
24012,0.76
24013,0.656667
24014,0.843333
24015,0.866667
24016,0.316667
24017,0.663333
24018,0.37
24019,0.443333
24020,0.763333
24021,0.513333
24022,0.926667
24023,0.79
24024,0.87
24025,0.533333
24026,0.643333
24027,0.96
24028,0.626667
24029,0.563333
24030,0.663333
24031,0.866667
24032,0.203333
24033,0.5
24034,0.35
24035,0.733333
24036,0.69
24037,0.353333
24038,0.746667
24039,0.563333
24040,0.28
24041,0.586667
24042,0.67
24043,0.906667
24044,0.8
24045,0.86
24046,0.896667
24047,0.773333
24048,0.83
24049,0.693333
24050,0.54
24051,0.726667
24052,0.763333
24053,0.853333
24054,0.486667
24055,0.72
24056,0.866667
24057,0.933333
24058,0.536667
24059,0.896667
24060,0.77
24061,0.8
24062,0.776667
24063,0.946667
24064,0.576667
24065,0.623333
24066,0.56
24067,0.713333
24068,0.596667
24069,0.586667
24070,0.55
24071,0.643333
24072,0.83
24073,0.883333
24074,0.916667
24075,0.773333
24076,0.923333
24077,0.5
24078,0.506667
24079,0.89
24080,0.68
24081,0.74
24082,0.806667
24083,0.24
24084,0.79
24085,0.286667
24086,0.743333
24087,0.303333
24088,0.686667
24089,0.946667
24090,0.556667
24091,0.563333
24092,0.48
24093,0.826667
24094,0.57
24095,0.933333
24096,0.753333
24097,0.746667
24098,0.513333
24099,0.683333
24100,0.803333
24101,0.713333
24102,0.503333
24103,0.723333
24104,0.696667
24105,0.476667
24106,0.786667
24107,0.85
24108,0.943333
24109,0.706667
24110,0.456667
24111,0.656667
24112,0.966667
24113,0.7
24114,0.716667
24115,0.756667
24116,0.586667
24117,0.823333
24118,0.716667
24119,0.74
24120,0.443333
24121,0.605885
24122,0.69
24123,0.856667
24124,0.586667
24125,0.686667
24126,0.74
24127,0.753333
24128,0.726667
24129,0.97
24130,0.833333
24131,0.62
24132,0.66
24133,0.443333
24134,0.76
24135,0.683333
24136,0.6
24137,0.65
24138,0.393333
24139,0.8
24140,0.71
24141,0.726667
24142,0.92
24143,0.933333
24144,0.77
24145,0.686667
24146,0.916667
24147,0.816667
24148,0.883333
24149,0.926667
24150,0.796667
24151,0.653333
24152,0.763333
24153,0.763333
24154,0.97
24155,0.823333
24156,0.66
24157,0.816667
24158,0.796667
24159,0.786667
24160,0.683333
24161,0.93
24162,0.43
24163,0.683333
24164,0.603333
24165,0.923333
24166,0.336667
24167,0.64
24168,0.676667
24169,0.846667
24170,0.763333
24171,0.943333
24172,0.886667
24173,0.936667
24174,0.64
24175,0.843333
24176,0.95
24177,0.956667
24178,0.813333
24179,0.366667
24180,0.743333
24181,0.843333
24182,0.593333
24183,0.343333
24184,0.566667
24185,0.406667
24186,0.789333
24187,0.92
24188,0.606667
24189,0.78
24190,0.773333
24191,0.656667
24192,0.73
24193,0.92
24194,0.496667
24195,0.586667
24196,0.636667
24197,0.81
24198,0.94
24199,0.763333
24200,0.786667
24201,0.726667
24202,0.92
24203,0.84
24204,0.613333
24205,0.806667
24206,0.486667
24207,0.696667
24208,0.66
24209,0.743333
24210,0.726667
24211,0.916667
24212,0.81
24213,0.48
24214,0.69
24215,0.893333
24216,0.623333
24217,0.77
24218,0.71
24219,0.833333
24220,0.866667
24221,0.716667
24222,0.56
24223,0.586667
24224,0.626667
24225,0.946667
24226,0.83
24227,0.743333
24228,0.54
24229,0.653333
24230,0.856667
24231,0.636667
24232,0.796667
24233,0.906667
24234,0.636667
24235,0.703333
24236,0.843333
24237,0.703333
24238,0.456667
24239,0.796667
24240,0.416667
24241,0.583333
24242,0.776667
24243,0.99
24244,0.276667
24245,0.68
24246,0.933333
24247,0.82
24248,0.47
24249,0.883333
24250,0.516667
24251,0.8
24252,0.786667
24253,0.543333
24254,0.83
24255,0.673333
24256,0.63
24257,0.48
24258,0.893333
24259,0.73
24260,0.453333
24261,0.753333
24262,0.596667
24263,0.87
24264,0.713333
24265,0.7
24266,0.463333
24267,0.68
24268,0.793333
24269,0.683333
24270,0.92
24271,0.78
24272,0.69
24273,0.8
24274,0.57
24275,0.493333
24276,0.506667
24277,0.906667
24278,0.966667
24279,0.946667
24280,0.626667
24281,0.926667
24282,0.91
24283,0.816667
24284,0.663333
24285,0.73
24286,0.876667
24287,0.73
24288,0.75
24289,0.703333
24290,0.596667
24291,0.553333
24292,0.883333
24293,0.713333
24294,0.646667
24295,0.58
24296,0.696667
24297,0.69
24298,0.733333
24299,0.853333
24300,0.84
24301,0.75
24302,0.45
24303,0.393333
24304,0.573333
24305,0.643333
24306,0.893333
24307,0.8
24308,0.586667
24309,0.4
24310,0.92
24311,0.37
24312,0.863333
24313,0.756667
24314,0.656667
24315,0.643333
24316,0.58
24317,0.85
24318,0.593333
24319,0.386667
24320,0.393333
24321,0.52
24322,0.593333
24323,0.853333
24324,0.883333
24325,0.54
24326,0.263333
24327,0.623333
24328,0.653333
24329,0.836667
24330,0.713333
24331,0.8
24332,0.85
24333,0.446667
24334,0.436667
24335,0.803333
24336,0.553333
24337,0.793333
24338,0.386667
24339,0.83
24340,0.933333
24341,0.706667
24342,0.77
24343,0.533333
24344,0.723333
24345,0.48
24346,0.436667
24347,0.586667
24348,0.413333
24349,0.633333
24350,0.663333
24351,0.516667
24352,0.69
24353,0.806667
24354,0.556667
24355,0.633333
24356,0.973333
24357,0.903333
24358,0.886667
24359,0.156667
24360,0.923333
24361,0.706667
24362,0.63
24363,0.66
24364,0.613333
24365,0.446667
24366,0.61
24367,0.443333
24368,0.716667
24369,0.616667
24370,0.743333
24371,0.796667
24372,0.653333
24373,0.88
24374,0.746667
24375,0.326667
24376,0.546667
24377,0.683333
24378,0.9
24379,0.786667
24380,0.906667
24381,0.78
24382,0.55
24383,0.545833
24384,0.743333
24385,0.69
24386,0.463333
24387,0.61
24388,0.45
24389,0.636667
24390,0.733333
24391,0.526667
24392,0.863333
24393,0.543333
24394,0.783333
24395,0.966667
24396,0.896667
24397,0.77
24398,0.86
24399,0.806667
24400,0.68
24401,0.44
24402,0.606667
24403,0.56
24404,0.603333
24405,0.82
24406,0.466667
24407,0.88
24408,0.593333
24409,0.883333
24410,0.656667
24411,0.903333
24412,0.823333
24413,0.51
24414,0.886667
24415,0.813333
24416,0.566667
24417,0.936667
24418,0.48
24419,0.76
24420,0.64
24421,0.743333
24422,0.623333
24423,0.496667
24424,0.316667
24425,0.78
24426,0.783333
24427,0.9
24428,0.773333
24429,0.75
24430,0.766667
24431,0.836667
24432,0.86
24433,0.873333
24434,0.743333
24435,0.576667
24436,0.853333
24437,0.836667
24438,0.56
24439,0.733333
24440,0.706667
24441,0.576667
24442,0.89
24443,0.446667
24444,0.936667
24445,0.94
24446,0.706667
24447,0.873333
24448,0.94
24449,0.816667
24450,0.52
24451,0.72
24452,0.756667
24453,0.846667
24454,0.896667
24455,0.896667
24456,0.63
24457,0.783333
24458,0.493333
24459,0.833333
24460,0.376667
24461,0.576667
24462,0.59
24463,0.71
24464,0.63
24465,0.826667
24466,0.936667
24467,0.666667
24468,0.863333
24469,0.93
24470,0.57
24471,0.683333
24472,0.44
24473,0.806667
24474,0.596667
24475,0.9
24476,0.506667
24477,0.7
24478,0.68
24479,0.566667
24480,0.733333
24481,0.683333
24482,0.726667
24483,0.596667
24484,0.453333
24485,0.64
24486,0.77
24487,0.726667
24488,0.736667
24489,0.71
24490,0.82
24491,0.753333
24492,0.62
24493,0.653333
24494,0.77
24495,0.886667
24496,0.633333
24497,0.953333
24498,0.566667
24499,0.646667
24500,0.8
24501,0.626667
24502,0.533333
24503,0.68
24504,0.93
24505,0.8
24506,0.813333
24507,0.85
24508,0.66
24509,0.65
24510,0.873333
24511,0.393333
24512,0.846667
24513,0.836667
24514,0.893333
24515,0.403333
24516,0.686667
24517,0.866667
24518,0.966667
24519,0.77
24520,0.62
24521,0.913333
24522,0.606667
24523,0.746667
24524,0.956667
24525,0.723333
24526,0.89
24527,0.64
24528,0.943333
24529,0.82
24530,0.143333
24531,0.346667
24532,0.793333
24533,0.69
24534,0.86
24535,0.861667
24536,0.88
24537,0.5
24538,0.516667
24539,0.74
24540,0.846667
24541,0.693333
24542,0.773333
24543,0.693333
24544,0.963333
24545,0.506667
24546,0.516667
24547,0.8
24548,0.563333
24549,0.946667
24550,0.393333
24551,0.85
24552,0.5
24553,0.876667
24554,0.903333
24555,0.876667
24556,0.29
24557,0.636667
24558,0.456667
24559,0.803333
24560,0.94
24561,0.63
24562,0.586667
24563,0.656667
24564,0.316667
24565,0.113333
24566,0.54
24567,0.523333
24568,0.9
24569,0.81
24570,0.83
24571,0.726667
24572,0.586667
24573,0.733333
24574,0.486667
24575,0.543333
24576,0.856667
24577,0.759362
24578,0.38
24579,0.87
24580,0.91
24581,0.753333
24582,0.603333
24583,0.77
24584,0.676667
24585,0.633333
24586,0.82
24587,0.73
24588,0.826667
24589,0.776667
24590,0.91
24591,0.543333
24592,0.59
24593,0.73
24594,0.806667
24595,0.736667
24596,0.733333
24597,0.816667
24598,0.55
24599,0.13
24600,0.673333
24601,0.653333
24602,0.906667
24603,0.663333
24604,0.92
24605,0.886667
24606,0.82
24607,0.67
24608,0.533333
24609,0.863333
24610,0.863333
24611,0.893333
24612,0.903333
24613,0.803333
24614,0.416667
24615,0.916667
24616,0.766667
24617,0.64
24618,0.26
24619,0.54
24620,0.67
24621,0.263333
24622,0.883333
24623,0.636667
24624,0.73
24625,0.866667
24626,0.876667
24627,0.81
24628,0.623333
24629,0.43
24630,0.67
24631,0.656667
24632,0.763333
24633,0.42
24634,0.526667
24635,0.69
24636,0.576667
24637,0.663333
24638,0.646667
24639,0.933333
24640,0.713333
24641,0.826667
24642,0.426667
24643,0.63
24644,0.78
24645,0.516667
24646,0.523333
24647,0.62
24648,0.786667
24649,0.88
24650,0.783333
24651,0.63
24652,0.81
24653,0.7
24654,0.906667
24655,0.593333
24656,0.946667
24657,0.816667
24658,0.876667
24659,0.836667
24660,0.936667
24661,0.69
24662,0.773333
24663,0.54
24664,0.496667
24665,0.606667
24666,0.936667
24667,0.59
24668,0.656667
24669,0.626667
24670,0.86
24671,0.613333
24672,0.933333
24673,0.85
24674,0.673333
24675,0.68
24676,0.99
24677,0.873333
24678,0.753333
24679,0.603333
24680,0.623333
24681,0.64
24682,0.7
24683,0.91
24684,0.193333
24685,0.776667
24686,0.643333
24687,0.606667
24688,0.756667
24689,0.653333
24690,0.52
24691,0.676667
24692,0.406667
24693,0.85
24694,0.45
24695,0.686667
24696,0.85
24697,0.83
24698,0.75
24699,0.56
24700,0.523333
24701,0.873333
24702,0.83
24703,0.576667
24704,0.466667
24705,0.796667
24706,0.82
24707,0.53
24708,0.376667
24709,0.853333
24710,0.503333
24711,0.75
24712,0.69
24713,0.626667
24714,0.583333
24715,0.64
24716,0.993333
24717,0.796667
24718,0.9
24719,0.9
24720,0.853333
24721,0.716667
24722,0.826667
24723,0.593333
24724,0.87
24725,0.686667
24726,0.963333
24727,0.81
24728,0.673333
24729,0.693333
24730,0.753333
24731,0.723333
24732,0.42
24733,0.83
24734,0.696667
24735,0.63
24736,0.79
24737,0.88
24738,0.553333
24739,0.796667
24740,0.433333
24741,0.713333
24742,0.443333
24743,0.656667
24744,0.133333
24745,0.18
24746,0.726667
24747,0.843333
24748,0.473333
24749,0.7
24750,0.573333
24751,0.723333
24752,0.653333
24753,0.736667
24754,0.59
24755,0.583333
24756,0.78
24757,0.973333
24758,0.823333
24759,0.623333
24760,0.946667
24761,0.88
24762,0.946667
24763,0.576667
24764,0.826667
24765,0.71
24766,0.99
24767,0.733333
24768,0.726667
24769,0.986667
24770,0.866667
24771,0.783333
24772,0.636667
24773,0.603333
24774,0.433333
24775,0.976667
24776,0.7
24777,0.91
24778,0.806667
24779,0.72
24780,0.926667
24781,0.853333
24782,0.313333
24783,0.363333
24784,0.87
24785,0.85
24786,0.406667
24787,0.943333
24788,0.746667
24789,0.406667
24790,0.58
24791,0.626667
24792,0.903333
24793,0.593333
24794,0.943333
24795,0.846667
24796,0.76
24797,0.653333
24798,0.996667
24799,0.76
24800,0.516667
24801,0.333333
24802,0.773333
24803,0.74
24804,0.676667
24805,0.723333
24806,0.176667
24807,0.423333
24808,0.89
24809,0.553333
24810,0.883333
24811,0.243333
24812,0.823333
24813,0.773333
24814,0.726667
24815,0.67
24816,0.863333
24817,0.556667
24818,0.843333
24819,0.886667
24820,0.773333
24821,0.633333
24822,0.94
24823,0.9
24824,0.886667
24825,0.83
24826,0.676667
24827,0.733333
24828,0.29
24829,0.61
24830,0.79
24831,0.54
24832,0.8
24833,0.836667
24834,0.66
24835,0.663333
24836,0.546667
24837,0.916667
24838,0.5
24839,0.573333
24840,0.716667
24841,0.536667
24842,0.706667
24843,0.76
24844,0.876667
24845,0.936667
24846,0.76
24847,0.786667
24848,0.906667
24849,0.943333
24850,0.886667
24851,0.61
24852,0.96
24853,0.74
24854,0.9
24855,0.782903
24856,0.656667
24857,0.363333
24858,0.49
24859,0.496667
24860,0.85
24861,0.613333
24862,0.56
24863,0.686667
24864,0.99
24865,0.83
24866,0.666667
24867,0.996667
24868,0.906667
24869,0.54
24870,0.64
24871,0.773333
24872,0.866667
24873,0.736667
24874,0.456667
24875,0.883333
24876,0.853333
24877,0.866667
24878,0.836667
24879,0.686667
24880,0.673333
24881,0.843333
24882,0.58
24883,0.846667
24884,0.616667
24885,0.56
24886,0.973333
24887,0.673333
24888,0.846667
24889,0.266667
24890,0.74
24891,0.96
24892,0.856667
24893,0.863333
24894,0.79
24895,0.56
24896,0.74
24897,0.726667
24898,0.836667
24899,0.653333
24900,0.54
24901,0.693333
24902,0.733333
24903,0.776667
24904,0.783333
24905,0.843333
24906,0.623333
24907,0.806667
24908,0.56
24909,0.816667
24910,0.806667
24911,0.64
24912,0.753333
24913,0.83
24914,0.75
24915,0.386667
24916,0.806667
24917,0.34
24918,0.9
24919,0.66
24920,0.63
24921,0.286667
24922,0.613333
24923,0.896667
24924,0.736667
24925,0.946667
24926,0.933333
24927,0.733333
24928,0.306667
24929,0.746667
24930,0.756667
24931,0.643333
24932,0.733333
24933,0.793333
24934,0.736667
24935,0.456667
24936,0.656667
24937,0.573333
24938,0.6
24939,0.93
24940,0.693333
24941,0.613333
24942,0.74
24943,0.94
24944,0.623333
24945,0.923333
24946,0.896667
24947,0.5
24948,0.79
24949,0.776667
24950,0.793333
24951,0.833333
24952,0.846667
24953,0.323333
24954,0.486667
24955,0.483333
24956,0.45
24957,0.776667
24958,0.596667
24959,0.662551
24960,0.47
24961,0.826667
24962,0.86
24963,0.623333
24964,0.58
24965,0.613333
24966,0.836667
24967,0.97
24968,0.42
24969,0.47
24970,0.666667
24971,0.846667
24972,0.986667
24973,0.766667
24974,0.89
24975,0.663333
24976,0.566667
24977,0.736667
24978,0.75
24979,0.61
24980,0.38
24981,0.86
24982,0.836667
24983,0.933333
24984,0.606667
24985,0.92
24986,0.336667
24987,0.856667
24988,0.68
24989,0.633333
24990,0.826667
24991,0.646667
24992,0.376667
24993,0.693333
24994,0.636667
24995,0.903333
24996,0.84
24997,0.953333
24998,0.693333
24999,0.496667
25000,0.626667
25001,0.623333
25002,0.953333
25003,0.826667
25004,0.286667
25005,0.356667
25006,0.853333
25007,0.826667
25008,0.503333
25009,0.626667
25010,0.73
25011,0.653333
25012,0.676667
25013,0.516667
25014,0.58
25015,0.71
25016,0.896667
25017,0.586667
25018,0.81
25019,0.313333
25020,0.64
25021,0.753333
25022,0.816667
25023,0.566667
25024,0.616667
25025,0.966667
25026,0.376667
25027,0.876667
25028,0.946667
25029,0.766667
25030,0.826667
25031,0.713333
25032,0.59
25033,0.23
25034,0.913333
25035,0.68
25036,0.683333
25037,0.903333
25038,0.623333
25039,0.856667
25040,0.9
25041,0.743333
25042,0.85
25043,0.783333
25044,0.726667
25045,0.693333
25046,0.476667
25047,0.743333
25048,0.72
25049,0.736667
25050,0.94
25051,0.773333
25052,0.436667
25053,0.62
25054,0.623333
25055,0.373333
25056,0.616667
25057,0.863333
25058,0.966667
25059,0.966667
25060,0.6
25061,0.72
25062,0.77
25063,0.623333
25064,0.773333
25065,0.743333
25066,0.78
25067,0.72
25068,0.62
25069,0.81
25070,0.793333
25071,0.83
25072,0.766667
25073,0.746667
25074,0.803333
25075,0.95
25076,0.843333
25077,0.756667
25078,0.786667
25079,0.606667
25080,0.55
25081,0.766667
25082,0.773333
25083,0.956667
25084,0.63
25085,0.766667
25086,0.42
25087,0.463333
25088,0.669167
25089,0.56
25090,0.846667
25091,0.9
25092,0.78
25093,0.813333
25094,0.74
25095,0.543333
25096,0.656667
25097,0.813333
25098,0.7
25099,0.533333
25100,0.563333
25101,0.466667
25102,0.553333
25103,0.936667
25104,0.743333
25105,0.81
25106,0.92
25107,0.753333
25108,0.673333
25109,0.496667
25110,0.946667
25111,0.643333
25112,0.75
25113,0.723333
25114,0.646667
25115,0.666667
25116,0.43
25117,0.366667
25118,0.756667
25119,0.65
25120,0.826667
25121,0.753333
25122,0.656667
25123,0.963333
25124,0.816667
25125,0.73
25126,0.686667
25127,0.71
25128,0.84
25129,0.843333
25130,0.236667
25131,0.666667
25132,0.526667
25133,0.73
25134,0.78
25135,0.596667
25136,0.503333
25137,0.726667
25138,0.52
25139,0.523333
25140,0.746667
25141,0.963333
25142,0.603333
25143,0.89
25144,0.753333
25145,0.746667
25146,0.83
25147,0.876667
25148,0.963333
25149,0.766667
25150,0.546667
25151,0.64
25152,0.93
25153,0.493333
25154,0.683333
25155,0.52
25156,0.696667
25157,0.756667
25158,0.563333
25159,0.653333
25160,0.876667
25161,0.523333
25162,0.843333
25163,0.826667
25164,0.85
25165,0.966667
25166,0.876667
25167,0.813333
25168,0.636667
25169,0.89
25170,0.643333
25171,0.903333
25172,0.8
25173,0.776667
25174,0.726667
25175,0.616667
25176,0.253333
25177,0.663333
25178,0.603333
25179,0.58
25180,0.983333
25181,0.59
25182,0.903333
25183,0.726667
25184,0.9
25185,0.693333
25186,0.563333
25187,0.523333
25188,0.456667
25189,0.81
25190,0.656667
25191,0.94
25192,0.846667
25193,0.63
25194,0.57
25195,0.756667
25196,0.856667
25197,0.58
25198,0.97
25199,0.803333
25200,0.333333
25201,0.586667
25202,0.686667
25203,0.846667
25204,0.9
25205,0.823333
25206,0.536667
25207,0.51
25208,0.933333
25209,0.76
25210,0.569167
25211,0.733333
25212,0.6
25213,0.783333
25214,0.65
25215,0.72
25216,0.663333
25217,0.54
25218,0.88
25219,0.593333
25220,0.9
25221,0.806667
25222,0.626667
25223,0.8
25224,0.863333
25225,0.77
25226,0.623333
25227,0.536667
25228,0.69
25229,0.943333
25230,0.403333
25231,0.74
25232,0.816667
25233,0.826667
25234,0.886667
25235,0.676667
25236,0.946667
25237,0.816667
25238,0.683333
25239,0.683333
25240,0.723333
25241,0.646667
25242,0.573333
25243,0.876667
25244,0.75
25245,0.803333
25246,0.513333
25247,0.783333
25248,0.933333
25249,0.7
25250,0.626667
25251,0.673333
25252,0.663333
25253,0.78
25254,0.583333
25255,0.96
25256,0.506667
25257,0.386667
25258,0.713333
25259,0.843333
25260,0.783333
25261,0.553333
25262,0.813333
25263,0.853333
25264,0.693333
25265,0.896667
25266,0.826667
25267,0.396667
25268,0.746667
25269,0.683333
25270,0.62
25271,0.86
25272,0.273333
25273,0.376667
25274,0.583333
25275,0.866667
25276,0.9
25277,0.8
25278,0.78
25279,0.733333
25280,0.516667
25281,0.856667
25282,0.65
25283,0.636667
25284,0.903333
25285,0.756667
25286,0.68
25287,0.876667
25288,0.71
25289,0.616667
25290,0.806667
25291,0.696667
25292,0.67
25293,0.863333
25294,0.953333
25295,0.833333
25296,0.886667
25297,0.933333
25298,0.673333
25299,0.56
25300,0.863333
25301,0.773333
25302,0.64
25303,0.756667
25304,0.833333
25305,0.636667
25306,0.516667
25307,0.903333
25308,0.636667
25309,0.49
25310,0.66
25311,0.666667
25312,0.62
25313,0.85
25314,0.586667
25315,0.736667
25316,0.813333
25317,0.583333
25318,0.926667
25319,0.806667
25320,0.72
25321,0.443333
25322,0.82
25323,0.763333
25324,0.86
25325,0.77
25326,0.766667
25327,0.53
25328,0.766667
25329,0.95
25330,0.61
25331,0.396667
25332,0.906667
25333,0.793333
25334,0.59
25335,0.586667
25336,0.893333
25337,0.966667
25338,0.88
25339,0.883333
25340,0.83
25341,0.77
25342,0.883333
25343,0.99
25344,0.723333
25345,0.736667
25346,0.52
25347,0.82
25348,0.303333
25349,0.73
25350,0.84
25351,0.47
25352,0.596667
25353,0.82
25354,0.73
25355,0.966667
25356,0.683333
25357,0.52
25358,0.646667
25359,0.796667
25360,0.55
25361,0.853333
25362,0.69
25363,0.873333
25364,0.856667
25365,0.57
25366,0.97
25367,0.843333
25368,0.793333
25369,0.763333
25370,0.656667
25371,0.93
25372,0.776667
25373,0.683333
25374,0.853333
25375,0.653333
25376,0.72
25377,0.726667
25378,0.923333
25379,0.646667
25380,0.893333
25381,0.553333
25382,0.886667
25383,0.603333
25384,0.866667
25385,0.533333
25386,0.836667
25387,0.766667
25388,0.863333
25389,0.94
25390,0.56
25391,0.73
25392,0.926667
25393,0.663333
25394,0.3
25395,0.913333
25396,0.763333
25397,0.85
25398,0.706667
25399,0.62
25400,0.716667
25401,0.723333
25402,0.983333
25403,0.97
25404,0.523333
25405,0.816667
25406,0.946667
25407,0.706667
25408,0.7
25409,0.713333
25410,0.826667
25411,0.966667
25412,0.756667
25413,0.82
25414,0.766667
25415,0.323333
25416,0.843333
25417,0.846667
25418,0.26
25419,0.633333
25420,0.92
25421,0.873333
25422,0.693333
25423,0.506667
25424,0.553333
25425,0.75
25426,0.62
25427,0.673333
25428,0.64
25429,0.75
25430,0.713333
25431,0.893333
25432,0.726667
25433,0.62
25434,0.786667
25435,0.276667
25436,0.683333
25437,0.923333
25438,0.88
25439,0.796667
25440,0.83
25441,0.823333
25442,0.62
25443,0.89
25444,0.843333
25445,0.433333
25446,0.806667
25447,0.52
25448,0.89
25449,0.373333
25450,0.936667
25451,0.683333
25452,0.91
25453,0.95
25454,0.59
25455,0.906667
25456,0.726667
25457,0.95
25458,0.74
25459,0.58
25460,0.39
25461,0.766667
25462,0.846667
25463,0.576667
25464,0.733333
25465,0.763333
25466,0.65
25467,0.63
25468,0.55
25469,0.86
25470,0.943333
25471,0.813333
25472,0.54
25473,0.643333
25474,0.693333
25475,0.793333
25476,0.583333
25477,0.63
25478,0.726667
25479,0.36
25480,0.68
25481,0.62
25482,0.813333
25483,0.736667
25484,0.67
25485,0.71
25486,0.776667
25487,0.886667
25488,0.733333
25489,0.713333
25490,0.986667
25491,0.86
25492,0.829796
25493,0.706667
25494,0.586667
25495,0.946667
25496,0.613333
25497,0.926667
25498,0.78
25499,0.773333
25500,0.876667
25501,0.44
25502,0.73
25503,0.853333
25504,0.56
25505,0.676667
25506,0.92
25507,0.856667
25508,0.823333
25509,0.31
25510,0.423333
25511,0.56
25512,0.413333
25513,0.78
25514,0.643333
25515,0.783333
25516,0.5
25517,0.83
25518,0.556667
25519,0.963333
25520,0.59
25521,0.523333
25522,0.73
25523,0.61
25524,0.53
25525,0.756667
25526,0.456667
25527,0.543333
25528,0.576667
25529,0.86
25530,0.556667
25531,0.946667
25532,0.673333
25533,0.786667
25534,0.66
25535,0.816667
25536,0.503333
25537,0.533333
25538,0.67
25539,0.91
25540,0.823333
25541,0.673333
25542,0.686667
25543,0.66
25544,0.633333
25545,0.52
25546,0.846667
25547,0.56
25548,0.8
25549,0.833333
25550,0.656667
25551,0.653333
25552,0.483333
25553,0.85
25554,0.846667
25555,0.88
25556,0.523333
25557,0.85
25558,0.633333
25559,0.896667
25560,0.6
25561,0.676667
25562,0.95
25563,0.723333
25564,0.53
25565,0.426667
25566,0.946667
25567,0.733333
25568,0.333333
25569,0.67
25570,0.696667
25571,0.896667
25572,0.123333
25573,0.863333
25574,0.86
25575,0.893333
25576,0.583333
25577,0.703333
25578,0.846667
25579,0.806667
25580,0.543333
25581,0.776667
25582,0.68
25583,0.576667
25584,0.676667
25585,0.776667
25586,0.943333
25587,0.676667
25588,0.846667
25589,0.863333
25590,0.533333
25591,0.743333
25592,0.896667
25593,0.68
25594,0.64
25595,0.24
25596,0.82
25597,0.7
25598,0.613333
25599,0.496667
25600,0.706667
25601,0.903333
25602,0.833333
25603,0.356667
25604,0.696667
25605,0.876667
25606,0.463333
25607,0.743333
25608,0.573333
25609,0.61
25610,0.506667
25611,0.776667
25612,0.916667
25613,0.296667
25614,0.883333
25615,0.843333
25616,0.83
25617,0.76
25618,0.466667
25619,0.703333
25620,0.116667
25621,0.756667
25622,0.403333
25623,0.636667
25624,0.826667
25625,0.663333
25626,0.843333
25627,0.82
25628,0.744167
25629,0.573333
25630,0.49
25631,0.623333
25632,0.766667
25633,0.916667
25634,0.98
25635,0.706667
25636,0.9
25637,0.656667
25638,0.543333
25639,0.82
25640,0.913333
25641,0.46
25642,0.713333
25643,0.796667
25644,0.783333
25645,0.756667
25646,0.84
25647,0.63
25648,0.8
25649,0.776667
25650,0.66
25651,0.543333
25652,0.833333
25653,0.876667
25654,0.733333
25655,0.96
25656,0.926667
25657,0.7
25658,0.643333
25659,0.906667
25660,0.456667
25661,0.696667
25662,0.663333
25663,0.9
25664,0.923333
25665,0.77
25666,0.77
25667,0.743333
25668,0.796667
25669,0.833333
25670,0.76
25671,0.833333
25672,0.886667
25673,0.75
25674,0.61
25675,0.563333
25676,0.933333
25677,0.996667
25678,0.78
25679,0.686667
25680,0.71
25681,0.783333
25682,0.18
25683,0.586667
25684,0.45
25685,0.63
25686,0.426667
25687,0.866667
25688,0.89
25689,0.766667
25690,0.51
25691,0.573333
25692,0.733333
25693,0.82
25694,0.74
25695,0.6
25696,0.776667
25697,0.976667
25698,0.693333
25699,0.823333
25700,0.716667
25701,0.47
25702,0.94
25703,0.693333
25704,0.9
25705,0.783333
25706,0.813333
25707,0.593333
25708,0.803333
25709,0.856667
25710,0.826667
25711,0.58
25712,0.986667
25713,0.943333
25714,0.88
25715,0.746667
25716,0.583333
25717,0.703333
25718,0.796667
25719,0.81
25720,0.956667
25721,0.78
25722,0.896667
25723,0.976667
25724,0.436667
25725,0.806667
25726,0.67
25727,0.616667
25728,0.796667
25729,0.333333
25730,0.506667
25731,0.786667
25732,0.806667
25733,0.93
25734,0.473333
25735,0.666667
25736,0.906667
25737,0.403333
25738,0.793333
25739,0.913333
25740,0.826667
25741,0.326667
25742,0.733333
25743,0.743333
25744,0.91
25745,0.53
25746,0.913333
25747,0.48
25748,0.606667
25749,0.706667
25750,0.753333
25751,0.733333
25752,0.606667
25753,0.36
25754,0.486667
25755,0.983333
25756,0.9
25757,0.356667
25758,0.74
25759,0.786667
25760,0.61
25761,0.653333
25762,0.766667
25763,0.673333
25764,0.876667
25765,0.743333
25766,0.86
25767,0.433333
25768,0.87
25769,0.886667
25770,0.78
25771,0.916667
25772,0.463333
25773,0.716667
25774,0.753333
25775,0.813333
25776,0.86
25777,0.666667
25778,0.85
25779,0.403333
25780,0.8
25781,0.623333
25782,0.876667
25783,0.57
25784,0.706667
25785,0.726667
25786,0.666667
25787,0.633333
25788,0.426667
25789,0.663333
25790,0.85
25791,0.75
25792,0.72
25793,0.433333
25794,0.66
25795,0.5
25796,0.736667
25797,0.553333
25798,0.466667
25799,0.9
25800,0.773333
25801,0.82
25802,0.673333
25803,0.756667
25804,0.846667
25805,0.846667
25806,0.82
25807,0.633333
25808,0.69
25809,0.716667
25810,0.67
25811,0.703333
25812,0.636667
25813,0.29
25814,0.956667
25815,0.813333
25816,0.673333
25817,0.903333
25818,0.65
25819,0.876667
25820,0.426667
25821,0.73
25822,0.293333
25823,0.603333
25824,0.683333
25825,0.846667
25826,0.933333
25827,0.77
25828,0.643333
25829,0.703333
25830,0.706667
25831,0.443333
25832,0.696667
25833,0.523333
25834,0.893333
25835,0.77
25836,0.85
25837,0.823333
25838,0.786667
25839,0.91
25840,0.776667
25841,0.79
25842,0.703333
25843,0.883333
25844,0.73
25845,0.763333
25846,0.826667
25847,0.723333
25848,0.846667
25849,0.73
25850,0.73
25851,0.793333
25852,0.796667
25853,0.753333
25854,0.8
25855,0.71
25856,0.663333
25857,0.8
25858,0.776667
25859,0.736667
25860,0.823333
25861,0.813333
25862,0.94
25863,0.776667
25864,0.946667
25865,0.386667
25866,0.666667
25867,0.453333
25868,0.246667
25869,0.656667
25870,0.796667
25871,0.816667
25872,0.63
25873,0.756667
25874,0.79
25875,0.933333
25876,0.666667
25877,0.83
25878,0.586667
25879,0.8
25880,0.97
25881,0.493333
25882,0.77
25883,0.933333
25884,0.846667
25885,0.926667
25886,0.7
25887,0.713333
25888,0.9
25889,0.643333
25890,0.65
25891,0.37
25892,0.543333
25893,0.296667
25894,0.73
25895,0.696667
25896,0.596667
25897,0.286667
25898,0.773333
25899,0.7
25900,0.53
25901,0.85
25902,0.54
25903,0.846667
25904,0.863333
25905,0.62
25906,0.23
25907,0.916667
25908,0.55
25909,0.603333
25910,0.366667
25911,0.713333
25912,0.953333
25913,0.78
25914,0.47
25915,0.94
25916,0.803333
25917,0.383333
25918,0.5
25919,0.83
25920,0.613333
25921,0.616667
25922,0.596667
25923,0.883333
25924,0.616667
25925,0.55
25926,0.643333
25927,0.79
25928,0.843333
25929,0.623333
25930,0.626667
25931,0.39
25932,0.903333
25933,0.94
25934,0.56
25935,0.79
25936,0.773333
25937,0.723333
25938,0.7
25939,0.493333
25940,0.766667
25941,0.97
25942,0.826667
25943,0.84
25944,0.716667
25945,0.823333
25946,0.853333
25947,0.653333
25948,0.743333
25949,0.903333
25950,0.783333
25951,0.706667
25952,0.806667
25953,0.746667
25954,0.39
25955,0.613333
25956,0.85
25957,0.856667
25958,0.93
25959,0.966667
25960,0.766667
25961,0.773333
25962,0.886667
25963,0.923333
25964,0.8
25965,0.48
25966,0.643333
25967,0.843333
25968,0.95
25969,0.533333
25970,0.596667
25971,0.393333
25972,0.843333
25973,0.896667
25974,0.736667
25975,0.526667
25976,0.733333
25977,0.456667
25978,0.82
25979,0.796667
25980,0.51
25981,0.636667
25982,0.933333
25983,0.883333
25984,0.503333
25985,0.62
25986,0.446667
25987,0.646667
25988,0.74
25989,0.763333
25990,0.94
25991,0.636667
25992,0.57
25993,0.886667
25994,0.476667
25995,0.61
25996,0.926667
25997,0.78
25998,0.586667
25999,0.643333
26000,0.6
26001,0.616667
26002,0.616667
26003,0.9
26004,0.653333
26005,0.923333
26006,0.663333
26007,0.876667
26008,0.443333
26009,0.81
26010,0.66
26011,0.76
26012,0.973333
26013,0.56
26014,0.716667
26015,0.593333
26016,0.873333
26017,0.563333
26018,0.646667
26019,0.746667
26020,0.546667
26021,0.886667
26022,0.87
26023,0.663333
26024,0.926667
26025,0.75
26026,0.816667
26027,0.476667
26028,0.84
26029,0.866667
26030,0.626667
26031,0.913333
26032,0.73
26033,0.57
26034,0.32
26035,0.44
26036,0.75
26037,0.733333
26038,0.77
26039,0.763333
26040,0.913333
26041,0.82
26042,0.453333
26043,0.84
26044,0.52
26045,0.636667
26046,0.87
26047,0.49
26048,0.463333
26049,0.336667
26050,0.666667
26051,0.96
26052,0.72
26053,0.723333
26054,0.986667
26055,0.606667
26056,0.543333
26057,0.926667
26058,0.946667
26059,0.496667
26060,0.786667
26061,0.613333
26062,0.85
26063,0.511167
26064,0.433333
26065,0.79
26066,0.933333
26067,0.803333
26068,0.796667
26069,0.93
26070,0.55
26071,0.8
26072,0.713333
26073,0.973333
26074,0.836667
26075,0.603333
26076,0.613333
26077,0.736667
26078,0.843333
26079,0.81
26080,0.75
26081,0.86
26082,0.546667
26083,0.77
26084,0.76
26085,0.466667
26086,0.803333
26087,0.63
26088,0.446667
26089,0.573333
26090,0.753333
26091,0.583333
26092,0.4
26093,0.826667
26094,0.84
26095,0.896667
26096,0.62
26097,0.67
26098,0.893333
26099,0.696667
26100,0.49
26101,0.79
26102,0.683333
26103,0.686667
26104,0.293333
26105,0.596667
26106,0.84
26107,0.756667
26108,0.683333
26109,0.79
26110,0.606667
26111,0.87
26112,0.58
26113,0.76
26114,0.443333
26115,0.743333
26116,0.973333
26117,0.586667
26118,0.796667
26119,0.333333
26120,0.553333
26121,0.35
26122,0.91
26123,0.976667
26124,0.84
26125,0.746667
26126,0.99
26127,0.533333
26128,0.913333
26129,0.3
26130,0.686667
26131,0.776667
26132,0.453333
26133,0.77
26134,0.776667
26135,0.896667
26136,0.623333
26137,0.68
26138,0.63
26139,0.556667
26140,0.953333
26141,0.69
26142,0.533333
26143,0.49
26144,0.63
26145,0.753333
26146,0.953333
26147,0.95
26148,0.86
26149,0.65
26150,0.41
26151,0.673333
26152,0.923333
26153,0.913333
26154,0.663333
26155,0.466667
26156,0.653333
26157,0.826667
26158,0.746667
26159,0.66
26160,0.556667
26161,0.696667
26162,0.87
26163,0.856667
26164,0.976667
26165,0.8
26166,0.31
26167,0.9
26168,0.59
26169,0.806667
26170,0.596667
26171,0.51
26172,0.566667
26173,0.75
26174,0.513333
26175,0.786667
26176,0.78
26177,0.78
26178,0.643333
26179,0.606667
26180,0.753333
26181,0.79
26182,0.746667
26183,0.77
26184,0.786667
26185,0.48
26186,0.583333
26187,0.783333
26188,0.913333
26189,0.693333
26190,0.63
26191,0.89
26192,0.716667
26193,0.89
26194,0.833333
26195,0.77
26196,0.52
26197,0.726667
26198,0.933333
26199,0.53
26200,0.706667
26201,0.793333
26202,0.42
26203,0.87
26204,0.51
26205,0.623333
26206,0.823333
26207,0.51
26208,0.63
26209,0.623333
26210,0.723333
26211,0.896667
26212,0.56
26213,0.653333
26214,0.86
26215,0.923333
26216,0.856667
26217,0.513333
26218,0.773333
26219,0.753333
26220,0.726667
26221,0.83
26222,0.883333
26223,0.836667
26224,0.75
26225,0.803333
26226,0.633333
26227,0.88
26228,0.633333
26229,0.876667
26230,0.61
26231,0.783333
26232,0.983333
26233,0.41
26234,0.783333
26235,0.793333
26236,0.813333
26237,0.886667
26238,0.873333
26239,0.94
26240,0.653333
26241,0.88
26242,0.7
26243,0.776667
26244,0.62
26245,0.553333
26246,0.953333
26247,0.463333
26248,0.716667
26249,0.726667
26250,0.916667
26251,0.503333
26252,0.5
26253,0.686667
26254,0.716667
26255,0.52
26256,0.733333
26257,0.953333
26258,0.956667
26259,0.936667
26260,0.93
26261,0.7
26262,0.54
26263,0.726667
26264,0.456667
26265,0.603333
26266,0.553333
26267,0.54
26268,0.47
26269,0.93
26270,0.896667
26271,0.763333
26272,0.633333
26273,0.646667
26274,0.63
26275,0.676667
26276,0.753333
26277,0.863333
26278,0.74
26279,0.7
26280,0.906667
26281,0.553333
26282,0.48
26283,0.59
26284,0.666667
26285,0.786667
26286,0.476667
26287,0.886667
26288,0.58
26289,0.65
26290,0.903333
26291,0.75
26292,0.463333
26293,0.633333
26294,0.823333
26295,0.673333
26296,0.62
26297,0.7
26298,0.613333
26299,0.606667
26300,0.53
26301,0.576667
26302,0.88
26303,0.713333
26304,0.65
26305,0.833333
26306,0.763333
26307,0.876667
26308,0.726667
26309,0.693333
26310,0.68
26311,0.906667
26312,0.893333
26313,0.803333
26314,0.873333
26315,0.83
26316,0.576667
26317,0.603333
26318,0.673333
26319,0.94
26320,0.613333
26321,0.593333
26322,0.656667
26323,0.76
26324,0.693333
26325,0.893333
26326,0.78
26327,0.846667
26328,0.65
26329,0.976667
26330,0.9
26331,0.856667
26332,0.346667
26333,0.77
26334,0.95
26335,0.853333
26336,0.5
26337,0.723333
26338,0.776667
26339,0.796667
26340,0.91
26341,0.83
26342,0.83
26343,0.823333
26344,0.83
26345,0.42
26346,0.683333
26347,0.813333
26348,0.49
26349,0.876667
26350,0.916667
26351,0.74
26352,0.806667
26353,0.596667
26354,0.903333
26355,0.863333
26356,0.533333
26357,0.826667
26358,0.523333
26359,0.36
26360,0.8
26361,0.72
26362,0.513333
26363,0.823333
26364,0.35
26365,0.64
26366,0.886667
26367,0.713333
26368,0.936667
26369,0.882903
26370,0.8
26371,0.526667
26372,0.553333
26373,0.42
26374,0.953333
26375,0.6
26376,0.646667
26377,0.736667
26378,0.486667
26379,0.6
26380,0.84
26381,0.63
26382,0.94
26383,0.676667
26384,0.596667
26385,0.673333
26386,0.59
26387,0.83
26388,0.713333
26389,0.38
26390,0.76
26391,0.446667
26392,0.723333
26393,0.993333
26394,0.873333
26395,0.683333
26396,0.586667
26397,0.856667
26398,0.813333
26399,0.503333
26400,0.563333
26401,0.906667
26402,0.796667
26403,0.656667
26404,0.53
26405,0.73
26406,0.926667
26407,0.753333
26408,0.783333
26409,0.943333
26410,0.81
26411,0.796667
26412,0.99
26413,0.75
26414,0.593333
26415,0.716667
26416,0.753333
26417,0.753333
26418,0.99
26419,0.58
26420,0.71
26421,0.73
26422,0.98
26423,0.71
26424,0.86
26425,0.766667
26426,0.966667
26427,0.796667
26428,0.536667
26429,0.693333
26430,0.703333
26431,0.956667
26432,0.84
26433,0.856667
26434,0.68
26435,0.77
26436,0.523333
26437,0.63
26438,0.716667
26439,0.7
26440,0.726667
26441,0.583333
26442,0.573333
26443,0.546667
26444,0.76
26445,0.966667
26446,0.886667
26447,0.796667
26448,0.836667
26449,0.723333
26450,0.853333
26451,0.753333
26452,0.903333
26453,0.38
26454,0.926667
26455,0.843333
26456,0.8
26457,0.62
26458,0.816667
26459,0.703333
26460,0.933333
26461,0.133333
26462,0.396667
26463,0.953333
26464,0.593333
26465,0.71
26466,0.756667
26467,0.526667
26468,0.453333
26469,0.92
26470,0.826667
26471,0.806667
26472,0.543333
26473,0.723333
26474,0.86
26475,0.69
26476,0.82
26477,0.66
26478,0.753333
26479,0.96
26480,0.706667
26481,0.6
26482,0.796667
26483,0.323333
26484,0.7
26485,0.76
26486,0.953333
26487,0.67
26488,0.786667
26489,0.63
26490,0.553333
26491,0.816667
26492,0.66
26493,0.623333
26494,0.27
26495,0.626667
26496,0.723333
26497,0.866667
26498,0.926667
26499,0.51
26500,0.756667
26501,0.886667
26502,0.696667
26503,0.793333
26504,0.893333
26505,0.453333
26506,0.616667
26507,0.66
26508,0.806667
26509,0.656667
26510,0.756667
26511,0.74
26512,0.713333
26513,0.586667
26514,0.853333
26515,0.783333
26516,0.66
26517,0.856667
26518,0.736667
26519,0.51
26520,0.816667
26521,0.623333
26522,0.926667
26523,0.663333
26524,0.76
26525,0.783333
26526,0.85
26527,0.726667
26528,0.683333
26529,0.723333
26530,0.92
26531,0.923333
26532,0.73
26533,0.77
26534,0.883333
26535,0.62
26536,0.733333
26537,0.82
26538,0.273333
26539,0.986667
26540,0.813333
26541,0.61
26542,0.716667
26543,0.833333
26544,0.823333
26545,0.786667
26546,0.843333
26547,0.763333
26548,0.79
26549,0.53
26550,0.98
26551,0.816667
26552,0.586667
26553,0.803333
26554,0.75
26555,0.473333
26556,0.95
26557,0.603333
26558,0.773333
26559,0.416667
26560,0.523333
26561,0.71
26562,0.836667
26563,0.87
26564,0.656667
26565,0.743333
26566,0.786667
26567,0.79
26568,0.863333
26569,0.61
26570,0.583333
26571,0.476667
26572,0.803333
26573,0.853333
26574,0.803333
26575,0.403333
26576,0.75
26577,0.893333
26578,0.833333
26579,0.68
26580,0.996667
26581,0.63
26582,0.89
26583,0.626667
26584,0.896667
26585,0.906667
26586,0.926667
26587,0.92
26588,0.556667
26589,0.786667
26590,0.463333
26591,0.796667
26592,0.636667
26593,0.596667
26594,0.64
26595,0.353333
26596,0.723333
26597,0.806667
26598,0.886667
26599,0.55
26600,0.83
26601,0.956667
26602,0.683333
26603,0.856667
26604,0.36
26605,0.546667
26606,0.42
26607,0.82
26608,0.743333
26609,0.843333
26610,0.693333
26611,0.703333
26612,0.636667
26613,0.866667
26614,0.97
26615,0.936667
26616,0.773333
26617,0.616667
26618,0.646667
26619,0.76
26620,0.843333
26621,0.946667
26622,0.816667
26623,0.85
26624,0.546667
26625,0.216667
26626,0.61
26627,0.75
26628,0.256667
26629,0.82
26630,0.83
26631,0.223333
26632,0.616667
26633,0.786667
26634,0.653333
26635,0.82
26636,0.746667
26637,0.436667
26638,0.81
26639,0.516667
26640,0.186667
26641,0.593333
26642,0.896667
26643,0.9
26644,0.956667
26645,0.55
26646,0.763333
26647,0.81
26648,0.99
26649,0.67
26650,0.816667
26651,0.753333
26652,0.966667
26653,0.903333
26654,0.57
26655,0.93
26656,0.93
26657,0.716667
26658,0.796667
26659,0.663333
26660,0.746667
26661,0.606667
26662,0.656667
26663,0.73
26664,0.65
26665,0.66
26666,0.5
26667,0.76
26668,0.69
26669,0.666667
26670,0.886667
26671,0.63
26672,0.543333
26673,0.88
26674,0.866667
26675,0.906667
26676,0.51
26677,0.836667
26678,0.523333
26679,0.71
26680,0.893333
26681,0.676667
26682,0.853333
26683,0.53
26684,0.906667
26685,0.723333
26686,0.603333
26687,0.95
26688,0.69
26689,0.85
26690,0.856667
26691,0.223333
26692,0.603333
26693,0.43
26694,0.883333
26695,0.8
26696,0.706667
26697,0.866667
26698,0.616667
26699,0.65
26700,0.903333
26701,0.58
26702,0.676667
26703,0.72
26704,0.796667
26705,0.683333
26706,0.873333
26707,0.68
26708,0.526667
26709,0.616667
26710,0.853333
26711,0.64
26712,0.8
26713,0.843333
26714,0.753333
26715,0.706667
26716,0.81
26717,0.476667
26718,0.873333
26719,0.6
26720,0.886667
26721,0.863333
26722,0.45
26723,0.473333
26724,0.883333
26725,0.733333
26726,0.666667
26727,0.766667
26728,0.723333
26729,0.913333
26730,0.956667
26731,0.963333
26732,0.346667
26733,0.81
26734,0.553333
26735,0.58
26736,0.813333
26737,0.803333
26738,0.54
26739,0.616667
26740,0.496667
26741,0.746667
26742,0.333333
26743,0.763333
26744,0.666667
26745,0.426667
26746,0.58
26747,0.446667
26748,0.826667
26749,0.94
26750,0.78
26751,0.536667
26752,0.736667
26753,0.866667
26754,0.526667
26755,0.57
26756,0.666667
26757,0.923333
26758,0.763333
26759,0.433333
26760,0.66
26761,0.953333
26762,0.703333
26763,0.626667
26764,0.796667
26765,0.656667
26766,0.91
26767,0.786667
26768,0.87
26769,0.443333
26770,0.793333
26771,0.99
26772,0.646667
26773,0.876667
26774,0.64
26775,0.843333
26776,0.77
26777,0.723333
26778,0.653333
26779,0.856667
26780,0.75
26781,0.63
26782,0.863333
26783,0.153333
26784,0.333333
26785,0.436667
26786,0.493333
26787,0.873333
26788,0.58
26789,0.76
26790,0.813333
26791,0.79
26792,0.9
26793,0.556667
26794,0.656667
26795,0.613333
26796,0.82
26797,0.596667
26798,0.53
26799,0.436667
26800,0.68
26801,0.933333
26802,0.946667
26803,0.556667
26804,0.566667
26805,0.95
26806,0.686667
26807,0.67
26808,0.663333
26809,0.736667
26810,0.966667
26811,0.55
26812,0.756667
26813,0.796667
26814,0.753333
26815,0.596667
26816,0.62
26817,0.77
26818,0.706667
26819,0.966667
26820,0.536667
26821,0.956667
26822,0.346667
26823,0.903333
26824,0.763333
26825,0.813333
26826,0.763333
26827,0.536667
26828,0.703333
26829,0.896667
26830,0.91
26831,0.643333
26832,0.79
26833,0.103333
26834,0.736667
26835,0.686667
26836,0.78
26837,0.57
26838,0.496667
26839,0.743333
26840,0.943333
26841,0.773333
26842,0.59
26843,0.5
26844,0.846667
26845,0.996667
26846,0.966667
26847,0.756667
26848,0.726667
26849,0.62
26850,0.683333
26851,0.603333
26852,0.39
26853,0.733333
26854,0.656667
26855,0.31
26856,0.59
26857,0.653333
26858,0.713333
26859,0.863333
26860,0.8
26861,0.906667
26862,0.69
26863,0.756667
26864,0.443333
26865,0.723333
26866,0.356667
26867,0.773333
26868,0.632551
26869,0.863333
26870,0.803333
26871,0.763333
26872,0.69
26873,0.723333
26874,0.56
26875,0.783333
26876,0.83
26877,0.806667
26878,0.703333
26879,0.67
26880,0.823333
26881,0.926667
26882,0.813333
26883,0.893333
26884,0.436667
26885,0.62
26886,0.853333
26887,0.603333
26888,0.74
26889,0.86
26890,0.703333
26891,0.616667
26892,0.336667
26893,0.88
26894,0.783333
26895,0.926667
26896,0.676667
26897,0.773333
26898,0.363333
26899,0.816667
26900,0.97
26901,0.826667
26902,0.96
26903,0.913333
26904,0.76
26905,0.65
26906,0.7
26907,0.926667
26908,0.57
26909,0.93
26910,0.346667
26911,0.77
26912,0.516667
26913,0.366667
26914,0.853333
26915,0.773333
26916,0.896667
26917,0.926667
26918,0.763333
26919,0.743333
26920,0.156667
26921,0.786667
26922,0.233333
26923,0.776667
26924,0.89
26925,0.606667
26926,0.73
26927,0.73
26928,0.61
26929,0.58
26930,0.306667
26931,0.983333
26932,0.766667
26933,0.623333
26934,0.73
26935,0.096667
26936,0.286667
26937,0.846667
26938,0.5
26939,0.72
26940,0.77
26941,0.403333
26942,0.856667
26943,0.78
26944,0.563333
26945,0.566667
26946,0.796667
26947,0.416667
26948,0.583333
26949,0.883333
26950,0.566667
26951,0.623333
26952,0.216667
26953,0.743333
26954,0.873333
26955,0.94
26956,0.4
26957,0.79
26958,0.766667
26959,0.65
26960,0.616667
26961,0.88
26962,0.493333
26963,0.573333
26964,0.473333
26965,0.463333
26966,0.583333
26967,0.796667
26968,0.766667
26969,0.786667
26970,0.516667
26971,0.963333
26972,0.75
26973,0.78
26974,0.95
26975,0.713333
26976,0.686667
26977,0.84
26978,0.68
26979,0.843333
26980,0.913333
26981,0.583333
26982,0.803333
26983,0.803333
26984,0.536667
26985,0.623333
26986,0.53
26987,0.77
26988,0.843333
26989,0.95
26990,0.753333
26991,0.79
26992,0.83
26993,0.843333
26994,0.77
26995,0.723333
26996,0.94
26997,0.743333
26998,0.863333
26999,0.483333
27000,0.49
27001,0.496667
27002,0.913333
27003,0.983333
27004,0.699218
27005,0.576667
27006,0.886667
27007,0.406667
27008,0.656667
27009,0.9
27010,0.5
27011,0.523333
27012,0.63
27013,0.913333
27014,0.87
27015,0.33
27016,0.703333
27017,0.803333
27018,0.663333
27019,0.803333
27020,0.136667
27021,0.436667
27022,0.803333
27023,0.393333
27024,0.626667
27025,0.793333
27026,0.806667
27027,0.976667
27028,0.723333
27029,0.68
27030,0.763333
27031,0.766667
27032,0.616667
27033,0.69
27034,0.816667
27035,0.566667
27036,0.606667
27037,0.816667
27038,0.823333
27039,0.966667
27040,0.506667
27041,0.826667
27042,0.93
27043,0.74
27044,0.49
27045,0.656667
27046,0.496667
27047,0.586667
27048,0.53
27049,0.61
27050,0.846667
27051,0.803333
27052,0.816667
27053,0.69
27054,0.906667
27055,0.533333
27056,0.383333
27057,0.28
27058,0.81
27059,0.733333
27060,0.84
27061,0.726667
27062,0.583333
27063,0.743333
27064,0.713333
27065,0.263333
27066,0.286667
27067,0.9
27068,0.78
27069,0.56
27070,0.786667
27071,0.483333
27072,0.846667
27073,0.513333
27074,0.76
27075,0.8
27076,0.433333
27077,0.503333
27078,0.423333
27079,0.78
27080,0.453333
27081,0.806667
27082,0.5
27083,0.853333
27084,0.786667
27085,0.826667
27086,0.626667
27087,0.75
27088,0.586667
27089,0.896667
27090,0.723333
27091,0.66
27092,0.556667
27093,0.716667
27094,0.906667
27095,0.743333
27096,0.723333
27097,0.823333
27098,0.643333
27099,0.673333
27100,0.89
27101,0.583333
27102,0.943333
27103,0.906667
27104,0.923333
27105,0.876667
27106,0.596667
27107,0.793333
27108,0.963333
27109,0.88
27110,0.943333
27111,0.903333
27112,0.853333
27113,0.92
27114,0.78
27115,0.81
27116,0.503333
27117,0.616667
27118,0.786667
27119,0.536667
27120,0.756667
27121,0.91
27122,0.963333
27123,0.666667
27124,0.943333
27125,0.623333
27126,0.863333
27127,0.706667
27128,0.726667
27129,0.67
27130,0.65
27131,0.923333
27132,0.676667
27133,0.413333
27134,0.753333
27135,0.736667
27136,0.2
27137,0.703333
27138,0.379524
27139,0.67
27140,0.643333
27141,0.59
27142,0.863333
27143,0.653333
27144,0.69
27145,0.806667
27146,0.653333
27147,0.616667
27148,0.623333
27149,0.84
27150,0.77
27151,0.703333
27152,0.65
27153,0.893333
27154,0.406667
27155,0.793333
27156,0.866667
27157,0.723333
27158,0.776667
27159,0.713333
27160,0.93
27161,0.986667
27162,0.423333
27163,0.863333
27164,0.746667
27165,0.656667
27166,0.686667
27167,0.71
27168,0.683333
27169,0.563333
27170,0.796667
27171,0.706667
27172,0.74
27173,0.376667
27174,0.66
27175,0.746667
27176,0.77
27177,0.483333
27178,0.646667
27179,0.803333
27180,0.746667
27181,0.786667
27182,0.696667
27183,0.33
27184,0.62
27185,0.67
27186,0.82
27187,0.73
27188,0.96
27189,0.87
27190,0.43
27191,0.976667
27192,0.45
27193,0.193333
27194,0.7
27195,0.726667
27196,0.83
27197,0.696667
27198,0.92
27199,0.636667
27200,0.756667
27201,0.38
27202,0.873333
27203,0.873333
27204,0.34
27205,0.76
27206,0.5
27207,0.35
27208,0.733333
27209,0.813333
27210,0.626667
27211,0.67
27212,0.653333
27213,0.873333
27214,0.866667
27215,0.393333
27216,0.77
27217,0.346667
27218,0.66
27219,0.626667
27220,0.953333
27221,0.63
27222,0.683333
27223,0.663333
27224,0.693333
27225,0.856667
27226,0.963333
27227,0.713333
27228,0.88
27229,0.833333
27230,0.76
27231,0.533333
27232,0.803333
27233,0.683333
27234,0.62
27235,0.526667
27236,0.646667
27237,0.77
27238,0.526667
27239,0.893333
27240,0.51
27241,0.92
27242,0.9
27243,0.57
27244,0.656667
27245,0.41
27246,0.396667
27247,0.856667
27248,0.586667
27249,0.936667
27250,0.266667
27251,0.55
27252,0.713333
27253,0.616667
27254,0.696667
27255,0.75
27256,0.71
27257,0.66
27258,0.71
27259,0.533333
27260,0.723333
27261,0.65
27262,0.77
27263,0.946667
27264,0.61
27265,0.606667
27266,0.876667
27267,0.833333
27268,0.696667
27269,0.736667
27270,0.893333
27271,0.693333
27272,0.94
27273,0.846667
27274,0.846667
27275,0.426667
27276,0.65
27277,0.843333
27278,0.426667
27279,0.97
27280,0.626667
27281,0.316667
27282,0.733333
27283,0.47
27284,0.796667
27285,0.85
27286,0.633333
27287,0.87
27288,0.983333
27289,0.783333
27290,0.646667
27291,0.746667
27292,0.776667
27293,0.743333
27294,0.763333
27295,0.786667
27296,0.96
27297,0.83
27298,0.873333
27299,0.733333
27300,0.476667
27301,0.353333
27302,0.74
27303,0.36
27304,0.883333
27305,0.466667
27306,0.79
27307,0.5
27308,0.836667
27309,0.926667
27310,0.593333
27311,0.413333
27312,0.713333
27313,0.39
27314,0.7
27315,0.79
27316,0.466667
27317,0.74
27318,0.53
27319,0.906667
27320,0.81
27321,0.51
27322,0.68
27323,0.64
27324,0.4
27325,0.626667
27326,0.756237
27327,0.796667
27328,0.72
27329,0.51
27330,0.773333
27331,0.496667
27332,0.846667
27333,0.96
27334,0.6
27335,0.93
27336,0.756667
27337,0.81
27338,0.593333
27339,0.376667
27340,0.75
27341,0.95
27342,0.65
27343,0.71
27344,0.733333
27345,0.353333
27346,0.903333
27347,0.513333
27348,0.776667
27349,0.616667
27350,0.946667
27351,0.873333
27352,0.823333
27353,0.84
27354,0.52
27355,0.883333
27356,0.793333
27357,0.793333
27358,0.88
27359,0.776667
27360,0.536667
27361,0.653333
27362,0.83
27363,0.91
27364,0.853333
27365,0.62
27366,0.886667
27367,0.783333
27368,0.523333
27369,0.846667
27370,0.78
27371,0.896667
27372,0.866667
27373,0.92
27374,0.713333
27375,0.473333
27376,0.65
27377,0.683333
27378,0.48
27379,0.72
27380,0.653333
27381,0.733333
27382,0.77
27383,0.536667
27384,0.713333
27385,0.376667
27386,0.76
27387,0.556667
27388,0.766667
27389,0.383333
27390,0.69
27391,0.233333
27392,0.816667
27393,0.743333
27394,0.42
27395,0.846667
27396,0.806667
27397,0.736667
27398,0.753333
27399,0.63
27400,0.42
27401,0.646667
27402,0.796667
27403,0.626667
27404,0.783333
27405,0.5
27406,0.246667
27407,0.8
27408,0.533333
27409,0.796667
27410,0.82
27411,0.673333
27412,0.986667
27413,0.613333
27414,0.363333
27415,0.426667
27416,0.423333
27417,0.663333
27418,0.833333
27419,0.593333
27420,0.92
27421,0.82
27422,0.71
27423,0.913333
27424,0.81
27425,0.813333
27426,0.583333
27427,0.856667
27428,0.82
27429,0.576667
27430,0.726667
27431,0.96
27432,0.816667
27433,0.423333
27434,0.623333
27435,0.806667
27436,0.85
27437,0.496667
27438,0.9
27439,0.733333
27440,0.93
27441,0.813333
27442,0.626667
27443,0.866667
27444,0.796667
27445,0.946667
27446,0.583333
27447,0.773333
27448,0.893333
27449,0.866667
27450,0.88
27451,0.726667
27452,0.54
27453,0.896667
27454,0.703333
27455,0.916667
27456,0.863333
27457,0.79
27458,0.813333
27459,0.493333
27460,0.566667
27461,0.93
27462,0.816667
27463,0.866667
27464,0.65
27465,0.663333
27466,0.79
27467,0.883333
27468,0.94
27469,0.853333
27470,0.793333
27471,0.613333
27472,0.78
27473,0.796667
27474,0.843333
27475,0.99
27476,0.593333
27477,0.823333
27478,0.883333
27479,0.616667
27480,0.413333
27481,0.676667
27482,0.823333
27483,0.583333
27484,0.683333
27485,0.54
27486,0.56
27487,0.573333
27488,0.843333
27489,0.803333
27490,0.62
27491,0.866667
27492,0.62
27493,0.576667
27494,0.966667
27495,0.906667
27496,0.903333
27497,0.693333
27498,0.593333
27499,0.593333
27500,0.92
27501,0.913333
27502,0.226667
27503,0.74
27504,0.646667
27505,0.683333
27506,0.64
27507,0.693333
27508,0.873333
27509,0.6
27510,0.886667
27511,0.55
27512,0.97
27513,0.886667
27514,0.686667
27515,0.75
27516,0.75
27517,0.81
27518,0.61
27519,0.436667
27520,0.84
27521,0.883333
27522,0.8
27523,0.806667
27524,0.5
27525,0.74
27526,0.606667
27527,0.55
27528,0.793333
27529,0.496667
27530,0.56
27531,0.116667
27532,0.72
27533,0.876667
27534,0.893333
27535,0.86
27536,0.733333
27537,0.823333
27538,0.923333
27539,0.836667
27540,0.68
27541,0.693333
27542,0.956667
27543,0.456667
27544,0.923333
27545,0.97
27546,0.603333
27547,0.633333
27548,0.54
27549,0.78
27550,0.74
27551,0.72
27552,0.82
27553,0.276667
27554,0.86
27555,0.396667
27556,0.893333
27557,0.87
27558,0.543333
27559,0.866667
27560,0.63
27561,0.273333
27562,0.736667
27563,0.51
27564,0.49
27565,0.683333
27566,0.813333
27567,0.776667
27568,0.97
27569,0.993333
27570,0.55
27571,0.743333
27572,0.51
27573,0.68
27574,0.643333
27575,0.87
27576,0.82
27577,0.636667
27578,0.546667
27579,0.896667
27580,0.653333
27581,0.926667
27582,0.753333
27583,0.593333
27584,0.843333
27585,0.716667
27586,0.893333
27587,0.806667
27588,0.933333
27589,0.766667
27590,0.95
27591,0.736667
27592,0.956667
27593,0.983333
27594,0.786667
27595,0.696667
27596,0.61
27597,0.283333
27598,0.89
27599,0.846667
27600,0.646667
27601,0.953333
27602,0.516667
27603,0.77
27604,0.683333
27605,0.13
27606,0.76
27607,0.666667
27608,0.583333
27609,0.796667
27610,0.753333
27611,0.74
27612,0.77
27613,0.746667
27614,0.09
27615,0.77
27616,0.633333
27617,0.88
27618,0.566667
27619,0.66
27620,0.753333
27621,0.956667
27622,0.436667
27623,0.81
27624,0.656667
27625,0.693333
27626,0.623333
27627,0.753333
27628,0.893333
27629,0.86
27630,0.573333
27631,0.763333
27632,0.956667
27633,0.806667
27634,0.84
27635,0.713333
27636,0.886667
27637,0.336667
27638,0.553333
27639,0.536667
27640,0.846667
27641,0.866667
27642,0.533333
27643,0.613333
27644,0.276667
27645,0.98
27646,0.79
27647,0.826667
27648,0.8
27649,0.67
27650,0.823333
27651,0.693333
27652,0.963333
27653,0.856667
27654,0.653333
27655,0.93
27656,0.76
27657,0.356667
27658,0.743333
27659,0.796667
27660,0.4
27661,0.396667
27662,0.703333
27663,0.55
27664,0.68
27665,0.706667
27666,0.843333
27667,0.85
27668,0.606667
27669,0.813333
27670,0.74
27671,0.633333
27672,0.553333
27673,0.673333
27674,0.503333
27675,0.646667
27676,0.886667
27677,0.746667
27678,0.606667
27679,0.72
27680,0.793333
27681,0.973333
27682,0.73
27683,0.936667
27684,0.6
27685,0.696667
27686,0.523333
27687,0.756667
27688,0.59
27689,0.6
27690,0.85
27691,0.773333
27692,0.313333
27693,0.546667
27694,0.86
27695,0.833333
27696,0.8
27697,0.67
27698,0.573333
27699,0.716667
27700,0.87
27701,0.926667
27702,0.653333
27703,0.766667
27704,0.826667
27705,0.176667
27706,0.91
27707,0.606667
27708,0.77
27709,0.943333
27710,0.856667
27711,0.586667
27712,0.833333
27713,0.46
27714,0.386667
27715,0.96
27716,0.796667
27717,0.756667
27718,0.583333
27719,0.823333
27720,0.993333
27721,0.956667
27722,0.763333
27723,0.646667
27724,0.83
27725,0.563333
27726,0.68
27727,0.436667
27728,0.8
27729,0.9
27730,0.61
27731,0.436667
27732,0.546667
27733,0.73
27734,0.703333
27735,0.79
27736,0.733333
27737,0.98
27738,0.76
27739,0.73
27740,0.92
27741,0.853333
27742,0.59
27743,0.93
27744,0.616667
27745,0.866667
27746,0.493333
27747,0.683333
27748,0.843333
27749,0.513333
27750,0.983333
27751,0.806667
27752,0.85
27753,0.59
27754,0.836667
27755,0.473333
27756,0.826667
27757,0.626667
27758,0.91
27759,0.736667
27760,0.836667
27761,0.556667
27762,0.696667
27763,0.643333
27764,0.746667
27765,0.666667
27766,0.85
27767,0.493333
27768,0.713333
27769,0.466667
27770,0.9
27771,0.626667
27772,0.71
27773,0.803333
27774,0.513333
27775,0.816667
27776,0.746667
27777,0.843333
27778,0.79
27779,0.626667
27780,0.816667
27781,0.736667
27782,0.786667
27783,0.503333
27784,0.893333
27785,0.55
27786,0.863333
27787,0.78
27788,0.95
27789,0.616667
27790,0.71
27791,0.813333
27792,0.38
27793,0.953333
27794,0.783333
27795,0.85
27796,0.553333
27797,0.87
27798,0.72
27799,0.876667
27800,0.573333
27801,0.98
27802,0.836667
27803,0.51
27804,0.653333
27805,0.726667
27806,0.876667
27807,0.863333
27808,0.673333
27809,0.55
27810,0.886667
27811,0.743333
27812,0.95
27813,0.583333
27814,0.733333
27815,0.936667
27816,0.456667
27817,0.423333
27818,0.74
27819,0.7
27820,0.64
27821,0.57
27822,0.673333
27823,0.89
27824,0.58
27825,0.903333
27826,0.606667
27827,0.49
27828,0.756667
27829,0.85
27830,0.87
27831,0.886667
27832,0.693333
27833,0.613333
27834,0.843333
27835,0.983333
27836,0.493333
27837,0.523333
27838,0.676667
27839,0.483333
27840,0.593333
27841,0.39
27842,0.66
27843,0.866667
27844,0.903333
27845,0.88
27846,0.506667
27847,0.476667
27848,0.57
27849,0.77
27850,0.846667
27851,0.86
27852,0.6
27853,0.61
27854,0.826667
27855,0.896667
27856,0.7
27857,0.923333
27858,0.753333
27859,0.373333
27860,0.433333
27861,0.59
27862,0.926667
27863,0.71
27864,0.893333
27865,0.853333
27866,0.973333
27867,0.78
27868,0.66
27869,0.77
27870,0.5
27871,0.73
27872,0.876667
27873,0.78
27874,0.72
27875,0.913333
27876,0.796667
27877,0.401429
27878,0.72
27879,0.62
27880,0.62
27881,0.463333
27882,0.91
27883,0.596667
27884,0.99
27885,0.773333
27886,0.596667
27887,0.923333
27888,0.536667
27889,0.783333
27890,0.43
27891,0.886667
27892,0.806667
27893,0.81
27894,0.51
27895,0.803333
27896,0.706667
27897,0.796667
27898,0.69
27899,0.693333
27900,0.54
27901,0.92
27902,0.34
27903,0.403333
27904,0.973333
27905,0.856667
27906,0.7
27907,0.896667
27908,0.383333
27909,0.786667
27910,0.76
27911,0.79
27912,0.713333
27913,0.71
27914,0.946667
27915,0.506667
27916,0.81
27917,0.343333
27918,0.853333
27919,0.413333
27920,0.596667
27921,0.66
27922,0.836667
27923,0.696667
27924,0.84
27925,0.94
27926,0.726667
27927,0.763333
27928,0.646667
27929,0.806667
27930,0.846667
27931,0.68
27932,0.93
27933,0.643333
27934,0.616667
27935,0.726667
27936,0.806667
27937,0.84
27938,0.77
27939,0.846667
27940,0.693333
27941,0.7
27942,0.83
27943,0.846667
27944,0.946667
27945,0.786667
27946,0.676667
27947,0.696667
27948,0.436667
27949,0.586667
27950,0.48
27951,0.693333
27952,0.773333
27953,0.693333
27954,0.846667
27955,0.43
27956,0.846667
27957,0.696667
27958,0.713333
27959,0.636667
27960,0.576667
27961,0.843333
27962,0.633333
27963,0.656667
27964,0.88
27965,0.66
27966,0.73
27967,0.936667
27968,0.85
27969,0.623333
27970,0.98
27971,0.796667
27972,0.816667
27973,0.686667
27974,0.686667
27975,0.783333
27976,0.683333
27977,0.77
27978,0.72
27979,0.516667
27980,0.656667
27981,0.53
27982,0.713333
27983,0.253333
27984,0.6
27985,0.813333
27986,0.923333
27987,0.68
27988,0.506667
27989,0.82
27990,0.876667
27991,0.96
27992,0.613333
27993,0.956667
27994,0.3
27995,0.463333
27996,0.673333
27997,0.78
27998,0.966667
27999,0.58
28000,0.87
28001,0.656667
28002,0.796667
28003,0.946667
28004,0.623333
28005,0.71
28006,0.593333
28007,0.456667
28008,0.906667
28009,0.68
28010,0.713333
28011,0.77
28012,0.956667
28013,0.91
28014,0.96
28015,0.676667
28016,0.516667
28017,0.483333
28018,0.77
28019,0.81
28020,0.273333
28021,0.313333
28022,0.9
28023,0.663333
28024,0.733333
28025,0.586667
28026,0.843333
28027,0.966667
28028,0.836667
28029,0.74
28030,0.57
28031,0.753333
28032,0.95
28033,0.786667
28034,0.726667
28035,0.76
28036,0.713333
28037,0.68
28038,0.8
28039,0.62
28040,0.706667
28041,0.656667
28042,0.506667
28043,0.77
28044,0.593333
28045,0.87
28046,0.973333
28047,0.883333
28048,0.89
28049,0.673333
28050,0.6
28051,0.763333
28052,0.696667
28053,0.713333
28054,0.41
28055,0.55
28056,0.913333
28057,0.81
28058,0.303333
28059,0.656667
28060,0.716667
28061,0.81
28062,0.23
28063,0.346667
28064,0.397833
28065,0.833333
28066,0.733333
28067,0.683333
28068,0.933333
28069,0.663333
28070,0.63
28071,0.866667
28072,0.363333
28073,0.556667
28074,0.513333
28075,0.863333
28076,0.52
28077,0.823333
28078,0.353333
28079,0.6
28080,0.973333
28081,0.563333
28082,0.86
28083,0.716667
28084,0.69
28085,0.65
28086,0.56
28087,0.8
28088,0.453333
28089,0.44
28090,0.613333
28091,0.633333
28092,0.926667
28093,0.91
28094,0.71
28095,0.576667
28096,0.91
28097,0.793333
28098,0.973333
28099,0.696667
28100,0.83
28101,0.776667
28102,0.553333
28103,0.616667
28104,0.366667
28105,0.356667
28106,0.343333
28107,0.583333
28108,0.946667
28109,0.926667
28110,0.286667
28111,0.966667
28112,0.96
28113,0.733333
28114,0.73
28115,0.716667
28116,0.736667
28117,0.736667
28118,0.636667
28119,0.71
28120,0.666667
28121,0.743333
28122,0.75
28123,0.953333
28124,0.543333
28125,0.726667
28126,0.676667
28127,0.826667
28128,0.516667
28129,0.67
28130,0.78
28131,0.556667
28132,0.95
28133,0.41
28134,0.696667
28135,0.436667
28136,0.806667
28137,0.573333
28138,0.68
28139,0.506667
28140,0.686667
28141,0.79
28142,0.756667
28143,0.873333
28144,0.856667
28145,0.623333
28146,0.916667
28147,0.566667
28148,0.67
28149,0.763333
28150,0.996667
28151,0.903333
28152,0.71
28153,0.866667
28154,0.72
28155,0.753333
28156,0.726667
28157,0.97
28158,0.81
28159,0.876667
28160,0.283333
28161,0.556667
28162,0.666667
28163,0.876667
28164,0.86
28165,0.54
28166,0.89
28167,0.88
28168,0.566667
28169,0.803333
28170,0.926667
28171,0.673333
28172,0.866667
28173,0.606667
28174,0.81
28175,0.96
28176,0.726667
28177,0.686667
28178,0.873333
28179,0.62
28180,0.873333
28181,0.633333
28182,0.88
28183,0.956667
28184,0.563333
28185,0.706667
28186,0.58
28187,0.54
28188,0.456667
28189,0.283333
28190,0.793333
28191,0.753333
28192,0.58
28193,0.773333
28194,0.726667
28195,0.586667
28196,0.753333
28197,0.803333
28198,0.78
28199,0.353333
28200,0.766667
28201,0.61
28202,0.89
28203,0.603333
28204,0.736667
28205,0.966667
28206,0.71
28207,0.863333
28208,0.716667
28209,0.74
28210,0.796667
28211,0.666667
28212,0.75
28213,0.696667
28214,0.683333
28215,0.706667
28216,0.38
28217,0.753333
28218,0.716667
28219,0.623333
28220,0.91
28221,0.61
28222,0.353333
28223,0.743333
28224,0.87
28225,0.626667
28226,0.526667
28227,0.856667
28228,0.463333
28229,0.733333
28230,0.176667
28231,0.41
28232,0.62
28233,0.883333
28234,0.93
28235,0.783333
28236,0.866667
28237,0.726463
28238,0.616667
28239,0.366667
28240,0.646667
28241,0.963333
28242,0.703333
28243,0.9
28244,0.663333
28245,0.42
28246,0.57
28247,0.723333
28248,0.796667
28249,0.886667
28250,0.736667
28251,0.38
28252,0.78
28253,0.79
28254,0.436667
28255,0.933333
28256,0.393333
28257,0.803333
28258,0.606667
28259,0.526667
28260,0.42
28261,0.783333
28262,0.463333
28263,0.696667
28264,0.61
28265,0.843333
28266,0.88
28267,0.4
28268,0.926667
28269,0.96
28270,0.433333
28271,0.873333
28272,0.463333
28273,0.803333
28274,0.71
28275,0.876667
28276,0.806667
28277,0.756667
28278,0.943333
28279,0.523333
28280,0.866667
28281,0.816667
28282,0.666667
28283,0.94
28284,0.773333
28285,0.873333
28286,0.776667
28287,0.706667
28288,0.856237
28289,0.643333
28290,0.856667
28291,0.936667
28292,0.963333
28293,0.943333
28294,0.99
28295,0.536667
28296,0.393333
28297,0.63
28298,0.736667
28299,0.766667
28300,0.89
28301,0.603333
28302,0.473333
28303,0.803333
28304,0.446667
28305,0.236667
28306,0.616667
28307,0.736667
28308,0.823333
28309,0.776667
28310,0.776667
28311,0.77
28312,0.576667
28313,0.39
28314,0.77
28315,0.596667
28316,0.813333
28317,0.656667
28318,0.75
28319,0.73
28320,0.593333
28321,0.713333
28322,0.816667
28323,0.663333
28324,0.893333
28325,0.826667
28326,0.363333
28327,0.13
28328,0.226667
28329,0.516667
28330,0.376667
28331,0.78
28332,0.566667
28333,0.646667
28334,0.646667
28335,0.66
28336,0.866667
28337,0.71
28338,0.37
28339,0.87
28340,0.623333
28341,0.516667
28342,0.613333
28343,0.51
28344,0.49
28345,0.523333
28346,0.916667
28347,0.596667
28348,0.496667
28349,0.82
28350,0.473333
28351,0.6
28352,0.29
28353,0.506667
28354,0.64
28355,0.42
28356,0.7
28357,0.723333
28358,0.946667
28359,0.41
28360,0.586667
28361,0.753333
28362,0.65
28363,0.63
28364,0.816667
28365,0.852903
28366,0.74
28367,0.943333
28368,0.533333
28369,0.553333
28370,0.756667
28371,0.823333
28372,0.93
28373,0.92
28374,0.506667
28375,0.83
28376,0.72
28377,0.716667
28378,0.843333
28379,0.55
28380,0.616667
28381,0.663333
28382,0.636667
28383,0.836667
28384,0.643333
28385,0.94
28386,0.88
28387,0.446667
28388,0.89
28389,0.576667
28390,0.7
28391,0.823333
28392,0.973333
28393,0.803333
28394,0.756667
28395,0.456667
28396,0.78
28397,0.733333
28398,0.796667
28399,0.793333
28400,0.596667
28401,0.95
28402,0.533333
28403,0.683333
28404,0.63
28405,0.973333
28406,0.99
28407,0.826667
28408,0.773333
28409,0.91
28410,0.286667
28411,0.876667
28412,0.93
28413,0.563333
28414,0.44
28415,0.746667
28416,0.66
28417,0.523333
28418,0.766667
28419,0.483333
28420,0.6
28421,0.933333
28422,0.706667
28423,0.536667
28424,0.773333
28425,0.656667
28426,0.766667
28427,0.573333
28428,0.963333
28429,0.75
28430,0.88
28431,0.963333
28432,0.653333
28433,0.906667
28434,0.916667
28435,0.62
28436,0.65
28437,0.873333
28438,0.716667
28439,0.49
28440,0.713333
28441,0.873333
28442,0.67
28443,0.923333
28444,0.933333
28445,0.85
28446,0.876667
28447,0.68
28448,0.776667
28449,0.763333
28450,0.72
28451,0.716667
28452,0.573333
28453,0.926667
28454,0.923333
28455,0.833333
28456,0.623333
28457,0.9
28458,0.673333
28459,0.843333
28460,0.793333
28461,0.92
28462,0.796667
28463,0.406667
28464,0.726667
28465,0.663333
28466,0.433333
28467,0.516667
28468,0.776667
28469,0.596667
28470,0.856667
28471,0.71
28472,0.893333
28473,0.776667
28474,0.89
28475,0.253333
28476,0.693333
28477,0.32
28478,0.426667
28479,0.73
28480,0.816667
28481,0.463333
28482,0.54
28483,0.703333
28484,0.683333
28485,0.856667
28486,0.986667
28487,0.566667
28488,0.82
28489,0.58
28490,0.87
28491,0.876667
28492,0.726667
28493,0.92
28494,0.93
28495,0.603333
28496,0.75
28497,0.72
28498,0.763333
28499,0.766667
28500,0.846667
28501,0.863333
28502,0.856667
28503,0.89
28504,0.573333
28505,0.84
28506,0.87
28507,0.62
28508,0.646667
28509,0.7
28510,0.646667
28511,0.97
28512,0.583333
28513,0.42
28514,0.643333
28515,0.476667
28516,0.493333
28517,0.7
28518,0.7
28519,0.433333
28520,0.456667
28521,0.166667
28522,0.55
28523,0.753333
28524,0.843333
28525,0.71
28526,0.723333
28527,0.913333
28528,0.683333
28529,0.693333
28530,0.296667
28531,0.703333
28532,0.873333
28533,0.906667
28534,0.846667
28535,0.58
28536,0.62
28537,0.703333
28538,0.856667
28539,0.626667
28540,0.913333
28541,0.926667
28542,0.826667
28543,0.353333
28544,0.773333
28545,0.87
28546,0.69
28547,0.59
28548,0.443333
28549,0.88
28550,0.716667
28551,0.603333
28552,0.383333
28553,0.56
28554,0.796667
28555,0.79
28556,0.593333
28557,0.913333
28558,0.63
28559,0.576667
28560,0.723333
28561,0.983333
28562,0.93
28563,0.443333
28564,0.786667
28565,0.773333
28566,0.753333
28567,0.873333
28568,0.663333
28569,0.696667
28570,0.81
28571,0.953333
28572,0.78
28573,0.786667
28574,0.706667
28575,0.85
28576,0.913333
28577,0.623333
28578,0.76
28579,0.946667
28580,0.74
28581,0.733333
28582,0.69
28583,0.436667
28584,0.453333
28585,0.66
28586,0.88
28587,0.723333
28588,0.893333
28589,0.68
28590,0.69
28591,0.643333
28592,0.516667
28593,0.593333
28594,0.556667
28595,0.653333
28596,0.766667
28597,0.953333
28598,0.773333
28599,0.803333
28600,0.873333
28601,0.706667
28602,0.716667
28603,0.346667
28604,0.873333
28605,0.92
28606,0.733333
28607,0.876667
28608,0.816667
28609,0.92
28610,0.616667
28611,0.873333
28612,0.853333
28613,0.74
28614,0.876667
28615,0.64
28616,0.943333
28617,0.886667
28618,0.716667
28619,0.676667
28620,0.396667
28621,0.64
28622,0.593333
28623,0.516667
28624,0.69
28625,0.813333
28626,0.18
28627,0.873333
28628,0.636667
28629,0.91
28630,0.363333
28631,0.946667
28632,0.682695
28633,0.733333
28634,0.806667
28635,0.816667
28636,0.926667
28637,0.456667
28638,0.63
28639,0.523333
28640,0.94
28641,0.76
28642,0.596667
28643,0.756667
28644,0.16
28645,0.96
28646,0.656667
28647,0.683333
28648,0.906667
28649,0.146667
28650,0.896667
28651,0.62
28652,0.728333
28653,0.61
28654,0.533333
28655,0.786667
28656,0.806667
28657,0.673333
28658,0.61
28659,0.946667
28660,0.486667
28661,0.31
28662,0.666667
28663,0.813333
28664,0.66
28665,0.753333
28666,0.736667
28667,0.706667
28668,0.66
28669,0.713333
28670,0.486667
28671,0.853333
28672,0.893333
28673,0.68
28674,0.966667
28675,0.503333
28676,0.953333
28677,0.89
28678,0.87
28679,0.906667
28680,0.533333
28681,0.8
28682,0.883333
28683,0.686667
28684,0.813333
28685,0.783333
28686,0.81
28687,0.99
28688,0.703333
28689,0.823333
28690,0.856667
28691,0.836667
28692,0.7
28693,0.55
28694,0.763333
28695,0.56
28696,0.866667
28697,0.573333
28698,0.346667
28699,0.63
28700,0.563333
28701,0.73
28702,0.84
28703,0.586667
28704,0.303333
28705,0.323333
28706,0.99
28707,0.906667
28708,0.776667
28709,0.743333
28710,0.44
28711,0.716667
28712,0.923333
28713,0.88
28714,0.383333
28715,0.936667
28716,0.35
28717,0.73
28718,0.803333
28719,0.663333
28720,0.776667
28721,0.536667
28722,0.5
28723,0.73
28724,0.833333
28725,0.916667
28726,0.26
28727,0.533333
28728,0.673333
28729,0.743333
28730,0.966667
28731,0.516667
28732,0.826667
28733,0.78
28734,0.563333
28735,0.646667
28736,0.983333
28737,0.846667
28738,0.783333
28739,0.783333
28740,0.686667
28741,0.926667
28742,0.863333
28743,0.46
28744,0.596667
28745,0.846667
28746,0.803333
28747,0.76
28748,0.49
28749,0.926667
28750,0.34
28751,0.663333
28752,0.93
28753,0.73
28754,0.556667
28755,0.77
28756,0.733333
28757,0.893333
28758,0.85
28759,0.703333
28760,0.766667
28761,0.483333
28762,0.323333
28763,0.606667
28764,0.773333
28765,0.42
28766,0.573333
28767,0.823333
28768,0.503333
28769,0.563333
28770,0.613333
28771,0.686667
28772,0.576667
28773,0.653333
28774,0.986667
28775,0.466667
28776,0.8
28777,0.546667
28778,0.766667
28779,0.606667
28780,0.793333
28781,0.786237
28782,0.713333
28783,0.806667
28784,0.393333
28785,0.7
28786,0.75
28787,0.8
28788,0.543333
28789,0.733333
28790,0.783333
28791,0.69
28792,0.72
28793,0.696667
28794,0.553333
28795,0.776667
28796,0.613333
28797,0.74
28798,0.473333
28799,0.91
28800,0.47
28801,0.806667
28802,0.316667
28803,0.95
28804,0.766667
28805,0.853333
28806,0.856667
28807,0.756667
28808,0.86
28809,0.776667
28810,0.89
28811,0.93
28812,0.466667
28813,0.383333
28814,0.756667
28815,0.723333
28816,0.716667
28817,0.55
28818,0.686667
28819,0.836667
28820,0.26
28821,0.42
28822,0.63
28823,0.813333
28824,0.67
28825,0.77
28826,0.606667
28827,0.97
28828,0.683333
28829,0.73
28830,0.58
28831,0.973333
28832,0.63
28833,0.906667
28834,0.716667
28835,0.736667
28836,0.76
28837,0.79
28838,0.32
28839,0.833333
28840,0.856667
28841,0.773333
28842,0.7
28843,0.77
28844,0.625556
28845,0.37
28846,0.71
28847,0.99
28848,0.49
28849,0.796667
28850,0.94
28851,0.703333
28852,0.616667
28853,0.743333
28854,0.586667
28855,0.903333
28856,0.513333
28857,0.463333
28858,0.626667
28859,0.393333
28860,0.52
28861,0.813333
28862,0.593333
28863,0.676667
28864,0.95
28865,0.69
28866,0.56
28867,0.646667
28868,0.8
28869,0.753333
28870,0.996667
28871,0.886667
28872,0.7
28873,0.579218
28874,0.77
28875,0.823333
28876,0.89
28877,0.6
28878,0.686667
28879,0.36
28880,0.776667
28881,0.476667
28882,0.68
28883,0.543333
28884,0.65
28885,0.843333
28886,0.95
28887,0.61
28888,0.2
28889,0.76
28890,0.73
28891,0.57
28892,0.893333
28893,0.626667
28894,0.596667
28895,0.72
28896,0.813333
28897,0.79
28898,0.923333
28899,0.433333
28900,0.866667
28901,0.71
28902,0.933333
28903,0.846667
28904,0.866667
28905,0.586667
28906,0.73
28907,0.496667
28908,0.553333
28909,0.81
28910,0.95
28911,0.79
28912,0.576667
28913,0.766667
28914,0.533333
28915,0.956667
28916,0.713333
28917,0.876667
28918,0.653333
28919,0.66
28920,0.803333
28921,0.696667
28922,0.476667
28923,0.483333
28924,0.623333
28925,0.766667
28926,0.773333
28927,0.9
28928,0.39
28929,0.943333
28930,0.586667
28931,0.83
28932,0.663333
28933,0.776667
28934,0.866667
28935,0.813333
28936,0.766667
28937,0.643333
28938,0.84
28939,0.886667
28940,0.78
28941,0.463333
28942,0.71
28943,0.353333
28944,0.633333
28945,0.726667
28946,0.643333
28947,0.503333
28948,0.88
28949,0.66
28950,0.966667
28951,0.736667
28952,0.78
28953,0.823333
28954,0.62
28955,0.716667
28956,0.983333
28957,0.7
28958,0.856667
28959,0.74
28960,0.453333
28961,0.5
28962,0.566667
28963,0.523333
28964,0.6
28965,0.51
28966,0.513333
28967,0.546667
28968,0.623333
28969,0.733333
28970,0.833333
28971,0.72
28972,0.926667
28973,0.826667
28974,0.7
28975,0.703333
28976,0.55
28977,0.97
28978,0.35
28979,0.876667
28980,0.8
28981,0.956667
28982,0.69
28983,0.96
28984,0.573333
28985,0.896667
28986,0.86
28987,0.726667
28988,0.733333
28989,0.496667
28990,0.723333
28991,0.65
28992,0.54
28993,0.526667
28994,0.633333
28995,0.14
28996,0.993333
28997,0.436667
28998,0.913333
28999,0.846667
29000,0.833333
29001,0.596667
29002,0.99
29003,0.896667
29004,0.81
29005,0.28
29006,0.763333
29007,0.673333
29008,0.653333
29009,0.916667
29010,0.736667
29011,0.766667
29012,0.703333
29013,0.683333
29014,0.843333
29015,0.856667
29016,0.713333
29017,0.576667
29018,0.696667
29019,0.826667
29020,0.426667
29021,0.943333
29022,0.733333
29023,0.99
29024,0.51
29025,0.856667
29026,0.893333
29027,0.496667
29028,0.903333
29029,0.876667
29030,0.67
29031,0.883333
29032,0.726667
29033,0.803333
29034,0.556667
29035,0.603333
29036,0.773333
29037,0.91
29038,0.716667
29039,0.873333
29040,0.49
29041,0.826667
29042,0.563333
29043,0.946667
29044,0.62
29045,0.523333
29046,0.72
29047,0.783333
29048,0.6
29049,0.916667
29050,0.61
29051,0.486667
29052,0.59
29053,0.916667
29054,0.623333
29055,0.76
29056,0.643333
29057,0.713333
29058,0.576667
29059,0.873333
29060,0.41
29061,0.61
29062,0.93
29063,0.39
29064,0.636667
29065,0.743333
29066,0.78
29067,0.41
29068,0.556667
29069,0.923333
29070,0.683333
29071,0.803333
29072,0.72
29073,0.81
29074,0.759333
29075,0.886667
29076,0.893333
29077,0.873333
29078,0.716667
29079,0.863333
29080,0.84
29081,0.676667
29082,0.736667
29083,0.79
29084,0.693333
29085,0.83
29086,0.923333
29087,0.25
29088,0.663333
29089,0.58
29090,0.863333
29091,0.743333
29092,0.68
29093,0.603333
29094,0.96
29095,0.896667
29096,0.383333
29097,0.68
29098,0.733333
29099,0.876667
29100,0.776667
29101,0.926667
29102,0.89
29103,0.896667
29104,0.873333
29105,0.726667
29106,0.716667
29107,0.61
29108,0.666667
29109,0.806667
29110,0.54
29111,0.87
29112,0.61
29113,0.793333
29114,0.85
29115,0.876667
29116,0.73
29117,0.833333
29118,0.736667
29119,0.496667
29120,0.91
29121,0.626667
29122,0.613333
29123,0.863333
29124,0.966667
29125,0.483333
29126,0.973333
29127,0.61
29128,0.92
29129,0.526667
29130,0.936667
29131,0.913333
29132,0.576667
29133,0.82
29134,0.676667
29135,0.716667
29136,0.536667
29137,0.496667
29138,0.806237
29139,0.746667
29140,0.7
29141,0.8
29142,0.893333
29143,0.953333
29144,0.636667
29145,0.42
29146,0.706667
29147,0.936667
29148,0.526667
29149,0.716667
29150,0.863333
29151,0.826667
29152,0.883333
29153,0.83
29154,0.68
29155,0.523333
29156,0.696667
29157,0.75
29158,0.976667
29159,0.713333
29160,0.833333
29161,0.846667
29162,0.95
29163,0.736667
29164,0.52
29165,0.693333
29166,0.866667
29167,0.57
29168,0.72
29169,0.656667
29170,0.706667
29171,0.853333
29172,0.64
29173,0.533333
29174,0.293333
29175,0.603333
29176,0.813333
29177,0.67
29178,0.86
29179,0.85
29180,0.696667
29181,0.77
29182,0.713333
29183,0.856667
29184,0.4
29185,0.96
29186,0.62
29187,0.736667
29188,0.326667
29189,0.63
29190,0.693333
29191,0.77
29192,0.7
29193,0.77
29194,0.873333
29195,0.86
29196,0.536667
29197,0.89
29198,0.54
29199,0.34
29200,0.816667
29201,0.846667
29202,0.623333
29203,0.346667
29204,0.763333
29205,0.786667
29206,0.703333
29207,0.76
29208,0.756667
29209,0.733333
29210,0.633333
29211,0.736667
29212,0.743333
29213,0.47
29214,0.53
29215,0.673333
29216,0.69
29217,0.786667
29218,0.776667
29219,0.62
29220,0.783333
29221,0.576667
29222,0.813333
29223,0.903333
29224,0.873333
29225,0.673333
29226,0.55
29227,0.703333
29228,0.823333
29229,0.843333
29230,0.883333
29231,0.76
29232,0.726667
29233,0.796667
29234,0.39
29235,0.85
29236,0.543333
29237,0.566667
29238,0.803333
29239,0.97
29240,0.76
29241,0.756667
29242,0.556667
29243,0.78
29244,0.69
29245,0.906667
29246,0.58
29247,0.683333
29248,0.83
29249,0.67
29250,0.63
29251,0.81
29252,0.973333
29253,0.813333
29254,0.726667
29255,0.6
29256,0.713333
29257,0.486667
29258,0.976667
29259,0.753333
29260,0.566667
29261,0.766667
29262,0.663333
29263,0.79
29264,0.64
29265,0.366667
29266,0.636667
29267,0.88
29268,0.733333
29269,0.376667
29270,0.846667
29271,0.586667
29272,0.84
29273,0.873333
29274,0.59
29275,0.486667
29276,0.83
29277,0.936667
29278,0.623333
29279,0.456667
29280,0.84
29281,0.94
29282,0.943333
29283,0.7
29284,0.66
29285,0.743333
29286,0.956667
29287,0.936667
29288,0.766667
29289,0.846667
29290,0.736667
29291,0.743333
29292,0.693333
29293,0.903333
29294,0.37
29295,0.88
29296,0.873333
29297,0.596667
29298,0.9
29299,0.466667
29300,0.73
29301,0.726667
29302,0.726667
29303,0.806667
29304,0.89
29305,0.7
29306,0.726667
29307,0.66
29308,0.586667
29309,0.723333
29310,0.946667
29311,0.62
29312,0.913333
29313,0.706667
29314,0.553333
29315,0.736667
29316,0.663333
29317,0.583333
29318,0.84
29319,0.98
29320,0.683333
29321,0.64
29322,0.946667
29323,0.393333
29324,0.68
29325,0.463333
29326,0.67
29327,0.33
29328,0.726667
29329,0.393333
29330,0.633333
29331,0.6
29332,0.646667
29333,0.646667
29334,0.366667
29335,0.63
29336,0.826667
29337,0.29
29338,0.74
29339,0.883333
29340,0.6
29341,0.863333
29342,0.743333
29343,0.423333
29344,0.933333
29345,0.753333
29346,0.796667
29347,0.833333
29348,0.856667
29349,0.98
29350,0.85
29351,0.92
29352,0.796667
29353,0.7
29354,0.76
29355,0.826667
29356,0.713333
29357,0.643333
29358,0.563333
29359,0.52
29360,0.933333
29361,0.633333
29362,0.846667
29363,0.796667
29364,0.746667
29365,0.396667
29366,0.586667
29367,0.993333
29368,0.64
29369,0.933333
29370,0.716667
29371,0.48
29372,0.903333
29373,0.823333
29374,0.916667
29375,0.82
29376,0.52
29377,0.723333
29378,0.863333
29379,0.743333
29380,0.976667
29381,0.923333
29382,0.89
29383,0.796667
29384,0.933333
29385,0.81
29386,0.546667
29387,0.556667
29388,0.793333
29389,0.863333
29390,0.723333
29391,0.55
29392,0.503333
29393,0.97
29394,0.976667
29395,0.983333
29396,0.873333
29397,0.696667
29398,0.55
29399,0.716667
29400,0.146667
29401,0.723333
29402,0.833333
29403,0.69
29404,0.43
29405,0.613333
29406,0.66
29407,0.706667
29408,0.816667
29409,0.383333
29410,0.846667
29411,0.666667
29412,0.623333
29413,0.506667
29414,0.786667
29415,0.67
29416,0.96
29417,0.866667
29418,0.96
29419,0.79
29420,0.65
29421,0.56
29422,0.77
29423,0.903333
29424,0.66
29425,0.736667
29426,0.743333
29427,0.573333
29428,0.88
29429,0.5
29430,0.986667
29431,0.83
29432,0.123333
29433,0.663333
29434,0.46
29435,0.813333
29436,0.62
29437,0.3
29438,0.49
29439,0.826667
29440,0.95
29441,0.84
29442,0.656667
29443,0.6
29444,0.666667
29445,0.6
29446,0.576667
29447,0.8
29448,0.523333
29449,0.88
29450,0.73
29451,0.88
29452,0.633333
29453,0.673333
29454,0.713333
29455,0.62
29456,0.633333
29457,0.563333
29458,0.646667
29459,0.713333
29460,0.613333
29461,0.63
29462,0.833333
29463,0.466667
29464,0.566667
29465,0.38
29466,0.8
29467,0.75
29468,0.44
29469,0.503333
29470,0.833333
29471,0.81
29472,0.763333
29473,0.596667
29474,0.746667
29475,0.71
29476,0.76
29477,0.763333
29478,0.37
29479,0.8
29480,0.696667
29481,0.553333
29482,0.786667
29483,0.643333
29484,0.416667
29485,0.983333
29486,0.71
29487,0.87
29488,0.88
29489,0.663333
29490,0.913333
29491,0.87
29492,0.846667
29493,0.8
29494,0.75
29495,0.69
29496,0.67
29497,0.85
29498,0.576667
29499,0.933333
29500,0.363333
29501,0.846667
29502,0.786667
29503,0.61
29504,0.803333
29505,0.686667
29506,0.813333
29507,0.813333
29508,0.816667
29509,0.91
29510,0.71
29511,0.813333
29512,0.666667
29513,0.87
29514,0.876667
29515,0.753333
29516,0.553333
29517,0.876667
29518,0.466667
29519,0.54
29520,0.933333
29521,0.383333
29522,0.74
29523,0.65
29524,0.716667
29525,0.666667
29526,0.676667
29527,0.64
29528,0.706667
29529,0.27
29530,0.936667
29531,0.866667
29532,0.696667
29533,0.713333
29534,0.863333
29535,0.746667
29536,0.946667
29537,0.92
29538,0.533333
29539,0.83
29540,0.956667
29541,0.63
29542,0.9
29543,0.91
29544,0.926667
29545,0.856667
29546,0.593333
29547,0.773333
29548,0.783333
29549,0.71
29550,0.33
29551,0.696667
29552,0.803333
29553,0.616667
29554,0.69
29555,0.516667
29556,0.79
29557,0.753333
29558,0.696667
29559,0.603333
29560,0.436667
29561,0.873333
29562,0.69
29563,0.813333
29564,0.42
29565,0.926667
29566,0.576667
29567,0.686667
29568,0.773333
29569,0.793333
29570,0.443333
29571,0.623333
29572,0.876667
29573,0.646667
29574,0.82
29575,0.693333
29576,0.856667
29577,0.79
29578,0.483333
29579,0.596667
29580,0.53
29581,0.8
29582,0.343333
29583,0.936667
29584,0.71
29585,0.84
29586,0.416667
29587,0.513333
29588,0.613333
29589,0.65
29590,0.64
29591,0.88
29592,0.656667
29593,0.71
29594,0.51
29595,0.76
29596,0.52
29597,0.766667
29598,0.89
29599,0.523333
29600,0.74
29601,0.54
29602,0.663333
29603,0.816667
29604,0.586667
29605,0.79
29606,0.84
29607,0.756667
29608,0.806667
29609,0.59
29610,0.683333
29611,0.58
29612,0.82
29613,0.91
29614,0.663333
29615,0.5
29616,0.77
29617,0.766667
29618,0.83
29619,0.663333
29620,0.73
29621,0.886667
29622,0.996667
29623,0.953333
29624,0.836667
29625,0.853333
29626,0.636667
29627,0.866667
29628,0.673333
29629,0.57
29630,0.87
29631,0.776667
29632,0.946667
29633,0.606667
29634,0.343333
29635,0.496667
29636,0.71
29637,0.456667
29638,0.576667
29639,0.81
29640,0.593333
29641,0.86
29642,0.883333
29643,0.966667
29644,0.58
29645,0.693333
29646,0.853333
29647,0.75
29648,0.693333
29649,0.406667
29650,0.516667
29651,0.53
29652,0.6
29653,0.906667
29654,0.686667
29655,0.97
29656,0.5
29657,0.763333
29658,0.446667
29659,0.92
29660,0.486667
29661,0.753333
29662,0.526667
29663,0.566667
29664,0.836667
29665,0.92
29666,0.726667
29667,0.593333
29668,0.963333
29669,0.97
29670,0.79
29671,0.743333
29672,0.486667
29673,0.706667
29674,0.926667
29675,0.793333
29676,0.6
29677,0.943333
29678,0.55
29679,0.846667
29680,0.81
29681,0.636667
29682,0.833333
29683,0.923129
29684,0.393333
29685,0.653333
29686,0.386667
29687,0.89
29688,0.596667
29689,0.84
29690,0.3
29691,0.597222
29692,0.866667
29693,0.92
29694,0.79
29695,0.576667
29696,0.936667
29697,0.93
29698,0.71
29699,0.983333
29700,0.94
29701,0.803333
29702,0.706667
29703,0.616667
29704,0.666667
29705,0.836667
29706,0.986667
29707,0.846667
29708,0.283333
29709,0.603333
29710,0.776667
29711,0.743333
29712,0.723333
29713,0.56
29714,0.453333
29715,0.713333
29716,0.63
29717,0.743333
29718,0.906667
29719,0.646667
29720,0.503333
29721,0.743333
29722,0.82
29723,0.303333
29724,0.906667
29725,0.76
29726,0.92
29727,0.97
29728,0.466667
29729,0.696667
29730,0.816667
29731,0.85
29732,0.303333
29733,0.773333
29734,0.816667
29735,0.14
29736,0.61
29737,0.29
29738,0.613333
29739,0.506667
29740,0.503333
29741,0.756667
29742,0.89
29743,0.923333
29744,0.796667
29745,0.696667
29746,0.736667
29747,0.933333
29748,0.546667
29749,0.786667
29750,0.916667
29751,0.963333
29752,0.746667
29753,0.92
29754,0.703333
29755,0.886667
29756,0.633333
29757,0.566667
29758,0.673333
29759,0.766667
29760,0.51
29761,0.78
29762,0.763333
29763,0.48
29764,0.73
29765,0.73
29766,0.676667
29767,0.976667
29768,0.683333
29769,0.88
29770,0.74
29771,0.986667
29772,0.9
29773,0.4
29774,0.81
29775,0.403333
29776,0.696667
29777,0.89
29778,0.666667
29779,0.566667
29780,0.67
29781,0.443333
29782,0.643333
29783,0.663333
29784,0.796667
29785,0.79
29786,0.926667
29787,0.496667
29788,0.59
29789,0.34
29790,0.45
29791,0.46
29792,0.533333
29793,0.596667
29794,0.733333
29795,0.73
29796,0.806667
29797,0.77
29798,0.486667
29799,0.796667
29800,0.623333
29801,0.866667
29802,0.71
29803,0.72
29804,0.726667
29805,0.833333
29806,0.843333
29807,0.996667
29808,0.72
29809,0.973333
29810,0.726667
29811,0.683333
29812,0.983333
29813,0.986667
29814,0.973333
29815,0.633333
29816,0.483333
29817,0.596667
29818,0.716667
29819,0.773333
29820,0.7
29821,0.51
29822,0.663333
29823,0.746667
29824,0.876667
29825,0.46
29826,0.333333
29827,0.973333
29828,0.88
29829,0.82
29830,0.96
29831,0.823333
29832,0.333333
29833,0.336667
29834,0.88
29835,0.8
29836,0.756667
29837,0.62
29838,0.92
29839,0.886667
29840,0.806667
29841,0.543333
29842,0.85
29843,0.486667
29844,0.736667
29845,0.573333
29846,0.693333
29847,0.656667
29848,0.693333
29849,0.56
29850,0.6
29851,0.776667
29852,0.903333
29853,0.553333
29854,0.623333
29855,0.716667
29856,0.613333
29857,0.816667
29858,0.66
29859,0.91
29860,0.72
29861,0.77
29862,0.986667
29863,0.65
29864,0.73
29865,0.973333
29866,0.823333
29867,0.716667
29868,0.666667
29869,0.583333
29870,0.943333
29871,0.693333
29872,0.596667
29873,0.953333
29874,0.846667
29875,0.84
29876,0.696667
29877,0.856667
29878,0.95
29879,0.3
29880,0.48
29881,0.666667
29882,0.51
29883,0.87
29884,0.916667
29885,0.77
29886,0.766667
29887,0.646667
29888,0.556667
29889,0.78
29890,0.896667
29891,0.61
29892,0.743333
29893,0.813333
29894,0.87
29895,0.72
29896,0.236667
29897,0.81
29898,0.76
29899,0.85
29900,0.693333
29901,0.553333
29902,0.653333
29903,0.723333
29904,0.85
29905,0.91
29906,0.206667
29907,0.74
29908,0.95
29909,0.833333
29910,0.793333
29911,0.486667
29912,0.49
29913,0.576667
29914,0.43
29915,0.693333
29916,0.95
29917,0.533333
29918,0.706667
29919,0.583333
29920,0.776667
29921,0.723333
29922,0.376667
29923,0.543333
29924,0.733333
29925,0.96
29926,0.816667
29927,0.73
29928,0.783333
29929,0.513333
29930,0.863333
29931,0.46
29932,0.92
29933,0.46
29934,0.603333
29935,0.653333
29936,0.753333
29937,0.606667
29938,0.673333
29939,0.65
29940,0.66
29941,0.466667
29942,0.67
29943,0.31
29944,0.696667
29945,0.7
29946,0.35
29947,0.57
29948,0.726667
29949,0.77
29950,0.48
29951,0.743333
29952,0.773333
29953,0.933333
29954,0.793333
29955,0.816667
29956,0.9
29957,0.413333
29958,0.67
29959,0.516667
29960,0.796667
29961,0.71
29962,0.72
29963,0.723333
29964,0.703333
29965,0.553333
29966,0.756667
29967,0.77
29968,0.596667
29969,0.696667
29970,0.743333
29971,0.643333
29972,0.906667
29973,0.953333
29974,0.896667
29975,0.7
29976,0.48
29977,0.576667
29978,0.626667
29979,0.696667
29980,0.793333
29981,0.56
29982,0.78
29983,0.766667
29984,0.646667
29985,0.693333
29986,0.426667
29987,0.633333
29988,0.63
29989,0.506667
29990,0.61
29991,0.723333
29992,0.59
29993,0.863333
29994,0.5
29995,0.626667
29996,0.753333
29997,0.92
29998,0.506667
29999,0.803333
30000,0.55
30001,0.463333
30002,0.763333
30003,0.926667
30004,0.693333
30005,0.896667
30006,0.696667
30007,0.91
30008,0.946667
30009,0.863333
30010,0.723333
30011,0.666667
30012,0.683333
30013,0.723333
30014,0.693333
30015,0.536667
30016,0.923333
30017,0.61
30018,0.753333
30019,0.976667
30020,0.583333
30021,0.553333
30022,0.53
30023,0.663333
30024,0.62
30025,0.99
30026,0.94
30027,0.73
30028,0.726667
30029,0.78
30030,0.79
30031,0.653333
30032,0.906667
30033,0.256667
30034,0.913333
30035,0.75
30036,0.973333
30037,0.563333
30038,0.656667
30039,0.713333
30040,0.846667
30041,0.986667
30042,0.706667
30043,0.45
30044,0.773333
30045,0.65
30046,0.673333
30047,0.463333
30048,0.636667
30049,0.936667
30050,0.656667
30051,0.78
30052,0.703333
30053,0.69
30054,0.903333
30055,0.966667
30056,0.516667
30057,0.746667
30058,0.723333
30059,0.97
30060,0.696667
30061,0.603333
30062,0.393333
30063,0.61
30064,0.57
30065,0.61
30066,0.876667
30067,0.813333
30068,0.4
30069,0.553333
30070,0.943333
30071,0.886667
30072,0.86
30073,0.796667
30074,0.683333
30075,0.76
30076,0.83
30077,0.746667
30078,0.886667
30079,0.616667
30080,0.896667
30081,0.94
30082,0.796667
30083,0.516667
30084,0.696667
30085,0.746667
30086,0.83
30087,0.696667
30088,0.453333
30089,0.36
30090,0.946667
30091,0.776667
30092,0.51
30093,0.546667
30094,0.46
30095,0.546667
30096,0.746667
30097,0.456667
30098,0.83
30099,0.35
30100,0.646667
30101,0.96
30102,0.616667
30103,0.54
30104,0.76
30105,0.476667
30106,0.7
30107,0.816667
30108,0.2945
30109,0.783333
30110,0.623333
30111,0.643333
30112,0.573333
30113,0.88
30114,0.586667
30115,0.833333
30116,0.44
30117,0.89
30118,0.686667
30119,0.976667
30120,0.683333
30121,0.616667
30122,0.986667
30123,0.616667
30124,0.8
30125,0.42
30126,0.623333
30127,0.69
30128,0.76
30129,0.643333
30130,0.63
30131,0.616667
30132,0.893333
30133,0.516667
30134,0.88
30135,0.763333
30136,0.71
30137,0.806667
30138,0.853333
30139,0.716667
30140,0.846667
30141,0.486667
30142,0.66
30143,0.836667
30144,0.873333
30145,0.333333
30146,0.653333
30147,0.656667
30148,0.826667
30149,0.803333
30150,0.77
30151,0.67
30152,0.916667
30153,0.53
30154,0.58
30155,0.423333
30156,0.873333
30157,0.643333
30158,0.683333
30159,0.9
30160,0.853333
30161,0.776667
30162,0.68
30163,0.513333
30164,0.71
30165,0.623333
30166,0.72
30167,0.506667
30168,0.293333
30169,0.483333
30170,0.743333
30171,0.643333
30172,0.803333
30173,0.496667
30174,0.736667
30175,0.98
30176,0.813333
30177,0.733333
30178,0.823333
30179,0.296667
30180,0.66
30181,0.853333
30182,0.53
30183,0.796667
30184,0.526667
30185,0.8
30186,0.843333
30187,0.513333
30188,0.56
30189,0.263333
30190,0.826667
30191,0.826667
30192,0.79
30193,0.94
30194,0.803333
30195,0.73
30196,0.646667
30197,0.95
30198,0.786667
30199,0.613333
30200,0.57
30201,0.913333
30202,0.84
30203,0.793333
30204,0.476667
30205,0.186667
30206,0.62
30207,0.88
30208,0.553333
30209,0.74
30210,0.626667
30211,0.5
30212,0.96
30213,0.66
30214,0.743333
30215,0.71
30216,0.806667
30217,0.803333
30218,0.903333
30219,0.733333
30220,0.74
30221,0.816667
30222,0.853333
30223,0.643333
30224,0.446667
30225,0.92
30226,0.756667
30227,0.686667
30228,0.44
30229,0.483333
30230,0.743333
30231,0.732903
30232,0.436667
30233,0.566667
30234,0.796667
30235,0.496667
30236,0.756667
30237,0.5
30238,0.653333
30239,0.713333
30240,0.666667
30241,0.816667
30242,0.4
30243,0.786667
30244,0.703333
30245,0.25
30246,0.73
30247,0.563333
30248,0.89
30249,0.616667
30250,0.49
30251,0.65
30252,0.74
30253,0.406667
30254,0.826667
30255,0.656667
30256,0.67
30257,0.97
30258,0.99
30259,0.72
30260,0.69
30261,0.63
30262,0.663333
30263,0.836667
30264,0.756667
30265,0.593333
30266,0.8
30267,0.626667
30268,0.886667
30269,0.886667
30270,0.65
30271,0.623333
30272,0.836667
30273,0.976667
30274,0.696667
30275,0.893333
30276,0.816667
30277,0.486667
30278,0.72
30279,0.746667
30280,0.92
30281,0.696667
30282,0.83
30283,0.906667
30284,0.713333
30285,0.863333
30286,0.45
30287,0.766667
30288,0.856667
30289,0.386667
30290,0.376667
30291,0.766667
30292,0.67
30293,0.26
30294,0.78
30295,0.66
30296,0.686667
30297,0.43
30298,0.506667
30299,0.75
30300,0.713333
30301,0.716667
30302,0.786667
30303,0.83
30304,0.61
30305,0.56
30306,0.416667
30307,0.45
30308,0.903333
30309,0.786667
30310,0.51
30311,0.64
30312,0.46
30313,0.403333
30314,0.373333
30315,0.753333
30316,0.716667
30317,0.53
30318,0.803333
30319,0.98
30320,0.743333
30321,0.843333
30322,0.69
30323,0.79
30324,0.653333
30325,0.973333
30326,0.986667
30327,0.833333
30328,0.793333
30329,0.883333
30330,0.49
30331,0.4
30332,0.943333
30333,0.84
30334,0.796667
30335,0.48
30336,0.74
30337,0.46
30338,0.79
30339,0.873333
30340,0.66
30341,0.94
30342,0.536667
30343,0.766667
30344,0.826667
30345,0.626667
30346,0.55
30347,0.346667
30348,0.586667
30349,0.746667
30350,0.836667
30351,0.82
30352,0.423333
30353,0.72
30354,0.643333
30355,0.84
30356,0.773333
30357,0.45
30358,0.65
30359,0.523333
30360,0.866667
30361,0.996667
30362,0.83
30363,0.636667
30364,0.486667
30365,0.58
30366,0.766667
30367,0.9
30368,0.45
30369,0.893333
30370,0.17
30371,0.48
30372,0.293333
30373,0.906667
30374,0.903333
30375,0.896667
30376,0.726667
30377,0.786667
30378,0.306667
30379,0.89
30380,0.893333
30381,0.88
30382,0.856667
30383,0.683333
30384,0.726667
30385,0.99
30386,0.673333
30387,0.9
30388,0.96
30389,0.736667
30390,0.863333
30391,0.693333
30392,0.696667
30393,0.623333
30394,0.736667
30395,0.706667
30396,0.796667
30397,0.656667
30398,0.7
30399,0.786667
30400,0.603333
30401,0.773333
30402,0.71
30403,0.67
30404,0.82
30405,0.98
30406,0.75
30407,0.856667
30408,0.536667
30409,0.843333
30410,0.376667
30411,0.683333
30412,0.55
30413,0.466667
30414,0.86
30415,0.853333
30416,0.68
30417,0.496667
30418,0.77
30419,0.743333
30420,0.666667
30421,0.6
30422,0.686667
30423,0.846667
30424,0.51
30425,0.97
30426,0.576667
30427,0.79
30428,0.673333
30429,0.68
30430,0.77
30431,0.806667
30432,0.896667
30433,0.8
30434,0.76
30435,0.54
30436,0.85
30437,0.933333
30438,0.56
30439,0.806667
30440,0.64
30441,0.6
30442,0.616667
30443,0.986667
30444,0.64
30445,0.37
30446,0.483333
30447,0.48
30448,0.643333
30449,0.553333
30450,0.64
30451,0.96
30452,0.883333
30453,0.943333
30454,0.526667
30455,0.92
30456,0.8
30457,0.763333
30458,0.906667
30459,0.946667
30460,0.7
30461,0.976667
30462,0.706667
30463,0.5
30464,0.7
30465,0.746667
30466,0.723333
30467,0.766667
30468,0.866667
30469,0.843333
30470,0.92
30471,0.77
30472,0.55
30473,0.883333
30474,0.656667
30475,0.696667
30476,0.733333
30477,0.94
30478,0.79
30479,0.65
30480,0.413333
30481,0.483333
30482,0.903333
30483,0.416667
30484,0.823333
30485,0.663333
30486,0.773333
30487,0.933333
30488,0.666667
30489,0.956667
30490,0.636667
30491,0.99
30492,0.91
30493,0.686667
30494,0.676667
30495,0.453333
30496,0.853333
30497,0.97
30498,0.473333
30499,0.576667
30500,0.84
30501,0.663333
30502,0.536667
30503,0.696667
30504,0.963333
30505,0.86
30506,0.68
30507,0.866667
30508,0.373333
30509,0.836667
30510,0.626667
30511,0.56
30512,0.863333
30513,0.926667
30514,0.583333
30515,0.77
30516,0.676667
30517,0.72
30518,0.236667
30519,0.54
30520,0.97
30521,0.806667
30522,0.773333
30523,0.673333
30524,0.67
30525,0.32
30526,0.96
30527,0.426667
30528,0.803333
30529,0.926667
30530,0.37
30531,0.963333
30532,0.873333
30533,0.96
30534,0.646667
30535,0.373333
30536,0.773333
30537,0.606667
30538,0.773333
30539,0.463333
30540,0.543333
30541,0.686667
30542,0.88
30543,0.646667
30544,0.876667
30545,0.52
30546,0.576667
30547,0.913333
30548,0.693333
30549,0.673333
30550,0.54
30551,0.993333
30552,0.543333
30553,0.746667
30554,0.103333
30555,0.396667
30556,0.63
30557,0.74
30558,0.486667
30559,0.91
30560,0.71
30561,0.82
30562,0.426667
30563,0.626667
30564,0.876667
30565,0.733333
30566,0.566667
30567,0.716667
30568,0.943333
30569,0.66
30570,0.57
30571,0.943333
30572,0.643333
30573,0.72
30574,0.643333
30575,0.75
30576,0.936667
30577,0.486667
30578,0.476667
30579,0.676667
30580,0.896667
30581,0.576667
30582,0.503333
30583,0.756667
30584,0.716667
30585,0.656667
30586,0.43
30587,0.74
30588,0.773333
30589,0.933333
30590,0.656667
30591,0.723333
30592,0.943333
30593,0.713333
30594,0.61
30595,0.283333
30596,0.956667
30597,0.433333
30598,0.783333
30599,0.35
30600,0.893333
30601,0.876667
30602,0.676667
30603,0.893333
30604,0.953333
30605,0.666667
30606,0.87
30607,0.65
30608,0.67
30609,0.71
30610,0.596667
30611,0.88
30612,0.676667
30613,0.706667
30614,0.75
30615,0.933333
30616,0.97
30617,0.73
30618,0.743333
30619,0.736667
30620,0.43
30621,0.463889
30622,0.686667
30623,0.69
30624,0.926667
30625,0.71
30626,0.58
30627,0.643333
30628,0.87
30629,0.936667
30630,0.693333
30631,0.61
30632,0.556667
30633,0.573333
30634,0.76
30635,0.803333
30636,0.553333
30637,0.456667
30638,0.913333
30639,0.633333
30640,0.283333
30641,0.146667
30642,0.57
30643,0.78
30644,0.64
30645,0.58
30646,0.48
30647,0.93
30648,0.85
30649,0.68
30650,0.573333
30651,0.63
30652,0.703333
30653,0.696667
30654,0.736667
30655,0.356667
30656,0.783333
30657,0.636667
30658,0.836667
30659,0.586667
30660,0.91
30661,0.733333
30662,0.753333
30663,0.823333
30664,0.9
30665,0.636667
30666,0.933333
30667,0.88
30668,0.84
30669,0.926667
30670,0.776667
30671,0.736667
30672,0.77
30673,0.416667
30674,0.62
30675,0.793333
30676,0.63
30677,0.87
30678,0.756667
30679,0.69
30680,0.583333
30681,0.68
30682,0.72
30683,0.566667
30684,0.933333
30685,0.636667
30686,0.42
30687,0.463333
30688,0.97
30689,0.853333
30690,0.833333
30691,0.756667
30692,0.743333
30693,0.64
30694,0.8
30695,0.823333
30696,0.676667
30697,0.596667
30698,0.746667
30699,0.733333
30700,0.853333
30701,0.39
30702,0.856667
30703,0.8
30704,0.67
30705,0.686667
30706,0.676667
30707,0.86
30708,0.653333
30709,0.643333
30710,0.646667
30711,0.3
30712,0.71
30713,0.633333
30714,0.76
30715,0.833333
30716,0.526667
30717,0.916667
30718,0.463333
30719,0.903333
30720,0.69
30721,0.846667
30722,0.743333
30723,0.79
30724,0.83
30725,0.713333
30726,0.873333
30727,0.84
30728,0.796667
30729,0.096667
30730,0.593333
30731,0.74
30732,0.32
30733,0.473333
30734,0.92
30735,0.833333
30736,0.75
30737,0.82
30738,0.836667
30739,0.666667
30740,0.583333
30741,0.57
30742,0.65
30743,0.67
30744,0.626667
30745,0.64
30746,0.586667
30747,0.786667
30748,0.833333
30749,0.973333
30750,0.493333
30751,0.71
30752,0.78
30753,0.713333
30754,0.593333
30755,0.783333
30756,0.733333
30757,0.796667
30758,0.883333
30759,0.66
30760,0.846667
30761,0.743333
30762,0.7
30763,0.776667
30764,0.563333
30765,0.916667
30766,0.73
30767,0.38
30768,0.943333
30769,0.866667
30770,0.703333
30771,0.59
30772,0.796667
30773,0.63
30774,0.66
30775,0.86
30776,0.54
30777,0.793333
30778,0.556667
30779,0.69
30780,0.99
30781,0.903333
30782,0.75
30783,0.413333
30784,0.796667
30785,0.446667
30786,0.726667
30787,0.796667
30788,0.41
30789,0.836667
30790,0.923333
30791,0.263333
30792,0.603333
30793,0.81
30794,0.656667
30795,0.643333
30796,0.776667
30797,0.39
30798,0.456667
30799,0.86
30800,0.516667
30801,0.88
30802,0.65
30803,0.623333
30804,0.73
30805,0.84
30806,0.843333
30807,0.83
30808,0.536667
30809,0.82
30810,0.746667
30811,0.63
30812,0.886667
30813,0.96
30814,0.896667
30815,0.543333
30816,0.943333
30817,0.946667
30818,0.733333
30819,0.406667
30820,0.763333
30821,0.686667
30822,0.546667
30823,0.9
30824,0.98
30825,0.763333
30826,0.816667
30827,0.87
30828,0.58
30829,0.51
30830,0.796667
30831,0.916667
30832,0.66
30833,0.54
30834,0.886667
30835,0.733333
30836,0.88
30837,0.806667
30838,0.633333
30839,0.956667
30840,0.593333
30841,0.656667
30842,0.91
30843,0.73
30844,0.593333
30845,0.703333
30846,0.326667
30847,0.896667
30848,0.783333
30849,0.32
30850,0.773333
30851,0.776667
30852,0.746667
30853,0.796667
30854,0.94
30855,0.696667
30856,0.733333
30857,0.976667
30858,0.733333
30859,0.44
30860,0.536667
30861,0.69
30862,0.723333
30863,0.9
30864,0.69
30865,0.863333
30866,0.86
30867,0.626667
30868,0.623333
30869,0.83
30870,0.67
30871,0.85
30872,0.626667
30873,0.763333
30874,0.913333
30875,0.816667
30876,0.636667
30877,0.56
30878,0.696667
30879,0.83
30880,0.713333
30881,0.83
30882,0.983333
30883,0.83
30884,0.673333
30885,0.703333
30886,0.33
30887,0.853333
30888,0.65
30889,0.87
30890,0.726667
30891,0.8
30892,0.84
30893,0.73
30894,0.756667
30895,0.686667
30896,0.633333
30897,0.843333
30898,0.623333
30899,0.976667
30900,0.683333
30901,0.82
30902,0.563333
30903,0.57
30904,0.746667
30905,0.426667
30906,0.656667
30907,0.816667
30908,0.81
30909,0.75
30910,0.776667
30911,0.493333
30912,0.69
30913,0.76
30914,0.496667
30915,0.896667
30916,0.313333
30917,0.97
30918,0.716667
30919,0.683333
30920,0.873333
30921,0.593333
30922,0.353333
30923,0.946667
30924,0.906667
30925,0.643333
30926,0.39
30927,0.55
30928,0.603333
30929,0.71
30930,0.696667
30931,0.536667
30932,0.72
30933,0.72
30934,0.613333
30935,0.876667
30936,0.61
30937,0.783333
30938,0.64
30939,0.713333
30940,0.633333
30941,0.366667
30942,0.53
30943,0.75
30944,0.756667
30945,0.606667
30946,0.61
30947,0.683333
30948,0.976667
30949,0.646667
30950,0.64
30951,0.666667
30952,0.62
30953,0.31
30954,0.636667
30955,0.833333
30956,0.613333
30957,0.633333
30958,0.78
30959,0.816667
30960,0.986667
30961,0.81
30962,0.703333
30963,0.65
30964,0.506667
30965,0.72
30966,0.943333
30967,0.923333
30968,0.876667
30969,0.793333
30970,0.793333
30971,0.54
30972,0.706667
30973,0.69
30974,0.696667
30975,0.643333
30976,0.753333
30977,0.97
30978,0.836667
30979,0.503333
30980,0.846667
30981,0.81
30982,0.633333
30983,0.616667
30984,0.783333
30985,0.846667
30986,0.873333
30987,0.576667
30988,0.973333
30989,0.886667
30990,0.426667
30991,0.88
30992,0.69
30993,0.86
30994,0.503333
30995,0.7
30996,0.856667
30997,0.656667
30998,0.773333
30999,0.52
31000,0.423333
31001,0.693333
31002,0.91
31003,0.726667
31004,0.823333
31005,0.656667
31006,0.926667
31007,0.583333
31008,0.693333
31009,0.666667
31010,0.726667
31011,0.36
31012,0.606667
31013,0.603333
31014,0.82
31015,0.946667
31016,0.443333
31017,0.453333
31018,0.946667
31019,0.763333
31020,0.843333
31021,0.476667
31022,0.87
31023,0.823333
31024,0.823333
31025,0.2
31026,0.706667
31027,0.89
31028,0.443333
31029,0.943333
31030,0.626667
31031,0.846667
31032,0.836667
31033,0.406667
31034,0.536667
31035,0.47
31036,0.83
31037,0.846667
31038,0.523333
31039,0.666667
31040,0.91
31041,0.826667
31042,0.843333
31043,0.76
31044,0.956667
31045,0.796667
31046,0.743333
31047,0.7
31048,0.693333
31049,0.966667
31050,0.95
31051,0.94
31052,0.606667
31053,0.813333
31054,0.75
31055,0.64
31056,0.73
31057,0.31
31058,0.593333
31059,0.756667
31060,0.97
31061,0.6
31062,0.936667
31063,0.883333
31064,0.976667
31065,0.506667
31066,0.603333
31067,0.903333
31068,0.713333
31069,0.88
31070,0.696667
31071,0.586667
31072,0.716667
31073,0.933333
31074,0.803333
31075,0.506667
31076,0.52
31077,0.596667
31078,0.72
31079,0.82
31080,0.926667
31081,0.7
31082,0.753333
31083,0.773333
31084,0.693333
31085,0.54
31086,0.86
31087,0.506667
31088,0.766667
31089,0.94
31090,0.816667
31091,0.296667
31092,0.973333
31093,0.72
31094,0.736667
31095,0.826667
31096,0.666667
31097,0.813333
31098,0.866667
31099,0.683333
31100,0.653333
31101,0.816667
31102,0.716667
31103,0.863333
31104,0.703333
31105,0.583333
31106,0.616667
31107,0.623333
31108,0.256667
31109,0.406667
31110,0.213333
31111,0.58
31112,0.616667
31113,0.38
31114,0.573333
31115,0.256667
31116,0.636667
31117,0.646667
31118,0.906667
31119,0.893333
31120,0.736667
31121,0.853333
31122,0.923333
31123,0.39
31124,0.723333
31125,0.48
31126,0.95
31127,0.403333
31128,0.7
31129,0.71
31130,0.74
31131,0.74
31132,0.876667
31133,0.43
31134,0.903333
31135,0.666667
31136,0.796667
31137,0.83
31138,0.623333
31139,0.666667
31140,0.75
31141,0.82
31142,0.956667
31143,0.643333
31144,0.676667
31145,0.656667
31146,0.663333
31147,0.73
31148,0.523333
31149,0.826667
31150,0.37
31151,0.653333
31152,0.823333
31153,0.683333
31154,0.57
31155,0.813333
31156,0.69
31157,0.77
31158,0.55
31159,0.54
31160,0.793333
31161,0.6
31162,0.67
31163,0.79
31164,0.61
31165,0.856667
31166,0.29
31167,0.883333
31168,0.646667
31169,0.563333
31170,0.716667
31171,0.66
31172,0.623333
31173,0.686667
31174,0.966667
31175,0.52
31176,0.75
31177,0.62
31178,0.99
31179,0.636667
31180,0.67
31181,0.58
31182,0.57
31183,0.716667
31184,0.653333
31185,0.566667
31186,0.286667
31187,0.383333
31188,0.66
31189,0.28
31190,0.713333
31191,0.82
31192,0.64
31193,0.74
31194,0.776667
31195,0.733333
31196,0.856667
31197,0.603333
31198,0.976667
31199,0.773333
31200,0.84
31201,0.983333
31202,0.776667
31203,0.84
31204,0.83
31205,0.573333
31206,0.686667
31207,0.85
31208,0.73
31209,0.486667
31210,0.653333
31211,0.713333
31212,0.816667
31213,0.813333
31214,0.84
31215,0.606667
31216,0.483333
31217,0.45
31218,0.71
31219,0.763333
31220,0.65
31221,0.876667
31222,0.703333
31223,0.78
31224,0.913333
31225,0.966667
31226,0.673333
31227,0.786667
31228,0.423333
31229,0.81
31230,0.833333
31231,0.626667
31232,0.586667
31233,0.726667
31234,0.36
31235,0.833333
31236,0.846667
31237,0.586667
31238,0.806667
31239,0.393333
31240,0.726667
31241,0.713333
31242,0.493333
31243,0.34
31244,0.36
31245,0.99
31246,0.66
31247,0.51
31248,0.786667
31249,0.696667
31250,0.836667
31251,0.853333
31252,0.963333
31253,0.686667
31254,0.693333
31255,0.443333
31256,0.72
31257,0.436667
31258,0.81
31259,0.6
31260,0.716667
31261,0.746667
31262,0.793333
31263,0.846667
31264,0.286667
31265,0.883333
31266,0.883333
31267,0.98
31268,0.65
31269,0.753333
31270,0.97
31271,0.896667
31272,0.49
31273,0.666667
31274,0.843333
31275,0.836667
31276,0.88
31277,0.506667
31278,0.86
31279,0.946667
31280,0.883333
31281,0.8
31282,0.77
31283,0.523333
31284,0.603333
31285,0.836667
31286,0.673333
31287,0.456667
31288,0.983333
31289,0.87
31290,0.953333
31291,0.466667
31292,0.92
31293,0.91
31294,0.733333
31295,0.813333
31296,0.493333
31297,0.533333
31298,0.566667
31299,0.823333
31300,0.686667
31301,0.49
31302,0.746667
31303,0.386667
31304,0.75
31305,0.773333
31306,0.876667
31307,0.416667
31308,0.693333
31309,0.716667
31310,0.603333
31311,0.73
31312,0.816667
31313,0.97
31314,0.803333
31315,0.24
31316,0.753333
31317,0.593333
31318,0.79
31319,0.83
31320,0.73
31321,0.933333
31322,0.953333
31323,0.56
31324,0.826667
31325,0.636667
31326,0.436667
31327,0.71
31328,0.916667
31329,0.923333
31330,0.48
31331,0.506667
31332,0.92
31333,0.693333
31334,0.936667
31335,0.826667
31336,0.686667
31337,0.666667
31338,0.426667
31339,0.81
31340,0.746667
31341,0.373333
31342,0.896667
31343,0.6
31344,0.616667
31345,0.8
31346,0.653333
31347,0.246667
31348,0.486667
31349,0.49
31350,0.746667
31351,0.9
31352,0.813333
31353,0.813333
31354,0.9
31355,0.646667
31356,0.736667
31357,0.626667
31358,0.613333
31359,0.713333
31360,0.323333
31361,0.703333
31362,0.676667
31363,0.97
31364,0.68
31365,0.98
31366,0.806667
31367,0.733333
31368,0.79
31369,0.823333
31370,0.803333
31371,0.916667
31372,0.943333
31373,0.866667
31374,0.753333
31375,0.566667
31376,0.693333
31377,0.783333
31378,0.616667
31379,0.703333
31380,0.686667
31381,0.856667
31382,0.82
31383,0.226667
31384,0.66
31385,0.51
31386,0.876667
31387,0.49
31388,0.796667
31389,0.793333
31390,0.57
31391,0.56
31392,0.63
31393,0.936667
31394,0.51
31395,0.916667
31396,0.863333
31397,0.775885
31398,0.906667
31399,0.666667
31400,0.16
31401,0.223333
31402,0.873333
31403,0.843333
31404,0.443333
31405,0.466667
31406,0.266667
31407,0.936667
31408,0.46
31409,0.63
31410,0.52
31411,0.69
31412,0.73
31413,0.81
31414,0.71
31415,0.863333
31416,0.543333
31417,0.616667
31418,0.85
31419,0.703333
31420,0.833333
31421,0.456667
31422,0.57
31423,0.566667
31424,0.966667
31425,0.596667
31426,0.973333
31427,0.78
31428,0.443333
31429,0.56
31430,0.6
31431,0.816667
31432,0.606667
31433,0.616667
31434,0.843333
31435,0.643333
31436,0.846667
31437,0.646667
31438,0.916667
31439,0.89
31440,0.746667
31441,0.826667
31442,0.733333
31443,0.516667
31444,0.616667
31445,0.623333
31446,0.763333
31447,0.806667
31448,0.646667
31449,0.683333
31450,0.866667
31451,0.376667
31452,0.636667
31453,0.823333
31454,0.756667
31455,0.753333
31456,0.776667
31457,0.663333
31458,0.8
31459,0.72
31460,0.413333
31461,0.663333
31462,0.49
31463,0.866667
31464,0.98
31465,0.673333
31466,0.26
31467,0.7
31468,0.76
31469,0.783333
31470,0.703333
31471,0.773333
31472,0.83
31473,0.513333
31474,0.753333
31475,0.816667
31476,0.973333
31477,0.29
31478,0.936667
31479,0.903333
31480,0.51
31481,0.833333
31482,0.933333
31483,0.933333
31484,0.886667
31485,0.85
31486,0.946667
31487,0.943333
31488,0.883333
31489,0.816667
31490,0.676667
31491,0.486667
31492,0.29
31493,0.38
31494,0.656667
31495,0.92
31496,0.903333
31497,0.546667
31498,0.683333
31499,0.73
31500,0.603333
31501,0.476667
31502,0.536667
31503,0.34
31504,0.823333
31505,0.923333
31506,0.88
31507,0.916667
31508,0.853333
31509,0.716667
31510,0.81
31511,0.84
31512,0.72
31513,0.733333
31514,0.243333
31515,0.94
31516,0.873333
31517,0.75
31518,0.71
31519,0.493333
31520,0.68
31521,0.613333
31522,0.893333
31523,0.893333
31524,0.196667
31525,0.49
31526,0.76
31527,0.77
31528,0.793333
31529,0.523333
31530,0.963333
31531,0.623333
31532,0.826667
31533,0.773333
31534,0.796667
31535,0.803333
31536,0.69
31537,0.756667
31538,0.6
31539,0.803333
31540,0.583333
31541,0.776667
31542,0.513333
31543,0.683333
31544,0.976667
31545,0.91
31546,0.253333
31547,0.776667
31548,0.926667
31549,0.703333
31550,0.88
31551,0.75
31552,0.463333
31553,0.666667
31554,0.146667
31555,0.756667
31556,0.74
31557,0.403333
31558,0.476667
31559,0.806667
31560,0.766667
31561,0.716667
31562,0.963333
31563,0.793333
31564,0.776667
31565,0.773333
31566,0.443333
31567,0.986667
31568,0.683333
31569,0.976667
31570,0.793333
31571,0.806667
31572,0.5
31573,0.996667
31574,0.963333
31575,0.703333
31576,0.95
31577,0.813333
31578,0.953333
31579,0.786667
31580,0.45
31581,0.603333
31582,0.566667
31583,0.866667
31584,0.72
31585,0.426667
31586,0.606667
31587,0.423333
31588,0.726667
31589,0.686667
31590,0.753333
31591,0.72
31592,0.436667
31593,0.546667
31594,0.703333
31595,0.366667
31596,0.67
31597,0.813333
31598,0.376667
31599,0.843333
31600,0.87
31601,0.943333
31602,0.513333
31603,0.74
31604,0.693333
31605,0.983333
31606,0.503333
31607,0.796667
31608,0.65
31609,0.776667
31610,0.623333
31611,0.626667
31612,0.923333
31613,0.68
31614,0.64
31615,0.803333
31616,0.65
31617,0.42
31618,0.79
31619,0.56
31620,0.8
31621,0.683333
31622,0.676667
31623,0.716667
31624,0.933333
31625,0.67
31626,0.7
31627,0.506667
31628,0.813333
31629,0.866667
31630,0.78
31631,0.853333
31632,0.64
31633,0.31
31634,0.926667
31635,0.683333
31636,0.706667
31637,0.883333
31638,0.83
31639,0.853333
31640,0.6
31641,0.95
31642,0.88
31643,0.606667
31644,0.42
31645,0.636667
31646,0.426667
31647,0.666667
31648,0.853333
31649,0.896667
31650,0.646667
31651,0.456667
31652,0.67
31653,0.793333
31654,0.756667
31655,0.713333
31656,0.673333
31657,0.803333
31658,0.873333
31659,0.856667
31660,0.956667
31661,0.65
31662,0.78
31663,0.616667
31664,0.55
31665,0.38
31666,0.683333
31667,0.856667
31668,0.873333
31669,0.766667
31670,0.693333
31671,0.793333
31672,0.743333
31673,0.6
31674,0.57
31675,0.73
31676,0.803333
31677,0.71
31678,0.963333
31679,0.676667
31680,0.616667
31681,0.556667
31682,0.343333
31683,0.93
31684,0.91
31685,0.906667
31686,0.766667
31687,0.913333
31688,0.853333
31689,0.463333
31690,0.706667
31691,0.956667
31692,0.64
31693,0.52
31694,0.693333
31695,0.623333
31696,0.633333
31697,0.88
31698,0.52
31699,0.476667
31700,0.91
31701,0.706667
31702,0.863333
31703,0.68
31704,0.743333
31705,0.376667
31706,0.71
31707,0.503333
31708,0.8
31709,0.323333
31710,0.403333
31711,0.72
31712,0.733333
31713,0.93
31714,0.986667
31715,0.733333
31716,0.823333
31717,0.6
31718,0.703333
31719,0.473333
31720,0.666667
31721,0.693333
31722,0.96
31723,0.496667
31724,0.51
31725,0.53
31726,0.92
31727,0.493333
31728,0.536667
31729,0.393333
31730,0.683333
31731,0.413333
31732,0.753333
31733,0.666667
31734,0.813333
31735,0.703333
31736,0.983333
31737,0.883333
31738,0.893333
31739,0.796667
31740,0.476667
31741,0.776667
31742,0.426667
31743,0.86
31744,0.73
31745,0.433333
31746,0.873333
31747,0.92
31748,0.893333
31749,0.533333
31750,0.763333
31751,0.82
31752,0.71
31753,0.493333
31754,0.873333
31755,0.816667
31756,0.82
31757,0.64
31758,0.776667
31759,0.766667
31760,0.6
31761,0.343333
31762,0.903333
31763,0.51
31764,0.803333
31765,0.686667
31766,0.506667
31767,0.516667
31768,0.766667
31769,0.93
31770,0.71
31771,0.573333
31772,0.85
31773,0.786667
31774,0.793333
31775,0.356667
31776,0.873333
31777,0.5
31778,0.936667
31779,0.703333
31780,0.756667
31781,0.626667
31782,0.843333
31783,0.44
31784,0.936667
31785,0.423333
31786,0.636667
31787,0.44
31788,0.926667
31789,0.646667
31790,0.676667
31791,0.696667
31792,0.786667
31793,0.743333
31794,0.766667
31795,0.433333
31796,0.893333
31797,0.573333
31798,0.766667
31799,0.733333
31800,0.75
31801,0.766667
31802,0.966667
31803,0.583333
31804,0.806667
31805,0.436667
31806,0.573333
31807,0.893333
31808,0.523333
31809,0.653333
31810,0.583333
31811,0.786667
31812,0.683333
31813,0.696667
31814,0.403333
31815,0.593333
31816,0.833333
31817,0.873333
31818,0.61
31819,0.876667
31820,0.356667
31821,0.903333
31822,0.786667
31823,0.536667
31824,0.84
31825,0.393333
31826,0.17
31827,0.806667
31828,0.963333
31829,0.7
31830,0.773333
31831,0.85
31832,0.513333
31833,0.843333
31834,0.636667
31835,0.736667
31836,0.546667
31837,0.736667
31838,0.886667
31839,0.74
31840,0.743333
31841,0.426667
31842,0.42
31843,0.88
31844,0.993333
31845,0.913333
31846,0.84
31847,0.943333
31848,0.416667
31849,0.793333
31850,0.346667
31851,0.99
31852,0.89
31853,0.716667
31854,0.61
31855,0.803333
31856,0.94
31857,0.79
31858,0.693333
31859,0.71
31860,0.616667
31861,0.663333
31862,0.64
31863,0.87
31864,0.826667
31865,0.35
31866,0.886667
31867,0.83
31868,0.676667
31869,0.65
31870,0.863333
31871,0.953333
31872,0.923333
31873,0.62
31874,0.78
31875,0.84
31876,0.976667
31877,0.743333
31878,0.946667
31879,0.856667
31880,0.803333
31881,0.77
31882,0.916667
31883,0.866667
31884,0.963333
31885,0.87
31886,0.67
31887,0.6
31888,0.866667
31889,0.573333
31890,0.65
31891,0.93
31892,0.99
31893,0.87
31894,0.823333
31895,0.873333
31896,0.696667
31897,0.943333
31898,0.52
31899,0.736667
31900,0.763333
31901,0.68
31902,0.82
31903,0.593333
31904,0.793333
31905,0.736667
31906,0.826667
31907,0.8
31908,0.746667
31909,0.89
31910,0.903333
31911,0.656667
31912,0.773333
31913,0.5
31914,0.936667
31915,0.89
31916,0.633333
31917,0.876667
31918,0.676667
31919,0.876667
31920,0.986667
31921,0.653333
31922,0.94
31923,0.393333
31924,0.716667
31925,0.376667
31926,0.686667
31927,0.756667
31928,0.736667
31929,0.436667
31930,0.903333
31931,0.756667
31932,0.756667
31933,0.66
31934,0.683333
31935,0.633333
31936,0.71
31937,0.763333
31938,0.693333
31939,0.823333
31940,0.56
31941,0.873333
31942,0.67
31943,0.63
31944,0.84
31945,0.716667
31946,0.986667
31947,0.873333
31948,0.653333
31949,0.813333
31950,0.933333
31951,0.643333
31952,0.693333
31953,0.68
31954,0.323333
31955,0.68
31956,0.906667
31957,0.533333
31958,0.673333
31959,0.89
31960,0.686667
31961,0.616667
31962,0.873333
31963,0.72
31964,0.486667
31965,0.81
31966,0.903333
31967,0.586667
31968,0.98
31969,0.763333
31970,0.236667
31971,0.862903
31972,0.516667
31973,0.74
31974,0.866667
31975,0.6
31976,0.46
31977,0.946667
31978,0.7
31979,0.78
31980,0.906667
31981,0.65
31982,0.596667
31983,0.62
31984,0.606667
31985,0.84
31986,0.456667
31987,0.57
31988,0.603333
31989,0.38
31990,0.653333
31991,0.643333
31992,0.803333
31993,0.743333
31994,0.42
31995,0.846667
31996,0.736667
31997,0.776667
31998,0.786667
31999,0.726667
32000,0.733333
32001,0.776667
32002,0.743333
32003,0.81
32004,0.973333
32005,0.7
32006,0.686667
32007,0.966667
32008,0.566667
32009,0.736667
32010,0.85
32011,0.906667
32012,0.746667
32013,0.59
32014,0.846667
32015,0.66
32016,0.736667
32017,0.583333
32018,0.853333
32019,0.49
32020,0.8
32021,0.453333
32022,0.696667
32023,0.51
32024,0.73
32025,0.513333
32026,0.88
32027,0.703333
32028,0.863333
32029,0.74
32030,0.893333
32031,0.893333
32032,0.72
32033,0.57
32034,0.926667
32035,0.746667
32036,0.76
32037,0.646667
32038,0.693333
32039,0.893333
32040,0.746667
32041,0.863333
32042,0.76
32043,0.526667
32044,0.756667
32045,0.963333
32046,0.946667
32047,0.976667
32048,0.953333
32049,0.923333
32050,0.61
32051,0.49
32052,0.616667
32053,0.44
32054,0.71
32055,0.713333
32056,0.43
32057,0.78
32058,0.706667
32059,0.69
32060,0.733333
32061,0.276667
32062,0.423333
32063,0.993333
32064,0.553333
32065,0.873333
32066,0.583333
32067,0.873333
32068,0.773333
32069,0.946667
32070,0.693333
32071,0.543333
32072,0.883333
32073,0.47
32074,0.926667
32075,0.46
32076,0.736667
32077,0.49
32078,0.89
32079,0.696667
32080,0.62
32081,0.426667
32082,0.43
32083,0.683333
32084,0.746667
32085,0.523333
32086,0.64
32087,0.666667
32088,0.663333
32089,0.1
32090,0.873333
32091,0.95
32092,0.743333
32093,0.62
32094,0.7
32095,0.596667
32096,0.84
32097,0.55
32098,0.563333
32099,0.57
32100,0.583333
32101,0.806667
32102,0.843333
32103,0.883333
32104,0.96
32105,0.953333
32106,0.676667
32107,0.83
32108,0.79
32109,0.306667
32110,0.473333
32111,0.76
32112,0.816667
32113,0.633333
32114,0.493333
32115,0.58
32116,0.726667
32117,0.776667
32118,0.75
32119,0.7
32120,0.973333
32121,0.72
32122,0.703333
32123,0.66
32124,0.82
32125,0.506667
32126,0.543333
32127,0.626667
32128,0.706667
32129,0.6
32130,0.616667
32131,0.646667
32132,0.706667
32133,0.736667
32134,0.673333
32135,0.186667
32136,0.46
32137,0.69
32138,0.606667
32139,0.963333
32140,0.67
32141,0.426667
32142,0.903333
32143,0.446667
32144,0.423333
32145,0.833333
32146,0.766667
32147,0.896667
32148,0.566667
32149,0.716667
32150,0.676667
32151,0.556667
32152,0.823333
32153,0.64
32154,0.796667
32155,0.176667
32156,0.656667
32157,0.726667
32158,0.303333
32159,0.483333
32160,0.573333
32161,0.796667
32162,0.756667
32163,0.55
32164,0.63
32165,0.616667
32166,0.456667
32167,0.716667
32168,0.743333
32169,0.69
32170,0.756667
32171,0.38
32172,0.936667
32173,0.92
32174,0.936667
32175,0.643333
32176,0.77
32177,0.51
32178,0.686667
32179,0.39
32180,0.75
32181,0.856667
32182,0.836667
32183,0.563333
32184,0.653333
32185,0.893333
32186,0.983333
32187,0.903333
32188,0.626667
32189,0.923333
32190,0.563333
32191,0.516667
32192,0.9
32193,0.54
32194,0.573333
32195,0.916667
32196,0.536667
32197,0.626667
32198,0.9
32199,0.613333
32200,0.596667
32201,0.596667
32202,0.736667
32203,0.553333
32204,0.76
32205,0.583333
32206,0.963333
32207,0.913333
32208,0.87
32209,0.45
32210,0.873333
32211,0.98
32212,0.603333
32213,0.603333
32214,0.843333
32215,0.97
32216,0.896667
32217,0.46
32218,0.503333
32219,0.873333
32220,0.83
32221,0.8
32222,0.906667
32223,0.38
32224,0.773333
32225,0.823333
32226,0.28
32227,0.586667
32228,0.816667
32229,0.763333
32230,0.9
32231,0.856667
32232,0.786667
32233,0.67
32234,0.55
32235,0.6
32236,0.453333
32237,0.713333
32238,0.546667
32239,0.603333
32240,0.576667
32241,0.39
32242,0.88
32243,0.826667
32244,0.78
32245,0.673333
32246,0.516667
32247,0.636667
32248,0.933333
32249,0.626667
32250,0.743333
32251,0.966667
32252,0.703333
32253,0.66
32254,0.88
32255,0.656667
32256,0.86
32257,0.843333
32258,0.99
32259,0.67
32260,0.8
32261,0.85
32262,0.876667
32263,0.716667
32264,0.756667
32265,0.566667
32266,0.906667
32267,0.723333
32268,0.626667
32269,0.71
32270,0.926667
32271,0.843333
32272,0.583333
32273,0.456667
32274,0.77
32275,0.9
32276,0.513333
32277,0.626667
32278,0.813333
32279,0.67
32280,0.343333
32281,0.716667
32282,0.8
32283,0.756667
32284,0.936667
32285,0.663333
32286,0.75
32287,0.723333
32288,0.966667
32289,0.833333
32290,0.75
32291,0.766667
32292,0.336667
32293,0.756667
32294,0.756667
32295,0.716667
32296,0.77
32297,0.733333
32298,0.906667
32299,0.68
32300,0.813333
32301,0.723333
32302,0.663333
32303,0.503333
32304,0.803333
32305,0.613333
32306,0.576667
32307,0.766667
32308,0.763333
32309,0.746667
32310,0.513333
32311,0.816667
32312,0.656667
32313,0.636667
32314,0.83
32315,0.596667
32316,0.803333
32317,0.416667
32318,0.656667
32319,0.656667
32320,0.683333
32321,0.713333
32322,0.676667
32323,0.436667
32324,0.653333
32325,0.783333
32326,0.933333
32327,0.353333
32328,0.95
32329,0.67
32330,0.893333
32331,0.84
32332,0.853333
32333,0.653333
32334,0.803333
32335,0.65
32336,0.75
32337,0.653333
32338,0.84
32339,0.926667
32340,0.906667
32341,0.756667
32342,0.373333
32343,0.556667
32344,0.626667
32345,0.77
32346,0.676667
32347,0.396667
32348,0.46
32349,0.723333
32350,0.396667
32351,0.553333
32352,0.686667
32353,0.873333
32354,0.596667
32355,0.806667
32356,0.736667
32357,0.696667
32358,0.73
32359,0.703333
32360,0.53
32361,0.5
32362,0.97
32363,0.886667
32364,0.673333
32365,0.943333
32366,0.623333
32367,0.816667
32368,0.98
32369,0.726667
32370,0.78
32371,0.893333
32372,0.863333
32373,0.873333
32374,0.376667
32375,0.693333
32376,0.68
32377,0.65
32378,0.583333
32379,0.636667
32380,0.57
32381,0.856667
32382,0.72
32383,0.84
32384,0.736667
32385,0.686667
32386,0.606667
32387,0.976667
32388,0.816667
32389,0.56
32390,0.79
32391,0.346667
32392,0.78
32393,0.856667
32394,0.826667
32395,0.5
32396,0.74
32397,0.136667
32398,0.643333
32399,0.743333
32400,0.793333
32401,0.913333
32402,0.633333
32403,0.733333
32404,0.443333
32405,0.45
32406,0.88
32407,0.84
32408,0.616667
32409,0.856667
32410,0.79
32411,0.593333
32412,0.836667
32413,0.65
32414,0.373333
32415,0.79
32416,0.753333
32417,0.946667
32418,0.95
32419,0.506667
32420,0.74
32421,0.926667
32422,0.713333
32423,0.71
32424,0.666667
32425,0.846667
32426,0.913333
32427,0.56
32428,0.636667
32429,0.883333
32430,0.703333
32431,0.756667
32432,0.786667
32433,0.913333
32434,0.963333
32435,0.56
32436,0.78
32437,0.823333
32438,0.973333
32439,0.59
32440,0.82
32441,0.663333
32442,0.926667
32443,0.766667
32444,0.796667
32445,0.493333
32446,0.84
32447,0.696667
32448,0.826667
32449,0.853333
32450,0.816667
32451,0.703333
32452,0.86
32453,0.8
32454,0.836667
32455,0.723333
32456,0.783333
32457,0.743333
32458,0.7
32459,0.89
32460,0.646667
32461,0.766667
32462,0.296667
32463,0.71
32464,0.796
32465,0.53
32466,0.966667
32467,0.726667
32468,0.623333
32469,0.453333
32470,0.913333
32471,0.696667
32472,0.653333
32473,0.66
32474,0.913333
32475,0.39
32476,0.356667
32477,0.696667
32478,0.34
32479,0.65
32480,0.486667
32481,0.836667
32482,0.883333
32483,0.85
32484,0.856667
32485,0.813333
32486,0.54
32487,0.55
32488,0.54
32489,0.896667
32490,0.91
32491,0.7
32492,0.98
32493,0.78
32494,0.746667
32495,0.62
32496,0.75
32497,0.72
32498,0.51
32499,0.49
32500,0.836667
32501,0.473333
32502,0.87
32503,0.703333
32504,0.856667
32505,0.733333
32506,0.95
32507,0.89
32508,0.706667
32509,0.826667
32510,0.726667
32511,0.746667
32512,0.71
32513,0.373333
32514,0.596667
32515,0.876667
32516,0.773333
32517,0.77
32518,0.56
32519,0.876667
32520,0.653333
32521,0.413333
32522,0.893333
32523,0.88
32524,0.55
32525,0.403333
32526,0.826667
32527,0.623333
32528,0.806667
32529,0.51
32530,0.913333
32531,0.793333
32532,0.61
32533,0.64
32534,0.866667
32535,0.83
32536,0.666667
32537,0.95
32538,0.82
32539,0.81
32540,0.533333
32541,0.913333
32542,0.613333
32543,0.633333
32544,0.87
32545,0.323333
32546,0.593333
32547,0.87
32548,0.913333
32549,0.956667
32550,0.73
32551,0.723333
32552,0.77
32553,0.789362
32554,0.546667
32555,0.556667
32556,0.726667
32557,0.853333
32558,0.416667
32559,0.643333
32560,0.75
32561,0.74
32562,0.993333
32563,0.866667
32564,0.346667
32565,0.646667
32566,0.87
32567,0.94
32568,0.806667
32569,0.923333
32570,0.76
32571,0.553333
32572,0.45
32573,0.666667
32574,0.916667
32575,0.603333
32576,0.89
32577,0.553333
32578,0.553333
32579,0.48
32580,0.973333
32581,0.793333
32582,0.79
32583,0.783333
32584,0.886667
32585,0.48
32586,0.543333
32587,0.693333
32588,0.65
32589,0.693333
32590,0.81
32591,0.943333
32592,0.743333
32593,0.526667
32594,0.79
32595,0.77
32596,0.626667
32597,0.47
32598,0.586667
32599,0.66
32600,0.513333
32601,0.543333
32602,0.72
32603,0.5
32604,0.626667
32605,0.93
32606,0.51
32607,0.556667
32608,0.64
32609,0.853333
32610,0.67
32611,0.603333
32612,0.646667
32613,0.866667
32614,0.573333
32615,0.536667
32616,0.963333
32617,0.71
32618,0.66
32619,0.536667
32620,0.656667
32621,0.856667
32622,0.876667
32623,0.81
32624,0.8
32625,0.81
32626,0.89
32627,0.483333
32628,0.696667
32629,0.953333
32630,0.656667
32631,0.866667
32632,0.88
32633,0.786667
32634,0.946667
32635,0.76
32636,0.653333
32637,0.863333
32638,0.8
32639,0.91
32640,0.68
32641,0.806667
32642,0.993333
32643,0.643333
32644,0.41
32645,0.78
32646,0.886667
32647,0.53
32648,0.363333
32649,0.856667
32650,0.873333
32651,0.593333
32652,0.906667
32653,0.6
32654,0.286667
32655,0.736667
32656,0.58
32657,0.933333
32658,0.463333
32659,0.443333
32660,0.826667
32661,0.65
32662,0.6
32663,0.42
32664,0.97
32665,0.72
32666,0.896667
32667,0.67
32668,0.773333
32669,0.976667
32670,0.976667
32671,0.686667
32672,0.673333
32673,0.65
32674,0.68
32675,0.876667
32676,0.706667
32677,0.876667
32678,0.676667
32679,0.99
32680,0.916667
32681,0.703333
32682,0.353333
32683,0.716667
32684,0.856667
32685,0.45
32686,0.946667
32687,0.92
32688,0.936667
32689,0.86
32690,0.883333
32691,0.563333
32692,0.706667
32693,0.656667
32694,0.936667
32695,0.826667
32696,0.5
32697,0.693333
32698,0.503333
32699,0.3
32700,0.77
32701,0.776667
32702,0.81
32703,0.876667
32704,0.61
32705,0.29
32706,0.713333
32707,0.563333
32708,0.786667
32709,0.58
32710,0.323333
32711,0.676667
32712,0.846667
32713,0.66
32714,0.746667
32715,0.826667
32716,0.806667
32717,0.683333
32718,0.966667
32719,0.916667
32720,0.393333
32721,0.62
32722,0.63
32723,0.676667
32724,0.926667
32725,0.463333
32726,0.396667
32727,0.856667
32728,0.86
32729,0.513333
32730,0.603333
32731,0.373333
32732,0.746667
32733,0.82
32734,0.693333
32735,0.92
32736,0.88
32737,0.856667
32738,0.783333
32739,0.733333
32740,0.76
32741,0.58
32742,0.41
32743,0.763333
32744,0.563333
32745,0.426667
32746,0.876667
32747,0.766667
32748,0.47
32749,0.736667
32750,0.536667
32751,0.75
32752,0.916667
32753,0.836667
32754,0.86
32755,0.966667
32756,0.74
32757,0.91
32758,0.82
32759,0.62
32760,0.693333
32761,0.896667
32762,0.756667
32763,0.693333
32764,0.63
32765,0.276667
32766,0.426667
32767,0.466667
32768,0.666667
32769,0.99
32770,0.64
32771,0.546667
32772,0.56
32773,0.77
32774,0.716667
32775,0.933333
32776,0.736667
32777,0.93
32778,0.696667
32779,0.646667
32780,0.803333
32781,0.553333
32782,0.706667
32783,0.77
32784,0.933333
32785,0.5
32786,0.503333
32787,0.733333
32788,0.596667
32789,0.826667
32790,0.703333
32791,0.92
32792,0.726667
32793,0.61
32794,0.563333
32795,0.653333
32796,0.516667
32797,0.963333
32798,0.74
32799,0.74
32800,0.673333
32801,0.94
32802,0.646667
32803,0.926667
32804,0.373333
32805,0.903333
32806,0.9
32807,0.38
32808,0.786667
32809,0.6
32810,0.723333
32811,0.653333
32812,0.823333
32813,0.866667
32814,0.856667
32815,0.656667
32816,0.81
32817,0.763333
32818,0.743333
32819,0.673333
32820,0.7
32821,0.64
32822,0.66
32823,0.853333
32824,0.86
32825,0.466667
32826,0.78
32827,0.83
32828,0.833333
32829,0.876667
32830,0.51
32831,0.776667
32832,0.803333
32833,0.57
32834,0.79
32835,0.71
32836,0.69
32837,0.543333
32838,0.88
32839,0.936667
32840,0.473333
32841,0.62
32842,0.963333
32843,0.636667
32844,0.646667
32845,0.753333
32846,0.743333
32847,0.926667
32848,0.72
32849,0.533333
32850,0.87
32851,0.403333
32852,0.686667
32853,0.82
32854,0.493333
32855,0.796667
32856,0.936667
32857,0.656667
32858,0.7
32859,0.83
32860,0.793333
32861,0.63
32862,0.836667
32863,0.61
32864,0.873333
32865,0.463333
32866,0.973333
32867,0.783333
32868,0.633333
32869,0.793333
32870,0.726667
32871,0.683333
32872,0.55
32873,0.65
32874,0.763333
32875,0.786667
32876,0.87
32877,0.873333
32878,0.746667
32879,0.763333
32880,0.45
32881,0.87
32882,0.783333
32883,0.83
32884,0.973333
32885,0.833333
32886,0.903333
32887,0.673333
32888,0.553333
32889,0.76
32890,0.83
32891,0.856667
32892,0.723333
32893,0.54
32894,0.773333
32895,0.83
32896,0.59
32897,0.69
32898,0.83
32899,0.6
32900,0.926667
32901,0.563333
32902,0.653333
32903,0.843333
32904,0.363333
32905,0.983333
32906,0.72
32907,0.803333
32908,0.8
32909,0.896667
32910,0.673333
32911,0.863333
32912,0.786667
32913,0.923333
32914,0.6
32915,0.92
32916,0.473333
32917,0.853333
32918,0.91
32919,0.736667
32920,0.423333
32921,0.403333
32922,0.646667
32923,0.64
32924,0.963333
32925,0.716667
32926,0.816667
32927,0.87
32928,0.26
32929,0.816667
32930,0.85
32931,0.816667
32932,0.72
32933,0.64
32934,0.976667
32935,0.743333
32936,0.54
32937,0.96
32938,0.636667
32939,0.643333
32940,0.783333
32941,0.72
32942,0.66
32943,0.816667
32944,0.936667
32945,0.91
32946,0.813333
32947,0.656667
32948,0.903333
32949,0.546667
32950,0.92
32951,0.78
32952,0.593333
32953,0.763333
32954,0.823333
32955,0.623333
32956,0.843333
32957,0.686667
32958,0.433333
32959,0.833333
32960,0.66
32961,0.783333
32962,0.953333
32963,0.396667
32964,0.66
32965,0.793333
32966,0.56
32967,0.7
32968,0.813333
32969,0.666667
32970,0.903333
32971,0.46
32972,0.756667
32973,0.713333
32974,0.54
32975,0.43
32976,0.606667
32977,0.696667
32978,0.85
32979,0.663333
32980,0.826667
32981,0.893333
32982,0.533333
32983,0.826667
32984,0.61
32985,0.693333
32986,0.843333
32987,0.51
32988,0.626667
32989,0.71
32990,0.88
32991,0.9
32992,0.826667
32993,0.886667
32994,0.62
32995,0.85
32996,0.543333
32997,0.713333
32998,0.89
32999,0.766667
33000,0.58
33001,0.706667
33002,0.896667
33003,0.763333
33004,0.466667
33005,0.873333
33006,0.51
33007,0.626667
33008,0.54
33009,0.81
33010,0.956667
33011,0.27
33012,0.496667
33013,0.826667
33014,0.55
33015,0.886667
33016,0.65
33017,0.763333
33018,0.526667
33019,0.786667
33020,0.86
33021,0.65
33022,0.486667
33023,0.846667
33024,0.496667
33025,0.98
33026,0.786667
33027,0.526667
33028,0.61
33029,0.826667
33030,0.773333
33031,0.766667
33032,0.98
33033,0.903333
33034,0.75
33035,0.93
33036,0.66
33037,0.58
33038,0.98
33039,0.57
33040,0.83
33041,0.7
33042,0.456667
33043,0.863333
33044,0.663333
33045,0.676667
33046,0.64
33047,0.513333
33048,0.77
33049,0.346667
33050,0.936667
33051,0.293333
33052,0.97
33053,0.43
33054,0.913333
33055,0.286667
33056,0.853333
33057,0.556667
33058,0.856667
33059,0.39
33060,0.556667
33061,0.483333
33062,0.596667
33063,0.883333
33064,0.56
33065,0.58
33066,0.503333
33067,0.913333
33068,0.303333
33069,0.876667
33070,0.82
33071,0.77
33072,0.646667
33073,0.593333
33074,0.673333
33075,0.14
33076,0.633333
33077,0.436667
33078,0.724889
33079,0.623333
33080,0.79
33081,0.793333
33082,0.866667
33083,0.816667
33084,0.71
33085,0.63
33086,0.686667
33087,0.576667
33088,0.613333
33089,0.663333
33090,0.763333
33091,0.963333
33092,0.85
33093,0.656667
33094,0.55
33095,0.7
33096,0.726667
33097,0.71
33098,0.516667
33099,0.426667
33100,0.86
33101,0.846667
33102,0.92
33103,0.413333
33104,0.85
33105,0.773333
33106,0.703333
33107,0.6
33108,0.74
33109,0.51
33110,0.756667
33111,0.66
33112,0.833333
33113,0.603333
33114,0.813333
33115,0.82
33116,0.78
33117,0.82
33118,0.786667
33119,0.663333
33120,0.783333
33121,0.71
33122,0.863333
33123,0.706667
33124,0.766667
33125,0.803333
33126,0.78
33127,0.503333
33128,0.473333
33129,0.656667
33130,0.356667
33131,0.896667
33132,0.7
33133,0.953333
33134,0.786667
33135,0.736667
33136,0.646667
33137,0.816667
33138,0.783333
33139,0.963333
33140,0.66
33141,0.62
33142,0.523333
33143,0.73
33144,0.643333
33145,0.696667
33146,0.5
33147,0.66
33148,0.93
33149,0.79
33150,0.56
33151,0.526667
33152,0.753333
33153,0.85
33154,0.956667
33155,0.866667
33156,0.893333
33157,0.89
33158,0.72
33159,0.6
33160,0.916667
33161,0.55
33162,0.846667
33163,0.916667
33164,0.91
33165,0.686667
33166,0.493333
33167,0.443333
33168,0.916667
33169,0.903333
33170,0.893333
33171,0.906667
33172,0.85
33173,0.613333
33174,0.543333
33175,0.63
33176,0.903333
33177,0.986667
33178,0.79
33179,0.65
33180,0.956667
33181,0.702903
33182,0.42
33183,0.77
33184,0.456667
33185,0.763333
33186,0.443333
33187,0.373333
33188,0.423333
33189,0.776667
33190,0.93
33191,0.82
33192,0.396667
33193,0.943333
33194,0.923333
33195,0.89
33196,0.716667
33197,0.566667
33198,0.863333
33199,0.456667
33200,0.316667
33201,0.79
33202,0.816667
33203,0.803333
33204,0.52
33205,0.986667
33206,0.936667
33207,0.496667
33208,0.863333
33209,0.476667
33210,0.81
33211,0.22
33212,0.71
33213,0.653333
33214,0.763333
33215,0.64
33216,0.44
33217,0.546667
33218,0.673333
33219,0.973333
33220,0.613333
33221,0.67
33222,0.616667
33223,0.926667
33224,0.193333
33225,0.616667
33226,0.726463
33227,0.633333
33228,0.846667
33229,0.69
33230,0.553333
33231,0.753333
33232,0.806667
33233,0.896667
33234,0.653333
33235,0.846667
33236,0.776667
33237,0.543333
33238,0.76
33239,0.676667
33240,0.52
33241,0.823333
33242,0.806667
33243,0.653333
33244,0.656667
33245,0.66
33246,0.536667
33247,0.696667
33248,0.406667
33249,0.733333
33250,0.633333
33251,0.62
33252,0.296667
33253,0.653333
33254,0.56
33255,0.766667
33256,0.833333
33257,0.46
33258,0.913333
33259,0.76
33260,0.476667
33261,0.76
33262,0.653333
33263,0.66
33264,0.443333
33265,0.776667
33266,0.713333
33267,0.81
33268,0.88
33269,0.51
33270,0.62
33271,0.663333
33272,0.603333
33273,0.743333
33274,0.806667
33275,0.836667
33276,0.826667
33277,0.946667
33278,0.696667
33279,0.923333
33280,0.57
33281,0.77
33282,0.513333
33283,0.556667
33284,0.8
33285,0.476667
33286,0.423333
33287,0.513333
33288,0.713333
33289,0.89
33290,0.233333
33291,0.677222
33292,0.7
33293,0.42
33294,0.573333
33295,0.856667
33296,0.963333
33297,0.893333
33298,0.93
33299,0.67
33300,0.246667
33301,0.62
33302,0.78
33303,0.473333
33304,0.61
33305,0.523333
33306,0.603333
33307,0.87
33308,0.743333
33309,0.72
33310,0.853333
33311,0.686667
33312,0.89
33313,0.863333
33314,0.596667
33315,0.97
33316,0.673333
33317,0.926667
33318,0.716667
33319,0.703333
33320,0.396667
33321,0.76
33322,0.936667
33323,0.523333
33324,0.783333
33325,0.816667
33326,0.576667
33327,0.82
33328,0.946667
33329,0.75957
33330,0.906667
33331,0.51
33332,0.76
33333,0.62
33334,0.486667
33335,0.523333
33336,0.626667
33337,0.933333
33338,0.603333
33339,0.636667
33340,0.63
33341,0.826667
33342,0.703333
33343,0.283333
33344,0.92
33345,0.61
33346,0.946667
33347,0.83
33348,0.91
33349,0.77
33350,0.44
33351,0.886667
33352,0.773333
33353,0.77
33354,0.173333
33355,0.546667
33356,0.413333
33357,0.843333
33358,0.446667
33359,0.646667
33360,0.783333
33361,0.413333
33362,0.66
33363,0.353333
33364,0.613333
33365,0.713333
33366,0.64
33367,0.85
33368,0.66
33369,0.793333
33370,0.576667
33371,0.693333
33372,0.623333
33373,0.68
33374,0.836667
33375,0.52
33376,0.29
33377,0.463333
33378,0.75
33379,0.82
33380,0.773333
33381,0.906667
33382,0.59
33383,0.41
33384,0.77
33385,0.75
33386,0.776667
33387,0.863333
33388,0.803333
33389,0.96
33390,0.716667
33391,0.683333
33392,0.453333
33393,0.573333
33394,0.59
33395,0.636667
33396,0.57
33397,0.633333
33398,0.62
33399,0.82
33400,0.81
33401,0.88
33402,0.213333
33403,0.88
33404,0.466667
33405,0.663333
33406,0.556667
33407,0.86
33408,0.873333
33409,0.586667
33410,0.696667
33411,0.66
33412,0.76
33413,0.586667
33414,0.723333
33415,0.74
33416,0.806667
33417,0.706667
33418,0.656667
33419,0.666667
33420,0.863333
33421,0.706667
33422,0.396667
33423,0.653333
33424,0.956667
33425,0.953333
33426,0.71
33427,0.583333
33428,0.876667
33429,0.693333
33430,0.703333
33431,0.62
33432,0.772551
33433,0.88
33434,0.596667
33435,0.726667
33436,0.986667
33437,0.61
33438,0.736667
33439,0.6
33440,0.84
33441,0.516667
33442,0.486667
33443,0.426667
33444,0.9
33445,0.69
33446,0.583333
33447,0.623333
33448,0.736667
33449,0.776667
33450,0.91
33451,0.85
33452,0.29
33453,0.916667
33454,0.703333
33455,0.82
33456,0.653333
33457,0.916667
33458,0.663333
33459,0.626667
33460,0.75
33461,0.686667
33462,0.803333
33463,0.843333
33464,0.783333
33465,0.326667
33466,0.91
33467,0.78
33468,0.763333
33469,0.76
33470,0.963333
33471,0.75
33472,0.47
33473,0.646667
33474,0.62
33475,0.806667
33476,0.893333
33477,0.586667
33478,0.933333
33479,0.35
33480,0.54
33481,0.9
33482,0.733333
33483,0.65
33484,0.583333
33485,0.63
33486,0.916667
33487,0.566667
33488,0.62
33489,0.786667
33490,0.733333
33491,0.453333
33492,0.933333
33493,0.316667
33494,0.873333
33495,0.716667
33496,0.91
33497,0.67
33498,0.603333
33499,0.893333
33500,0.88
33501,0.926667
33502,0.793333
33503,0.83
33504,0.71
33505,0.84
33506,0.71
33507,0.54
33508,0.746667
33509,0.816667
33510,0.63
33511,0.94
33512,0.846667
33513,0.733333
33514,0.83
33515,0.693333
33516,0.91
33517,0.626667
33518,0.7
33519,0.506667
33520,0.796667
33521,0.72
33522,0.736667
33523,0.83
33524,0.933333
33525,0.486667
33526,0.88
33527,0.756667
33528,0.916667
33529,0.726667
33530,0.816667
33531,0.633333
33532,0.596667
33533,0.54
33534,0.506667
33535,0.936667
33536,0.956667
33537,0.77
33538,0.7
33539,0.726667
33540,0.613333
33541,0.843333
33542,0.916667
33543,0.84
33544,0.35
33545,0.7
33546,0.656667
33547,0.976667
33548,0.69
33549,0.54
33550,0.81
33551,0.68
33552,0.25
33553,0.793333
33554,0.48
33555,0.88
33556,0.48
33557,0.69
33558,0.46
33559,0.906667
33560,0.923333
33561,0.733333
33562,0.65
33563,0.92
33564,0.993333
33565,0.626667
33566,0.913333
33567,0.693333
33568,0.586667
33569,0.686667
33570,0.796667
33571,0.816667
33572,0.613333
33573,0.64
33574,0.773333
33575,0.776667
33576,0.796667
33577,0.643333
33578,0.883333
33579,0.77
33580,0.776667
33581,0.763333
33582,0.8
33583,0.663333
33584,0.926667
33585,0.883333
33586,0.726667
33587,0.893333
33588,0.94
33589,0.756667
33590,0.73
33591,0.936667
33592,0.833333
33593,0.953333
33594,0.963333
33595,0.49
33596,0.663333
33597,0.74
33598,0.655
33599,0.776667
33600,0.806667
33601,0.433333
33602,0.633333
33603,0.98
33604,0.83
33605,0.983333
33606,0.89
33607,0.986667
33608,0.746667
33609,0.416667
33610,0.946667
33611,0.493333
33612,0.693333
33613,0.916667
33614,0.726667
33615,0.976667
33616,0.85
33617,0.853333
33618,0.913333
33619,0.81
33620,0.763333
33621,0.316667
33622,0.766667
33623,0.986667
33624,0.786667
33625,0.793333
33626,0.813333
33627,0.713333
33628,0.773333
33629,0.606667
33630,0.793333
33631,0.936667
33632,0.643333
33633,0.393333
33634,0.656667
33635,0.74
33636,0.593333
33637,0.576667
33638,0.82
33639,0.646667
33640,0.473333
33641,0.81
33642,0.713333
33643,0.923333
33644,0.593333
33645,0.86
33646,0.463333
33647,0.933333
33648,0.706667
33649,0.65
33650,0.556667
33651,0.383333
33652,0.663333
33653,0.64
33654,0.653333
33655,0.676667
33656,0.706667
33657,0.71
33658,0.723333
33659,0.963333
33660,0.97
33661,0.85
33662,0.656667
33663,0.453333
33664,0.5
33665,0.933333
33666,0.213333
33667,0.9
33668,0.82
33669,0.963333
33670,0.753333
33671,0.726667
33672,0.513333
33673,0.893333
33674,0.88
33675,0.75
33676,0.966667
33677,0.573333
33678,0.68
33679,0.626667
33680,0.523333
33681,0.62
33682,0.343333
33683,0.796667
33684,0.656667
33685,0.833333
33686,0.656667
33687,0.683333
33688,0.67
33689,0.733333
33690,0.763333
33691,0.633333
33692,0.576667
33693,0.65
33694,0.98
33695,0.58
33696,0.493333
33697,0.743333
33698,0.783333
33699,0.973333
33700,0.973333
33701,0.606667
33702,0.97
33703,0.693333
33704,0.72
33705,0.893333
33706,0.54
33707,0.733333
33708,0.86
33709,0.76
33710,0.783333
33711,0.34
33712,0.873333
33713,0.626667
33714,0.866667
33715,0.72
33716,0.63
33717,0.576667
33718,0.706667
33719,0.68
33720,0.933333
33721,0.503333
33722,0.746667
33723,0.936667
33724,0.5
33725,0.883333
33726,0.713333
33727,0.706667
33728,0.89
33729,0.82
33730,0.65
33731,0.7
33732,0.65
33733,0.426667
33734,0.756667
33735,0.733333
33736,0.8
33737,0.85
33738,0.753333
33739,0.646667
33740,0.833333
33741,0.69
33742,0.493333
33743,0.656667
33744,0.806667
33745,0.56
33746,0.526667
33747,0.943333
33748,0.53
33749,0.82
33750,0.643333
33751,0.866667
33752,0.92
33753,0.65
33754,0.626667
33755,0.87
33756,0.943333
33757,0.693333
33758,0.903333
33759,0.71
33760,0.666667
33761,0.876667
33762,0.596667
33763,0.656667
33764,0.623333
33765,0.873333
33766,0.726667
33767,0.396667
33768,0.693333
33769,0.663333
33770,0.526667
33771,0.13
33772,0.54
33773,0.926667
33774,0.99
33775,0.753333
33776,0.696667
33777,0.746667
33778,0.666667
33779,0.896667
33780,0.51
33781,0.92
33782,0.76
33783,0.766667
33784,0.946667
33785,0.77
33786,0.573333
33787,0.756667
33788,0.756667
33789,0.673333
33790,0.863333
33791,0.64
33792,0.97
33793,0.59
33794,0.41
33795,0.683333
33796,0.716667
33797,0.776667
33798,0.636667
33799,0.493333
33800,0.873333
33801,0.826667
33802,0.186667
33803,0.823333
33804,0.703333
33805,0.843333
33806,0.196667
33807,0.84
33808,0.52
33809,0.623333
33810,0.823333
33811,0.643333
33812,0.976667
33813,0.743333
33814,0.836667
33815,0.716667
33816,0.413333
33817,0.863333
33818,0.61
33819,0.65
33820,0.693333
33821,0.643333
33822,0.77
33823,0.333333
33824,0.67
33825,0.806667
33826,0.94
33827,0.166667
33828,0.706667
33829,0.806667
33830,0.98
33831,0.61
33832,0.803333
33833,0.926667
33834,0.85
33835,0.966667
33836,0.656667
33837,0.97
33838,0.836667
33839,0.86
33840,0.623333
33841,0.966667
33842,0.796667
33843,0.733333
33844,0.75
33845,0.61
33846,0.356667
33847,0.69
33848,0.866667
33849,0.973333
33850,0.14
33851,0.913333
33852,0.69
33853,0.69
33854,0.523333
33855,0.576667
33856,0.68
33857,0.603333
33858,0.783333
33859,0.89
33860,0.446667
33861,0.8
33862,0.8
33863,0.566667
33864,0.86
33865,0.63
33866,0.56
33867,0.923333
33868,0.576667
33869,0.916667
33870,0.43
33871,0.8
33872,0.523333
33873,0.58
33874,0.656667
33875,0.77
33876,0.65
33877,0.773333
33878,0.823333
33879,0.496667
33880,0.783333
33881,0.883333
33882,0.666667
33883,0.82
33884,0.83
33885,0.36
33886,0.91
33887,0.78
33888,0.726667
33889,0.53
33890,0.676667
33891,0.753333
33892,0.596667
33893,0.9
33894,0.74
33895,0.926667
33896,0.866667
33897,0.73
33898,0.523333
33899,0.76
33900,0.933333
33901,0.806667
33902,0.45
33903,0.786667
33904,0.68
33905,0.53
33906,0.37
33907,0.803333
33908,0.96
33909,0.65
33910,0.846667
33911,0.913333
33912,0.756667
33913,0.803333
33914,0.613333
33915,0.93
33916,0.733333
33917,0.946667
33918,0.956667
33919,0.7
33920,0.59
33921,0.98
33922,0.75
33923,0.546667
33924,0.716667
33925,0.703333
33926,0.356667
33927,0.97
33928,0.643333
33929,0.963333
33930,0.676667
33931,0.513333
33932,0.733333
33933,0.646667
33934,0.856667
33935,0.713333
33936,0.98
33937,0.49
33938,0.36
33939,0.833333
33940,0.753333
33941,0.6
33942,0.886667
33943,0.713333
33944,0.526667
33945,0.683333
33946,0.63
33947,0.506667
33948,0.573333
33949,0.546667
33950,0.82
33951,0.666667
33952,0.61
33953,0.823333
33954,0.886667
33955,0.77
33956,0.806667
33957,0.836667
33958,0.54
33959,0.76
33960,0.853333
33961,0.856667
33962,0.656667
33963,0.936667
33964,0.626667
33965,0.6
33966,0.836667
33967,0.916667
33968,0.563333
33969,0.98
33970,0.65
33971,0.603333
33972,0.693333
33973,0.62
33974,0.686667
33975,0.633333
33976,0.69
33977,0.683333
33978,0.823333
33979,0.846667
33980,0.95
33981,0.713333
33982,0.91
33983,0.9
33984,0.546667
33985,0.86
33986,0.8
33987,0.78
33988,0.54
33989,0.72
33990,0.8
33991,0.71
33992,0.613333
33993,0.86
33994,0.59
33995,0.88
33996,0.833333
33997,0.983333
33998,0.636667
33999,0.85
34000,0.96
34001,0.816667
34002,0.713333
34003,0.84
34004,0.693333
34005,0.786667
34006,0.743333
34007,0.623333
34008,0.59
34009,0.456667
34010,0.463333
34011,0.786667
34012,0.446667
34013,0.813333
34014,0.653333
34015,0.483333
34016,0.62
34017,0.696667
34018,0.546667
34019,0.843333
34020,0.763333
34021,0.75
34022,0.526667
34023,0.853333
34024,0.49
34025,0.463333
34026,0.756667
34027,0.896667
34028,0.746667
34029,0.546667
34030,0.816667
34031,0.72
34032,0.696667
34033,0.73
34034,0.926667
34035,0.94
34036,0.39
34037,0.723333
34038,0.966667
34039,0.286667
34040,0.696667
34041,0.64
34042,0.523333
34043,0.876667
34044,0.823333
34045,0.873333
34046,0.503333
34047,0.546667
34048,0.31
34049,0.71
34050,0.453333
34051,0.53
34052,0.686667
34053,0.81
34054,0.983333
34055,0.876667
34056,0.466667
34057,0.79
34058,0.553333
34059,0.396667
34060,0.95
34061,0.863333
34062,0.716667
34063,0.846667
34064,0.53
34065,0.566667
34066,0.633333
34067,0.81
34068,0.696667
34069,0.803333
34070,0.806667
34071,0.893333
34072,0.646667
34073,0.513333
34074,0.42
34075,0.78
34076,0.773333
34077,0.95
34078,0.726667
34079,0.913333
34080,0.633333
34081,0.946667
34082,0.706667
34083,0.706667
34084,0.856667
34085,0.793333
34086,0.88
34087,0.72
34088,0.65
34089,0.776667
34090,0.69
34091,0.923333
34092,0.54
34093,0.513333
34094,0.093333
34095,0.786667
34096,0.573333
34097,0.863333
34098,0.84
34099,0.68
34100,0.71
34101,0.913333
34102,0.406667
34103,0.81
34104,0.906667
34105,0.8
34106,0.693333
34107,0.873333
34108,0.65
34109,0.78
34110,0.716667
34111,0.496667
34112,0.846667
34113,0.793333
34114,0.903333
34115,0.82
34116,0.49
34117,0.726667
34118,0.876667
34119,0.736667
34120,0.853333
34121,0.656667
34122,0.716667
34123,0.553333
34124,0.996667
34125,0.83
34126,0.656667
34127,0.833333
34128,0.903333
34129,0.3
34130,0.973333
34131,0.513333
34132,0.573333
34133,0.97
34134,0.72
34135,0.493333
34136,0.83
34137,0.76
34138,0.493333
34139,0.726667
34140,0.99
34141,0.846667
34142,0.58
34143,0.483333
34144,0.756667
34145,0.603333
34146,0.54
34147,0.756237
34148,0.826667
34149,0.32
34150,0.433333
34151,0.79
34152,0.696667
34153,0.66
34154,0.69
34155,0.826667
34156,0.78
34157,0.34
34158,0.59
34159,0.566667
34160,0.626667
34161,0.473333
34162,0.82
34163,0.803333
34164,0.66
34165,0.953333
34166,0.603333
34167,0.696667
34168,0.753333
34169,0.483333
34170,0.156667
34171,0.536667
34172,0.656667
34173,0.64
34174,0.63
34175,0.34
34176,0.81
34177,0.363333
34178,0.806667
34179,0.66
34180,0.726667
34181,0.843333
34182,0.783333
34183,0.906667
34184,0.636667
34185,0.4
34186,0.746667
34187,0.67
34188,0.85
34189,0.643333
34190,0.876667
34191,0.63
34192,0.843333
34193,0.466667
34194,0.776667
34195,0.796667
34196,0.453333
34197,0.773333
34198,0.7
34199,0.446667
34200,0.823333
34201,0.87
34202,0.463333
34203,0.623333
34204,0.713333
34205,0.72
34206,0.48
34207,0.743333
34208,0.933333
34209,0.726667
34210,0.656667
34211,0.43
34212,0.543333
34213,0.936667
34214,0.95
34215,0.613333
34216,0.953333
34217,0.906667
34218,0.606667
34219,0.47
34220,0.683333
34221,0.773333
34222,0.326667
34223,0.606667
34224,0.57
34225,0.546667
34226,0.763333
34227,0.796667
34228,0.35
34229,0.963333
34230,0.46
34231,0.676667
34232,0.683333
34233,0.73
34234,0.463333
34235,0.396667
34236,0.78
34237,0.846667
34238,0.916667
34239,0.493333
34240,0.653333
34241,0.566667
34242,0.74
34243,0.876667
34244,0.64
34245,0.786667
34246,0.683333
34247,0.53
34248,0.88
34249,0.916667
34250,0.62
34251,0.41
34252,0.483333
34253,0.563333
34254,0.65
34255,0.95
34256,0.846667
34257,0.79
34258,0.693333
34259,0.943333
34260,0.666667
34261,0.71
34262,0.573333
34263,0.4
34264,0.706667
34265,0.19
34266,0.753333
34267,0.816667
34268,0.453333
34269,0.853333
34270,0.663333
34271,0.973333
34272,0.816667
34273,0.763333
34274,0.736667
34275,0.563333
34276,0.69
34277,0.63
34278,0.526667
34279,0.623333
34280,0.513333
34281,0.323333
34282,0.696667
34283,0.76
34284,0.72
34285,0.74
34286,0.8
34287,0.74
34288,0.723333
34289,0.663333
34290,0.39
34291,0.836667
34292,0.593333
34293,0.893333
34294,0.796667
34295,0.82
34296,0.846667
34297,0.386667
34298,0.943333
34299,0.683333
34300,0.59
34301,0.866667
34302,0.81
34303,0.696667
34304,0.886667
34305,0.566667
34306,0.846667
34307,0.67
34308,0.943333
34309,0.79
34310,0.836667
34311,0.753333
34312,0.74
34313,0.66
34314,0.866667
34315,0.723333
34316,0.753333
34317,0.513333
34318,0.62
34319,0.726667
34320,0.79
34321,0.603333
34322,0.76
34323,0.84
34324,0.913333
34325,0.29
34326,0.28
34327,0.73
34328,0.563333
34329,0.596667
34330,0.88
34331,0.943333
34332,0.7
34333,0.67
34334,0.95
34335,0.67
34336,0.666667
34337,0.75
34338,0.78
34339,0.963333
34340,0.943333
34341,0.546667
34342,0.746667
34343,0.706237
34344,0.6
34345,0.626667
34346,0.683333
34347,0.596667
34348,0.65
34349,0.633333
34350,0.873333
34351,0.683333
34352,0.613333
34353,0.916667
34354,0.52
34355,0.653333
34356,0.916667
34357,0.726667
34358,0.923333
34359,0.336667
34360,0.82
34361,0.553333
34362,0.796667
34363,0.84
34364,0.836667
34365,0.443333
34366,0.693333
34367,0.476667
34368,0.673333
34369,0.683333
34370,0.82
34371,0.43
34372,0.91
34373,0.786667
34374,0.823333
34375,0.75
34376,0.96
34377,0.773333
34378,0.766667
34379,0.73
34380,0.91
34381,0.82
34382,0.7
34383,0.572593
34384,0.66
34385,0.483333
34386,0.436667
34387,0.83
34388,0.89
34389,0.586667
34390,0.6
34391,0.91
34392,0.806667
34393,0.763333
34394,0.793333
34395,0.953333
34396,0.426667
34397,0.683333
34398,0.853333
34399,0.62
34400,0.913333
34401,0.6
34402,0.62
34403,0.826667
34404,0.713333
34405,0.66
34406,0.566667
34407,0.88
34408,0.723333
34409,0.606667
34410,0.766667
34411,0.72
34412,0.63
34413,0.743333
34414,0.52
34415,0.91
34416,0.843333
34417,0.883333
34418,0.753333
34419,0.72
34420,0.686667
34421,0.773333
34422,0.883333
34423,0.67
34424,0.79
34425,0.54
34426,0.61
34427,0.92
34428,0.873333
34429,0.546667
34430,0.883333
34431,0.263333
34432,0.73
34433,0.976667
34434,0.983333
34435,0.7
34436,0.55
34437,0.466667
34438,0.82
34439,0.896667
34440,0.833333
34441,0.973333
34442,0.563333
34443,0.826667
34444,0.663333
34445,0.656667
34446,0.506667
34447,0.6
34448,0.68
34449,0.762903
34450,0.886667
34451,0.876667
34452,0.783333
34453,0.763333
34454,0.586667
34455,0.86
34456,0.803333
34457,0.73
34458,0.626667
34459,0.85
34460,0.716667
34461,0.53
34462,0.72
34463,0.653333
34464,0.85
34465,0.79
34466,0.71
34467,0.493333
34468,0.133333
34469,0.706667
34470,0.77
34471,0.623333
34472,0.97
34473,0.616667
34474,0.676667
34475,0.773333
34476,0.876667
34477,0.746667
34478,0.713333
34479,0.74
34480,0.603333
34481,0.7
34482,0.913333
34483,0.353333
34484,0.863333
34485,0.593333
34486,0.85
34487,0.58
34488,0.71
34489,0.55
34490,0.96
34491,0.846667
34492,0.65
34493,0.64
34494,0.583333
34495,0.833333
34496,0.95
34497,0.346667
34498,0.61
34499,0.613333
34500,0.533333
34501,0.633333
34502,0.703333
34503,0.553333
34504,0.44
34505,0.686667
34506,0.486667
34507,0.82
34508,0.93
34509,0.626667
34510,0.336667
34511,0.666667
34512,0.19
34513,0.893333
34514,0.646667
34515,0.57
34516,0.693333
34517,0.77
34518,0.986667
34519,0.43
34520,0.696667
34521,0.776667
34522,0.4
34523,0.766667
34524,0.846667
34525,0.916667
34526,0.883333
34527,0.966667
34528,0.856667
34529,0.66
34530,0.433333
34531,0.546667
34532,0.72
34533,0.453333
34534,0.913333
34535,0.413333
34536,0.713333
34537,0.843333
34538,0.77
34539,0.713333
34540,0.77
34541,0.37
34542,0.616667
34543,0.79
34544,0.906667
34545,0.98
34546,0.536667
34547,0.586667
34548,0.79
34549,0.96
34550,0.973333
34551,0.51
34552,0.806
34553,0.84
34554,0.52
34555,0.776667
34556,0.83
34557,0.863333
34558,0.653333
34559,0.653333
34560,0.793333
34561,0.556667
34562,0.953333
34563,0.966667
34564,0.656667
34565,0.956667
34566,0.713333
34567,0.853333
34568,0.66
34569,0.82
34570,0.703333
34571,0.826667
34572,0.333333
34573,0.706667
34574,0.376667
34575,0.683333
34576,0.716667
34577,0.713333
34578,0.706667
34579,0.923333
34580,0.9
34581,0.866667
34582,0.94
34583,0.84
34584,0.723333
34585,0.476667
34586,0.423333
34587,0.213333
34588,0.63
34589,0.53
34590,0.686667
34591,0.863333
34592,0.493333
34593,0.653333
34594,0.32
34595,0.7
34596,0.846667
34597,0.456667
34598,0.73
34599,0.626667
34600,0.73
34601,0.793333
34602,0.9
34603,0.523333
34604,0.913333
34605,0.666667
34606,0.67
34607,0.79
34608,0.833333
34609,0.533333
34610,0.863333
34611,0.62
34612,0.85
34613,0.683333
34614,0.406667
34615,0.826667
34616,0.686667
34617,0.596667
34618,0.816667
34619,0.443333
34620,0.64
34621,0.893333
34622,0.65
34623,0.86
34624,0.9
34625,0.323333
34626,0.723333
34627,0.833333
34628,0.646667
34629,0.61
34630,0.86
34631,0.623333
34632,0.513333
34633,0.816667
34634,0.453333
34635,0.79
34636,0.48
34637,0.44
34638,0.46
34639,0.9
34640,0.376667
34641,0.74
34642,0.88
34643,0.463333
34644,0.523333
34645,0.9
34646,0.78
34647,0.893333
34648,0.483333
34649,0.78
34650,0.82
34651,0.366667
34652,0.423333
34653,0.7
34654,0.943333
34655,0.646667
34656,0.966667
34657,0.726667
34658,0.963333
34659,0.816667
34660,0.160556
34661,0.673333
34662,0.44
34663,0.653333
34664,0.993333
34665,0.826667
34666,0.77
34667,0.723333
34668,0.496667
34669,0.653333
34670,0.86
34671,0.743333
34672,0.886667
34673,0.716667
34674,0.77
34675,0.713333
34676,0.966667
34677,0.616667
34678,0.673333
34679,0.39
34680,0.813333
34681,0.816667
34682,0.706667
34683,0.763333
34684,0.76
34685,0.773333
34686,0.576667
34687,0.673333
34688,0.636667
34689,0.813333
34690,0.733333
34691,0.623333
34692,0.683333
34693,0.93
34694,0.926667
34695,0.633333
34696,0.58
34697,0.686667
34698,0.71
34699,0.61
34700,0.63
34701,0.683333
34702,0.643333
34703,0.696667
34704,0.483333
34705,0.906667
34706,0.88
34707,0.88
34708,0.863333
34709,0.94
34710,0.673333
34711,0.926667
34712,0.55
34713,0.593333
34714,0.96
34715,0.77
34716,0.73
34717,0.716667
34718,0.87
34719,0.97
34720,0.71
34721,0.836667
34722,0.853333
34723,0.47
34724,0.713333
34725,0.896667
34726,0.733333
34727,0.99
34728,0.82
34729,0.873333
34730,0.673333
34731,0.78
34732,0.723333
34733,0.873333
34734,0.786667
34735,0.753333
34736,0.806667
34737,0.753333
34738,0.833333
34739,0.793333
34740,0.66
34741,0.51
34742,0.646667
34743,0.63
34744,0.813333
34745,0.86
34746,0.746667
34747,0.896667
34748,0.52
34749,0.51
34750,0.19
34751,0.876667
34752,0.62
34753,0.753333
34754,0.756667
34755,0.953333
34756,0.503333
34757,0.686667
34758,0.496667
34759,0.66
34760,0.883333
34761,0.563333
34762,0.75
34763,0.82
34764,0.713333
34765,0.743333
34766,0.876667
34767,0.783333
34768,0.546667
34769,0.666667
34770,0.543333
34771,0.55
34772,0.946667
34773,0.946667
34774,0.82
34775,0.503333
34776,0.82
34777,0.79
34778,0.4
34779,0.926667
34780,0.48
34781,0.476667
34782,0.93
34783,0.8
34784,0.866667
34785,0.793333
34786,0.47
34787,0.703333
34788,0.433333
34789,0.823333
34790,0.7
34791,0.593333
34792,0.903333
34793,0.643333
34794,0.71
34795,0.813333
34796,0.766667
34797,0.736667
34798,0.77
34799,0.53
34800,0.796667
34801,0.933333
34802,0.983333
34803,0.56
34804,0.506667
34805,0.543333
34806,0.853333
34807,0.476667
34808,0.75
34809,0.599167
34810,0.493333
34811,0.756667
34812,0.746667
34813,0.743333
34814,0.706667
34815,0.92
34816,0.76
34817,0.473333
34818,0.81
34819,0.816667
34820,0.95
34821,0.513889
34822,0.683333
34823,0.856667
34824,0.713333
34825,0.596667
34826,0.806667
34827,0.823333
34828,0.993333
34829,0.516667
34830,0.87
34831,0.683333
34832,0.73
34833,0.896667
34834,0.59
34835,0.45
34836,0.903333
34837,0.906667
34838,0.783333
34839,0.783333
34840,0.366667
34841,0.74
34842,0.743333
34843,0.84
34844,0.683333
34845,0.783333
34846,0.716667
34847,0.82
34848,0.556667
34849,0.456667
34850,0.28
34851,0.393333
34852,0.876667
34853,0.796667
34854,0.353333
34855,0.933333
34856,0.75
34857,0.93
34858,0.41
34859,0.666667
34860,0.543333
34861,0.696667
34862,0.606667
34863,0.68
34864,0.84
34865,0.943333
34866,0.946667
34867,0.786667
34868,0.793333
34869,0.756667
34870,0.86
34871,0.626667
34872,0.853333
34873,0.783333
34874,0.8
34875,0.65
34876,0.656667
34877,0.516667
34878,0.956667
34879,0.476667
34880,0.9
34881,0.74
34882,0.656667
34883,0.873333
34884,0.58
34885,0.956667
34886,0.693333
34887,0.79
34888,0.586667
34889,0.87
34890,0.9
34891,0.58
34892,0.8
34893,0.83
34894,0.473333
34895,0.686667
34896,0.613333
34897,0.613333
34898,0.596667
34899,0.966667
34900,0.62
34901,0.823333
34902,0.74
34903,0.723333
34904,0.61
34905,0.74
34906,0.673333
34907,0.92
34908,0.77
34909,0.906667
34910,0.266667
34911,0.533333
34912,0.963333
34913,0.766667
34914,0.613333
34915,0.456667
34916,0.47
34917,0.8
34918,0.693333
34919,0.846667
34920,0.633333
34921,0.71
34922,0.376667
34923,0.553333
34924,0.633333
34925,0.923333
34926,0.223333
34927,0.856667
34928,0.686667
34929,0.75
34930,0.703333
34931,0.563333
34932,0.65
34933,0.896667
34934,0.253333
34935,0.77
34936,0.923333
34937,0.766667
34938,0.586667
34939,0.803333
34940,0.88
34941,0.533333
34942,0.476667
34943,0.3
34944,0.99
34945,0.43
34946,0.806667
34947,0.49
34948,0.496667
34949,0.93
34950,0.77
34951,0.743333
34952,0.836667
34953,0.76
34954,0.823333
34955,0.95
34956,0.75
34957,0.793333
34958,0.756667
34959,0.83
34960,0.716667
34961,0.43
34962,0.486667
34963,0.926667
34964,0.446667
34965,0.766667
34966,0.963333
34967,0.483333
34968,0.763333
34969,0.666667
34970,0.806667
34971,0.943333
34972,0.47
34973,0.463333
34974,0.56
34975,0.7
34976,0.84
34977,0.726667
34978,0.633333
34979,0.936667
34980,0.7
34981,0.793333
34982,0.85
34983,0.726667
34984,0.42
34985,0.86
34986,0.746667
34987,0.673333
34988,0.51
34989,0.666667
34990,0.9
34991,0.56
34992,0.903333
34993,0.84
34994,0.826667
34995,0.82
34996,0.876667
34997,0.833333
34998,0.97
34999,0.606667
35000,0.826667
35001,0.766667
35002,0.94
35003,0.91
35004,0.586667
35005,0.92
35006,0.76
35007,0.816667
35008,0.713333
35009,0.956667
35010,0.95
35011,0.853333
35012,0.723333
35013,0.763333
35014,0.81
35015,0.676667
35016,0.696667
35017,0.503333
35018,0.923333
35019,0.72
35020,0.625556
35021,0.76
35022,0.75
35023,0.89
35024,0.886667
35025,0.786667
35026,0.65
35027,0.756667
35028,0.93
35029,0.983333
35030,0.633333
35031,0.613333
35032,0.796667
35033,0.463333
35034,0.906667
35035,0.643333
35036,0.76
35037,0.833333
35038,0.416667
35039,0.903333
35040,0.703333
35041,0.586667
35042,0.74
35043,0.726667
35044,0.506667
35045,0.776667
35046,0.833333
35047,0.9
35048,0.586667
35049,0.926667
35050,0.763333
35051,0.666667
35052,0.993333
35053,0.676667
35054,0.443333
35055,0.726667
35056,0.683333
35057,0.87
35058,0.623333
35059,0.516667
35060,0.676667
35061,0.7
35062,0.4
35063,0.726667
35064,0.53
35065,0.646667
35066,0.803333
35067,0.556667
35068,0.886667
35069,0.696667
35070,0.77
35071,0.526667
35072,0.62
35073,0.943333
35074,0.843333
35075,0.623333
35076,0.516667
35077,0.71
35078,0.916667
35079,0.72
35080,0.816667
35081,0.916667
35082,0.92
35083,0.843333
35084,0.97
35085,0.746667
35086,0.653333
35087,0.78
35088,0.793333
35089,0.686667
35090,0.73
35091,0.97
35092,0.83
35093,0.61
35094,0.643333
35095,0.626667
35096,0.856667
35097,0.966667
35098,0.506667
35099,0.683333
35100,0.12
35101,0.64
35102,0.783333
35103,0.396667
35104,0.846667
35105,0.55
35106,0.623333
35107,0.63
35108,0.726667
35109,0.456667
35110,0.693333
35111,0.413333
35112,0.723333
35113,0.883333
35114,0.63
35115,0.736667
35116,0.77
35117,0.78
35118,0.853333
35119,0.846667
35120,0.663333
35121,0.716667
35122,0.606667
35123,0.22
35124,0.93
35125,0.623333
35126,0.853333
35127,0.933333
35128,0.926667
35129,0.78
35130,0.97
35131,0.896667
35132,0.53
35133,0.506667
35134,0.826667
35135,0.843333
35136,0.2
35137,0.82
35138,0.56
35139,0.623333
35140,0.613333
35141,0.736667
35142,0.723333
35143,0.883333
35144,0.723333
35145,0.983333
35146,0.876667
35147,0.373333
35148,0.793333
35149,0.85
35150,0.766667
35151,0.876667
35152,0.54
35153,0.763333
35154,0.52
35155,0.813333
35156,0.92
35157,0.876667
35158,0.443333
35159,0.773333
35160,0.533333
35161,0.88
35162,0.53
35163,0.92
35164,0.843333
35165,0.743333
35166,0.613333
35167,0.573333
35168,0.94
35169,0.303333
35170,0.71
35171,0.686667
35172,0.843333
35173,0.39
35174,0.223333
35175,0.726667
35176,0.933333
35177,0.973333
35178,0.843333
35179,0.84
35180,0.653333
35181,0.823333
35182,0.956667
35183,0.913333
35184,0.573333
35185,0.91
35186,0.926667
35187,0.606667
35188,0.906667
35189,0.816667
35190,0.613333
35191,0.81
35192,0.67
35193,0.983333
35194,0.88
35195,0.66
35196,0.387833
35197,0.436667
35198,0.59
35199,0.83
35200,0.503333
35201,0.586667
35202,0.876667
35203,0.56
35204,0.666667
35205,0.47
35206,0.533333
35207,0.523333
35208,0.683333
35209,0.803333
35210,0.8
35211,0.586667
35212,0.796667
35213,0.653333
35214,0.873333
35215,0.923333
35216,0.236667
35217,0.733333
35218,0.8
35219,0.59
35220,0.753333
35221,0.96
35222,0.91
35223,0.746667
35224,0.776667
35225,0.883333
35226,0.636667
35227,0.77
35228,0.61
35229,0.36
35230,0.643333
35231,0.626667
35232,0.753333
35233,0.75
35234,0.533333
35235,0.85
35236,0.633333
35237,0.636667
35238,0.833333
35239,0.63
35240,0.893333
35241,0.39
35242,0.82
35243,0.56
35244,0.98
35245,0.8
35246,0.61
35247,0.836237
35248,0.933333
35249,0.776667
35250,0.7
35251,0.946667
35252,0.296667
35253,0.683333
35254,0.656667
35255,0.633333
35256,0.373333
35257,0.626667
35258,0.98
35259,0.743333
35260,0.623333
35261,0.57
35262,0.793333
35263,0.956667
35264,0.656667
35265,0.856667
35266,0.723333
35267,0.866667
35268,0.636667
35269,0.63
35270,0.446667
35271,0.47
35272,0.756667
35273,0.76
35274,0.5
35275,0.48
35276,0.743333
35277,0.72
35278,0.45
35279,0.84
35280,0.833333
35281,0.646667
35282,0.736667
35283,0.73
35284,0.95
35285,0.486667
35286,0.81
35287,0.703333
35288,0.833333
35289,0.996667
35290,0.65
35291,0.656667
35292,0.786667
35293,0.913333
35294,0.536667
35295,0.183333
35296,0.743333
35297,0.793333
35298,0.313333
35299,0.676667
35300,0.753333
35301,0.96
35302,0.34
35303,0.886667
35304,0.81
35305,0.63
35306,0.68
35307,0.536667
35308,0.57
35309,0.743333
35310,0.696667
35311,0.82
35312,0.773333
35313,0.69
35314,0.97
35315,0.713333
35316,0.816667
35317,0.583333
35318,0.816667
35319,0.51
35320,0.646667
35321,0.586667
35322,0.506667
35323,0.863333
35324,0.856667
35325,0.74
35326,0.496667
35327,0.893333
35328,0.78
35329,0.67
35330,0.78
35331,0.733333
35332,0.626667
35333,0.843333
35334,0.316667
35335,0.776667
35336,0.876667
35337,0.963333
35338,0.82
35339,0.643333
35340,0.876667
35341,0.32
35342,0.876667
35343,0.76
35344,0.956667
35345,0.836667
35346,0.836667
35347,0.71
35348,0.983333
35349,0.63
35350,0.52
35351,0.426667
35352,0.88
35353,0.606667
35354,0.526667
35355,0.88
35356,0.35
35357,0.653333
35358,0.626667
35359,0.726667
35360,0.433333
35361,0.583333
35362,0.573333
35363,0.696667
35364,0.746667
35365,0.79
35366,0.706667
35367,0.723333
35368,0.733333
35369,0.94
35370,0.946667
35371,0.92
35372,0.66
35373,0.63
35374,0.51
35375,0.743333
35376,0.436667
35377,0.856667
35378,0.883333
35379,0.893333
35380,0.74
35381,0.58
35382,0.933333
35383,0.98
35384,0.503333
35385,0.786667
35386,0.5
35387,0.41
35388,0.893333
35389,0.936667
35390,0.65
35391,0.803333
35392,0.73
35393,0.556667
35394,0.51
35395,0.822903
35396,0.573333
35397,0.513333
35398,0.836667
35399,0.693333
35400,0.836667
35401,0.536667
35402,0.913333
35403,0.806667
35404,0.48
35405,0.76
35406,0.343333
35407,0.71
35408,0.883333
35409,0.71
35410,0.95
35411,0.776667
35412,0.553333
35413,0.873333
35414,0.73
35415,0.826667
35416,0.64
35417,0.603333
35418,0.673333
35419,0.733333
35420,0.483333
35421,0.856667
35422,0.4
35423,0.953333
35424,0.533333
35425,0.296667
35426,0.683333
35427,0.883333
35428,0.756667
35429,0.91
35430,0.353333
35431,0.766667
35432,0.726667
35433,0.8
35434,0.543333
35435,0.326667
35436,0.473333
35437,0.563333
35438,0.823333
35439,0.68
35440,0.62
35441,0.933333
35442,0.4
35443,0.693333
35444,0.73
35445,1.0
35446,0.626667
35447,0.89
35448,0.646667
35449,0.8
35450,0.94
35451,0.853333
35452,0.7
35453,0.543333
35454,0.946667
35455,0.746667
35456,0.746667
35457,0.506667
35458,0.653333
35459,0.73
35460,0.706667
35461,0.473333
35462,0.573333
35463,0.48
35464,0.8
35465,0.936667
35466,0.8
35467,0.556667
35468,0.843333
35469,0.666667
35470,0.816667
35471,0.64
35472,0.326667
35473,0.47
35474,0.736667
35475,0.44
35476,0.873333
35477,0.683333
35478,0.81
35479,0.683333
35480,0.833333
35481,0.906667
35482,0.363333
35483,0.61
35484,0.94
35485,0.81957
35486,0.576667
35487,0.923333
35488,0.91
35489,0.89
35490,0.756667
35491,0.69
35492,0.49
35493,0.806667
35494,0.793333
35495,0.83
35496,0.766667
35497,0.57
35498,0.86
35499,0.64
35500,0.686667
35501,0.93
35502,0.74
35503,0.64
35504,0.72
35505,0.333333
35506,0.53
35507,0.876667
35508,0.783333
35509,0.926667
35510,0.756667
35511,0.503333
35512,0.923333
35513,0.696667
35514,0.906667
35515,0.843333
35516,0.903333
35517,0.863333
35518,0.733333
35519,0.92
35520,0.916667
35521,0.916667
35522,0.346667
35523,0.713333
35524,0.77
35525,0.9
35526,0.793333
35527,0.67
35528,0.756667
35529,0.68
35530,0.87
35531,0.72
35532,0.666667
35533,0.543333
35534,0.35
35535,0.623333
35536,0.596667
35537,0.726667
35538,0.536667
35539,0.753333
35540,0.633333
35541,0.753333
35542,0.916667
35543,0.663333
35544,0.346667
35545,0.873333
35546,0.92
35547,0.75
35548,0.896667
35549,0.72
35550,0.926667
35551,0.503333
35552,0.776667
35553,0.82
35554,0.183333
35555,0.5
35556,0.53
35557,0.926667
35558,0.853333
35559,0.44
35560,0.68
35561,0.613333
35562,0.483333
35563,0.746667
35564,0.78
35565,0.786667
35566,0.716667
35567,0.583333
35568,0.963333
35569,0.723333
35570,0.286667
35571,0.8
35572,0.416667
35573,0.423333
35574,0.516667
35575,0.373333
35576,0.69
35577,0.716667
35578,0.803333
35579,0.763333
35580,0.536667
35581,0.673333
35582,0.74
35583,0.27
35584,0.5
35585,0.736667
35586,0.863333
35587,0.44
35588,0.613333
35589,0.5
35590,0.883333
35591,0.916667
35592,0.73
35593,0.553333
35594,0.7
35595,0.52
35596,0.903333
35597,0.936667
35598,0.886667
35599,0.756667
35600,0.913333
35601,0.526667
35602,0.89
35603,0.99
35604,0.98
35605,0.333333
35606,0.676667
35607,0.856667
35608,0.86
35609,0.66
35610,0.683333
35611,0.733333
35612,0.333333
35613,0.566667
35614,0.876667
35615,0.53
35616,0.733333
35617,0.82
35618,0.756667
35619,0.726667
35620,0.676667
35621,0.92
35622,0.913333
35623,0.68
35624,0.803333
35625,0.85
35626,0.89
35627,0.783333
35628,0.66
35629,0.749362
35630,0.923333
35631,0.613333
35632,0.603333
35633,0.326667
35634,0.683333
35635,0.68
35636,0.97
35637,0.713333
35638,0.466667
35639,0.846667
35640,0.78
35641,0.663333
35642,0.846667
35643,0.976667
35644,0.973333
35645,0.71
35646,0.473333
35647,0.966667
35648,0.81
35649,0.576667
35650,0.706667
35651,0.68
35652,0.683333
35653,0.63
35654,0.646667
35655,0.523333
35656,0.793333
35657,0.65
35658,0.896667
35659,0.8
35660,0.9
35661,0.476667
35662,0.743333
35663,0.653333
35664,0.74
35665,0.546667
35666,0.66
35667,0.763333
35668,0.916667
35669,0.64
35670,0.866667
35671,0.75
35672,0.56
35673,0.746667
35674,0.473333
35675,0.793333
35676,0.583333
35677,0.94
35678,0.826667
35679,0.873333
35680,0.67
35681,0.673333
35682,0.703333
35683,0.85
35684,0.756667
35685,0.623333
35686,0.613333
35687,0.473333
35688,0.86
35689,0.38
35690,0.946667
35691,0.806667
35692,0.846667
35693,0.783333
35694,0.67
35695,0.676667
35696,0.24
35697,0.91
35698,0.346667
35699,0.59
35700,0.756667
35701,0.603333
35702,0.556667
35703,0.596667
35704,0.663333
35705,0.773333
35706,0.886667
35707,0.566667
35708,0.923333
35709,0.926667
35710,0.866667
35711,0.713333
35712,0.66
35713,0.556667
35714,0.52
35715,0.846667
35716,0.583333
35717,0.74
35718,0.636667
35719,0.633333
35720,0.72
35721,0.393333
35722,0.903333
35723,0.503333
35724,0.756667
35725,0.72
35726,0.706667
35727,0.803333
35728,0.826667
35729,0.913333
35730,0.69
35731,0.66
35732,0.71
35733,0.466667
35734,0.646667
35735,0.656667
35736,0.71
35737,0.72
35738,0.373333
35739,0.906667
35740,0.84
35741,0.876667
35742,0.463333
35743,0.54
35744,0.683333
35745,0.576667
35746,0.843333
35747,0.453333
35748,0.823333
35749,0.676667
35750,0.893333
35751,0.656667
35752,0.923333
35753,0.533333
35754,0.663333
35755,0.86
35756,0.72
35757,0.956667
35758,0.936667
35759,0.553333
35760,0.95
35761,0.696667
35762,0.476667
35763,0.8
35764,0.596667
35765,0.566667
35766,0.383333
35767,0.896667
35768,0.79
35769,0.613333
35770,0.786667
35771,0.82
35772,0.9
35773,0.51
35774,0.76
35775,0.53
35776,0.5
35777,0.91
35778,0.68
35779,0.55
35780,0.923333
35781,0.396667
35782,0.89
35783,0.936667
35784,0.836667
35785,0.733333
35786,0.693333
35787,0.883333
35788,0.94
35789,0.93
35790,0.733333
35791,0.58
35792,0.89
35793,0.656667
35794,0.673333
35795,0.963333
35796,0.473333
35797,0.626667
35798,0.89
35799,0.373333
35800,0.816667
35801,0.96
35802,0.676667
35803,0.433333
35804,0.343333
35805,0.726667
35806,0.846667
35807,0.643333
35808,0.906667
35809,0.923333
35810,0.836667
35811,0.76
35812,0.783333
35813,0.703333
35814,0.593333
35815,0.853333
35816,0.95
35817,0.793333
35818,0.4
35819,0.616667
35820,0.86
35821,0.586667
35822,0.63
35823,0.66
35824,0.63
35825,0.84
35826,0.62
35827,0.666667
35828,0.71
35829,0.793333
35830,0.816667
35831,0.963333
35832,0.63
35833,0.623333
35834,0.586667
35835,0.573333
35836,0.93
35837,0.573333
35838,0.896667
35839,0.46
35840,0.543333
35841,0.83
35842,0.65
35843,0.843333
35844,0.813333
35845,0.756667
35846,0.923333
35847,0.793333
35848,0.293333
35849,0.273333
35850,0.813333
35851,0.696667
35852,0.556667
35853,0.376667
35854,0.52
35855,0.896667
35856,0.216667
35857,0.846667
35858,0.34
35859,0.76
35860,0.54
35861,0.773333
35862,0.67
35863,0.873333
35864,0.846667
35865,0.526667
35866,0.966667
35867,0.723333
35868,0.83
35869,0.37
35870,0.82
35871,0.776667
35872,0.766667
35873,0.79
35874,0.45
35875,0.653333
35876,0.666667
35877,0.726667
35878,0.686667
35879,0.466667
35880,0.536667
35881,0.51
35882,0.546667
35883,0.87
35884,0.67
35885,0.913333
35886,0.506667
35887,0.766667
35888,0.733333
35889,0.396667
35890,0.813333
35891,0.913333
35892,0.74
35893,0.96
35894,0.763333
35895,0.693333
35896,0.886667
35897,0.833333
35898,0.633333
35899,0.95
35900,0.683333
35901,0.43
35902,0.833333
35903,0.603333
35904,0.653333
35905,0.696667
35906,0.413333
35907,0.826667
35908,0.913333
35909,0.573333
35910,0.816667
35911,0.563333
35912,0.65
35913,0.74
35914,0.403333
35915,0.933333
35916,0.383333
35917,0.15
35918,0.63
35919,0.34
35920,0.686667
35921,0.62
35922,0.73
35923,0.673333
35924,0.506667
35925,0.703333
35926,0.486667
35927,0.663333
35928,0.736667
35929,0.923333
35930,0.866667
35931,0.94
35932,0.476667
35933,0.92
35934,0.553333
35935,0.833333
35936,0.806667
35937,0.476667
35938,0.916667
35939,0.656667
35940,0.783333
35941,0.726667
35942,0.263333
35943,0.683333
35944,0.466667
35945,0.406667
35946,0.873333
35947,0.24
35948,0.68
35949,0.613333
35950,0.79619
35951,0.983333
35952,0.653333
35953,0.806667
35954,0.84
35955,0.74
35956,0.89
35957,0.143333
35958,0.763333
35959,0.456667
35960,0.65
35961,0.713333
35962,0.886667
35963,0.516667
35964,0.723333
35965,0.813333
35966,0.736667
35967,0.306667
35968,0.94
35969,0.553333
35970,0.816667
35971,0.653333
35972,0.923333
35973,0.736667
35974,0.623333
35975,0.773129
35976,0.3
35977,0.846667
35978,0.863333
35979,0.646667
35980,0.863333
35981,0.466667
35982,0.803333
35983,0.75
35984,0.503333
35985,0.403333
35986,0.68
35987,0.83
35988,0.806667
35989,0.686667
35990,0.46
35991,0.846667
35992,0.596667
35993,0.576667
35994,0.716667
35995,0.836667
35996,0.82
35997,0.72
35998,0.736667
35999,0.56
36000,0.773333
36001,0.756667
36002,0.526667
36003,0.63
36004,0.596667
36005,0.86
36006,0.783333
36007,0.42
36008,0.686667
36009,0.763333
36010,0.69
36011,0.92
36012,0.946667
36013,0.666667
36014,0.813333
36015,0.79
36016,0.926667
36017,0.32
36018,0.543333
36019,0.166667
36020,0.963333
36021,0.72
36022,0.883333
36023,0.816667
36024,0.826667
36025,0.806667
36026,0.81
36027,0.896667
36028,0.703333
36029,0.936667
36030,0.773333
36031,0.773333
36032,0.41
36033,0.813333
36034,0.86
36035,0.8
36036,0.843333
36037,0.836667
36038,0.62
36039,0.646667
36040,0.366667
36041,0.406667
36042,0.75
36043,0.803333
36044,0.943333
36045,0.656667
36046,0.966667
36047,0.616667
36048,0.92
36049,0.586667
36050,0.856667
36051,0.94
36052,0.503333
36053,0.426667
36054,0.953333
36055,0.556667
36056,0.58
36057,0.49
36058,0.793333
36059,0.61
36060,0.656667
36061,0.94
36062,0.41
36063,0.693333
36064,0.71
36065,0.88
36066,0.846667
36067,0.49
36068,0.766667
36069,0.573333
36070,0.666667
36071,0.57
36072,0.893333
36073,0.83
36074,0.746667
36075,0.61
36076,0.536667
36077,0.943333
36078,0.47
36079,0.673333
36080,0.776667
36081,0.706667
36082,0.45
36083,0.553333
36084,0.686667
36085,0.73
36086,0.876667
36087,0.586667
36088,0.43
36089,0.49
36090,0.753333
36091,0.653333
36092,0.61
36093,0.693333
36094,0.783333
36095,0.956667
36096,0.543333
36097,0.525833
36098,0.12
36099,0.9
36100,0.536667
36101,0.916667
36102,0.8
36103,0.553333
36104,0.84
36105,0.68
36106,0.863333
36107,0.54
36108,0.656667
36109,0.793333
36110,0.71
36111,0.63
36112,0.88
36113,0.62
36114,0.7
36115,0.896667
36116,0.71
36117,0.966667
36118,0.946667
36119,0.863333
36120,0.896667
36121,0.773333
36122,0.713333
36123,0.86
36124,0.726667
36125,0.703333
36126,0.403333
36127,0.626667
36128,0.613333
36129,0.596667
36130,0.806667
36131,0.843333
36132,0.61
36133,0.883333
36134,0.516667
36135,0.833333
36136,0.86
36137,0.69
36138,0.673333
36139,0.663333
36140,0.956667
36141,0.763333
36142,0.903333
36143,0.696667
36144,0.73
36145,0.706667
36146,0.946667
36147,0.82
36148,0.586667
36149,0.633333
36150,0.663333
36151,0.85
36152,0.643333
36153,0.36
36154,0.91
36155,0.956667
36156,0.873333
36157,0.906667
36158,0.76
36159,0.793333
36160,0.43
36161,0.936667
36162,0.713333
36163,0.43
36164,0.836667
36165,0.52
36166,0.81
36167,0.723333
36168,0.816667
36169,0.703333
36170,0.716667
36171,0.95
36172,0.32
36173,0.746667
36174,0.503333
36175,0.79
36176,0.806667
36177,0.76
36178,0.58
36179,0.91
36180,0.85
36181,0.926667
36182,0.666667
36183,0.816667
36184,0.91
36185,0.61
36186,0.953333
36187,0.8
36188,0.746667
36189,0.9
36190,0.723333
36191,0.423333
36192,0.903333
36193,0.513333
36194,0.573333
36195,0.78
36196,0.67
36197,0.94
36198,0.943333
36199,0.826667
36200,0.723333
36201,0.91
36202,0.846667
36203,0.842903
36204,0.666667
36205,0.873333
36206,0.526667
36207,0.496667
36208,0.79
36209,0.833333
36210,0.646667
36211,0.87
36212,0.783333
36213,0.823333
36214,0.89
36215,0.54
36216,0.663333
36217,0.256667
36218,0.563333
36219,0.926667
36220,0.44
36221,0.846667
36222,0.84
36223,0.933333
36224,0.683333
36225,0.833333
36226,0.823333
36227,0.886667
36228,0.59
36229,0.79
36230,0.703333
36231,0.3
36232,0.976667
36233,0.67
36234,0.736667
36235,0.866667
36236,0.636667
36237,0.706667
36238,0.776667
36239,0.55
36240,0.773333
36241,0.703333
36242,0.746667
36243,0.963333
36244,0.876667
36245,0.656667
36246,0.573333
36247,0.626667
36248,0.843333
36249,0.49
36250,0.69
36251,0.71
36252,0.88
36253,0.56
36254,0.39
36255,0.723333
36256,0.72
36257,0.516667
36258,0.903333
36259,0.636667
36260,0.61
36261,0.903333
36262,0.67
36263,0.706667
36264,0.853333
36265,0.666667
36266,0.776667
36267,0.396667
36268,0.83
36269,0.683333
36270,0.72
36271,0.706667
36272,0.436667
36273,0.763333
36274,0.51
36275,0.51
36276,0.663333
36277,0.703333
36278,0.803333
36279,0.73
36280,0.956667
36281,0.816667
36282,0.51
36283,0.723333
36284,0.896667
36285,0.426667
36286,0.776667
36287,0.85
36288,0.836667
36289,0.956667
36290,0.316667
36291,0.613333
36292,0.84
36293,0.636667
36294,0.806667
36295,0.74
36296,0.81
36297,0.713333
36298,0.87
36299,0.49
36300,0.563333
36301,0.513333
36302,0.893333
36303,0.946667
36304,0.66
36305,0.863333
36306,0.866667
36307,0.903333
36308,0.953333
36309,0.636667
36310,0.87
36311,0.876667
36312,0.606667
36313,0.87
36314,0.713333
36315,0.82
36316,0.786667
36317,0.876667
36318,0.813333
36319,0.763333
36320,0.796667
36321,0.866667
36322,0.616667
36323,0.41
36324,0.82
36325,0.61
36326,0.806667
36327,0.933333
36328,0.71
36329,0.666667
36330,0.96
36331,0.75
36332,0.55
36333,0.633333
36334,0.616667
36335,0.77
36336,0.876667
36337,0.98
36338,0.3
36339,0.96
36340,0.753333
36341,0.93
36342,0.74
36343,0.696667
36344,0.84
36345,0.876667
36346,0.77
36347,0.773333
36348,0.72
36349,0.723333
36350,0.97
36351,0.6
36352,0.69
36353,0.533333
36354,0.386667
36355,0.87
36356,0.6
36357,0.9
36358,0.85
36359,0.91
36360,0.9
36361,0.84
36362,0.67
36363,0.466667
36364,0.63
36365,0.493333
36366,0.813333
36367,0.443333
36368,0.82
36369,0.563333
36370,0.64
36371,0.813333
36372,0.783333
36373,0.623333
36374,0.436667
36375,0.743333
36376,0.586667
36377,0.79
36378,0.72
36379,0.73
36380,0.5
36381,0.476667
36382,0.96
36383,0.666667
36384,0.906667
36385,0.86
36386,0.916667
36387,0.55
36388,0.893333
36389,0.653333
36390,0.813333
36391,0.77
36392,0.713333
36393,0.87
36394,0.766667
36395,0.696667
36396,0.51
36397,0.383333
36398,0.923333
36399,0.81
36400,0.806667
36401,0.616667
36402,0.676667
36403,0.833333
36404,0.566667
36405,0.516667
36406,0.843333
36407,0.78
36408,0.573333
36409,0.84
36410,0.716667
36411,0.42
36412,0.743333
36413,0.316667
36414,0.933333
36415,0.873333
36416,0.836667
36417,0.853333
36418,0.72
36419,0.823333
36420,0.82
36421,0.873333
36422,0.446667
36423,0.79
36424,0.603333
36425,0.626667
36426,0.386667
36427,0.413333
36428,0.863333
36429,0.913333
36430,0.696667
36431,0.863333
36432,0.793333
36433,0.75
36434,0.726667
36435,0.41
36436,0.803333
36437,0.546667
36438,0.89
36439,0.453333
36440,0.88
36441,0.6
36442,0.69
36443,0.776667
36444,0.653333
36445,0.97
36446,0.956667
36447,0.266667
36448,0.653333
36449,0.783333
36450,0.743333
36451,0.85
36452,0.696667
36453,0.58
36454,0.526667
36455,0.506667
36456,0.826667
36457,0.766667
36458,0.863129
36459,0.686667
36460,0.593333
36461,0.706667
36462,0.503333
36463,0.296667
36464,0.096667
36465,0.863333
36466,0.62
36467,0.746667
36468,0.9
36469,0.596667
36470,0.766667
36471,0.813333
36472,0.21
36473,0.916667
36474,0.533333
36475,0.696667
36476,0.676667
36477,0.583333
36478,0.833333
36479,0.746667
36480,0.713333
36481,0.466667
36482,0.856667
36483,0.916667
36484,0.703333
36485,0.896667
36486,0.523333
36487,0.776667
36488,0.78
36489,0.96
36490,0.87
36491,0.616667
36492,0.51
36493,0.61
36494,0.59
36495,0.706667
36496,0.64
36497,0.48
36498,0.926667
36499,0.916667
36500,0.676667
36501,0.546667
36502,0.693333
36503,0.7
36504,0.506667
36505,0.84
36506,0.463333
36507,0.956667
36508,0.736667
36509,0.54
36510,0.95
36511,0.616667
36512,0.74
36513,0.506667
36514,0.733333
36515,0.46
36516,0.486667
36517,0.433333
36518,0.423333
36519,0.916667
36520,0.683333
36521,0.62
36522,0.796667
36523,0.743333
36524,0.696667
36525,0.883333
36526,0.65
36527,0.633333
36528,0.906667
36529,0.56
36530,0.71
36531,0.776667
36532,0.54
36533,0.636667
36534,0.76
36535,0.593333
36536,0.48
36537,0.973333
36538,0.646667
36539,0.606667
36540,0.786667
36541,0.84
36542,0.636667
36543,0.683333
36544,0.923333
36545,0.893333
36546,0.65
36547,0.763333
36548,0.6
36549,0.596667
36550,0.696667
36551,0.75
36552,0.89
36553,0.32
36554,0.813333
36555,0.756667
36556,0.663333
36557,0.743333
36558,0.796667
36559,0.9
36560,0.65
36561,0.886667
36562,0.553333
36563,0.77
36564,0.733333
36565,0.676667
36566,0.686667
36567,0.513333
36568,0.733333
36569,0.656667
36570,0.573333
36571,0.836667
36572,0.656667
36573,0.966667
36574,0.27
36575,0.94
36576,0.68
36577,0.963333
36578,0.746667
36579,0.906667
36580,0.756667
36581,0.943333
36582,0.85
36583,0.68
36584,0.963333
36585,0.673333
36586,0.853333
36587,0.556667
36588,0.733333
36589,0.853333
36590,0.376667
36591,0.693333
36592,0.826667
36593,0.82
36594,0.883333
36595,0.786667
36596,0.77
36597,0.59
36598,0.62
36599,0.733333
36600,0.836667
36601,0.91
36602,0.91
36603,0.476667
36604,0.653333
36605,0.7
36606,0.81
36607,0.64
36608,0.486667
36609,0.713333
36610,0.643333
36611,0.84
36612,0.713333
36613,0.88
36614,0.97
36615,0.763333
36616,0.65
36617,0.936667
36618,0.813333
36619,0.433333
36620,0.6
36621,0.72
36622,0.75
36623,0.76
36624,0.94
36625,0.686667
36626,0.766667
36627,0.613333
36628,0.683333
36629,0.96
36630,0.72
36631,0.363333
36632,0.643333
36633,0.666667
36634,0.703333
36635,0.92
36636,0.726667
36637,0.716667
36638,0.91
36639,0.536667
36640,0.846667
36641,0.413333
36642,0.41
36643,0.796667
36644,0.916667
36645,0.723333
36646,0.453333
36647,0.873333
36648,0.666667
36649,0.866667
36650,0.63
36651,0.816667
36652,0.63
36653,0.98
36654,0.943333
36655,0.81
36656,0.783333
36657,0.75
36658,0.523333
36659,0.86
36660,0.626667
36661,0.91
36662,0.72
36663,0.906667
36664,0.83
36665,0.456667
36666,0.37
36667,0.98
36668,0.943333
36669,0.703333
36670,0.913333
36671,0.59
36672,0.87
36673,0.89
36674,0.646667
36675,0.473333
36676,0.843333
36677,0.94
36678,0.776667
36679,0.756667
36680,0.736667
36681,0.863333
36682,0.983333
36683,0.21
36684,0.46
36685,0.82
36686,0.9
36687,0.586667
36688,0.91
36689,0.58
36690,0.776667
36691,0.72
36692,0.823333
36693,0.7
36694,0.68
36695,0.853333
36696,0.61
36697,0.65
36698,0.64
36699,0.603333
36700,0.493333
36701,0.67
36702,0.756667
36703,0.513333
36704,0.833333
36705,0.633333
36706,0.606667
36707,0.82
36708,0.646667
36709,0.633333
36710,0.866667
36711,0.716667
36712,0.803333
36713,0.826667
36714,0.586667
36715,0.71
36716,0.573333
36717,0.476667
36718,0.7
36719,0.626667
36720,0.683333
36721,0.886667
36722,0.573333
36723,0.83
36724,0.583333
36725,0.86
36726,0.663333
36727,0.366667
36728,0.64
36729,0.613333
36730,0.9
36731,0.726667
36732,0.83
36733,0.913333
36734,0.696667
36735,0.57
36736,0.76
36737,0.763333
36738,0.603333
36739,0.69
36740,0.343333
36741,0.903333
36742,0.723333
36743,0.556667
36744,0.906667
36745,0.646667
36746,0.72
36747,0.613333
36748,0.84
36749,0.893333
36750,0.693333
36751,0.813333
36752,0.52
36753,0.333333
36754,0.603333
36755,0.833333
36756,0.823333
36757,0.85
36758,0.533333
36759,0.716667
36760,0.57
36761,0.846667
36762,0.856667
36763,0.823333
36764,0.616667
36765,0.646667
36766,0.476667
36767,0.716667
36768,0.886667
36769,0.59
36770,0.12
36771,0.94
36772,0.85
36773,0.706667
36774,0.426667
36775,0.823333
36776,0.683333
36777,0.496667
36778,0.856667
36779,0.906667
36780,0.793333
36781,0.826667
36782,0.943333
36783,0.986667
36784,0.356667
36785,0.716667
36786,0.74
36787,0.783333
36788,0.973333
36789,0.716667
36790,0.433333
36791,0.743333
36792,0.93
36793,0.44
36794,0.72
36795,0.826667
36796,0.776667
36797,0.696667
36798,0.463333
36799,0.793333
36800,0.8
36801,0.966667
36802,0.72
36803,0.853333
36804,0.676667
36805,0.64
36806,0.676667
36807,0.82
36808,0.523333
36809,0.663333
36810,0.593333
36811,0.64
36812,0.823333
36813,0.846667
36814,0.37
36815,0.85
36816,0.82
36817,0.713333
36818,0.43
36819,0.516667
36820,0.413333
36821,0.666667
36822,0.746667
36823,0.553333
36824,0.91
36825,0.563333
36826,0.696667
36827,0.593333
36828,0.656667
36829,0.69
36830,0.786667
36831,0.87
36832,0.69
36833,0.533333
36834,0.26
36835,0.526667
36836,0.816667
36837,0.63
36838,0.86
36839,0.49
36840,0.723333
36841,0.526667
36842,0.813333
36843,0.833333
36844,0.783333
36845,0.913333
36846,0.45
36847,0.773333
36848,0.916667
36849,0.713333
36850,0.8
36851,0.953333
36852,0.813333
36853,0.866667
36854,0.376
36855,0.36
36856,0.86
36857,0.966667
36858,0.873333
36859,0.796667
36860,0.81
36861,0.813333
36862,0.72
36863,0.83
36864,0.916667
36865,0.84
36866,0.446667
36867,0.866667
36868,0.776667
36869,0.486667
36870,0.606667
36871,0.91
36872,0.84
36873,0.913333
36874,0.77
36875,0.413333
36876,0.596667
36877,0.543333
36878,0.72
36879,0.463333
36880,0.646667
36881,0.813333
36882,0.506667
36883,0.85
36884,0.666667
36885,0.646667
36886,0.59
36887,0.883333
36888,0.616667
36889,0.643333
36890,0.83
36891,0.89
36892,0.466667
36893,0.416667
36894,0.403333
36895,0.666667
36896,0.69
36897,0.84
36898,0.936667
36899,0.7
36900,0.706667
36901,0.846667
36902,0.19
36903,0.966667
36904,0.86
36905,0.33
36906,0.743333
36907,0.416667
36908,0.49
36909,0.863333
36910,0.796667
36911,0.66
36912,0.723333
36913,0.706667
36914,0.59
36915,0.663333
36916,0.973333
36917,0.716667
36918,0.863333
36919,0.956667
36920,0.773333
36921,0.423333
36922,0.62
36923,0.73
36924,0.473333
36925,0.686667
36926,0.66
36927,0.586667
36928,0.873333
36929,0.81
36930,0.726667
36931,0.613333
36932,0.683333
36933,0.85
36934,0.826667
36935,0.946667
36936,0.756667
36937,0.696667
36938,0.65
36939,0.66
36940,0.89
36941,0.82
36942,0.41
36943,0.773333
36944,0.88
36945,0.656667
36946,0.93
36947,0.9
36948,0.41
36949,0.906667
36950,0.613333
36951,0.923333
36952,0.93
36953,0.603333
36954,0.43
36955,0.883333
36956,0.91
36957,0.786667
36958,0.85
36959,0.73
36960,0.713333
36961,0.686667
36962,0.883333
36963,0.816667
36964,0.85
36965,0.876667
36966,0.946667
36967,0.793333
36968,0.84
36969,0.76
36970,0.723333
36971,0.896667
36972,0.93
36973,0.823333
36974,0.666667
36975,0.653333
36976,0.866667
36977,0.476667
36978,0.496667
36979,0.693333
36980,0.586667
36981,0.923333
36982,0.94
36983,0.663333
36984,0.726667
36985,0.85
36986,0.763333
36987,0.603333
36988,0.563333
36989,0.71
36990,0.773333
36991,0.463333
36992,0.67
36993,0.67
36994,0.85
36995,0.79
36996,0.26
36997,0.51
36998,0.46
36999,0.443333
37000,0.613333
37001,0.683333
37002,0.43
37003,0.7
37004,0.706667
37005,0.93
37006,0.696667
37007,0.666667
37008,0.693333
37009,0.32
37010,0.61
37011,0.936667
37012,0.586667
37013,0.883333
37014,0.633333
37015,0.5
37016,0.29
37017,0.966667
37018,0.553333
37019,0.863333
37020,0.743333
37021,0.933333
37022,0.38
37023,0.57
37024,0.616667
37025,0.803333
37026,0.703333
37027,0.6
37028,0.33
37029,0.856667
37030,0.933333
37031,0.64
37032,0.73
37033,0.59
37034,0.656667
37035,0.566667
37036,0.88
37037,0.906667
37038,0.566667
37039,0.563333
37040,0.88
37041,0.613333
37042,0.63
37043,0.27
37044,0.983333
37045,0.76
37046,0.136667
37047,0.853333
37048,0.713333
37049,0.673333
37050,0.946667
37051,0.266667
37052,0.123333
37053,0.876667
37054,0.68
37055,0.603333
37056,0.553333
37057,0.72
37058,0.683333
37059,0.713333
37060,0.66
37061,0.853333
37062,0.56
37063,0.843333
37064,0.276667
37065,0.92
37066,0.723333
37067,0.883333
37068,0.826667
37069,0.523333
37070,0.473333
37071,0.583333
37072,0.786667
37073,0.866667
37074,0.53
37075,0.806667
37076,0.963333
37077,0.54
37078,0.363333
37079,0.773333
37080,0.896667
37081,0.86
37082,0.72
37083,0.663333
37084,0.836667
37085,0.506667
37086,0.896667
37087,0.776667
37088,0.593333
37089,0.913333
37090,0.503333
37091,0.75
37092,0.743333
37093,0.713333
37094,0.923333
37095,0.98
37096,0.806667
37097,0.61
37098,0.566667
37099,0.603333
37100,0.896667
37101,0.49
37102,0.74
37103,0.6
37104,0.29
37105,0.75
37106,0.716667
37107,0.55
37108,0.89
37109,0.93
37110,0.366667
37111,0.676667
37112,0.576667
37113,0.75
37114,0.86
37115,0.626667
37116,0.473333
37117,0.963333
37118,0.966667
37119,0.7
37120,0.636667
37121,0.443333
37122,0.463333
37123,0.826667
37124,0.99
37125,0.816667
37126,0.49
37127,0.666667
37128,0.5
37129,0.593333
37130,0.383333
37131,0.713333
37132,0.66
37133,0.68
37134,0.716667
37135,0.766667
37136,0.706667
37137,0.596667
37138,0.323333
37139,0.746667
37140,0.536667
37141,0.71
37142,0.656667
37143,0.676667
37144,0.84
37145,0.83
37146,0.893333
37147,0.54
37148,0.353333
37149,0.33
37150,0.753333
37151,0.786667
37152,0.84
37153,0.826667
37154,0.633333
37155,0.743333
37156,0.6
37157,0.6
37158,0.946667
37159,0.396667
37160,0.69
37161,0.75
37162,0.91
37163,0.856667
37164,0.69
37165,0.863333
37166,0.7
37167,0.45
37168,0.82
37169,0.626667
37170,0.853333
37171,0.306667
37172,0.63
37173,0.826667
37174,0.883333
37175,0.583333
37176,0.943333
37177,0.606667
37178,0.96
37179,0.71
37180,0.71
37181,0.916667
37182,0.64
37183,0.643333
37184,0.69
37185,0.41
37186,0.84
37187,0.713333
37188,0.55
37189,0.85
37190,0.67
37191,0.773333
37192,0.363333
37193,0.876667
37194,0.853333
37195,0.983333
37196,0.71
37197,0.523333
37198,0.63
37199,0.64
37200,0.773333
37201,0.693333
37202,0.76
37203,0.52
37204,0.98
37205,0.9
37206,0.356667
37207,0.953333
37208,0.5
37209,0.773333
37210,0.906667
37211,0.883333
37212,0.676667
37213,0.91
37214,0.476667
37215,0.7
37216,0.96
37217,0.556667
37218,0.34
37219,0.77
37220,0.91
37221,0.51
37222,0.7
37223,0.773333
37224,0.67
37225,0.863333
37226,0.58
37227,0.823333
37228,0.553333
37229,0.51
37230,0.806667
37231,0.813333
37232,0.773333
37233,0.713333
37234,0.856667
37235,0.733333
37236,0.956667
37237,0.643333
37238,0.916667
37239,0.417833
37240,0.56
37241,0.8
37242,0.603333
37243,0.626667
37244,0.676667
37245,0.756667
37246,0.636667
37247,0.826667
37248,0.856667
37249,0.733333
37250,0.77
37251,0.966667
37252,0.603333
37253,0.603333
37254,0.54
37255,0.893333
37256,0.806667
37257,0.7
37258,0.786667
37259,0.943333
37260,0.86
37261,0.65
37262,0.36
37263,0.636667
37264,0.606667
37265,0.673333
37266,0.916667
37267,0.8
37268,0.963333
37269,0.7
37270,0.573333
37271,0.826667
37272,0.796667
37273,0.526667
37274,0.646667
37275,0.826667
37276,0.756667
37277,0.543333
37278,0.876667
37279,0.493333
37280,0.893333
37281,0.76
37282,0.73
37283,0.893333
37284,0.893333
37285,0.866667
37286,0.833333
37287,0.433333
37288,0.913333
37289,0.636667
37290,0.843333
37291,0.883333
37292,0.796667
37293,0.583333
37294,0.906667
37295,0.57
37296,0.776667
37297,0.883333
37298,0.706667
37299,0.48
37300,0.343333
37301,0.976667
37302,0.94
37303,0.99
37304,0.653333
37305,0.673333
37306,0.736667
37307,0.366667
37308,0.816667
37309,0.49
37310,0.696667
37311,0.683333
37312,0.823333
37313,0.406667
37314,0.496667
37315,0.95
37316,0.556667
37317,0.65
37318,0.43
37319,0.766667
37320,0.746667
37321,0.693333
37322,0.386667
37323,0.69
37324,0.856667
37325,0.95
37326,0.61
37327,0.62
37328,0.713333
37329,0.836667
37330,0.643333
37331,0.26
37332,0.946667
37333,0.69
37334,0.343333
37335,0.533333
37336,0.723333
37337,0.776667
37338,0.51
37339,0.333333
37340,0.43
37341,0.86
37342,0.97
37343,0.773333
37344,0.683333
37345,0.483333
37346,0.74
37347,0.546667
37348,0.67
37349,0.616667
37350,0.713333
37351,0.586667
37352,0.56
37353,0.703333
37354,0.61
37355,0.756667
37356,0.866667
37357,0.606667
37358,0.696667
37359,0.706667
37360,0.75
37361,0.83
37362,0.79
37363,0.91
37364,0.96
37365,0.623333
37366,0.736667
37367,0.833333
37368,0.893333
37369,0.686667
37370,0.52
37371,0.69
37372,0.286667
37373,0.85
37374,0.886667
37375,0.576667
37376,0.793333
37377,0.966667
37378,0.653333
37379,0.673333
37380,0.86
37381,0.64
37382,0.936667
37383,0.873333
37384,0.686667
37385,0.88
37386,0.9
37387,0.856667
37388,0.573333
37389,0.546667
37390,0.746667
37391,0.78
37392,0.943333
37393,0.523333
37394,0.683333
37395,0.666667
37396,0.5
37397,0.323333
37398,0.916667
37399,0.876667
37400,0.81
37401,0.786667
37402,0.676667
37403,0.79
37404,0.816667
37405,0.53
37406,0.766667
37407,0.686667
37408,0.736667
37409,0.736667
37410,0.716667
37411,0.89
37412,0.97
37413,0.65
37414,0.886667
37415,0.926667
37416,0.87
37417,0.756667
37418,0.763333
37419,0.453333
37420,0.89
37421,0.693333
37422,0.8
37423,0.933333
37424,0.886667
37425,0.556667
37426,0.696667
37427,0.693333
37428,0.836667
37429,0.636667
37430,0.866667
37431,0.6
37432,0.806667
37433,0.56
37434,0.623333
37435,0.613333
37436,0.533333
37437,0.753333
37438,0.98
37439,0.88
37440,0.726667
37441,0.233333
37442,0.483333
37443,0.5
37444,0.896667
37445,0.783333
37446,0.76
37447,0.643333
37448,0.156667
37449,0.766667
37450,0.75
37451,0.7
37452,0.81
37453,0.516667
37454,0.963333
37455,0.33
37456,0.863333
37457,0.72
37458,0.806667
37459,0.566667
37460,0.42
37461,0.606667
37462,0.873333
37463,0.853333
37464,0.626667
37465,0.603333
37466,0.963333
37467,0.696667
37468,0.823333
37469,0.556667
37470,0.643333
37471,0.8
37472,0.703333
37473,0.436667
37474,0.993333
37475,0.93
37476,0.603333
37477,0.933333
37478,0.65
37479,0.73
37480,0.116667
37481,0.706667
37482,0.833333
37483,0.476667
37484,0.75
37485,0.473333
37486,0.7
37487,0.87
37488,0.79
37489,0.54
37490,0.906667
37491,0.653333
37492,0.603333
37493,0.506667
37494,0.833333
37495,0.89
37496,0.646667
37497,0.63
37498,0.6
37499,0.64
37500,0.41
37501,0.49
37502,0.84
37503,0.53
37504,0.506667
37505,0.65
37506,0.47
37507,0.486667
37508,0.95
37509,0.74
37510,0.596667
37511,0.87
37512,0.466667
37513,0.61
37514,0.96
37515,0.823333
37516,0.7
37517,0.71
37518,0.563333
37519,0.6
37520,0.83
37521,0.46
37522,0.66
37523,0.92
37524,0.806667
37525,0.486667
37526,0.6
37527,0.69
37528,0.83
37529,0.57
37530,0.693333
37531,0.746667
37532,0.906667
37533,0.793333
37534,0.616667
37535,0.9
37536,0.583333
37537,0.676667
37538,0.66
37539,0.73
37540,0.866667
37541,0.476667
37542,0.66
37543,0.566667
37544,0.693333
37545,0.97
37546,0.776667
37547,0.723333
37548,0.853333
37549,0.896667
37550,0.53
37551,0.4
37552,0.803333
37553,0.573333
37554,0.833333
37555,0.883333
37556,0.83
37557,0.96
37558,0.83
37559,0.7
37560,0.23
37561,0.673333
37562,0.786667
37563,0.803333
37564,0.64
37565,0.576667
37566,0.6
37567,0.623333
37568,0.833333
37569,0.703333
37570,0.693333
37571,0.576667
37572,0.666667
37573,0.926667
37574,0.603333
37575,0.753333
37576,0.606667
37577,0.856667
37578,0.7
37579,0.756667
37580,0.623333
37581,0.81
37582,0.4
37583,0.596667
37584,0.986667
37585,0.643333
37586,0.97
37587,0.81
37588,0.95
37589,0.456667
37590,0.683333
37591,0.783333
37592,0.646667
37593,0.683333
37594,0.8
37595,0.88
37596,0.6
37597,0.653333
37598,0.466667
37599,0.81
37600,0.836667
37601,0.746667
37602,0.683333
37603,0.603333
37604,0.622551
37605,0.613333
37606,0.786667
37607,0.636667
37608,0.62
37609,0.706667
37610,0.73
37611,0.806667
37612,0.556667
37613,0.466667
37614,0.76619
37615,0.926667
37616,0.716667
37617,0.656667
37618,0.85
37619,0.45
37620,0.92
37621,0.916667
37622,0.83
37623,0.88
37624,0.473333
37625,0.916667
37626,0.793333
37627,0.596667
37628,0.833333
37629,0.74
37630,0.673333
37631,0.83
37632,0.553333
37633,0.77
37634,0.413333
37635,0.8
37636,0.616667
37637,0.89
37638,0.69
37639,0.65
37640,0.14
37641,0.83
37642,0.72
37643,0.706667
37644,0.633333
37645,0.52
37646,0.313333
37647,0.553333
37648,0.383333
37649,0.676667
37650,0.916667
37651,0.666667
37652,0.616667
37653,0.646667
37654,0.696667
37655,0.91
37656,0.906667
37657,0.633333
37658,0.626667
37659,0.326667
37660,0.406667
37661,0.523333
37662,0.84
37663,0.673333
37664,0.89
37665,0.74
37666,0.303333
37667,0.973333
37668,0.306667
37669,0.493333
37670,0.536667
37671,0.613333
37672,0.436667
37673,0.69
37674,0.75
37675,0.24
37676,0.86
37677,0.766667
37678,0.37
37679,0.97
37680,0.766667
37681,0.516667
37682,0.92
37683,0.486667
37684,0.843333
37685,0.786667
37686,0.816667
37687,0.73
37688,0.433333
37689,0.826667
37690,0.953333
37691,0.93
37692,0.663333
37693,0.81
37694,0.753333
37695,0.81
37696,0.61
37697,0.703333
37698,0.783333
37699,0.623333
37700,0.31
37701,0.84
37702,0.406667
37703,0.553333
37704,0.743333
37705,0.723333
37706,0.496667
37707,0.61
37708,0.666667
37709,0.856667
37710,0.85
37711,0.693333
37712,0.71
37713,0.556667
37714,0.643333
37715,0.526667
37716,0.44
37717,0.71
37718,0.6
37719,0.98
37720,0.386667
37721,0.773333
37722,0.746667
37723,0.83
37724,0.866667
37725,0.703333
37726,0.66
37727,0.923333
37728,0.706667
37729,0.876667
37730,0.7
37731,0.72
37732,0.75
37733,0.706667
37734,0.763333
37735,0.893333
37736,0.746667
37737,0.823333
37738,0.99
37739,0.936667
37740,0.733333
37741,0.906667
37742,0.703333
37743,0.786667
37744,0.516667
37745,0.88
37746,0.58
37747,0.69
37748,0.81
37749,0.646667
37750,0.84
37751,0.823333
37752,0.913333
37753,0.646667
37754,0.793333
37755,0.783333
37756,0.846667
37757,0.63
37758,0.77
37759,0.873333
37760,0.903333
37761,0.766667
37762,0.396667
37763,0.42
37764,0.783333
37765,0.81
37766,0.976667
37767,0.793333
37768,0.916667
37769,0.483333
37770,0.826667
37771,0.656667
37772,0.386667
37773,0.393333
37774,0.493333
37775,0.806667
37776,0.846667
37777,0.77
37778,0.786667
37779,0.976667
37780,0.806667
37781,0.746667
37782,0.58
37783,0.916667
37784,0.9
37785,0.776667
37786,0.583333
37787,0.86
37788,0.486667
37789,0.760833
37790,0.73
37791,0.916667
37792,0.79
37793,0.69
37794,0.673333
37795,0.906667
37796,0.713333
37797,0.486667
37798,0.793333
37799,0.81
37800,0.893333
37801,0.656667
37802,0.613333
37803,0.706667
37804,0.67
37805,0.66
37806,0.826667
37807,0.63
37808,0.763333
37809,0.426667
37810,0.22
37811,0.846667
37812,0.436667
37813,0.35
37814,0.693333
37815,0.776667
37816,0.836667
37817,0.91
37818,0.806667
37819,0.516667
37820,0.623333
37821,0.646667
37822,0.936667
37823,0.946667
37824,0.863333
37825,0.81
37826,0.826667
37827,0.8
37828,0.863333
37829,0.743333
37830,0.683333
37831,0.783333
37832,0.613333
37833,0.883333
37834,0.703333
37835,0.766667
37836,0.81
37837,0.543333
37838,0.686667
37839,0.756667
37840,0.733333
37841,0.876667
37842,0.83
37843,0.556667
37844,0.676667
37845,0.456667
37846,0.746667
37847,0.963333
37848,0.92
37849,0.966667
37850,0.6
37851,0.886667
37852,0.543333
37853,0.626667
37854,0.686667
37855,0.703333
37856,0.95
37857,0.773333
37858,0.903333
37859,0.816667
37860,0.706667
37861,0.783333
37862,0.386667
37863,0.85
37864,0.64
37865,0.62
37866,0.773333
37867,0.883333
37868,0.7
37869,0.493333
37870,0.616667
37871,0.66
37872,0.443333
37873,0.823333
37874,0.686667
37875,0.79
37876,0.666667
37877,0.743333
37878,0.82
37879,0.813333
37880,0.556667
37881,0.583333
37882,0.906667
37883,0.846667
37884,0.8
37885,0.763333
37886,0.646667
37887,0.833333
37888,0.616667
37889,0.65
37890,0.73
37891,0.62
37892,0.99
37893,0.9
37894,0.576667
37895,0.81
37896,0.846667
37897,0.44
37898,0.986667
37899,0.713333
37900,0.76
37901,0.753333
37902,0.843333
37903,0.816667
37904,0.37
37905,0.743333
37906,0.536667
37907,0.51
37908,0.97
37909,0.776667
37910,0.593333
37911,0.873333
37912,0.83
37913,0.283333
37914,0.916667
37915,0.853333
37916,0.896667
37917,0.716667
37918,0.446667
37919,0.963333
37920,0.666667
37921,0.73
37922,0.9
37923,0.866667
37924,0.48
37925,0.676667
37926,0.516667
37927,0.816667
37928,0.5
37929,0.786667
37930,0.536667
37931,0.85
37932,0.72
37933,0.99
37934,0.483333
37935,0.683333
37936,0.456667
37937,0.766667
37938,0.566667
37939,0.526667
37940,0.736667
37941,0.853333
37942,0.513333
37943,0.893333
37944,0.896667
37945,0.79
37946,0.65
37947,0.783333
37948,0.276667
37949,0.436667
37950,0.886667
37951,0.913333
37952,0.633333
37953,0.803333
37954,0.783333
37955,0.593333
37956,0.44
37957,0.8
37958,0.91
37959,0.636667
37960,0.976667
37961,0.676667
37962,0.913333
37963,0.89
37964,0.683333
37965,0.74
37966,0.643333
37967,0.933333
37968,0.833333
37969,0.61
37970,0.696667
37971,0.883333
37972,0.95
37973,0.673333
37974,0.596667
37975,0.77
37976,0.656667
37977,0.973333
37978,0.723333
37979,0.693333
37980,0.783333
37981,0.68
37982,0.9
37983,0.86
37984,0.393333
37985,0.853333
37986,0.586667
37987,0.646667
37988,0.766667
37989,0.646667
37990,0.746667
37991,0.64
37992,0.523333
37993,0.786667
37994,0.623333
37995,0.956667
37996,0.803333
37997,0.866667
37998,0.946667
37999,0.45
38000,0.633333
38001,0.566667
38002,0.696667
38003,0.596667
38004,0.563333
38005,0.54
38006,0.816667
38007,0.92
38008,0.6
38009,0.553333
38010,0.78
38011,0.843333
38012,0.806667
38013,0.776667
38014,0.626667
38015,0.573333
38016,0.693333
38017,0.266667
38018,0.943333
38019,0.84
38020,0.88
38021,0.69
38022,0.586667
38023,0.605833
38024,0.9
38025,0.743333
38026,0.743333
38027,0.976667
38028,0.766667
38029,0.926667
38030,0.813333
38031,0.346667
38032,0.946667
38033,0.893333
38034,0.723333
38035,0.63
38036,0.83
38037,0.746667
38038,0.606667
38039,0.863333
38040,0.45
38041,0.753333
38042,0.743333
38043,0.636667
38044,0.75
38045,0.823333
38046,0.756667
38047,0.303333
38048,0.426667
38049,0.943333
38050,0.816667
38051,0.86
38052,0.826667
38053,0.77
38054,0.61
38055,0.89
38056,0.643333
38057,0.786667
38058,0.6
38059,0.793333
38060,0.72
38061,0.826667
38062,0.84
38063,0.406667
38064,0.606667
38065,0.73
38066,0.666667
38067,0.27
38068,0.266667
38069,0.856667
38070,0.556667
38071,0.796667
38072,0.92
38073,0.83
38074,0.93
38075,0.963333
38076,0.633333
38077,0.9
38078,0.803333
38079,0.54
38080,0.85
38081,0.45
38082,0.76
38083,0.9
38084,0.89
38085,0.393333
38086,0.81
38087,0.776667
38088,0.71
38089,0.89
38090,0.896667
38091,0.49
38092,0.553333
38093,0.68
38094,0.823333
38095,0.516667
38096,0.796667
38097,0.81
38098,0.623333
38099,0.933333
38100,0.713333
38101,0.893333
38102,0.976667
38103,0.71
38104,0.913333
38105,0.756667
38106,0.826667
38107,0.64
38108,0.596667
38109,0.433333
38110,0.4
38111,0.786667
38112,0.676667
38113,0.656667
38114,0.916667
38115,0.503333
38116,0.866667
38117,0.82
38118,0.96
38119,0.626667
38120,0.766667
38121,0.466667
38122,0.943333
38123,0.803333
38124,0.526667
38125,0.816667
38126,0.686667
38127,0.76
38128,0.723333
38129,0.69
38130,0.893333
38131,0.306667
38132,0.606667
38133,0.75
38134,0.69
38135,0.66
38136,0.846667
38137,0.546667
38138,0.816667
38139,0.47
38140,0.543333
38141,0.896667
38142,0.98
38143,0.77
38144,0.603333
38145,0.65
38146,0.623333
38147,0.743333
38148,0.9
38149,0.786667
38150,0.673333
38151,0.8
38152,0.57
38153,0.716667
38154,0.766667
38155,0.55
38156,0.666667
38157,0.726667
38158,0.62
38159,0.753333
38160,0.873333
38161,0.653333
38162,0.91
38163,0.583333
38164,0.93
38165,0.32
38166,0.673333
38167,0.846667
38168,0.916667
38169,0.803333
38170,0.82
38171,0.39
38172,0.573333
38173,0.573333
38174,0.776667
38175,0.456667
38176,0.68
38177,0.813333
38178,0.596667
38179,0.93
38180,0.986667
38181,0.906667
38182,0.603333
38183,0.406667
38184,0.71
38185,0.783333
38186,0.826667
38187,0.856667
38188,0.916667
38189,0.786667
38190,0.833333
38191,0.946667
38192,0.77
38193,0.766667
38194,0.776667
38195,0.706667
38196,0.866667
38197,0.893333
38198,0.99
38199,0.896667
38200,0.496667
38201,0.853333
38202,0.38
38203,0.693333
38204,0.923333
38205,0.503333
38206,0.4
38207,0.233333
38208,0.91
38209,0.69
38210,0.763333
38211,0.84
38212,0.723333
38213,0.326667
38214,0.456667
38215,0.806667
38216,0.386667
38217,0.716667
38218,0.53
38219,0.96
38220,0.666667
38221,0.74
38222,0.593333
38223,0.753333
38224,0.87
38225,0.86
38226,0.693333
38227,0.676667
38228,0.38
38229,0.67
38230,0.4
38231,0.933333
38232,0.803333
38233,0.806667
38234,0.923333
38235,0.68
38236,0.913333
38237,0.656667
38238,0.766667
38239,0.643333
38240,0.763333
38241,0.793333
38242,0.64
38243,0.693333
38244,0.686667
38245,0.816667
38246,0.756667
38247,0.656667
38248,0.346667
38249,0.903333
38250,0.856667
38251,0.616667
38252,0.856667
38253,0.85
38254,0.903333
38255,0.763333
38256,0.516667
38257,0.74
38258,0.833333
38259,0.623333
38260,0.813333
38261,0.523333
38262,0.566667
38263,0.663333
38264,0.35
38265,0.616667
38266,0.663333
38267,0.77
38268,0.943333
38269,0.611667
38270,0.9
38271,0.36
38272,0.923333
38273,0.836667
38274,0.573333
38275,0.716667
38276,0.836667
38277,0.763333
38278,0.96
38279,0.466667
38280,0.763129
38281,0.8
38282,0.406667
38283,0.73
38284,0.623333
38285,0.716667
38286,0.803333
38287,0.503333
38288,0.963333
38289,0.39
38290,0.68
38291,0.91
38292,0.796667
38293,0.91
38294,0.963333
38295,0.89
38296,0.856667
38297,0.616667
38298,0.576667
38299,0.67
38300,0.886667
38301,0.613333
38302,0.95
38303,0.68
38304,0.476667
38305,0.773333
38306,0.653333
38307,0.816667
38308,0.746667
38309,0.62
38310,0.703333
38311,0.606667
38312,0.846667
38313,0.67
38314,0.673333
38315,0.88
38316,0.87
38317,0.823333
38318,0.66
38319,0.803333
38320,0.913333
38321,0.826667
38322,0.843333
38323,0.796667
38324,0.913333
38325,0.523333
38326,0.943333
38327,0.733333
38328,0.613333
38329,0.856667
38330,0.763333
38331,0.726667
38332,0.643333
38333,0.76
38334,0.5
38335,0.413333
38336,0.646667
38337,0.52
38338,0.756667
38339,0.5
38340,0.613333
38341,0.556667
38342,0.843333
38343,0.656667
38344,0.98
38345,0.49
38346,0.97
38347,0.79
38348,0.923333
38349,0.523333
38350,0.82
38351,0.673333
38352,0.583333
38353,0.68
38354,0.743333
38355,0.74
38356,0.7
38357,0.643333
38358,0.763333
38359,0.95
38360,0.99
38361,0.54
38362,0.683333
38363,0.636667
38364,0.456667
38365,0.56
38366,0.883333
38367,0.576667
38368,0.79
38369,0.55
38370,0.653333
38371,0.84
38372,0.506667
38373,0.98
38374,0.746667
38375,0.96
38376,0.993333
38377,0.96
38378,0.383333
38379,0.823333
38380,0.826667
38381,0.646667
38382,0.693333
38383,0.936667
38384,0.546667
38385,0.7
38386,0.575833
38387,0.58
38388,0.803333
38389,0.9
38390,0.7
38391,0.823333
38392,0.82
38393,0.64
38394,0.53
38395,0.543333
38396,0.843333
38397,0.806667
38398,0.8
38399,0.88
38400,0.646667
38401,0.943333
38402,0.92
38403,0.71
38404,0.876667
38405,0.63
38406,0.693333
38407,0.82
38408,0.516667
38409,0.953333
38410,0.606667
38411,0.973333
38412,0.72
38413,0.533333
38414,0.513333
38415,0.913333
38416,0.873333
38417,0.466667
38418,0.71
38419,0.823333
38420,0.796667
38421,0.953333
38422,0.626667
38423,0.883333
38424,0.73
38425,0.94
38426,0.596667
38427,0.643333
38428,0.583333
38429,0.936667
38430,0.623333
38431,0.716667
38432,0.646667
38433,0.483333
38434,0.433333
38435,0.82
38436,0.4
38437,0.873333
38438,0.59
38439,0.546667
38440,0.846667
38441,0.813333
38442,0.846667
38443,0.96
38444,0.77
38445,0.92
38446,0.86
38447,0.513333
38448,0.98
38449,0.63
38450,0.623333
38451,0.663333
38452,0.45
38453,0.85
38454,0.49
38455,0.243333
38456,0.843333
38457,0.696667
38458,0.76
38459,0.393333
38460,0.72
38461,0.966667
38462,0.673333
38463,0.623333
38464,0.78
38465,0.756667
38466,0.8
38467,0.753333
38468,0.19
38469,0.81
38470,0.646667
38471,0.716667
38472,0.583333
38473,0.793333
38474,0.5
38475,0.706667
38476,0.806667
38477,0.62
38478,0.953333
38479,0.736667
38480,0.76
38481,0.613333
38482,0.926667
38483,0.53
38484,0.846667
38485,0.516667
38486,0.556667
38487,0.643333
38488,0.946667
38489,0.826667
38490,0.856667
38491,0.84
38492,0.876667
38493,0.446667
38494,0.686667
38495,0.54
38496,0.803333
38497,0.613333
38498,0.953333
38499,0.686667
38500,0.33
38501,0.866667
38502,0.653333
38503,0.736667
38504,0.9
38505,0.52
38506,0.573333
38507,0.44
38508,0.776667
38509,0.626667
38510,0.846667
38511,0.663333
38512,0.823333
38513,0.763333
38514,0.91
38515,0.96
38516,0.66
38517,0.536667
38518,0.843333
38519,0.83
38520,0.786667
38521,0.14
38522,0.846667
38523,0.906667
38524,0.476667
38525,0.57
38526,0.873333
38527,0.513333
38528,0.556667
38529,0.563333
38530,0.71
38531,0.786667
38532,0.71
38533,0.84
38534,0.676667
38535,0.596667
38536,0.86
38537,0.323333
38538,0.656667
38539,0.633333
38540,0.396667
38541,0.83
38542,0.83
38543,0.926667
38544,0.523333
38545,0.59
38546,0.726667
38547,0.973333
38548,0.703333
38549,0.55
38550,0.68
38551,0.65
38552,0.783333
38553,0.62
38554,0.7
38555,0.63
38556,0.883333
38557,0.58
38558,0.54
38559,0.733333
38560,0.763333
38561,0.716667
38562,0.693333
38563,0.763333
38564,0.436667
38565,0.843333
38566,0.856667
38567,0.47
38568,0.793333
38569,0.87
38570,0.603333
38571,0.466667
38572,0.533333
38573,0.606667
38574,0.986667
38575,0.93
38576,0.853333
38577,0.873333
38578,0.56
38579,0.833333
38580,0.95
38581,0.983333
38582,0.713333
38583,0.613333
38584,0.73
38585,0.803333
38586,0.553333
38587,0.836667
38588,0.466667
38589,0.676667
38590,0.886667
38591,0.86
38592,0.72
38593,0.8
38594,0.956667
38595,0.776667
38596,0.87
38597,0.446667
38598,0.463333
38599,0.97
38600,0.79
38601,0.883333
38602,0.49
38603,0.663333
38604,0.65
38605,0.776667
38606,0.736667
38607,0.686667
38608,0.501212
38609,0.303333
38610,0.683333
38611,0.84
38612,0.736667
38613,0.873333
38614,0.733333
38615,0.52
38616,0.296667
38617,0.603333
38618,0.51
38619,0.743333
38620,0.66
38621,0.766667
38622,0.8
38623,1.0
38624,0.573333
38625,0.773333
38626,0.826667
38627,0.8
38628,0.656667
38629,0.653333
38630,0.733333
38631,0.493333
38632,0.89
38633,0.646667
38634,0.903333
38635,0.966667
38636,0.883333
38637,0.85
38638,0.593333
38639,0.946667
38640,0.84
38641,0.686667
38642,0.72
38643,0.853333
38644,0.713333
38645,0.63
38646,0.83
38647,0.806667
38648,0.796667
38649,0.543333
38650,0.706667
38651,0.696667
38652,0.806667
38653,0.456667
38654,0.953333
38655,0.99
38656,0.78
38657,0.656667
38658,0.903333
38659,0.633333
38660,0.863333
38661,0.73
38662,0.446667
38663,0.913333
38664,0.423333
38665,0.956667
38666,0.96
38667,0.926667
38668,0.87
38669,0.29
38670,0.91
38671,0.276667
38672,0.393333
38673,0.54
38674,0.72
38675,0.586667
38676,0.826667
38677,0.84
38678,0.496667
38679,0.886667
38680,0.713333
38681,0.923333
38682,0.74
38683,0.733333
38684,0.733333
38685,0.543333
38686,0.73
38687,0.793333
38688,0.663333
38689,0.803333
38690,0.42
38691,0.573333
38692,0.853333
38693,0.773333
38694,0.826667
38695,0.603333
38696,0.94
38697,0.67
38698,0.78
38699,0.313333
38700,0.746667
38701,0.67
38702,0.743333
38703,0.776667
38704,0.856667
38705,0.436667
38706,0.32
38707,0.783333
38708,0.923333
38709,0.516667
38710,0.843333
38711,0.383333
38712,0.433333
38713,0.766667
38714,0.79
38715,0.74
38716,0.713333
38717,0.57
38718,0.733333
38719,0.856667
38720,0.863333
38721,0.583333
38722,0.923333
38723,0.556667
38724,0.883333
38725,0.876667
38726,0.756667
38727,0.833333
38728,0.61
38729,0.586667
38730,0.663333
38731,0.52
38732,0.736667
38733,0.816667
38734,0.886667
38735,0.916667
38736,0.806667
38737,0.85
38738,0.463333
38739,0.623333
38740,0.77
38741,0.843333
38742,0.893333
38743,0.713333
38744,0.603333
38745,0.416667
38746,0.603333
38747,0.98
38748,0.91
38749,0.61
38750,0.93
38751,0.786667
38752,0.843333
38753,0.673333
38754,0.826667
38755,0.586667
38756,0.453333
38757,0.94
38758,0.933333
38759,0.673333
38760,0.6
38761,0.416667
38762,0.21
38763,0.873333
38764,0.876667
38765,0.913333
38766,0.63
38767,0.69
38768,0.893333
38769,0.94
38770,0.846667
38771,0.57
38772,0.8
38773,0.703333
38774,0.716667
38775,0.466667
38776,0.69
38777,0.71
38778,0.69
38779,0.706667
38780,0.523333
38781,0.946667
38782,0.663333
38783,0.56
38784,0.953333
38785,0.283333
38786,0.43
38787,0.666667
38788,0.716667
38789,0.82
38790,0.873333
38791,0.653333
38792,0.913333
38793,0.49
38794,0.963333
38795,0.733333
38796,0.64
38797,0.816667
38798,0.603333
38799,0.93
38800,0.41
38801,0.973333
38802,0.713333
38803,0.55
38804,0.723333
38805,0.493333
38806,0.98
38807,0.803333
38808,0.55
38809,0.97
38810,0.843333
38811,0.633333
38812,0.956667
38813,0.836667
38814,0.87
38815,0.976667
38816,0.793333
38817,0.673333
38818,0.726667
38819,0.553333
38820,0.453333
38821,0.946667
38822,0.433333
38823,0.78
38824,0.426667
38825,0.783333
38826,0.743333
38827,0.98
38828,0.82
38829,0.253333
38830,0.926667
38831,0.643333
38832,0.766667
38833,0.953333
38834,0.633333
38835,0.963333
38836,0.663333
38837,0.76
38838,0.813333
38839,0.49
38840,0.873333
38841,0.806667
38842,0.956667
38843,0.88
38844,0.64
38845,0.85
38846,0.433333
38847,0.613333
38848,0.643333
38849,0.826667
38850,0.613333
38851,0.526667
38852,0.8
38853,0.846667
38854,0.853333
38855,0.893333
38856,0.723333
38857,0.873333
38858,0.666667
38859,0.463333
38860,0.97
38861,0.47
38862,0.523333
38863,0.723333
38864,0.806667
38865,0.543333
38866,0.956667
38867,0.83
38868,0.716667
38869,0.613333
38870,0.676667
38871,0.896667
38872,0.836667
38873,0.69
38874,0.953333
38875,0.883333
38876,0.903333
38877,0.623333
38878,0.493333
38879,0.913333
38880,0.903333
38881,0.636667
38882,0.72
38883,0.553333
38884,0.856667
38885,0.8
38886,0.973333
38887,0.72
38888,0.643333
38889,0.636667
38890,0.553333
38891,0.77
38892,0.596667
38893,0.393333
38894,0.846667
38895,0.72
38896,0.89
38897,0.906667
38898,0.753333
38899,0.7
38900,0.473333
38901,0.723333
38902,0.41
38903,0.533333
38904,0.796667
38905,0.786667
38906,0.696667
38907,0.853333
38908,0.743333
38909,0.766667
38910,0.58
38911,0.896667
38912,0.503333
38913,0.733333
38914,0.766667
38915,0.91
38916,0.643333
38917,0.723333
38918,0.59
38919,0.756237
38920,0.86
38921,0.846667
38922,0.82
38923,0.783333
38924,0.62
38925,0.806667
38926,0.596667
38927,0.623333
38928,0.756667
38929,0.7
38930,0.58
38931,0.833333
38932,0.75
38933,0.91
38934,0.94
38935,0.92
38936,0.5
38937,0.833333
38938,0.733333
38939,0.746667
38940,0.726667
38941,0.696667
38942,0.923333
38943,0.74
38944,0.503333
38945,0.813333
38946,0.736667
38947,0.84
38948,0.56
38949,0.55
38950,0.896667
38951,0.766667
38952,0.426667
38953,0.933333
38954,0.846667
38955,0.486667
38956,0.776667
38957,0.84
38958,0.933333
38959,0.32
38960,0.95
38961,0.8
38962,0.863333
38963,0.47
38964,0.52
38965,0.36
38966,0.58
38967,0.576667
38968,0.84
38969,0.463333
38970,0.476667
38971,0.93
38972,0.733333
38973,0.633333
38974,0.72
38975,0.783333
38976,0.87
38977,0.9
38978,0.88
38979,0.45
38980,0.483333
38981,0.513333
38982,0.833333
38983,0.673333
38984,0.906667
38985,0.786667
38986,0.616667
38987,0.903333
38988,0.41
38989,0.596667
38990,0.796667
38991,0.593333
38992,0.87
38993,0.666667
38994,0.816667
38995,0.963333
38996,0.51
38997,0.49
38998,0.87
38999,0.796667
39000,0.7
39001,0.81
39002,0.89
39003,0.856667
39004,0.916667
39005,0.623333
39006,0.75
39007,0.79
39008,0.7
39009,0.963333
39010,0.49
39011,0.696667
39012,0.82
39013,0.506667
39014,0.83
39015,0.76
39016,0.78
39017,0.64
39018,0.803333
39019,0.726667
39020,0.633333
39021,0.666667
39022,0.683333
39023,0.866667
39024,0.83
39025,0.863333
39026,0.78
39027,0.506667
39028,0.78
39029,0.856667
39030,0.78
39031,0.603333
39032,0.683333
39033,0.673333
39034,0.633333
39035,0.966667
39036,0.97
39037,0.726667
39038,0.503333
39039,0.64
39040,0.68
39041,0.713333
39042,0.863333
39043,0.996667
39044,0.696667
39045,0.166667
39046,0.703333
39047,0.68
39048,0.74
39049,0.976667
39050,0.64
39051,0.76
39052,0.52
39053,0.946667
39054,0.936667
39055,0.953333
39056,0.72
39057,0.743333
39058,0.61
39059,0.33
39060,0.883333
39061,0.626667
39062,0.52
39063,0.916667
39064,0.706667
39065,0.756667
39066,0.573333
39067,0.353333
39068,0.946667
39069,0.096667
39070,0.95
39071,0.79
39072,0.806667
39073,0.64
39074,0.823333
39075,0.223333
39076,0.83
39077,0.893333
39078,0.843333
39079,0.98
39080,0.696667
39081,0.8
39082,0.92
39083,0.883333
39084,0.816667
39085,0.7
39086,0.633333
39087,0.89
39088,0.676667
39089,0.42
39090,0.8
39091,0.98
39092,0.53
39093,0.703333
39094,0.813333
39095,0.596667
39096,0.693333
39097,0.426667
39098,0.736667
39099,0.84
39100,0.69
39101,0.42
39102,0.66
39103,0.87
39104,0.663333
39105,0.796667
39106,0.86
39107,0.853333
39108,0.46
39109,0.636667
39110,0.523333
39111,0.97
39112,0.796667
39113,0.856667
39114,0.826667
39115,0.853333
39116,0.876667
39117,0.846667
39118,0.49
39119,0.85
39120,0.763333
39121,0.47
39122,0.806667
39123,0.26
39124,0.533333
39125,0.523333
39126,0.75
39127,0.496667
39128,0.563333
39129,0.413333
39130,0.92
39131,0.723333
39132,0.93
39133,0.45
39134,0.776667
39135,0.616667
39136,0.693333
39137,0.456667
39138,0.913333
39139,0.77
39140,0.96
39141,0.683333
39142,0.816667
39143,0.92
39144,0.72
39145,0.236667
39146,0.69
39147,0.88
39148,0.64
39149,0.796667
39150,0.81
39151,0.803333
39152,0.943333
39153,0.78
39154,0.756667
39155,0.94
39156,0.546667
39157,0.696667
39158,0.54
39159,0.416667
39160,0.893333
39161,0.823333
39162,0.433333
39163,0.84
39164,0.673333
39165,0.6
39166,0.72
39167,0.626667
39168,0.896667
39169,0.84
39170,0.676667
39171,0.833333
39172,0.89
39173,0.83
39174,0.616667
39175,0.673333
39176,0.796667
39177,0.723333
39178,0.326667
39179,0.68
39180,0.616667
39181,0.773333
39182,0.51
39183,0.513333
39184,0.836667
39185,0.626667
39186,0.77
39187,0.69
39188,0.833333
39189,0.943333
39190,0.766667
39191,0.92
39192,0.57
39193,0.82
39194,0.723333
39195,0.783333
39196,0.55
39197,0.81
39198,0.53
39199,0.556667
39200,0.54
39201,0.826667
39202,0.62
39203,0.68
39204,0.673333
39205,0.663333
39206,0.606667
39207,0.846667
39208,0.88
39209,0.663333
39210,0.766667
39211,0.843333
39212,0.746667
39213,0.966667
39214,0.566667
39215,0.76
39216,0.53
39217,0.513333
39218,0.7
39219,0.45
39220,0.956667
39221,0.99
39222,0.656667
39223,0.773333
39224,0.99
39225,0.626667
39226,0.846667
39227,0.853333
39228,0.81
39229,0.793333
39230,0.863333
39231,0.56
39232,0.9
39233,0.753333
39234,0.373333
39235,0.613333
39236,0.903333
39237,0.653333
39238,0.53
39239,0.93
39240,0.516667
39241,0.66
39242,0.743333
39243,0.89
39244,0.506667
39245,0.646667
39246,0.596667
39247,0.966667
39248,0.816667
39249,0.816667
39250,0.826667
39251,0.45
39252,0.763333
39253,0.7
39254,0.61
39255,0.863333
39256,0.66
39257,0.34
39258,0.7
39259,0.976667
39260,0.613333
39261,0.48
39262,0.476667
39263,0.586667
39264,0.596667
39265,0.736667
39266,0.84
39267,0.84
39268,0.626667
39269,0.816667
39270,0.656667
39271,0.576667
39272,0.88
39273,0.383333
39274,0.596667
39275,0.63
39276,0.546667
39277,0.816667
39278,0.606667
39279,0.843333
39280,0.733333
39281,0.833333
39282,0.546667
39283,0.793333
39284,0.833333
39285,0.56
39286,0.856667
39287,0.58
39288,0.656667
39289,0.703333
39290,0.893333
39291,0.653333
39292,0.683333
39293,0.73
39294,0.75
39295,0.862903
39296,0.403333
39297,0.96
39298,0.786667
39299,0.606667
39300,0.826667
39301,0.923333
39302,0.613333
39303,0.473333
39304,0.626667
39305,0.623333
39306,0.983333
39307,0.786667
39308,0.953333
39309,0.43
39310,0.836667
39311,0.933333
39312,0.54
39313,0.57
39314,0.753333
39315,0.776667
39316,0.94
39317,0.51
39318,0.94
39319,0.9
39320,0.876667
39321,0.823333
39322,0.943333
39323,0.826667
39324,0.936667
39325,0.793333
39326,0.766667
39327,0.576667
39328,0.7
39329,0.71
39330,0.523333
39331,0.806667
39332,0.393333
39333,0.6
39334,0.956667
39335,0.626667
39336,0.86
39337,0.673333
39338,0.783333
39339,0.946667
39340,0.48
39341,0.893333
39342,0.786667
39343,0.666667
39344,0.443333
39345,0.296667
39346,0.726667
39347,0.666667
39348,0.526667
39349,0.766667
39350,0.67
39351,0.793333
39352,0.843333
39353,0.603333
39354,0.886667
39355,0.67
39356,0.876667
39357,0.823333
39358,0.713333
39359,0.7
39360,0.833333
39361,0.67
39362,0.88
39363,0.906667
39364,0.45
39365,0.566667
39366,0.95
39367,0.406667
39368,0.313333
39369,0.806667
39370,0.783333
39371,0.763333
39372,0.653333
39373,0.516667
39374,0.8
39375,0.473333
39376,0.813333
39377,0.75
39378,0.803333
39379,0.763333
39380,0.86
39381,0.733333
39382,0.93
39383,0.896667
39384,0.383333
39385,0.553333
39386,0.856667
39387,0.7
39388,0.413333
39389,0.776667
39390,0.983333
39391,0.693333
39392,0.676667
39393,0.9
39394,0.803333
39395,0.736667
39396,0.616667
39397,0.186667
39398,0.536667
39399,0.836667
39400,0.99
39401,0.446667
39402,0.493333
39403,0.78
39404,0.633333
39405,0.916667
39406,0.803333
39407,0.54
39408,0.513333
39409,0.81
39410,0.753333
39411,0.76
39412,0.983333
39413,0.78
39414,0.763333
39415,0.126667
39416,0.473333
39417,0.863333
39418,0.87
39419,0.66
39420,0.696667
39421,0.87
39422,0.733333
39423,0.92
39424,0.716667
39425,0.636667
39426,0.946667
39427,0.63
39428,0.55
39429,0.926667
39430,0.406667
39431,0.413333
39432,0.483333
39433,0.913333
39434,0.37
39435,0.733333
39436,0.503333
39437,0.723333
39438,0.593333
39439,0.62
39440,0.84
39441,0.56
39442,0.71
39443,0.84
39444,0.54
39445,0.803333
39446,0.833333
39447,0.766667
39448,0.97
39449,0.56
39450,0.853333
39451,0.916667
39452,0.483333
39453,0.446667
39454,0.843333
39455,0.713333
39456,0.87
39457,0.74
39458,0.51
39459,0.646667
39460,0.823333
39461,0.726667
39462,0.92
39463,0.76
39464,0.673333
39465,0.826667
39466,0.923333
39467,0.756667
39468,0.54
39469,0.733333
39470,0.786667
39471,0.84
39472,0.763333
39473,0.48
39474,0.683333
39475,0.753333
39476,0.83
39477,0.553333
39478,0.516667
39479,0.36
39480,0.5
39481,0.68
39482,0.906667
39483,0.713333
39484,0.92
39485,0.586667
39486,0.506667
39487,0.723333
39488,0.506667
39489,0.623333
39490,0.643333
39491,0.913333
39492,0.656667
39493,0.576667
39494,0.633333
39495,0.633333
39496,0.806667
39497,0.713333
39498,0.663333
39499,0.43
39500,0.786667
39501,0.563333
39502,0.573333
39503,0.59
39504,0.956667
39505,0.94
39506,0.856667
39507,0.55
39508,0.443333
39509,0.7
39510,0.836667
39511,0.586667
39512,0.79
39513,0.923333
39514,0.733333
39515,0.683333
39516,0.58
39517,0.736667
39518,0.86
39519,0.89
39520,0.516667
39521,0.74
39522,0.743333
39523,0.88
39524,0.566667
39525,0.546667
39526,0.84
39527,0.863333
39528,0.833333
39529,0.683333
39530,0.843333
39531,0.48
39532,0.55
39533,0.643333
39534,0.496667
39535,0.87
39536,0.746667
39537,0.766667
39538,0.586667
39539,0.686667
39540,0.83
39541,0.943333
39542,0.433333
39543,0.443333
39544,0.726667
39545,0.746667
39546,0.863333
39547,0.64
39548,0.746667
39549,0.963333
39550,0.89
39551,0.81
39552,0.803333
39553,0.6
39554,0.936667
39555,0.643333
39556,0.646667
39557,0.676667
39558,0.57
39559,0.67
39560,0.803333
39561,0.863333
39562,0.526667
39563,0.503333
39564,0.686667
39565,0.756667
39566,0.726667
39567,0.73
39568,0.476667
39569,0.946667
39570,0.826667
39571,0.906667
39572,0.73
39573,0.783333
39574,0.783333
39575,0.973333
39576,0.543333
39577,0.863333
39578,0.9
39579,0.556667
39580,0.966667
39581,0.663333
39582,0.503333
39583,0.716667
39584,0.416667
39585,0.86
39586,0.853333
39587,0.933333
39588,0.586667
39589,0.72
39590,0.883333
39591,0.63
39592,0.916667
39593,0.963333
39594,0.696667
39595,0.343333
39596,0.686667
39597,0.54
39598,0.563333
39599,0.853333
39600,0.986667
39601,0.773333
39602,0.396667
39603,0.52
39604,0.786667
39605,0.64
39606,0.68
39607,0.953333
39608,0.666667
39609,0.16
39610,0.83
39611,0.83
39612,0.903333
39613,0.816667
39614,0.723333
39615,0.913333
39616,0.753333
39617,0.62
39618,0.79
39619,0.926667
39620,0.706667
39621,0.7
39622,0.963333
39623,0.153333
39624,0.836667
39625,0.893333
39626,0.89
39627,0.866667
39628,0.913333
39629,0.55
39630,0.966667
39631,0.64
39632,0.656667
39633,0.576667
39634,0.43
39635,0.666667
39636,0.763333
39637,0.626667
39638,0.76
39639,0.873333
39640,0.733333
39641,0.573333
39642,0.39
39643,0.89
39644,0.91
39645,0.8
39646,0.816667
39647,0.746667
39648,0.786667
39649,0.72
39650,0.89
39651,0.576667
39652,0.563333
39653,0.86
39654,0.713333
39655,0.883333
39656,0.856667
39657,0.813333
39658,0.65
39659,0.47
39660,0.713333
39661,0.986667
39662,0.483333
39663,0.916667
39664,0.963333
39665,0.543333
39666,0.41
39667,0.89
39668,0.456667
39669,0.586667
39670,0.573333
39671,0.806667
39672,0.686667
39673,0.81
39674,0.89
39675,0.803333
39676,0.54
39677,0.963333
39678,0.933333
39679,0.92
39680,0.446667
39681,0.703333
39682,0.89
39683,0.829048
39684,0.603333
39685,0.823333
39686,0.59
39687,0.813333
39688,0.833333
39689,0.966667
39690,0.53
39691,0.71
39692,0.476667
39693,0.676667
39694,0.506667
39695,0.883333
39696,0.443333
39697,0.813333
39698,0.533333
39699,0.506667
39700,0.586667
39701,0.296667
39702,0.21
39703,0.466667
39704,0.586667
39705,0.426667
39706,0.43
39707,0.61
39708,0.923333
39709,0.786667
39710,0.706667
39711,0.68
39712,0.386667
39713,0.986667
39714,0.826667
39715,0.823333
39716,0.796667
39717,0.43
39718,0.633333
39719,0.183333
39720,0.97
39721,0.58
39722,0.8
39723,0.953333
39724,0.773333
39725,0.936667
39726,0.583333
39727,0.86
39728,0.716667
39729,0.853333
39730,0.7
39731,0.457833
39732,0.666667
39733,0.633333
39734,0.686667
39735,0.916667
39736,0.863333
39737,0.726667
39738,0.216667
39739,0.623333
39740,0.813333
39741,0.906667
39742,0.86
39743,0.74
39744,0.986667
39745,0.766667
39746,0.53
39747,0.81
39748,0.723333
39749,0.76
39750,0.803333
39751,0.686667
39752,0.803333
39753,0.656667
39754,0.91
39755,0.57
39756,0.776667
39757,0.663333
39758,0.883333
39759,0.53
39760,0.916667
39761,0.773333
39762,0.603333
39763,0.496667
39764,0.643333
39765,0.383333
39766,0.436667
39767,0.606667
39768,0.886667
39769,0.6
39770,0.736667
39771,0.543333
39772,0.87
39773,0.6
39774,0.7
39775,0.616667
39776,0.783333
39777,0.833333
39778,0.886667
39779,0.696667
39780,0.94
39781,0.903333
39782,0.743333
39783,0.76
39784,0.81
39785,0.886667
39786,0.68
39787,0.903333
39788,0.73
39789,0.803333
39790,0.36
39791,0.776667
39792,0.533333
39793,0.843333
39794,0.496667
39795,0.956667
39796,0.443333
39797,0.92
39798,0.906667
39799,0.583333
39800,0.32
39801,0.476667
39802,0.863333
39803,0.526667
39804,0.946667
39805,0.586667
39806,0.76
39807,0.593333
39808,0.663333
39809,0.93
39810,0.796667
39811,0.646667
39812,0.87
39813,0.843333
39814,0.873333
39815,0.77
39816,0.953333
39817,0.63
39818,0.76
39819,0.593333
39820,0.643333
39821,0.77
39822,0.583333
39823,0.623333
39824,0.543333
39825,0.72
39826,0.253333
39827,0.416667
39828,0.653333
39829,0.603333
39830,0.606667
39831,0.863333
39832,0.876667
39833,0.553333
39834,0.64
39835,0.843333
39836,0.916667
39837,0.763333
39838,0.78
39839,0.78
39840,0.783333
39841,0.966667
39842,0.546667
39843,0.673333
39844,0.893333
39845,0.9
39846,0.99
39847,0.903333
39848,0.353333
39849,0.763333
39850,0.6
39851,0.596667
39852,0.873333
39853,0.613333
39854,0.803333
39855,0.493333
39856,0.823333
39857,0.9
39858,0.493333
39859,0.876667
39860,0.84
39861,0.66
39862,0.783333
39863,0.86
39864,0.933333
39865,0.39
39866,0.693333
39867,0.73
39868,0.863333
39869,0.56
39870,0.903333
39871,0.593333
39872,0.843333
39873,0.54
39874,0.703333
39875,0.776667
39876,0.903333
39877,0.82
39878,0.603333
39879,0.53
39880,0.483333
39881,0.89
39882,0.536667
39883,0.623333
39884,0.95
39885,0.666667
39886,0.99
39887,0.666667
39888,0.91
39889,0.843333
39890,0.44
39891,0.503333
39892,0.746667
39893,0.796667
39894,0.826667
39895,0.573333
39896,0.656667
39897,0.576667
39898,0.656667
39899,0.63
39900,0.63
39901,0.75
39902,0.733333
39903,0.953333
39904,0.99
39905,0.42
39906,0.653333
39907,0.14
39908,0.77
39909,0.913333
39910,0.823333
39911,0.786667
39912,0.643333
39913,0.616667
39914,0.543333
39915,0.966667
39916,0.88
39917,0.946667
39918,0.66
39919,0.776667
39920,0.726667
39921,0.693333
39922,0.946667
39923,0.53
39924,0.3
39925,0.873333
39926,0.95
39927,0.733333
39928,0.733333
39929,0.62
39930,0.553333
39931,0.493333
39932,0.606667
39933,0.893333
39934,0.473333
39935,0.526667
39936,0.693333
39937,0.833333
39938,0.63
39939,0.71
39940,0.783333
39941,0.726667
39942,0.423333
39943,0.526667
39944,0.463333
39945,0.713333
39946,0.7
39947,0.72
39948,0.69
39949,0.913333
39950,0.73
39951,0.606667
39952,0.833333
39953,0.546667
39954,0.846667
39955,0.463333
39956,0.836667
39957,0.896667
39958,0.71
39959,0.943333
39960,0.526667
39961,0.9
39962,0.73
39963,0.596667
39964,0.7
39965,0.66
39966,0.716667
39967,0.973333
39968,0.826667
39969,0.653333
39970,0.883333
39971,0.43
39972,0.92
39973,0.96
39974,0.493333
39975,0.383333
39976,0.66
39977,0.723333
39978,0.736667
39979,0.783333
39980,0.67
39981,0.793333
39982,0.97
39983,0.916667
39984,0.866667
39985,0.666667
39986,0.85
39987,0.51
39988,0.62
39989,0.643333
39990,0.6
39991,0.846667
39992,0.366667
39993,0.393333
39994,0.67
39995,0.473333
39996,0.493333
39997,0.723333
39998,0.763333
39999,0.546667
