id,pred
0,0.775
1,0.66
2,0.86
3,0.73
4,0.96
5,0.535
6,0.78
7,0.975
8,0.65
9,0.765
10,0.755
11,0.645
12,0.32
13,0.51
14,0.945
15,0.69
16,0.48
17,0.6
18,0.775
19,0.85
20,0.58
21,0.915
22,0.79
23,0.19
24,0.64
25,0.8
26,0.405
27,0.52
28,1.0
29,0.915
30,0.815
31,0.96
32,0.615
33,0.68
34,0.92
35,0.63
36,0.545
37,0.825
38,0.71
39,0.555
40,0.37
41,0.815
42,0.67
43,0.62
44,0.71
45,0.96
46,0.575
47,0.65
48,0.675
49,0.69
50,0.745
51,0.35
52,0.895
53,0.935
54,0.965
55,0.85
56,0.35
57,0.935
58,0.695
59,0.825
60,0.685
61,0.925
62,0.48
63,0.685
64,0.795
65,0.66
66,0.67
67,0.78
68,0.175
69,0.91
70,0.65
71,0.87
72,0.81
73,0.635
74,0.925
75,0.7
76,0.87
77,0.92
78,0.955
79,0.885
80,0.61
81,0.51
82,0.5
83,0.78
84,0.81
85,0.7
86,0.95
87,0.695
88,0.865
89,0.74
90,0.865
91,0.755
92,0.905
93,0.705
94,0.955
95,0.895
96,0.73
97,0.77
98,0.67
99,0.935
100,0.765
101,0.485
102,0.62
103,0.93
104,0.26
105,0.775
106,0.28
107,0.89
108,0.68
109,0.54
110,0.635
111,0.57
112,0.75
113,0.87
114,0.665
115,0.57
116,0.805
117,0.87
118,0.76
119,0.855
120,0.7
121,0.98
122,0.415
123,0.82
124,0.91
125,0.575
126,0.615
127,0.79
128,0.71
129,0.5
130,0.62
131,0.295
132,0.83
133,0.785
134,0.605
135,0.82
136,0.615
137,0.62
138,0.805
139,0.625
140,0.84
141,0.93
142,0.445
143,0.605
144,0.945
145,0.74
146,0.9
147,0.785
148,0.8
149,0.88
150,0.745
151,0.28
152,0.72
153,0.385
154,0.995
155,0.91
156,0.79
157,0.705
158,0.95
159,0.995
160,0.75
161,0.9
162,0.805
163,0.705
164,0.57
165,0.54
166,0.705
167,0.99
168,0.725
169,0.955
170,0.755
171,0.495
172,0.825
173,0.89
174,0.84
175,0.82
176,0.97
177,0.225
178,0.53
179,0.665
180,0.665
181,0.62
182,0.6
183,0.44
184,0.86
185,0.89
186,0.715
187,0.62
188,0.925
189,0.855
190,0.935
191,0.655
192,0.695
193,0.85
194,0.7
195,0.835
196,0.56
197,0.575
198,0.69
199,0.715
200,0.705
201,0.785
202,0.605
203,0.89
204,0.76
205,0.63
206,0.84
207,0.7
208,0.64
209,0.485
210,0.555
211,0.785
212,0.58
213,0.7
214,0.675
215,0.78
216,0.815
217,0.75
218,0.35
219,0.75
220,0.58
221,0.85
222,0.785
223,0.89
224,0.745
225,0.815
226,0.635
227,0.47
228,0.455
229,0.835
230,0.745
231,0.725
232,0.835
233,0.915
234,0.53
235,0.34
236,0.555
237,0.665
238,0.92
239,0.765
240,0.945
241,0.925
242,0.725
243,0.605
244,0.52
245,0.8
246,0.655
247,0.615
248,0.605
249,0.73
250,0.64
251,0.915
252,0.95
253,0.885
254,0.46
255,0.97
256,0.77
257,0.68
258,0.605
259,0.555
260,0.455
261,0.48
262,0.785
263,0.96
264,0.93
265,0.525
266,0.465
267,0.625
268,0.67
269,0.635
270,0.775
271,0.71
272,0.735
273,0.885
274,0.73
275,0.43
276,0.845
277,0.81
278,0.69
279,0.49
280,0.94
281,0.935
282,0.94
283,0.6
284,0.82
285,0.84
286,0.705
287,0.715
288,0.57
289,0.895
290,0.6
291,0.855
292,0.53
293,0.6
294,0.63
295,0.935
296,0.83
297,0.56
298,0.605
299,0.59
300,0.89
301,0.77
302,0.745
303,0.69
304,0.95
305,0.79
306,0.795
307,0.795
308,0.525
309,0.57
310,0.735
311,0.93
312,0.8
313,0.665
314,0.77
315,0.64
316,0.82
317,0.75
318,0.93
319,0.605
320,0.67
321,0.745
322,0.75
323,0.865
324,0.945
325,0.41
326,0.475
327,0.7
328,0.46
329,0.795
330,0.825
331,0.54
332,0.715
333,0.72
334,0.725
335,0.68
336,0.845
337,0.705
338,0.665
339,0.77
340,0.575
341,0.79
342,0.64
343,0.625
344,0.65
345,0.405
346,0.91
347,0.61
348,0.635
349,0.335
350,0.7
351,0.875
352,0.855
353,0.695
354,1.0
355,0.84
356,0.765
357,0.718571
358,0.75
359,0.525
360,0.66
361,0.67
362,0.505
363,0.8
364,0.72
365,0.88
366,0.875
367,0.49
368,0.905
369,0.91
370,0.585
371,0.79
372,0.875
373,0.935
374,0.43
375,0.91
376,0.59
377,0.945
378,0.685
379,0.755
380,0.335
381,0.75
382,0.63
383,0.525
384,0.795
385,0.925
386,0.72
387,0.82
388,0.335
389,0.53
390,0.755
391,0.79
392,0.89
393,0.345
394,0.475
395,0.59
396,0.74
397,0.2
398,0.48
399,0.94
400,0.815
401,0.425
402,0.81
403,0.82
404,0.6
405,0.925
406,0.97
407,0.92
408,0.92
409,0.71
410,0.595
411,0.435
412,0.87
413,0.755
414,0.57
415,0.72
416,0.62
417,0.605
418,0.935
419,0.91
420,0.86
421,0.805
422,0.765
423,0.655
424,0.59
425,0.83
426,0.64
427,0.93
428,0.62
429,0.725
430,0.55
431,0.645
432,0.6
433,0.735
434,0.825
435,0.715
436,0.845
437,0.955
438,0.79
439,0.555
440,0.725
441,0.82
442,0.795
443,0.725
444,0.34
445,0.835
446,0.965
447,0.735
448,0.88
449,0.69
450,0.545
451,0.82
452,0.585
453,0.965
454,0.465
455,0.64
456,0.825
457,0.58
458,0.895
459,0.99
460,0.355
461,0.85
462,0.755
463,0.62
464,0.77
465,0.855
466,0.82
467,0.985
468,0.83
469,0.74
470,0.595
471,0.64
472,0.56
473,0.745
474,0.775
475,0.64
476,0.64
477,0.76
478,0.75
479,0.72
480,0.715
481,0.705
482,0.715
483,0.685
484,0.98
485,0.7
486,0.805
487,0.505
488,0.62
489,0.455
490,0.79
491,0.915
492,0.565
493,0.91
494,0.76
495,0.78
496,0.975
497,0.28
498,0.9
499,0.485
500,0.68
501,0.235
502,0.735
503,0.815
504,0.72
505,0.605
506,0.865
507,0.79
508,0.715
509,0.67
510,0.76
511,0.965
512,0.67
513,0.81
514,0.445
515,0.555
516,0.56
517,0.81
518,0.705
519,0.845
520,0.665
521,0.595
522,0.665
523,0.37
524,0.83
525,0.875
526,0.69
527,0.885
528,0.545
529,0.91
530,0.625
531,0.83
532,0.72
533,0.845
534,0.69
535,0.52
536,0.94
537,0.425
538,0.955
539,0.775
540,0.89
541,0.91
542,0.715
543,0.54
544,0.825
545,0.65
546,0.635
547,0.785
548,0.955
549,0.965
550,0.44
551,0.7
552,0.77
553,0.705
554,0.615
555,0.735
556,0.75
557,0.78
558,0.715
559,0.945
560,0.775
561,0.89
562,0.9
563,0.775
564,0.75
565,0.555
566,0.74
567,0.715
568,0.81
569,0.74
570,0.695
571,0.75
572,0.64
573,0.745
574,0.77
575,0.915
576,0.53
577,0.345
578,0.52
579,0.565
580,0.995
581,0.62
582,0.655
583,0.815
584,0.645
585,0.86
586,0.775
587,0.8
588,0.915
589,0.295
590,0.65
591,0.6
592,0.9
593,0.89
594,0.81
595,0.785
596,0.895
597,0.77
598,0.545
599,0.75
600,0.8
601,0.485
602,0.795
603,0.45
604,0.525
605,0.425
606,0.54
607,0.755
608,0.725
609,0.88
610,0.57
611,0.845
612,0.38
613,0.66
614,0.505
615,0.63
616,0.805
617,0.92
618,0.885
619,0.795
620,0.34
621,0.88
622,0.575
623,0.655
624,0.855
625,0.88
626,0.6
627,0.945
628,0.68
629,0.84
630,0.855
631,0.93
632,0.82
633,0.87
634,0.64
635,0.865
636,0.91
637,0.755
638,0.925
639,0.645
640,0.595
641,0.85
642,0.71
643,0.715
644,0.915
645,0.805
646,0.695
647,0.85
648,0.435
649,0.69
650,0.755
651,0.455
652,0.565
653,0.77
654,0.58
655,0.7
656,0.775
657,0.685
658,0.53
659,0.59
660,0.53
661,0.87
662,0.815
663,0.84
664,0.54
665,0.795
666,0.725
667,0.765
668,0.78
669,0.68
670,0.705
671,0.78
672,0.795
673,0.42
674,0.85
675,0.695
676,0.695
677,0.745
678,0.735
679,0.875
680,0.605
681,0.875
682,0.7
683,0.935
684,0.82
685,0.815
686,0.92
687,0.825
688,0.65
689,0.72
690,0.665
691,0.65
692,0.76
693,0.87
694,0.6
695,0.77
696,0.72
697,0.695
698,0.415
699,0.675
700,0.56
701,0.755
702,0.5
703,0.53
704,0.775
705,0.845
706,0.66
707,0.98
708,0.585
709,0.425
710,0.8
711,0.835
712,0.955
713,0.68
714,0.53
715,0.72
716,0.71
717,0.795
718,0.845
719,0.48
720,0.39
721,0.45
722,0.945
723,0.765
724,0.895
725,0.71
726,0.82
727,0.66
728,0.4
729,0.45
730,0.505
731,0.64
732,0.305
733,0.765
734,0.88
735,0.765
736,0.905
737,0.74
738,0.67
739,0.745
740,0.695
741,0.86
742,0.915
743,0.96
744,0.9
745,0.645
746,0.72
747,0.465
748,0.655
749,0.615
750,0.81
751,0.825
752,0.55
753,0.715
754,0.63
755,0.905
756,0.74
757,0.595
758,0.82
759,0.78
760,0.855
761,0.51
762,0.89
763,0.59
764,0.965
765,0.88
766,0.74
767,0.945
768,0.655
769,0.765
770,0.97
771,0.605
772,0.7
773,0.6
774,0.67
775,0.775
776,0.61
777,0.93
778,0.805
779,0.965
780,0.685
781,0.87
782,0.625
783,0.76
784,0.64
785,0.7
786,0.835
787,0.51
788,0.73
789,0.96
790,0.75
791,0.72
792,0.75
793,0.78
794,0.77
795,0.785
796,0.81
797,0.76
798,0.695
799,0.56
800,0.585
801,0.85
802,0.785
803,0.91
804,0.57
805,0.73
806,0.51
807,0.49
808,0.905
809,0.7
810,0.59
811,0.81
812,0.95
813,0.8
814,0.85
815,0.73
816,0.58
817,0.815
818,0.815
819,0.44
820,0.77
821,0.815
822,0.575
823,0.78
824,0.465
825,0.995
826,0.605
827,0.785
828,0.94
829,0.805
830,0.71
831,0.955
832,0.81
833,0.535
834,0.95
835,0.755
836,0.81
837,0.69
838,0.91
839,0.535
840,0.87
841,0.775
842,0.91
843,0.58
844,0.67
845,0.815
846,0.92
847,0.32
848,0.92
849,0.94
850,0.63
851,0.765
852,0.695
853,0.47
854,0.88
855,0.64
856,0.745
857,0.535
858,0.765
859,0.28
860,0.58
861,0.875
862,0.92
863,0.745
864,0.92
865,0.49
866,0.82
867,0.66
868,0.4
869,0.73
870,0.62
871,0.9
872,0.62
873,0.755
874,0.615
875,0.705
876,0.75
877,0.575
878,0.785
879,0.675
880,0.77
881,0.97
882,0.785
883,0.8
884,0.955
885,0.925
886,0.945
887,0.845
888,0.99
889,0.895
890,0.73
891,0.67
892,0.59
893,0.38
894,0.35
895,0.36
896,0.84
897,0.58
898,0.925
899,0.855
900,0.83
901,0.65
902,0.83
903,0.635
904,0.75
905,0.6
906,0.635
907,0.84
908,0.975
909,0.46
910,0.715
911,0.86
912,0.595
913,0.76
914,0.71
915,0.8
916,0.955
917,0.87
918,0.79
919,0.53
920,0.48
921,0.785
922,0.66
923,0.655
924,0.865
925,0.67
926,0.66
927,0.78
928,0.735
929,0.65
930,0.51
931,0.755
932,0.63
933,0.97
934,0.85
935,0.415
936,0.93
937,0.645
938,0.64
939,0.875
940,0.955
941,0.795
942,0.84
943,0.695
944,0.84
945,0.54
946,0.675
947,0.58
948,0.38
949,0.775
950,0.59
951,0.69
952,0.88
953,0.71
954,0.885
955,0.63
956,0.815
957,0.86
958,0.775
959,0.88
960,0.515
961,0.465
962,0.49
963,0.75
964,0.865
965,0.65
966,0.775
967,0.92
968,0.555
969,0.635
970,0.905
971,0.385
972,0.61
973,0.96
974,0.64
975,0.65
976,0.53
977,0.355
978,0.495
979,0.735
980,0.78
981,0.735
982,0.605
983,0.695
984,0.655
985,0.38
986,0.53
987,0.76
988,0.71
989,0.82
990,0.825
991,0.84
992,0.83
993,0.49
994,0.665
995,0.92
996,0.485
997,0.8
998,0.71
999,0.6
1000,0.91
1001,0.805
1002,0.805
1003,0.74
1004,0.84
1005,0.625
1006,0.635
1007,0.69
1008,0.94
1009,0.94
1010,0.905
1011,0.745
1012,0.94
1013,0.83
1014,0.535
1015,0.805
1016,0.415
1017,0.825
1018,0.62
1019,0.835
1020,0.72
1021,0.89
1022,0.335
1023,0.445
1024,0.815
1025,0.925
1026,0.84
1027,0.805
1028,0.555
1029,0.725
1030,0.44
1031,0.805
1032,0.785
1033,0.755
1034,0.79
1035,0.71
1036,0.845
1037,0.605
1038,0.73
1039,0.785
1040,0.76
1041,0.575
1042,0.645
1043,0.78
1044,0.78
1045,0.865
1046,0.905
1047,0.485
1048,0.895
1049,0.945
1050,0.97
1051,0.65
1052,0.55
1053,0.835
1054,0.79
1055,0.795
1056,0.83
1057,0.565
1058,0.585
1059,0.82
1060,0.995
1061,0.585
1062,0.61
1063,0.825
1064,0.825
1065,0.65
1066,0.42
1067,0.93
1068,0.53
1069,0.595
1070,0.605
1071,0.89
1072,0.72
1073,0.955
1074,0.605
1075,0.885
1076,0.35
1077,0.35
1078,0.72
1079,0.19
1080,0.685
1081,0.68
1082,0.955
1083,0.8
1084,0.825
1085,0.71
1086,0.745
1087,0.845
1088,0.85
1089,0.595
1090,0.95
1091,0.595
1092,0.85
1093,0.685
1094,0.57
1095,0.835
1096,0.62
1097,0.605
1098,0.71
1099,0.745
1100,0.95
1101,0.59
1102,0.555
1103,0.615
1104,0.67
1105,0.63
1106,0.7
1107,0.395
1108,0.985
1109,0.56
1110,0.575
1111,0.25
1112,0.42
1113,0.865
1114,0.87
1115,0.445
1116,0.595
1117,0.68
1118,0.94
1119,0.665
1120,0.975
1121,0.5
1122,0.875
1123,0.905
1124,0.68
1125,0.44
1126,0.525
1127,0.68
1128,0.72
1129,0.675
1130,0.79
1131,0.87
1132,0.92
1133,0.6
1134,0.91
1135,0.82
1136,0.695
1137,0.94
1138,0.705
1139,0.425
1140,0.35
1141,0.9
1142,0.66
1143,0.57
1144,0.875
1145,0.425
1146,0.5
1147,0.69
1148,0.98
1149,0.565
1150,0.835
1151,0.5
1152,0.69
1153,0.96
1154,0.945
1155,0.775
1156,0.755
1157,0.675
1158,0.66
1159,0.79
1160,0.925
1161,0.455
1162,0.855
1163,0.93
1164,0.82
1165,0.615
1166,0.755
1167,0.835
1168,0.855
1169,0.91
1170,0.775
1171,0.59
1172,0.91
1173,0.91
1174,0.725
1175,0.925
1176,0.69
1177,0.6
1178,0.935
1179,0.685
1180,0.77
1181,0.925
1182,0.625
1183,0.765
1184,0.535
1185,0.405
1186,0.21
1187,0.74
1188,0.645
1189,0.525
1190,0.88
1191,0.78
1192,0.87
1193,0.73
1194,0.76
1195,0.51
1196,0.86
1197,0.8
1198,0.775
1199,0.7
1200,0.6
1201,0.665
1202,0.825
1203,0.865
1204,0.87
1205,0.655
1206,0.585
1207,0.425
1208,0.69
1209,0.715
1210,0.685
1211,0.885
1212,0.665
1213,0.68
1214,0.87
1215,0.66
1216,0.92
1217,0.77
1218,0.755
1219,0.84
1220,0.58
1221,0.875
1222,0.43
1223,0.7
1224,0.85
1225,0.86
1226,0.945
1227,0.625
1228,0.82
1229,0.88
1230,0.72
1231,0.105
1232,0.705
1233,0.635
1234,0.9
1235,0.85
1236,0.485
1237,0.705
1238,0.69
1239,0.695
1240,0.565
1241,0.59
1242,0.815
1243,0.69
1244,0.72
1245,0.76
1246,0.795
1247,0.475
1248,0.865
1249,0.83
1250,0.17
1251,0.505
1252,0.72
1253,0.835
1254,0.55
1255,0.665
1256,0.71
1257,0.675
1258,0.86
1259,0.735
1260,0.59
1261,0.785
1262,0.59
1263,0.805
1264,0.665
1265,0.83
1266,0.655
1267,0.96
1268,0.86
1269,0.965
1270,0.755
1271,0.725
1272,0.655
1273,0.88
1274,0.835
1275,0.845
1276,0.71
1277,0.62
1278,0.895
1279,0.585
1280,0.93
1281,0.51
1282,0.58
1283,0.54
1284,0.84
1285,0.855
1286,0.755
1287,0.86
1288,0.925
1289,0.965
1290,0.875
1291,0.955
1292,0.705
1293,0.665
1294,0.795
1295,0.705
1296,0.78
1297,0.455
1298,0.715
1299,0.895
1300,0.805
1301,0.685
1302,0.635
1303,0.875
1304,0.5
1305,0.83
1306,0.87
1307,0.73
1308,0.95
1309,0.295
1310,0.48
1311,0.955
1312,0.89
1313,0.965
1314,0.86
1315,0.52
1316,0.44
1317,0.695
1318,0.505
1319,0.605
1320,0.775
1321,0.735
1322,0.755
1323,0.635
1324,0.485
1325,0.725
1326,0.61
1327,0.65
1328,0.31
1329,0.975
1330,0.575
1331,0.515
1332,0.785
1333,0.89
1334,0.95
1335,0.585
1336,0.86
1337,0.7
1338,0.64
1339,0.755
1340,0.695
1341,0.515
1342,0.685
1343,0.565
1344,0.56
1345,0.655
1346,0.72
1347,0.685
1348,0.725
1349,0.75
1350,0.98
1351,0.925
1352,0.915
1353,0.77
1354,0.815
1355,0.745
1356,0.66
1357,0.805
1358,0.61
1359,0.77
1360,0.495
1361,0.565
1362,0.59
1363,0.765
1364,0.425
1365,0.415
1366,0.95
1367,0.72
1368,0.885
1369,0.86
1370,0.86
1371,0.895
1372,0.665
1373,0.875
1374,0.885
1375,0.605
1376,0.8
1377,0.775
1378,0.575
1379,0.8
1380,0.745
1381,0.815
1382,0.91
1383,0.9
1384,0.43
1385,0.805
1386,0.83
1387,0.77
1388,0.79
1389,0.765
1390,0.77
1391,0.61
1392,0.68
1393,0.1
1394,0.87
1395,0.89
1396,0.655
1397,0.865
1398,0.36
1399,0.385
1400,0.905
1401,0.61
1402,0.87
1403,0.87
1404,0.855
1405,0.795
1406,0.685
1407,0.785
1408,0.775
1409,0.935
1410,0.755
1411,0.765
1412,0.63
1413,0.53
1414,0.695
1415,0.74
1416,0.54
1417,0.81
1418,0.645
1419,0.86
1420,0.59
1421,0.58
1422,0.675
1423,0.63
1424,0.94
1425,0.365
1426,0.53
1427,0.97
1428,0.775
1429,0.67
1430,0.85
1431,0.575
1432,0.665
1433,0.61
1434,0.455
1435,0.685
1436,0.62
1437,0.655
1438,0.64
1439,0.92
1440,0.565
1441,0.605
1442,0.63
1443,0.7
1444,0.725
1445,0.95
1446,0.73
1447,0.745
1448,0.715
1449,0.795
1450,0.665
1451,0.73
1452,0.89
1453,0.79
1454,0.94
1455,0.74
1456,0.655
1457,0.765
1458,0.645
1459,0.31
1460,0.655
1461,0.735
1462,0.505
1463,0.81
1464,0.765
1465,0.23
1466,0.855
1467,0.785
1468,0.665
1469,0.675
1470,0.61
1471,0.295
1472,0.87
1473,0.605
1474,0.765
1475,0.81
1476,0.718571
1477,0.87
1478,0.605
1479,0.91
1480,0.66
1481,0.815
1482,0.395
1483,0.545
1484,0.925
1485,0.715
1486,0.73
1487,0.81
1488,0.52
1489,0.49
1490,0.72
1491,0.69
1492,0.83
1493,0.425
1494,0.785
1495,0.6
1496,0.89
1497,0.58
1498,0.82
1499,0.92
1500,0.95
1501,0.68
1502,0.88
1503,0.565
1504,0.75
1505,0.905
1506,0.88
1507,0.91
1508,0.56
1509,0.76
1510,0.97
1511,0.65
1512,0.71
1513,0.955
1514,0.64
1515,0.67
1516,0.67
1517,0.735
1518,0.77
1519,0.77
1520,0.935
1521,0.705
1522,0.665
1523,0.83
1524,0.81
1525,0.685
1526,0.84
1527,0.97
1528,0.83
1529,0.805
1530,0.925
1531,0.59
1532,0.98
1533,0.83
1534,0.71
1535,0.735
1536,0.62
1537,0.665
1538,0.785
1539,0.925
1540,0.81
1541,0.63
1542,0.705
1543,0.4
1544,0.85
1545,0.89
1546,0.66
1547,0.535
1548,0.955
1549,0.56
1550,0.735
1551,0.5
1552,0.97
1553,0.74
1554,0.6
1555,0.77
1556,0.545
1557,0.88
1558,0.66
1559,0.785
1560,0.905
1561,0.94
1562,0.825
1563,0.89
1564,0.955
1565,0.825
1566,0.405
1567,0.79
1568,0.67
1569,0.865
1570,0.475
1571,0.76
1572,0.79
1573,0.65
1574,0.695
1575,0.745
1576,0.725
1577,0.835
1578,0.84
1579,0.745
1580,0.82
1581,0.465
1582,0.515
1583,0.77
1584,0.96
1585,0.77
1586,0.79
1587,0.76
1588,0.89
1589,0.94
1590,0.96
1591,0.175
1592,0.495
1593,0.43
1594,0.615
1595,0.66
1596,0.745
1597,0.77
1598,0.775
1599,0.855
1600,0.695
1601,0.725
1602,0.515
1603,0.465
1604,0.455
1605,0.685
1606,0.685
1607,0.7
1608,0.865
1609,0.865
1610,0.76
1611,0.585
1612,0.885
1613,0.48
1614,0.84
1615,0.88
1616,0.94
1617,0.555
1618,0.465
1619,0.785
1620,0.725
1621,0.735
1622,0.27
1623,0.775
1624,0.855
1625,0.855
1626,0.83
1627,0.875
1628,0.775
1629,0.58
1630,0.665
1631,0.78
1632,0.915
1633,0.78
1634,0.805
1635,0.55
1636,0.68
1637,0.72
1638,0.725
1639,0.645
1640,0.76
1641,0.615
1642,0.82
1643,0.75
1644,0.705
1645,0.335
1646,0.69
1647,0.71
1648,0.765
1649,0.8
1650,0.965
1651,0.375
1652,0.805
1653,0.925
1654,0.82
1655,0.91
1656,0.745
1657,0.82
1658,0.645
1659,0.84
1660,0.755
1661,0.345
1662,0.54
1663,0.89
1664,0.585
1665,0.73
1666,0.91
1667,0.82
1668,0.87
1669,0.515
1670,0.975
1671,0.835
1672,0.75
1673,0.495
1674,0.79
1675,0.91
1676,0.93
1677,0.23
1678,0.78
1679,0.865
1680,0.705
1681,0.615
1682,0.645
1683,0.865
1684,0.94
1685,0.91
1686,0.905
1687,0.575
1688,0.985
1689,0.785
1690,0.74
1691,0.895
1692,0.605
1693,0.705
1694,0.885
1695,0.345
1696,0.865
1697,0.74
1698,0.615
1699,0.66
1700,0.78
1701,0.565
1702,0.845
1703,0.605
1704,0.82
1705,0.345
1706,0.765
1707,0.795
1708,0.585
1709,0.745
1710,0.93
1711,0.88
1712,0.915
1713,0.54
1714,0.68
1715,0.575
1716,0.63
1717,0.895
1718,0.62
1719,0.83
1720,0.805
1721,0.825
1722,0.93
1723,0.7
1724,0.92
1725,0.765
1726,0.965
1727,0.91
1728,0.39
1729,0.66
1730,0.905
1731,0.755
1732,0.735
1733,0.845
1734,0.8
1735,0.74
1736,0.7
1737,0.925
1738,0.515
1739,0.63
1740,0.67
1741,0.535
1742,0.515
1743,0.81
1744,0.835
1745,0.685
1746,0.67
1747,0.445
1748,0.905
1749,0.805
1750,0.91
1751,0.97
1752,0.395
1753,0.87
1754,0.815
1755,0.69
1756,0.83
1757,0.83
1758,0.29
1759,0.525
1760,0.68
1761,0.805
1762,0.805
1763,0.745
1764,0.95
1765,0.73
1766,0.77
1767,0.96
1768,0.74
1769,0.595
1770,0.775
1771,0.555
1772,0.55
1773,0.9
1774,0.875
1775,0.615
1776,0.865
1777,0.445
1778,0.56
1779,0.65
1780,0.845
1781,0.6
1782,0.755
1783,0.875
1784,0.65
1785,0.435
1786,0.67
1787,0.655
1788,0.63
1789,0.785
1790,0.9
1791,0.605
1792,0.755
1793,0.51
1794,0.895
1795,0.78
1796,0.55
1797,0.67
1798,0.94
1799,0.615
1800,0.785
1801,0.27
1802,0.765
1803,0.81
1804,0.51
1805,0.555
1806,0.61
1807,0.555
1808,0.79
1809,0.61
1810,0.86
1811,0.515
1812,0.745
1813,0.89
1814,0.94
1815,0.71
1816,0.855
1817,0.345
1818,0.925
1819,0.56
1820,0.66
1821,0.74
1822,0.6
1823,0.79
1824,0.645
1825,0.59
1826,0.99
1827,0.76
1828,0.7
1829,0.635
1830,0.485
1831,0.795
1832,0.84
1833,0.745
1834,0.51
1835,0.74
1836,0.76
1837,0.895
1838,0.945
1839,0.67
1840,0.74
1841,0.795
1842,0.725
1843,0.805
1844,0.805
1845,0.69
1846,0.685
1847,0.89
1848,0.92
1849,0.62
1850,0.895
1851,0.705
1852,0.665
1853,0.67
1854,0.92
1855,0.905
1856,0.935
1857,0.825
1858,0.55
1859,0.94
1860,0.91
1861,0.61
1862,0.605
1863,0.455
1864,0.955
1865,0.89
1866,0.63
1867,0.49
1868,0.565
1869,0.84
1870,0.885
1871,0.65
1872,0.7
1873,0.635
1874,0.555
1875,0.22
1876,0.355
1877,0.535
1878,0.52
1879,0.695
1880,0.825
1881,0.66
1882,0.85
1883,0.915
1884,0.93
1885,0.725
1886,0.81
1887,0.845
1888,0.59
1889,0.815
1890,0.63
1891,0.74
1892,0.71
1893,0.505
1894,0.7
1895,0.92
1896,0.97
1897,0.615
1898,0.715
1899,0.9
1900,0.615
1901,0.735
1902,0.78
1903,0.6
1904,0.865
1905,0.635
1906,0.86
1907,0.7
1908,0.9
1909,0.915
1910,0.935
1911,0.97
1912,0.305
1913,0.83
1914,0.655
1915,0.86
1916,0.725
1917,0.7
1918,0.88
1919,0.335
1920,0.59
1921,0.79
1922,0.655
1923,0.95
1924,0.89
1925,0.66
1926,0.735
1927,0.53
1928,0.745
1929,0.48
1930,0.745
1931,0.64
1932,0.93
1933,0.665
1934,0.58
1935,0.825
1936,0.715
1937,0.65
1938,0.68
1939,0.93
1940,0.87
1941,0.885
1942,0.775
1943,0.725
1944,0.75
1945,0.905
1946,0.69
1947,0.935
1948,0.71
1949,0.27
1950,0.89
1951,0.52
1952,0.695
1953,0.625
1954,0.54
1955,0.63
1956,0.83
1957,0.555
1958,0.89
1959,0.97
1960,0.955
1961,0.22
1962,0.935
1963,0.58
1964,0.64
1965,0.66
1966,0.335
1967,0.825
1968,0.905
1969,0.69
1970,0.28
1971,0.65
1972,0.535
1973,0.64
1974,0.52
1975,0.72
1976,0.645
1977,0.9
1978,0.85
1979,0.81
1980,0.745
1981,0.78
1982,0.66
1983,0.52
1984,0.935
1985,0.67
1986,0.81
1987,0.93
1988,0.525
1989,0.75
1990,0.705
1991,0.455
1992,0.745
1993,0.725
1994,0.795
1995,0.875
1996,0.82
1997,0.775
1998,0.905
1999,0.66
2000,0.81
2001,0.745
2002,0.8
2003,0.21
2004,0.265
2005,0.9
2006,0.895
2007,0.595
2008,0.41
2009,0.36
2010,0.53
2011,0.4
2012,0.89
2013,0.705
2014,0.525
2015,0.28
2016,0.25
2017,0.82
2018,0.625
2019,0.87
2020,0.71
2021,0.72
2022,0.53
2023,0.82
2024,0.525
2025,0.49
2026,0.855
2027,0.755
2028,0.705
2029,0.88
2030,0.77
2031,0.865
2032,0.49
2033,0.85
2034,0.615
2035,0.645
2036,0.51
2037,0.745
2038,0.82
2039,0.95
2040,0.745
2041,0.56
2042,0.73
2043,0.95
2044,0.95
2045,0.65
2046,0.595
2047,0.575
2048,0.735
2049,0.69
2050,0.475
2051,0.755
2052,0.865
2053,0.76
2054,0.665
2055,0.9
2056,0.7
2057,0.815
2058,0.89
2059,0.75
2060,0.95
2061,0.7
2062,0.68
2063,0.555
2064,0.755
2065,0.825
2066,0.65
2067,0.6
2068,0.645
2069,0.775
2070,0.785
2071,0.78
2072,0.83
2073,0.545
2074,0.645
2075,0.825
2076,0.55
2077,0.85
2078,0.725
2079,0.765
2080,0.725
2081,0.965
2082,0.665
2083,0.7
2084,0.655
2085,0.89
2086,0.96
2087,0.82
2088,0.7
2089,0.63
2090,0.485
2091,0.505
2092,0.965
2093,0.76
2094,0.69
2095,0.945
2096,0.725
2097,0.68
2098,0.83
2099,0.83
2100,0.44
2101,0.67
2102,0.46
2103,0.855
2104,0.585
2105,0.7
2106,0.555
2107,0.985
2108,0.435
2109,0.77
2110,0.485
2111,0.81
2112,0.775
2113,0.905
2114,0.72
2115,0.725
2116,0.81
2117,0.535
2118,0.95
2119,0.77
2120,0.955
2121,0.84
2122,0.935
2123,0.88
2124,0.75
2125,0.435
2126,0.695
2127,0.455
2128,0.405
2129,0.985
2130,0.655
2131,0.28
2132,0.68
2133,0.875
2134,0.93
2135,0.68
2136,0.94
2137,0.635
2138,0.935
2139,0.71
2140,0.87
2141,0.36
2142,0.78
2143,0.785
2144,0.76
2145,0.53
2146,0.505
2147,0.91
2148,0.71
2149,0.685
2150,0.73
2151,0.905
2152,0.66
2153,0.91
2154,0.545
2155,0.59
2156,0.5
2157,0.68
2158,0.535
2159,0.725
2160,0.665
2161,0.6
2162,0.155
2163,0.52
2164,0.685
2165,0.51
2166,0.5
2167,0.73
2168,0.845
2169,0.72
2170,0.56
2171,0.79
2172,0.845
2173,0.58
2174,0.405
2175,0.76
2176,0.125
2177,0.785
2178,0.92
2179,0.84
2180,0.85
2181,0.515
2182,0.745
2183,0.75
2184,0.45
2185,0.87
2186,0.905
2187,0.6
2188,0.54
2189,0.735
2190,0.66
2191,0.795
2192,0.49
2193,0.675
2194,0.68
2195,0.65
2196,0.945
2197,0.595
2198,0.855
2199,0.8
2200,0.72
2201,0.565
2202,0.805
2203,0.78
2204,0.43
2205,0.72
2206,0.785
2207,0.545
2208,0.695
2209,0.675
2210,0.68
2211,0.915
2212,0.715
2213,0.835
2214,0.97
2215,0.7
2216,0.645
2217,0.965
2218,0.66
2219,0.7
2220,0.68
2221,0.58
2222,0.685
2223,0.84
2224,0.895
2225,0.505
2226,0.78
2227,0.685
2228,0.435
2229,0.44
2230,0.56
2231,0.61
2232,0.6
2233,0.395
2234,0.385
2235,0.395
2236,0.92
2237,0.79
2238,0.735
2239,0.52
2240,0.6
2241,0.795
2242,0.645
2243,0.685
2244,0.735
2245,0.83
2246,0.55
2247,0.575
2248,0.875
2249,0.865
2250,0.445
2251,0.745
2252,0.895
2253,0.515
2254,0.81
2255,0.64
2256,0.31
2257,0.535
2258,0.72
2259,0.87
2260,0.595
2261,0.19
2262,0.165
2263,0.415
2264,0.93
2265,0.585
2266,0.525
2267,0.56
2268,0.52
2269,0.845
2270,0.605
2271,0.925
2272,0.495
2273,0.83
2274,0.675
2275,0.845
2276,0.885
2277,0.74
2278,0.56
2279,0.795
2280,0.865
2281,0.765
2282,0.8
2283,0.81
2284,0.675
2285,0.515
2286,0.295
2287,0.89
2288,0.675
2289,0.61
2290,0.735
2291,0.86
2292,0.56
2293,0.86
2294,0.385
2295,0.5
2296,0.48
2297,0.585
2298,0.815
2299,0.64
2300,0.755
2301,0.985
2302,0.97
2303,0.72
2304,0.84
2305,0.675
2306,0.575
2307,0.6
2308,0.6
2309,0.59
2310,0.71
2311,0.315
2312,0.88
2313,0.225
2314,0.895
2315,0.59
2316,0.9
2317,0.305
2318,0.87
2319,0.89
2320,0.435
2321,0.925
2322,0.845
2323,0.65
2324,0.82
2325,0.395
2326,0.815
2327,0.46
2328,0.71
2329,0.925
2330,0.96
2331,0.685
2332,0.87
2333,0.685
2334,0.775
2335,0.75
2336,0.95
2337,0.815
2338,0.295
2339,0.84
2340,0.865
2341,0.525
2342,0.755
2343,0.52
2344,0.845
2345,0.84
2346,0.9
2347,0.78
2348,0.695
2349,0.665
2350,0.44
2351,0.88
2352,0.885
2353,0.805
2354,0.835
2355,0.595
2356,0.8
2357,0.65
2358,0.785
2359,0.95
2360,0.6
2361,0.76
2362,0.87
2363,0.595
2364,0.745
2365,0.695
2366,0.685
2367,0.57
2368,0.795
2369,0.67
2370,0.825
2371,0.72
2372,0.86
2373,0.625
2374,0.54
2375,0.855
2376,0.285
2377,0.64
2378,0.515
2379,0.68
2380,0.625
2381,0.66
2382,0.93
2383,0.935
2384,0.805
2385,0.945
2386,0.735
2387,0.795
2388,0.835
2389,0.955
2390,0.55
2391,0.9
2392,0.835
2393,0.88
2394,0.79
2395,0.74
2396,0.705
2397,0.675
2398,0.9
2399,0.55
2400,0.925
2401,0.875
2402,0.69
2403,0.57
2404,0.89
2405,0.89
2406,0.775
2407,0.795
2408,0.625
2409,0.765
2410,0.895
2411,0.725
2412,0.6
2413,0.715
2414,0.67
2415,0.92
2416,0.825
2417,0.85
2418,0.385
2419,0.77
2420,0.765
2421,0.91
2422,0.905
2423,0.55
2424,0.6
2425,0.79
2426,0.735
2427,0.62
2428,0.87
2429,0.765
2430,0.925
2431,0.675
2432,0.91
2433,0.805
2434,0.8
2435,0.5
2436,0.55
2437,0.62
2438,0.775
2439,0.76
2440,0.795
2441,0.87
2442,0.675
2443,0.905
2444,0.795
2445,0.45
2446,0.76
2447,0.72
2448,0.82
2449,0.675
2450,0.845
2451,0.72
2452,0.805
2453,0.715
2454,0.84
2455,0.72
2456,0.88
2457,0.975
2458,0.89
2459,0.63
2460,0.62
2461,0.57
2462,0.505
2463,0.29
2464,0.73
2465,0.66
2466,0.455
2467,0.755
2468,0.64
2469,0.665
2470,0.955
2471,0.635
2472,0.89
2473,0.545
2474,0.635
2475,0.69
2476,0.98
2477,0.855
2478,0.505
2479,0.8
2480,0.625
2481,0.415
2482,0.765
2483,0.6
2484,0.7
2485,0.625
2486,0.885
2487,0.655
2488,0.755
2489,0.705
2490,0.795
2491,0.66
2492,0.785
2493,0.85
2494,0.915
2495,0.885
2496,0.725
2497,0.94
2498,0.735
2499,0.825
2500,0.735
2501,0.46
2502,0.525
2503,0.875
2504,0.295
2505,0.515
2506,0.8
2507,0.54
2508,0.64
2509,0.455
2510,0.73
2511,0.8
2512,0.65
2513,0.645
2514,0.335
2515,0.645
2516,0.68
2517,0.725
2518,0.61
2519,0.94
2520,0.435
2521,0.68
2522,0.48
2523,0.88
2524,0.945
2525,0.56
2526,0.58
2527,0.74
2528,0.415
2529,0.705
2530,0.43
2531,0.75
2532,0.845
2533,0.71
2534,0.65
2535,0.69
2536,0.845
2537,0.605
2538,0.67
2539,0.65
2540,0.46
2541,0.58
2542,0.69
2543,0.7
2544,0.755
2545,0.52
2546,0.725
2547,0.775
2548,0.57
2549,0.895
2550,0.87
2551,0.805
2552,0.74
2553,0.79
2554,0.87
2555,0.715
2556,0.855
2557,0.655
2558,0.79
2559,0.835
2560,0.625
2561,0.795
2562,0.585
2563,0.865
2564,0.72
2565,0.805
2566,0.65
2567,0.78
2568,0.63
2569,0.665
2570,0.845
2571,0.64
2572,0.855
2573,0.52
2574,0.55
2575,0.8
2576,0.615
2577,0.745
2578,0.62
2579,0.795
2580,0.59
2581,0.765
2582,0.83
2583,0.86
2584,0.49
2585,0.925
2586,0.93
2587,0.62
2588,0.74
2589,0.83
2590,0.72
2591,0.58
2592,0.595
2593,0.55
2594,0.805
2595,0.925
2596,0.535
2597,0.565
2598,0.8
2599,0.835
2600,0.815
2601,0.635
2602,0.51
2603,0.77
2604,0.67
2605,0.615
2606,0.48
2607,0.67
2608,0.53
2609,0.855
2610,0.45
2611,0.81
2612,0.41
2613,0.755
2614,0.545
2615,0.815
2616,0.89
2617,0.695
2618,0.74
2619,0.825
2620,0.77
2621,0.67
2622,0.775
2623,0.645
2624,0.385
2625,0.425
2626,0.59
2627,0.75
2628,0.965
2629,0.915
2630,0.74
2631,0.68
2632,0.865
2633,0.895
2634,0.665
2635,0.44
2636,0.475
2637,0.875
2638,0.675
2639,0.975
2640,0.6
2641,0.44
2642,0.929
2643,0.765
2644,0.58
2645,0.95
2646,0.795
2647,0.585
2648,0.73
2649,0.8
2650,0.91
2651,0.795
2652,0.56
2653,0.97
2654,0.765
2655,0.87
2656,0.68
2657,0.585
2658,0.74
2659,0.845
2660,0.585
2661,0.745
2662,0.605
2663,0.81
2664,0.6
2665,0.915
2666,0.925
2667,0.5
2668,0.62
2669,0.77
2670,0.665
2671,0.905
2672,0.58
2673,0.45
2674,0.6
2675,0.63
2676,0.7
2677,0.93
2678,0.955
2679,0.585
2680,0.615
2681,0.8
2682,0.855
2683,0.765
2684,0.865
2685,0.72
2686,0.67
2687,0.765
2688,0.61
2689,0.865
2690,0.675
2691,0.645
2692,0.505
2693,0.82
2694,0.435
2695,0.825
2696,0.4
2697,0.765
2698,0.87
2699,0.785
2700,0.805
2701,0.8
2702,0.575
2703,0.745
2704,0.745
2705,0.775
2706,0.795
2707,0.955
2708,0.82
2709,0.78
2710,0.81
2711,0.58
2712,0.78
2713,0.755
2714,0.925
2715,0.78
2716,0.565
2717,0.54
2718,0.315
2719,0.92
2720,0.4
2721,0.81
2722,0.72
2723,0.785
2724,0.82
2725,0.87
2726,0.91
2727,0.865
2728,0.615
2729,0.605
2730,0.335
2731,0.86
2732,0.845
2733,0.765
2734,0.915
2735,0.63
2736,0.86
2737,0.685
2738,0.935
2739,0.525
2740,0.95
2741,0.635
2742,0.545
2743,0.88
2744,0.93
2745,0.85
2746,0.755
2747,0.815
2748,0.92
2749,0.525
2750,0.65
2751,0.96
2752,0.9
2753,0.49
2754,0.77
2755,0.635
2756,0.59
2757,0.715
2758,0.805
2759,0.62
2760,0.555
2761,0.665
2762,0.32
2763,0.69
2764,0.64
2765,0.435
2766,0.935
2767,0.74
2768,0.6
2769,0.755
2770,0.63
2771,0.715
2772,0.56
2773,0.835
2774,0.795
2775,0.935
2776,0.94
2777,0.925
2778,0.775
2779,0.66
2780,0.81
2781,0.685
2782,0.815
2783,0.78
2784,0.6
2785,0.905
2786,0.81
2787,0.895
2788,0.6
2789,0.585
2790,0.6
2791,0.465
2792,0.95
2793,0.645
2794,0.345
2795,0.715
2796,0.63
2797,0.92
2798,0.955
2799,0.925
2800,0.555
2801,0.66
2802,0.58
2803,0.865
2804,0.405
2805,0.885
2806,0.8
2807,0.87
2808,0.985
2809,0.945
2810,0.91
2811,0.74
2812,0.89
2813,0.99
2814,0.97
2815,0.67
2816,0.64
2817,0.63
2818,0.84
2819,0.545
2820,0.475
2821,0.455
2822,0.69
2823,0.835
2824,0.8
2825,0.755
2826,0.575
2827,0.925
2828,0.935
2829,0.63
2830,0.74
2831,0.905
2832,0.82
2833,0.66
2834,0.585
2835,0.755
2836,0.945
2837,0.54
2838,0.905
2839,0.795
2840,0.845
2841,0.915
2842,0.82
2843,0.41
2844,0.685
2845,0.34
2846,0.68
2847,0.81
2848,0.73
2849,0.78
2850,0.675
2851,0.47
2852,0.67
2853,0.87
2854,0.855
2855,0.625
2856,0.76
2857,0.74
2858,0.7
2859,0.625
2860,0.86
2861,0.795
2862,0.45
2863,0.545
2864,0.685
2865,0.735
2866,0.655
2867,0.645
2868,0.93
2869,0.71
2870,0.635
2871,0.56
2872,0.615
2873,0.825
2874,0.81
2875,0.83
2876,0.675
2877,0.96
2878,0.96
2879,0.565
2880,0.885
2881,0.785
2882,0.755
2883,0.775
2884,0.87
2885,0.625
2886,0.9
2887,0.735
2888,0.52
2889,0.6
2890,0.84
2891,0.86
2892,0.89
2893,0.745
2894,0.65
2895,0.835
2896,0.77
2897,0.535
2898,0.8
2899,0.96
2900,0.79
2901,0.86
2902,0.805
2903,0.54
2904,0.6
2905,0.96
2906,0.555
2907,0.715
2908,0.645
2909,0.73
2910,0.61
2911,0.525
2912,0.62
2913,0.81
2914,0.695
2915,0.58
2916,0.82
2917,0.725
2918,0.755
2919,0.88
2920,0.59
2921,0.675
2922,0.325
2923,0.68
2924,0.395
2925,0.91
2926,0.7
2927,0.86
2928,0.57
2929,0.475
2930,0.68
2931,0.56
2932,0.515
2933,0.575
2934,0.73
2935,0.395
2936,0.9
2937,0.875
2938,0.6
2939,0.705
2940,0.965
2941,0.935
2942,0.32
2943,0.68
2944,0.765
2945,0.75
2946,0.81
2947,0.67
2948,0.95
2949,0.535
2950,0.735
2951,0.745
2952,0.845
2953,0.66
2954,0.815
2955,0.815
2956,0.935
2957,0.745
2958,0.56
2959,0.64
2960,0.885
2961,0.74
2962,0.65
2963,0.845
2964,0.365
2965,0.85
2966,0.795
2967,0.755
2968,0.76
2969,0.535
2970,0.66
2971,0.765
2972,0.85
2973,0.825
2974,0.635
2975,0.855
2976,0.75
2977,0.69
2978,0.84
2979,0.635
2980,0.935
2981,0.795
2982,0.96
2983,0.645
2984,0.555
2985,0.75
2986,0.705
2987,0.92
2988,0.78
2989,0.445
2990,0.71
2991,0.62
2992,0.88
2993,0.555
2994,0.8
2995,0.715
2996,0.865
2997,0.695
2998,0.78
2999,0.925
3000,0.755
3001,0.79
3002,0.85
3003,0.465
3004,0.705
3005,0.925
3006,0.625
3007,0.765
3008,0.81
3009,0.84
3010,0.98
3011,0.71
3012,0.755
3013,0.755
3014,0.855
3015,0.88
3016,0.305
3017,0.885
3018,0.58
3019,0.99
3020,0.77
3021,0.84
3022,0.98
3023,0.785
3024,0.635
3025,0.73
3026,0.785
3027,0.855
3028,0.845
3029,0.265
3030,0.735
3031,0.97
3032,0.595
3033,0.755
3034,0.61
3035,0.8
3036,0.695
3037,0.44
3038,0.75
3039,0.835
3040,0.62
3041,0.7
3042,0.725
3043,0.635
3044,0.64
3045,0.67
3046,0.815
3047,0.69
3048,0.74
3049,0.53
3050,0.57
3051,0.69
3052,0.785
3053,0.805
3054,0.71
3055,0.94
3056,0.93
3057,0.695
3058,0.71
3059,0.64
3060,0.835
3061,0.66
3062,0.805
3063,0.475
3064,0.575
3065,0.955
3066,0.83
3067,0.895
3068,0.945
3069,0.68
3070,0.585
3071,0.89
3072,0.855
3073,0.79
3074,0.75
3075,0.47
3076,0.845
3077,0.675
3078,0.86
3079,0.645
3080,0.635
3081,0.27
3082,0.675
3083,0.81
3084,0.915
3085,0.755
3086,0.87
3087,0.665
3088,0.655
3089,0.48
3090,0.825
3091,0.59
3092,0.61
3093,0.58
3094,0.715
3095,0.405
3096,0.22
3097,0.66
3098,0.855
3099,0.49
3100,0.675
3101,0.595
3102,0.695
3103,0.71
3104,0.82
3105,0.905
3106,0.725
3107,0.63
3108,0.41
3109,0.75
3110,0.6
3111,0.675
3112,0.545
3113,0.91
3114,0.93
3115,0.585
3116,0.675
3117,0.71
3118,0.655
3119,0.61
3120,0.61
3121,0.82
3122,0.435
3123,0.665
3124,0.55
3125,0.905
3126,0.9
3127,0.84
3128,0.645
3129,0.95
3130,0.835
3131,0.625
3132,0.725
3133,0.385
3134,0.9
3135,0.67
3136,0.655
3137,0.53
3138,0.81
3139,0.975
3140,0.625
3141,0.565
3142,0.535
3143,0.635
3144,0.65
3145,0.67
3146,0.845
3147,0.775
3148,0.93
3149,0.685
3150,0.905
3151,0.165
3152,0.79
3153,0.81
3154,0.86
3155,0.885
3156,0.94
3157,0.785
3158,0.87
3159,0.515
3160,0.81
3161,0.655
3162,0.74
3163,0.97
3164,0.46
3165,0.905
3166,0.725
3167,0.96
3168,0.725
3169,0.89
3170,0.445
3171,0.745
3172,0.715
3173,0.78
3174,0.765
3175,0.42
3176,0.695
3177,0.48
3178,0.465
3179,0.87
3180,0.71
3181,0.54
3182,0.225
3183,0.92
3184,0.935
3185,0.8
3186,0.88
3187,0.945
3188,0.835
3189,0.52
3190,0.62
3191,0.71
3192,0.965
3193,0.74
3194,0.665
3195,0.87
3196,0.845
3197,0.455
3198,0.795
3199,0.85
3200,0.805
3201,0.595
3202,0.825
3203,0.905
3204,0.925
3205,0.925
3206,0.49
3207,0.775
3208,0.745
3209,0.91
3210,0.88
3211,0.82
3212,0.735
3213,0.77
3214,0.67
3215,0.535
3216,0.77
3217,0.73
3218,0.735
3219,0.99
3220,0.575
3221,0.915
3222,0.435
3223,0.61
3224,0.655
3225,0.94
3226,0.41
3227,0.83
3228,0.77
3229,0.865
3230,0.6
3231,0.57
3232,0.635
3233,0.685
3234,0.85
3235,0.955
3236,0.51
3237,0.86
3238,0.915
3239,0.675
3240,0.735
3241,0.51
3242,0.68
3243,0.78
3244,0.785
3245,0.43
3246,0.49
3247,0.755
3248,0.66
3249,0.69
3250,0.845
3251,0.945
3252,0.71
3253,0.585
3254,0.96
3255,1.0
3256,0.785
3257,0.745
3258,0.865
3259,0.65
3260,0.615
3261,0.68
3262,0.485
3263,0.935
3264,0.82
3265,0.91
3266,0.395
3267,0.755
3268,0.825
3269,0.705
3270,0.985
3271,0.83
3272,0.93
3273,0.505
3274,0.725
3275,0.545
3276,0.495
3277,0.41
3278,0.875
3279,0.505
3280,0.645
3281,0.73
3282,0.94
3283,0.695
3284,0.565
3285,0.78
3286,0.965
3287,0.8
3288,0.765
3289,0.435
3290,0.545
3291,0.86
3292,0.875
3293,0.43
3294,0.53
3295,0.815
3296,0.755
3297,0.93
3298,0.72
3299,0.88
3300,0.78
3301,0.825
3302,0.83
3303,0.51
3304,0.625
3305,0.82
3306,0.755
3307,0.18
3308,0.855
3309,0.885
3310,0.795
3311,0.49
3312,0.735
3313,0.855
3314,0.605
3315,0.41
3316,0.785
3317,0.735
3318,0.695
3319,0.625
3320,0.84
3321,0.92
3322,0.51
3323,0.88
3324,0.865
3325,0.675
3326,0.79
3327,0.675
3328,0.79
3329,0.67
3330,0.7
3331,0.94
3332,0.52
3333,0.52
3334,0.875
3335,0.53
3336,0.46
3337,0.705
3338,0.6
3339,0.76
3340,0.525
3341,0.975
3342,0.935
3343,0.87
3344,0.73
3345,0.805
3346,0.94
3347,0.745
3348,0.91
3349,0.65
3350,0.9
3351,0.715
3352,0.795
3353,0.93
3354,0.855
3355,0.71
3356,0.705
3357,0.635
3358,0.67
3359,0.86
3360,0.725
3361,0.95
3362,0.635
3363,0.97
3364,0.945
3365,0.535
3366,0.62
3367,0.69
3368,0.6
3369,0.99
3370,0.685
3371,0.68
3372,0.405
3373,0.74
3374,0.625
3375,0.64
3376,0.74
3377,0.52
3378,0.72
3379,0.77
3380,0.765
3381,0.525
3382,0.665
3383,0.965
3384,0.81
3385,0.835
3386,0.76
3387,0.65
3388,0.86
3389,0.5
3390,0.265
3391,0.915
3392,0.98
3393,0.88
3394,0.825
3395,0.78
3396,0.905
3397,0.715
3398,0.85
3399,0.945
3400,0.975
3401,0.82
3402,0.725
3403,0.57
3404,0.855
3405,0.865
3406,0.83
3407,0.565
3408,0.755
3409,0.615
3410,0.67
3411,0.835
3412,0.73
3413,0.845
3414,0.9
3415,0.525
3416,0.64
3417,0.64
3418,0.745
3419,0.69
3420,0.39
3421,0.74
3422,0.915
3423,0.85
3424,0.705
3425,0.535
3426,0.765
3427,0.805
3428,0.235
3429,0.77
3430,0.545
3431,0.58
3432,0.64
3433,0.905
3434,0.75
3435,0.715
3436,0.83
3437,0.525
3438,0.615
3439,0.66
3440,0.895
3441,0.695
3442,0.72
3443,0.6
3444,0.39
3445,0.63
3446,0.89
3447,0.75
3448,0.565
3449,0.705
3450,0.855
3451,0.925
3452,0.53
3453,0.85
3454,0.745
3455,0.545
3456,0.575
3457,0.83
3458,0.855
3459,0.935
3460,0.645
3461,0.665
3462,0.335
3463,0.855
3464,0.6
3465,0.825
3466,0.93
3467,0.175
3468,0.75
3469,0.82
3470,0.76
3471,0.49
3472,0.825
3473,0.61
3474,0.795
3475,0.59
3476,0.82
3477,0.695
3478,0.92
3479,0.475
3480,0.67
3481,0.78
3482,0.84
3483,0.645
3484,0.9
3485,0.68
3486,0.6
3487,0.885
3488,0.785
3489,0.83
3490,0.595
3491,0.73
3492,0.385
3493,0.575
3494,0.605
3495,0.97
3496,0.66
3497,0.95
3498,0.965
3499,0.88
3500,0.655
3501,0.645
3502,0.855
3503,0.875
3504,0.63
3505,0.595
3506,0.87
3507,0.755
3508,0.825
3509,0.645
3510,0.88
3511,0.695
3512,0.395
3513,0.86
3514,0.78
3515,0.69
3516,0.825
3517,0.72
3518,0.62
3519,0.475
3520,0.725
3521,0.81
3522,0.98
3523,0.775
3524,0.72
3525,0.585
3526,0.96
3527,0.605
3528,0.755
3529,0.81
3530,0.885
3531,0.52
3532,0.88
3533,0.955
3534,0.645
3535,0.66
3536,0.875
3537,0.9
3538,0.56
3539,0.465
3540,0.9
3541,0.385
3542,0.855
3543,0.695
3544,0.695
3545,0.895
3546,0.465
3547,0.83
3548,0.845
3549,0.885
3550,0.78
3551,0.825
3552,0.79
3553,0.67
3554,0.895
3555,0.965
3556,0.855
3557,0.57
3558,0.44
3559,0.795
3560,0.575
3561,0.68
3562,0.82
3563,0.765
3564,0.685
3565,0.7
3566,0.965
3567,0.625
3568,0.78
3569,0.795
3570,0.59
3571,0.705
3572,0.715
3573,0.255
3574,0.76
3575,0.935
3576,0.675
3577,0.62
3578,0.595
3579,0.57
3580,0.94
3581,0.94
3582,0.77
3583,0.83
3584,0.455
3585,0.97
3586,0.355
3587,0.92
3588,0.555
3589,0.445
3590,0.715
3591,0.845
3592,0.3
3593,0.73
3594,0.57
3595,0.815
3596,0.8
3597,0.64
3598,0.705
3599,0.71
3600,0.97
3601,0.86
3602,0.785
3603,0.71
3604,0.7
3605,0.72
3606,0.795
3607,0.745
3608,0.405
3609,0.645
3610,0.785
3611,0.88
3612,0.865
3613,0.565
3614,0.685
3615,0.78
3616,0.52
3617,0.47
3618,0.63
3619,0.765
3620,0.885
3621,1.0
3622,0.95
3623,0.66
3624,0.73
3625,0.645
3626,0.765
3627,0.75
3628,0.665
3629,0.115
3630,0.68
3631,0.93
3632,0.485
3633,0.825
3634,0.6
3635,0.675
3636,0.915
3637,0.85
3638,0.885
3639,0.685
3640,0.735
3641,0.69
3642,0.72
3643,0.78
3644,0.415
3645,0.89
3646,0.795
3647,0.71
3648,0.73
3649,0.9
3650,0.51
3651,0.95
3652,0.795
3653,0.505
3654,0.935
3655,0.505
3656,0.5
3657,0.93
3658,0.79
3659,0.845
3660,0.875
3661,0.71
3662,0.905
3663,0.705
3664,0.32
3665,0.485
3666,0.665
3667,0.765
3668,0.88
3669,0.785
3670,0.78
3671,0.455
3672,0.76
3673,0.37
3674,0.595
3675,0.745
3676,0.71
3677,0.77
3678,0.465
3679,0.475
3680,0.85
3681,0.915
3682,0.56
3683,0.62
3684,0.965
3685,0.52
3686,0.575
3687,0.66
3688,0.885
3689,0.52
3690,0.435
3691,0.98
3692,0.53
3693,0.86
3694,0.7
3695,0.745
3696,0.86
3697,0.735
3698,0.735
3699,0.835
3700,0.855
3701,0.565
3702,0.96
3703,0.58
3704,0.475
3705,0.575
3706,0.695
3707,0.895
3708,0.585
3709,0.92
3710,0.425
3711,0.355
3712,0.715
3713,0.65
3714,0.84
3715,0.89
3716,0.685
3717,0.71
3718,0.89
3719,0.81
3720,0.645
3721,0.51
3722,0.71
3723,0.65
3724,0.645
3725,0.88
3726,0.835
3727,0.71
3728,0.875
3729,0.59
3730,0.695
3731,0.84
3732,0.825
3733,0.765
3734,0.79
3735,0.74
3736,0.555
3737,0.93
3738,0.65
3739,0.635
3740,0.975
3741,0.685
3742,0.675
3743,0.82
3744,0.595
3745,0.85
3746,0.96
3747,0.675
3748,0.665
3749,0.915
3750,0.8
3751,0.64
3752,0.84
3753,0.635
3754,0.76
3755,0.765
3756,0.81
3757,0.805
3758,0.69
3759,0.805
3760,0.71
3761,0.665
3762,0.51
3763,0.91
3764,0.635
3765,0.92
3766,0.62
3767,0.775
3768,0.85
3769,0.65
3770,0.62
3771,0.645
3772,0.885
3773,0.7
3774,0.925
3775,0.87
3776,0.92
3777,0.595
3778,0.665
3779,0.48
3780,0.875
3781,0.42
3782,0.605
3783,0.71
3784,0.755
3785,0.835
3786,0.63
3787,0.82
3788,0.385
3789,0.845
3790,0.455
3791,0.95
3792,0.78
3793,0.675
3794,0.81
3795,0.845
3796,0.73
3797,0.695
3798,0.54
3799,0.735
3800,0.81
3801,0.665
3802,0.625
3803,0.32
3804,0.54
3805,0.68
3806,0.535
3807,0.925
3808,0.745
3809,0.72
3810,0.915
3811,0.62
3812,0.61
3813,0.645
3814,0.565
3815,0.87
3816,0.18
3817,0.61
3818,0.91
3819,0.585
3820,0.745
3821,0.745
3822,0.78
3823,0.77
3824,0.505
3825,0.795
3826,0.66
3827,0.6
3828,0.855
3829,0.9
3830,0.965
3831,0.775
3832,0.85
3833,0.85
3834,0.6
3835,0.805
3836,0.725
3837,0.7
3838,0.885
3839,0.715
3840,0.68
3841,0.89
3842,0.52
3843,0.625
3844,0.8
3845,0.675
3846,0.78
3847,0.935
3848,0.655
3849,0.94
3850,0.82
3851,0.515
3852,0.87
3853,0.635
3854,0.675
3855,0.665
3856,0.865
3857,0.905
3858,0.485
3859,0.695
3860,0.73
3861,0.35
3862,0.405
3863,0.685
3864,0.8
3865,0.98
3866,0.46
3867,0.98
3868,0.705
3869,0.75
3870,0.7
3871,0.505
3872,0.48
3873,0.56
3874,0.645
3875,0.235
3876,0.635
3877,0.58
3878,0.925
3879,0.685
3880,0.835
3881,0.65
3882,0.54
3883,0.645
3884,0.54
3885,0.74
3886,0.91
3887,0.69
3888,0.635
3889,0.86
3890,0.875
3891,0.54
3892,0.76
3893,0.815
3894,0.395
3895,0.72
3896,0.475
3897,0.85
3898,0.89
3899,0.795
3900,0.73
3901,0.6
3902,0.77
3903,0.49
3904,0.705
3905,0.86
3906,0.765
3907,0.56
3908,0.975
3909,0.815
3910,0.75
3911,0.685
3912,0.79
3913,0.8
3914,0.205
3915,0.465
3916,0.875
3917,0.74
3918,0.645
3919,0.82
3920,0.71
3921,0.83
3922,0.41
3923,0.745
3924,0.725
3925,0.69
3926,0.7
3927,0.77
3928,0.79
3929,0.7
3930,0.505
3931,0.605
3932,0.43
3933,0.94
3934,0.87
3935,0.555
3936,0.55
3937,0.915
3938,0.755
3939,0.79
3940,0.65
3941,0.94
3942,0.825
3943,0.59
3944,0.855
3945,0.915
3946,0.845
3947,0.66
3948,0.75
3949,0.965
3950,0.35
3951,0.695
3952,0.765
3953,0.615
3954,0.575
3955,0.87
3956,0.42
3957,0.55
3958,0.715
3959,0.495
3960,0.645
3961,0.87
3962,0.71
3963,0.61
3964,0.955
3965,0.785
3966,0.62
3967,0.915
3968,0.77
3969,0.635
3970,0.545
3971,0.38
3972,0.845
3973,0.62
3974,0.77
3975,0.83
3976,0.945
3977,0.815
3978,0.775
3979,0.8
3980,0.69
3981,0.815
3982,0.45
3983,0.715
3984,0.645
3985,0.88
3986,0.925
3987,0.855
3988,0.82
3989,0.89
3990,0.59
3991,0.76
3992,0.475
3993,0.845
3994,0.715
3995,0.925
3996,0.69
3997,0.655
3998,0.265
3999,0.655
4000,0.665
4001,0.56
4002,0.9
4003,0.62
4004,0.885
4005,0.8
4006,0.31
4007,0.705
4008,0.86
4009,0.615
4010,0.945
4011,0.9
4012,0.71
4013,0.38
4014,0.525
4015,0.935
4016,0.705
4017,0.445
4018,0.605
4019,0.83
4020,0.79
4021,0.775
4022,0.83
4023,0.66
4024,0.92
4025,0.565
4026,0.975
4027,0.83
4028,0.73
4029,0.685
4030,0.74
4031,0.625
4032,0.92
4033,0.96
4034,0.655
4035,0.62
4036,0.335
4037,0.82
4038,0.91
4039,0.565
4040,0.745
4041,0.695
4042,0.64
4043,0.57
4044,0.83
4045,0.35
4046,0.75
4047,0.85
4048,0.805
4049,0.765
4050,0.775
4051,0.79
4052,0.595
4053,0.865
4054,0.925
4055,0.88
4056,0.455
4057,0.465
4058,0.445
4059,0.385
4060,0.78
4061,0.905
4062,0.65
4063,0.74
4064,0.705
4065,0.615
4066,0.805
4067,0.21
4068,0.815
4069,0.705
4070,0.85
4071,0.875
4072,0.625
4073,0.51
4074,0.345
4075,0.24
4076,0.81
4077,0.81
4078,0.76
4079,0.39
4080,0.29
4081,0.895
4082,0.48
4083,0.83
4084,0.975
4085,0.685
4086,0.715
4087,0.555
4088,0.77
4089,0.79
4090,0.91
4091,0.435
4092,0.675
4093,0.88
4094,0.965
4095,0.745
4096,0.855
4097,0.715
4098,0.73
4099,0.715
4100,0.82
4101,0.745
4102,0.815
4103,0.635
4104,0.76
4105,0.88
4106,0.88
4107,0.855
4108,0.805
4109,0.5
4110,0.69
4111,0.92
4112,0.94
4113,0.635
4114,0.895
4115,0.71
4116,0.855
4117,0.72
4118,0.935
4119,0.64
4120,0.575
4121,0.595
4122,0.715
4123,0.515
4124,0.4
4125,0.865
4126,0.655
4127,0.86
4128,0.635
4129,0.725
4130,0.9
4131,0.45
4132,0.82
4133,0.575
4134,0.655
4135,0.495
4136,0.9
4137,0.755
4138,0.71
4139,0.785
4140,0.86
4141,0.825
4142,0.8
4143,0.53
4144,0.76
4145,0.765
4146,0.525
4147,0.935
4148,0.7
4149,0.585
4150,0.78
4151,0.96
4152,0.51
4153,0.975
4154,0.705
4155,0.84
4156,0.65
4157,0.645
4158,0.675
4159,0.585
4160,0.805
4161,0.99
4162,0.925
4163,0.75
4164,0.66
4165,0.7
4166,0.41
4167,0.92
4168,0.715
4169,0.61
4170,0.795
4171,0.71
4172,0.75
4173,0.735
4174,0.95
4175,0.78
4176,0.51
4177,0.795
4178,0.695
4179,0.64
4180,0.985
4181,0.435
4182,0.87
4183,0.58
4184,0.99
4185,0.89
4186,0.73
4187,0.955
4188,0.7
4189,0.595
4190,0.79
4191,0.92
4192,0.405
4193,0.955
4194,0.635
4195,0.655
4196,0.905
4197,0.44
4198,0.665
4199,0.855
4200,0.92
4201,0.625
4202,0.485
4203,0.95
4204,0.78
4205,0.745
4206,0.74
4207,0.84
4208,0.905
4209,0.8
4210,0.805
4211,0.865
4212,0.61
4213,0.815
4214,0.89
4215,0.57
4216,0.925
4217,0.705
4218,0.775
4219,0.73
4220,0.65
4221,0.7
4222,0.915
4223,0.51
4224,0.785
4225,0.655
4226,0.82
4227,0.65
4228,0.845
4229,0.4
4230,0.75
4231,0.865
4232,0.905
4233,0.9
4234,0.58
4235,0.865
4236,0.765
4237,0.71
4238,0.975
4239,0.86
4240,0.73
4241,0.6
4242,0.78
4243,0.67
4244,0.65
4245,0.505
4246,0.665
4247,0.75
4248,0.915
4249,0.575
4250,0.815
4251,0.605
4252,0.37
4253,0.725
4254,0.815
4255,0.94
4256,0.575
4257,0.75
4258,0.955
4259,0.75
4260,0.945
4261,0.52
4262,0.66
4263,0.765
4264,0.385
4265,0.935
4266,0.565
4267,0.25
4268,0.8
4269,0.87
4270,0.765
4271,0.58
4272,0.665
4273,0.745
4274,0.66
4275,0.81
4276,0.9
4277,0.655
4278,0.69
4279,0.305
4280,0.77
4281,0.67
4282,0.945
4283,0.83
4284,0.81
4285,0.45
4286,0.645
4287,0.72
4288,0.715
4289,0.94
4290,0.885
4291,0.78
4292,0.67
4293,0.625
4294,0.79
4295,0.655
4296,0.74
4297,0.65
4298,0.345
4299,0.88
4300,0.665
4301,0.955
4302,0.485
4303,0.665
4304,0.82
4305,0.8
4306,0.92
4307,0.65
4308,0.51
4309,0.955
4310,0.785
4311,0.875
4312,0.7
4313,0.86
4314,0.925
4315,0.685
4316,0.93
4317,0.725
4318,0.74
4319,0.78
4320,0.685
4321,0.85
4322,0.93
4323,0.685
4324,0.875
4325,0.87
4326,0.825
4327,0.39
4328,0.86
4329,0.61
4330,0.795
4331,0.81
4332,0.9
4333,0.615
4334,0.725
4335,0.49
4336,0.735
4337,0.23
4338,0.97
4339,0.93
4340,0.54
4341,0.88
4342,0.855
4343,0.895
4344,0.875
4345,0.545
4346,0.685
4347,0.57
4348,0.82
4349,0.83
4350,0.86
4351,0.65
4352,0.95
4353,0.535
4354,0.725
4355,0.625
4356,0.525
4357,0.76
4358,0.88
4359,0.955
4360,0.685
4361,0.715
4362,0.2
4363,0.71
4364,0.76
4365,0.76
4366,0.485
4367,0.98
4368,0.61
4369,0.77
4370,0.68
4371,0.94
4372,0.525
4373,0.93
4374,0.685
4375,0.97
4376,0.705
4377,0.545
4378,0.695
4379,0.93
4380,0.715
4381,0.62
4382,0.875
4383,0.88
4384,0.72
4385,0.71
4386,0.675
4387,0.93
4388,0.555
4389,0.925
4390,0.925
4391,0.8
4392,0.71
4393,0.59
4394,0.89
4395,0.95
4396,0.785
4397,0.62
4398,0.71
4399,0.72
4400,0.685
4401,0.8
4402,0.53
4403,0.81
4404,0.92
4405,0.49
4406,0.87
4407,0.855
4408,0.7
4409,0.69
4410,0.605
4411,0.915
4412,0.805
4413,0.635
4414,0.935
4415,0.505
4416,0.88
4417,0.735
4418,0.92
4419,0.64
4420,0.36
4421,0.64
4422,0.74
4423,0.93
4424,0.795
4425,0.67
4426,0.935
4427,0.88
4428,0.295
4429,0.765
4430,0.785
4431,0.695
4432,0.7
4433,0.845
4434,0.74
4435,0.495
4436,0.89
4437,0.745
4438,0.505
4439,0.64
4440,0.935
4441,0.68
4442,0.625
4443,0.95
4444,0.955
4445,0.7
4446,0.58
4447,0.885
4448,0.97
4449,0.285
4450,0.655
4451,0.65
4452,0.81
4453,0.675
4454,0.645
4455,0.68
4456,0.685
4457,0.85
4458,0.505
4459,0.95
4460,0.78
4461,0.695
4462,0.88
4463,0.63
4464,0.655
4465,0.805
4466,0.79
4467,0.935
4468,0.83
4469,0.59
4470,0.665
4471,0.93
4472,0.655
4473,0.9
4474,0.505
4475,0.885
4476,0.795
4477,0.59
4478,0.63
4479,0.65
4480,0.25
4481,0.505
4482,0.455
4483,0.485
4484,0.685
4485,0.91
4486,0.66
4487,0.785
4488,0.71
4489,0.7
4490,0.68
4491,0.915
4492,0.605
4493,0.715
4494,0.885
4495,0.795
4496,0.725
4497,0.975
4498,0.675
4499,0.645
4500,0.97
4501,0.45
4502,0.785
4503,0.94
4504,0.715
4505,0.405
4506,0.485
4507,0.885
4508,0.905
4509,0.81
4510,0.83
4511,0.675
4512,0.75
4513,0.83
4514,0.435
4515,0.67
4516,0.645
4517,0.715
4518,0.73
4519,0.635
4520,0.785
4521,0.83
4522,0.47
4523,0.745
4524,0.72
4525,0.665
4526,0.94
4527,0.96
4528,0.835
4529,0.555
4530,0.625
4531,0.655
4532,0.985
4533,0.92
4534,0.705
4535,0.745
4536,0.69
4537,0.915
4538,0.375
4539,0.855
4540,0.56
4541,0.765
4542,0.66
4543,0.84
4544,0.77
4545,0.715
4546,0.965
4547,0.835
4548,0.66
4549,0.76
4550,0.88
4551,0.575
4552,0.59
4553,0.94
4554,0.755
4555,0.965
4556,0.735
4557,0.585
4558,0.655
4559,0.965
4560,0.88
4561,0.73
4562,0.76
4563,0.825
4564,0.745
4565,0.83
4566,0.625
4567,0.845
4568,0.735
4569,0.805
4570,0.98
4571,0.405
4572,0.645
4573,0.955
4574,0.985
4575,0.75
4576,0.605
4577,0.925
4578,0.975
4579,0.74
4580,0.655
4581,0.75
4582,0.71
4583,0.715
4584,0.815
4585,0.615
4586,0.92
4587,0.815
4588,0.79
4589,0.585
4590,0.77
4591,0.98
4592,0.65
4593,0.855
4594,0.64
4595,0.495
4596,0.715
4597,0.895
4598,0.405
4599,0.955
4600,0.675
4601,0.415
4602,0.18
4603,0.915
4604,0.835
4605,0.575
4606,0.915
4607,0.74
4608,0.63
4609,0.8
4610,0.905
4611,0.58
4612,0.8
4613,0.805
4614,0.69
4615,0.81
4616,0.71
4617,0.89
4618,0.705
4619,0.875
4620,0.845
4621,0.58
4622,0.39
4623,0.62
4624,0.965
4625,0.775
4626,0.85
4627,0.97
4628,0.745
4629,0.975
4630,0.77
4631,0.7
4632,0.535
4633,0.81
4634,0.95
4635,0.56
4636,0.87
4637,0.145
4638,0.51
4639,0.91
4640,0.515
4641,0.99
4642,0.675
4643,0.465
4644,0.385
4645,0.625
4646,0.69
4647,0.64
4648,0.785
4649,0.92
4650,0.69
4651,0.885
4652,0.865
4653,0.32
4654,0.42
4655,0.625
4656,0.625
4657,0.705
4658,0.695
4659,0.905
4660,0.57
4661,0.775
4662,0.585
4663,0.515
4664,0.925
4665,0.835
4666,0.92
4667,0.84
4668,0.755
4669,0.765
4670,0.645
4671,0.485
4672,0.6
4673,0.575
4674,0.73
4675,0.745
4676,0.96
4677,0.74
4678,0.875
4679,0.915
4680,0.805
4681,0.735
4682,0.595
4683,0.835
4684,0.995
4685,0.92
4686,0.84
4687,0.54
4688,0.61
4689,0.465
4690,0.86
4691,0.545
4692,0.805
4693,0.91
4694,0.875
4695,0.5
4696,0.855
4697,0.615
4698,0.825
4699,0.845
4700,0.565
4701,0.655
4702,0.81
4703,0.675
4704,0.81
4705,0.6
4706,0.99
4707,0.665
4708,0.72
4709,0.83
4710,0.855
4711,0.615
4712,0.925
4713,0.775
4714,0.685
4715,0.395
4716,0.785
4717,0.41
4718,0.66
4719,0.55
4720,0.655
4721,0.31
4722,0.78
4723,0.72
4724,0.39
4725,0.405
4726,0.93
4727,0.84
4728,0.765
4729,0.97
4730,0.49
4731,0.72
4732,0.9
4733,0.92
4734,0.76
4735,0.72
4736,0.565
4737,0.755
4738,0.68
4739,0.745
4740,0.555
4741,0.82
4742,0.96
4743,0.755
4744,0.875
4745,0.66
4746,0.98
4747,0.855
4748,0.7
4749,0.885
4750,0.61
4751,0.725
4752,0.71
4753,0.65
4754,0.92
4755,0.475
4756,0.8
4757,0.905
4758,0.955
4759,0.51
4760,0.5
4761,0.78
4762,0.97
4763,0.71
4764,0.78
4765,0.575
4766,0.95
4767,0.485
4768,0.77
4769,0.705
4770,0.76
4771,0.76
4772,0.955
4773,0.845
4774,0.65
4775,0.73
4776,0.745
4777,0.515
4778,0.885
4779,0.835
4780,0.735
4781,0.685
4782,0.52
4783,0.385
4784,0.525
4785,0.84
4786,0.625
4787,0.89
4788,0.85
4789,0.755
4790,0.97
4791,0.845
4792,0.6
4793,0.78
4794,0.62
4795,0.875
4796,0.84
4797,0.955
4798,0.46
4799,0.715
4800,0.905
4801,0.56
4802,0.86
4803,0.715
4804,0.955
4805,0.93
4806,0.83
4807,0.68
4808,0.755
4809,0.865
4810,0.95
4811,0.775
4812,0.725
4813,0.285
4814,0.735
4815,0.7
4816,0.625
4817,0.715
4818,0.77
4819,0.7
4820,0.63
4821,0.805
4822,0.745
4823,0.55
4824,0.885
4825,0.595
4826,0.93
4827,0.555
4828,0.9
4829,0.29
4830,0.89
4831,0.61
4832,0.91
4833,0.895
4834,0.58
4835,0.725
4836,0.8
4837,0.985
4838,0.625
4839,0.75
4840,0.955
4841,0.65
4842,0.86
4843,0.92
4844,0.735
4845,0.655
4846,0.805
4847,0.64
4848,0.655
4849,0.65
4850,0.435
4851,0.575
4852,0.86
4853,0.7
4854,0.275
4855,0.915
4856,0.52
4857,0.46
4858,0.56
4859,0.975
4860,0.625
4861,0.87
4862,0.88
4863,0.815
4864,0.745
4865,0.73
4866,0.71
4867,0.515
4868,0.73
4869,0.765
4870,0.59
4871,0.905
4872,0.855
4873,0.6
4874,0.805
4875,0.94
4876,0.585
4877,0.61
4878,0.745
4879,0.62
4880,0.725
4881,0.83
4882,0.89
4883,0.625
4884,0.395
4885,0.93
4886,0.81
4887,0.87
4888,0.77
4889,0.445
4890,0.705
4891,0.615
4892,0.7
4893,0.76
4894,0.56
4895,0.595
4896,0.78
4897,0.94
4898,0.265
4899,0.475
4900,0.635
4901,0.68
4902,0.725
4903,0.69
4904,0.66
4905,0.765
4906,0.67
4907,0.74
4908,0.72
4909,0.705
4910,0.92
4911,0.965
4912,0.85
4913,0.565
4914,0.68
4915,0.915
4916,0.74
4917,0.585
4918,0.875
4919,0.96
4920,0.62
4921,0.745
4922,0.755
4923,0.735
4924,0.73
4925,0.72
4926,0.785
4927,0.745
4928,0.78
4929,0.805
4930,0.71
4931,0.78
4932,0.805
4933,0.775
4934,0.195
4935,0.55
4936,0.665
4937,0.57
4938,0.945
4939,0.75
4940,0.955
4941,0.585
4942,0.575
4943,0.47
4944,0.54
4945,0.745
4946,0.65
4947,0.685
4948,0.885
4949,0.625
4950,0.915
4951,0.79
4952,0.635
4953,0.715
4954,0.77
4955,0.725
4956,0.865
4957,0.645
4958,0.995
4959,0.89
4960,0.865
4961,0.805
4962,0.78
4963,0.785
4964,0.555
4965,0.5
4966,0.99
4967,0.935
4968,0.88
4969,0.715
4970,0.925
4971,0.925
4972,0.6
4973,0.665
4974,0.76
4975,0.855
4976,0.435
4977,0.84
4978,0.63
4979,0.9
4980,0.73
4981,0.795
4982,0.675
4983,0.97
4984,0.76
4985,0.975
4986,0.7
4987,0.485
4988,0.63
4989,0.965
4990,0.99
4991,0.67
4992,0.795
4993,0.865
4994,0.775
4995,0.8
4996,0.545
4997,0.63
4998,0.805
4999,0.83
5000,0.555
5001,0.585
5002,0.675
5003,0.48
5004,0.52
5005,0.985
5006,0.66
5007,0.52
5008,0.745
5009,0.555
5010,0.805
5011,0.64
5012,0.9
5013,0.725
5014,0.76
5015,0.615
5016,0.695
5017,0.7
5018,0.775
5019,0.88
5020,0.89
5021,0.855
5022,0.39
5023,0.41
5024,0.89
5025,0.8
5026,0.96
5027,0.94
5028,0.15
5029,0.59
5030,0.71
5031,0.86
5032,0.46
5033,0.58
5034,0.855
5035,0.625
5036,0.79
5037,0.635
5038,0.725
5039,0.835
5040,0.835
5041,0.755
5042,0.825
5043,0.715
5044,0.915
5045,0.715
5046,0.64
5047,0.675
5048,0.98
5049,0.29
5050,0.635
5051,0.77
5052,0.475
5053,0.56
5054,0.91
5055,0.85
5056,0.65
5057,0.935
5058,0.695
5059,0.895
5060,0.705
5061,0.775
5062,0.655
5063,0.54
5064,0.94
5065,0.75
5066,0.7
5067,0.945
5068,0.775
5069,0.455
5070,0.735
5071,0.66
5072,0.925
5073,0.585
5074,0.615
5075,0.825
5076,0.435
5077,0.76
5078,0.375833
5079,0.905
5080,0.645
5081,0.95
5082,0.8
5083,0.5
5084,0.75
5085,0.955
5086,0.745
5087,0.905
5088,0.615
5089,0.825
5090,0.925
5091,0.73
5092,0.335
5093,0.885
5094,0.835
5095,0.76
5096,0.915
5097,0.96
5098,0.89
5099,0.885
5100,0.795
5101,0.665
5102,0.645
5103,0.86
5104,0.835
5105,0.47
5106,0.85
5107,0.5
5108,0.71
5109,0.535
5110,0.74
5111,0.82
5112,0.7
5113,0.625
5114,0.76
5115,0.775
5116,0.585
5117,0.61
5118,0.52
5119,0.94
5120,0.565
5121,0.58
5122,0.88
5123,0.985
5124,0.96
5125,0.64
5126,0.405
5127,0.82
5128,0.755
5129,0.835
5130,0.805
5131,0.68
5132,0.575
5133,0.645
5134,0.72
5135,0.805
5136,0.855
5137,0.895
5138,0.83
5139,0.785
5140,0.935
5141,0.805
5142,0.72
5143,0.59
5144,0.805
5145,0.71
5146,0.935
5147,0.74
5148,0.795
5149,0.465
5150,0.995
5151,0.885
5152,0.925
5153,0.72
5154,0.785
5155,0.765
5156,0.53
5157,0.81
5158,0.915
5159,0.705
5160,0.665
5161,0.34
5162,0.695
5163,0.69
5164,0.29
5165,0.605
5166,0.635
5167,0.605
5168,0.6
5169,0.61
5170,0.69
5171,0.615
5172,0.765
5173,0.81
5174,0.595
5175,0.64
5176,0.785
5177,0.875
5178,0.915
5179,0.7
5180,0.495
5181,0.615
5182,0.68
5183,0.985
5184,0.39
5185,0.685
5186,0.965
5187,0.565
5188,0.87
5189,0.875
5190,0.855
5191,0.78
5192,0.605
5193,0.925
5194,0.465
5195,0.87
5196,0.61
5197,0.92
5198,0.495
5199,0.865
5200,0.71
5201,0.605
5202,0.97
5203,0.745
5204,0.97
5205,0.95
5206,0.44
5207,0.69
5208,0.52
5209,0.43
5210,0.615
5211,0.955
5212,0.915
5213,0.585
5214,0.785
5215,0.73
5216,0.435
5217,0.825
5218,0.82
5219,0.445
5220,0.635
5221,0.715
5222,0.68
5223,0.5
5224,0.465
5225,0.845
5226,0.51
5227,0.225
5228,0.625
5229,0.83
5230,0.535
5231,0.705
5232,0.585
5233,0.87
5234,0.865
5235,0.87
5236,0.83
5237,0.65
5238,0.94
5239,0.42
5240,0.8
5241,0.84
5242,0.97
5243,0.865
5244,0.7
5245,0.66
5246,0.49
5247,0.595
5248,0.83
5249,0.69
5250,0.855
5251,0.585
5252,0.63
5253,0.46
5254,0.545
5255,0.615
5256,0.725
5257,0.84
5258,0.915
5259,0.93
5260,0.93
5261,0.665
5262,0.805
5263,0.72
5264,0.53
5265,0.67
5266,0.785
5267,0.685
5268,0.65
5269,0.56
5270,0.97
5271,0.96
5272,0.77
5273,0.66
5274,0.765
5275,0.65
5276,0.92
5277,0.515
5278,0.51
5279,0.655
5280,0.79
5281,0.6
5282,0.725
5283,0.485
5284,0.715
5285,0.715
5286,0.86
5287,0.77
5288,0.9
5289,0.86
5290,0.67
5291,0.375
5292,0.835
5293,0.83
5294,0.875
5295,0.755
5296,0.555
5297,0.5
5298,0.83
5299,0.885
5300,0.83
5301,0.675
5302,0.88
5303,0.57
5304,0.61
5305,0.865
5306,0.435
5307,0.96
5308,0.755
5309,0.935
5310,0.54
5311,0.64
5312,0.475
5313,0.395
5314,0.86
5315,0.695
5316,0.635
5317,0.915
5318,0.485
5319,0.835
5320,0.765
5321,0.385
5322,0.71
5323,0.745
5324,0.725
5325,0.565
5326,0.935
5327,0.95
5328,0.865
5329,0.935
5330,0.54
5331,0.655
5332,0.41
5333,0.63
5334,0.495
5335,0.79
5336,0.57
5337,0.71
5338,0.43
5339,0.915
5340,0.57
5341,0.655
5342,0.78
5343,0.85
5344,0.62
5345,0.455
5346,0.695
5347,0.605
5348,0.885
5349,0.145
5350,0.745
5351,0.78
5352,0.81
5353,0.77
5354,0.72
5355,0.89
5356,0.86
5357,0.615
5358,0.97
5359,0.77
5360,0.72
5361,0.775
5362,0.685
5363,0.38
5364,0.62
5365,0.86
5366,0.905
5367,0.84
5368,0.765
5369,0.845
5370,0.59
5371,0.785
5372,0.65
5373,0.78
5374,0.705
5375,0.35
5376,0.27
5377,0.7
5378,0.725
5379,0.435
5380,0.655
5381,0.66
5382,0.705
5383,0.615
5384,0.62
5385,0.53
5386,0.81
5387,0.77
5388,0.645
5389,0.495
5390,0.6
5391,0.82
5392,0.92
5393,0.82
5394,0.555
5395,0.875
5396,0.585
5397,0.71
5398,0.735
5399,0.91
5400,0.365
5401,0.63
5402,0.75
5403,0.845
5404,0.49
5405,0.6
5406,0.665
5407,0.5
5408,0.65
5409,0.95
5410,0.965
5411,0.9
5412,0.855
5413,0.745
5414,0.65
5415,0.925
5416,0.73
5417,0.695
5418,0.915
5419,0.8
5420,0.73
5421,0.76
5422,0.64
5423,0.455
5424,0.895
5425,0.89
5426,0.845
5427,0.745
5428,0.77
5429,0.8
5430,0.645
5431,0.595
5432,0.535
5433,0.925
5434,0.61
5435,0.6
5436,0.96
5437,0.77
5438,0.725
5439,0.435
5440,0.76
5441,0.825
5442,0.465
5443,0.485
5444,0.6
5445,0.79
5446,0.585
5447,0.685
5448,0.725
5449,0.925
5450,0.425
5451,0.835
5452,0.57
5453,0.765
5454,0.82
5455,0.95
5456,0.665
5457,0.285
5458,0.785
5459,0.57
5460,0.85
5461,0.775
5462,0.79
5463,0.935
5464,0.295
5465,0.835
5466,0.885
5467,0.665
5468,0.605
5469,0.92
5470,0.56
5471,0.66
5472,0.245
5473,0.7
5474,0.835
5475,0.56
5476,0.535
5477,0.885
5478,0.51
5479,0.835
5480,0.625
5481,0.735
5482,0.695
5483,0.715
5484,0.695
5485,0.54
5486,0.575
5487,0.365
5488,0.61
5489,0.555
5490,0.81
5491,0.93
5492,0.76
5493,0.36
5494,0.585
5495,0.79
5496,0.67
5497,0.905
5498,0.905
5499,0.395
5500,0.97
5501,0.845
5502,0.44
5503,0.805
5504,0.58
5505,0.68
5506,0.715
5507,0.965
5508,0.775
5509,0.97
5510,0.565
5511,0.76
5512,0.755
5513,0.56
5514,0.765
5515,0.475
5516,0.855
5517,0.435
5518,0.495
5519,0.74
5520,0.915
5521,0.77
5522,0.92
5523,0.14
5524,0.62
5525,0.65
5526,0.475
5527,0.87
5528,0.7
5529,0.79
5530,0.91
5531,0.71
5532,0.721
5533,0.86
5534,0.705
5535,0.6
5536,0.705
5537,0.58
5538,0.85
5539,0.53
5540,0.72
5541,0.58
5542,0.75
5543,0.929
5544,0.795
5545,0.625
5546,0.85
5547,0.96
5548,0.47
5549,0.755
5550,0.665
5551,0.83
5552,0.71
5553,0.57
5554,0.815
5555,0.8
5556,0.645
5557,0.675
5558,0.935
5559,0.735
5560,0.57
5561,0.59
5562,0.6
5563,0.685
5564,0.475
5565,0.68
5566,0.83
5567,0.71
5568,0.98
5569,0.605
5570,0.86
5571,0.9
5572,0.38
5573,0.46
5574,0.97
5575,0.48
5576,0.765
5577,0.92
5578,0.595
5579,0.705
5580,0.76
5581,0.88
5582,0.615
5583,0.78
5584,0.335
5585,0.58
5586,0.74
5587,0.905
5588,0.76
5589,0.385
5590,0.565
5591,0.96
5592,0.68
5593,0.705
5594,0.515
5595,0.76
5596,0.87
5597,0.74
5598,0.405
5599,0.725
5600,0.72
5601,0.915
5602,0.715
5603,0.63
5604,0.83
5605,0.83
5606,0.75
5607,0.93
5608,0.535
5609,0.61
5610,0.685
5611,0.495
5612,0.815
5613,0.665
5614,0.775
5615,0.66
5616,0.605
5617,0.79
5618,0.765
5619,0.655
5620,0.675
5621,0.825
5622,0.895
5623,0.63
5624,0.385
5625,0.255
5626,0.765
5627,0.44
5628,0.75
5629,0.505
5630,0.93
5631,0.875
5632,0.8
5633,0.695
5634,0.56
5635,0.95
5636,0.855
5637,0.535
5638,0.965
5639,0.77
5640,0.635
5641,0.22
5642,0.825
5643,0.905
5644,0.91
5645,0.955
5646,0.685
5647,0.745
5648,0.685
5649,0.745
5650,0.46
5651,0.385
5652,0.745
5653,0.93
5654,0.735
5655,0.64
5656,0.75
5657,0.765
5658,0.68
5659,0.32
5660,0.82
5661,0.375
5662,0.475
5663,0.81
5664,0.53
5665,0.935
5666,0.54
5667,0.9
5668,0.8
5669,0.63
5670,0.49
5671,0.95
5672,0.85
5673,0.535
5674,0.81
5675,0.825
5676,0.65
5677,0.825
5678,0.83
5679,0.365
5680,0.91
5681,0.935
5682,0.755
5683,0.818571
5684,0.86
5685,0.55
5686,0.755
5687,0.71
5688,0.89
5689,0.89
5690,0.815
5691,0.87
5692,0.935
5693,0.685
5694,0.635
5695,0.925
5696,0.295
5697,0.82
5698,0.63
5699,0.965
5700,0.785
5701,0.87
5702,0.59
5703,0.88
5704,0.805
5705,0.62
5706,0.615
5707,0.89
5708,0.46
5709,0.71
5710,0.78
5711,0.455
5712,0.49
5713,0.345
5714,0.42
5715,0.52
5716,0.805
5717,0.775
5718,0.995
5719,0.8
5720,0.865
5721,0.805
5722,0.885
5723,0.8
5724,0.475
5725,0.8
5726,0.885
5727,0.92
5728,0.655
5729,0.765
5730,0.875
5731,0.655
5732,0.895
5733,0.66
5734,0.895
5735,0.705
5736,0.86
5737,0.77
5738,0.46
5739,0.925
5740,0.705
5741,0.73
5742,0.965
5743,0.765
5744,0.645
5745,0.85
5746,0.905
5747,0.39
5748,0.835
5749,0.92
5750,0.825
5751,0.68
5752,0.805
5753,0.885
5754,0.625
5755,0.795
5756,0.735
5757,0.605
5758,0.555
5759,0.555
5760,0.665
5761,0.855
5762,0.635
5763,0.975
5764,0.415
5765,0.685
5766,0.57
5767,0.35
5768,0.95
5769,0.6
5770,0.885
5771,0.62
5772,0.51
5773,0.78
5774,0.79
5775,0.555
5776,0.76
5777,0.96
5778,0.75
5779,0.615
5780,0.63
5781,0.84
5782,0.455
5783,0.85
5784,0.63
5785,0.705
5786,0.94
5787,0.545
5788,0.95
5789,0.6
5790,0.89
5791,0.765
5792,0.815
5793,0.405
5794,0.635
5795,0.745
5796,0.82
5797,0.5
5798,0.705
5799,0.525
5800,0.91
5801,0.805
5802,0.745
5803,0.925
5804,0.48
5805,0.525
5806,0.69
5807,0.82
5808,0.74
5809,0.865
5810,0.755
5811,0.87
5812,0.37
5813,0.955
5814,0.68
5815,0.6
5816,0.625
5817,0.61
5818,0.71
5819,0.56
5820,0.435
5821,0.685
5822,0.495
5823,0.72
5824,0.925
5825,0.685
5826,0.35
5827,0.535
5828,0.795
5829,0.83
5830,0.665
5831,0.765
5832,0.985
5833,0.735
5834,0.835
5835,0.815
5836,0.715
5837,0.765
5838,0.705
5839,0.71
5840,0.685
5841,0.51
5842,0.78
5843,0.525
5844,0.55
5845,0.46
5846,0.7
5847,0.775
5848,0.935
5849,0.715
5850,0.665
5851,0.79
5852,0.785
5853,0.82
5854,0.815
5855,0.75
5856,0.82
5857,0.51
5858,0.655
5859,0.495
5860,0.79
5861,0.505
5862,0.74
5863,0.93
5864,0.9
5865,0.545
5866,0.96
5867,0.7
5868,0.62
5869,0.72
5870,0.77
5871,0.745
5872,0.695
5873,0.995
5874,0.795
5875,0.87
5876,0.615
5877,0.71
5878,0.63
5879,0.43
5880,0.665
5881,0.725
5882,0.41
5883,0.815
5884,0.77
5885,0.91
5886,0.845
5887,0.335
5888,0.705
5889,0.66
5890,0.32
5891,0.85
5892,0.63
5893,0.67
5894,0.725
5895,0.77
5896,0.94
5897,0.835
5898,0.65
5899,0.575
5900,0.645
5901,0.775
5902,0.4
5903,0.795
5904,0.5
5905,0.865
5906,0.82
5907,0.93
5908,0.85
5909,0.605
5910,0.67
5911,0.61
5912,0.69
5913,0.945
5914,0.43
5915,0.78
5916,0.85
5917,0.64
5918,0.665
5919,0.845
5920,0.97
5921,0.85
5922,0.89
5923,0.805
5924,0.65
5925,0.68
5926,0.69
5927,0.795
5928,0.755
5929,0.88
5930,0.67
5931,0.9
5932,0.85
5933,0.635
5934,0.585
5935,0.805
5936,0.77
5937,0.795
5938,0.81
5939,0.995
5940,0.455
5941,0.755
5942,0.865
5943,0.495
5944,0.845
5945,0.75
5946,0.58
5947,0.785
5948,0.55
5949,0.855
5950,0.52
5951,0.74
5952,0.56
5953,0.7
5954,0.895
5955,0.935
5956,0.65
5957,0.765
5958,0.82
5959,0.815
5960,0.545
5961,0.84
5962,0.84
5963,0.76
5964,0.805
5965,0.805
5966,0.78
5967,0.645
5968,0.93
5969,0.47
5970,0.585
5971,0.69
5972,0.42
5973,0.655
5974,0.925
5975,0.93
5976,0.765
5977,0.74
5978,0.94
5979,0.8
5980,0.88
5981,0.83
5982,0.46
5983,0.72
5984,0.595
5985,0.375
5986,0.695
5987,0.775
5988,0.76
5989,0.605
5990,0.715
5991,0.655
5992,0.76
5993,0.695
5994,0.695
5995,0.67
5996,0.915
5997,0.925
5998,0.81
5999,0.72
6000,0.875
6001,0.515
6002,0.94
6003,0.67
6004,0.72
6005,0.365
6006,0.765
6007,0.77
6008,0.855
6009,0.895
6010,0.665
6011,0.755
6012,0.78
6013,0.865
6014,0.685
6015,0.595
6016,0.92
6017,0.96
6018,0.82
6019,0.74
6020,0.77
6021,0.675
6022,0.88
6023,0.745
6024,0.715
6025,0.88
6026,0.805
6027,0.585
6028,0.445
6029,0.855
6030,0.78
6031,0.885
6032,0.59
6033,0.615
6034,0.925
6035,0.59
6036,0.85
6037,0.39
6038,0.565
6039,0.44
6040,0.69
6041,0.82
6042,0.73
6043,0.965
6044,0.75
6045,0.71
6046,0.84
6047,0.575
6048,0.83
6049,0.78
6050,0.93
6051,0.515
6052,0.62
6053,0.705
6054,0.62
6055,0.675
6056,0.68
6057,0.705
6058,0.735
6059,0.745
6060,0.65
6061,0.94
6062,0.46
6063,0.855
6064,0.825
6065,0.86
6066,0.45
6067,0.475
6068,0.545
6069,0.605
6070,0.88
6071,0.61
6072,0.49
6073,0.585
6074,0.68
6075,0.615
6076,0.83
6077,0.525
6078,0.795
6079,0.825
6080,0.68
6081,0.685
6082,0.64
6083,0.68
6084,0.425
6085,0.765
6086,0.555
6087,0.94
6088,0.74
6089,0.91
6090,0.735
6091,0.735
6092,0.82
6093,0.63
6094,0.11
6095,0.59
6096,0.86
6097,0.365
6098,0.95
6099,0.805
6100,0.65
6101,0.61
6102,0.545
6103,0.55
6104,0.845
6105,0.82
6106,0.735
6107,0.085
6108,0.665
6109,0.7
6110,0.71
6111,0.455
6112,0.82
6113,0.785
6114,0.79
6115,0.965
6116,0.9
6117,0.96
6118,0.78
6119,0.59
6120,0.475
6121,0.955
6122,0.875
6123,0.735
6124,0.535
6125,0.72
6126,0.8
6127,0.67
6128,0.46
6129,0.705
6130,0.75
6131,0.75
6132,0.775
6133,0.5
6134,0.645
6135,0.895
6136,0.65
6137,0.61
6138,0.46
6139,0.875
6140,0.745
6141,0.795
6142,0.39
6143,0.845
6144,0.845
6145,0.845
6146,0.58
6147,0.78
6148,0.695
6149,0.97
6150,0.51
6151,0.975
6152,0.435
6153,0.925
6154,0.755
6155,0.855
6156,0.705
6157,0.77
6158,0.4
6159,0.85
6160,0.8
6161,0.57
6162,0.93
6163,0.855
6164,0.915
6165,0.75
6166,0.94
6167,0.485
6168,0.815
6169,0.585
6170,0.705
6171,0.47
6172,0.75
6173,0.635
6174,0.72
6175,0.335
6176,0.84
6177,0.535
6178,0.735
6179,0.755
6180,0.78
6181,0.705
6182,0.93
6183,0.57
6184,0.175
6185,0.65
6186,0.595833
6187,0.95
6188,0.63
6189,0.695
6190,0.945
6191,0.82
6192,0.525
6193,0.965
6194,0.695
6195,0.92
6196,0.96
6197,0.76
6198,0.835
6199,0.525
6200,0.87
6201,0.46
6202,0.78
6203,0.855
6204,0.86
6205,0.9
6206,0.575
6207,0.76
6208,0.85
6209,0.81
6210,0.435
6211,0.835
6212,0.745
6213,0.59
6214,0.78
6215,0.68
6216,0.855
6217,0.64
6218,0.715
6219,0.605
6220,0.97
6221,0.82
6222,0.92
6223,0.76
6224,0.865
6225,0.515
6226,0.78
6227,0.56
6228,0.655
6229,0.435
6230,0.68
6231,0.72
6232,0.82
6233,0.705
6234,0.535
6235,0.605
6236,0.99
6237,0.8
6238,0.54
6239,0.85
6240,0.66
6241,0.435
6242,0.715
6243,0.86
6244,0.8
6245,0.6
6246,0.775
6247,0.71
6248,0.375
6249,0.675
6250,0.675
6251,0.755
6252,0.65
6253,0.795
6254,0.825
6255,0.46
6256,0.755
6257,0.53
6258,0.885
6259,0.685
6260,0.68
6261,0.59
6262,0.55
6263,0.72
6264,0.645
6265,0.635
6266,0.35
6267,0.725
6268,0.685
6269,0.7
6270,0.79
6271,0.84
6272,0.895
6273,0.75
6274,0.555
6275,0.55
6276,0.555
6277,0.85
6278,0.75
6279,0.88
6280,0.885
6281,0.775
6282,0.64
6283,0.84
6284,0.865
6285,0.185
6286,0.69
6287,0.635
6288,0.595
6289,0.875
6290,0.545
6291,0.75
6292,0.355
6293,0.755
6294,0.81
6295,0.87
6296,0.545
6297,0.78
6298,0.78
6299,0.155
6300,0.72
6301,0.64
6302,0.345
6303,0.615
6304,0.74
6305,0.735
6306,0.665
6307,0.72
6308,0.625
6309,0.685
6310,0.71
6311,0.72
6312,0.645
6313,0.535
6314,0.855
6315,0.935
6316,0.94
6317,0.555
6318,0.755
6319,0.67
6320,0.76
6321,0.925
6322,0.735
6323,0.645
6324,0.65
6325,0.6
6326,0.445
6327,0.715
6328,0.795
6329,0.94
6330,0.7
6331,0.43
6332,0.815
6333,0.825
6334,0.73
6335,0.9
6336,0.628333
6337,0.535
6338,0.84
6339,0.84
6340,0.83
6341,0.575
6342,0.945
6343,0.92
6344,0.935
6345,0.395
6346,0.59
6347,0.315
6348,0.8
6349,0.465
6350,0.965
6351,0.845
6352,0.98
6353,0.69
6354,0.94
6355,0.935
6356,0.785
6357,0.56
6358,0.675
6359,0.675
6360,0.41
6361,0.83
6362,0.675
6363,0.67
6364,0.71
6365,0.73
6366,0.535
6367,0.735
6368,0.73
6369,0.755
6370,0.585
6371,0.43
6372,0.41
6373,0.925
6374,0.75
6375,0.78
6376,0.525
6377,0.655
6378,0.9
6379,0.705
6380,0.585
6381,0.925
6382,0.68
6383,0.745
6384,0.725
6385,0.745
6386,0.65
6387,0.805
6388,0.575
6389,0.96
6390,0.785
6391,0.89
6392,0.68
6393,0.58
6394,0.485
6395,0.715
6396,0.54
6397,0.355
6398,0.885
6399,0.915
6400,0.695
6401,0.76
6402,0.74
6403,0.775
6404,0.72
6405,0.71
6406,0.785
6407,0.945
6408,0.825
6409,0.45
6410,0.505
6411,0.755
6412,0.715
6413,0.695
6414,0.725
6415,0.805
6416,0.875
6417,0.485
6418,0.905
6419,0.7
6420,0.995
6421,0.805
6422,0.795
6423,0.7
6424,0.79
6425,0.645
6426,0.9
6427,0.765
6428,0.955
6429,0.62
6430,0.695
6431,0.78
6432,0.925
6433,0.665
6434,0.98
6435,0.73
6436,0.975
6437,0.47
6438,0.865
6439,0.585
6440,0.685
6441,0.805
6442,0.72
6443,0.61
6444,0.98
6445,0.415
6446,0.88
6447,0.895
6448,0.88
6449,0.52
6450,0.96
6451,0.745
6452,0.64
6453,0.83
6454,0.735
6455,0.84
6456,0.115
6457,0.67
6458,0.525
6459,0.965
6460,0.665
6461,0.74
6462,0.78
6463,0.72
6464,0.805
6465,0.865
6466,0.665
6467,0.96
6468,0.82
6469,0.995
6470,0.66
6471,0.6
6472,0.825
6473,0.64
6474,0.905
6475,0.745
6476,0.795
6477,0.725
6478,0.505
6479,0.675
6480,0.655
6481,0.86
6482,0.97
6483,0.565
6484,0.82
6485,0.665
6486,0.77
6487,0.615
6488,0.825
6489,0.76
6490,0.93
6491,0.93
6492,0.59
6493,0.925
6494,0.82
6495,0.93
6496,0.885
6497,0.98
6498,0.365
6499,0.72
6500,0.63
6501,0.44
6502,0.325
6503,0.345
6504,0.825
6505,0.64
6506,0.425
6507,0.47
6508,0.965
6509,0.72
6510,0.88
6511,0.61
6512,0.71
6513,0.585
6514,0.45
6515,0.35
6516,0.935
6517,0.6
6518,0.795
6519,0.765
6520,0.68
6521,0.65
6522,0.9
6523,0.895
6524,0.595
6525,0.585
6526,0.595
6527,0.915
6528,0.94
6529,0.73
6530,0.44
6531,0.695
6532,0.825
6533,0.925
6534,0.74
6535,0.675
6536,0.775
6537,0.69
6538,0.185
6539,0.57
6540,0.965
6541,0.475
6542,0.785
6543,0.655
6544,0.68
6545,0.735
6546,0.795
6547,0.83
6548,0.575
6549,0.745
6550,0.88
6551,0.835
6552,0.645
6553,0.72
6554,0.93
6555,0.82
6556,0.53
6557,0.78
6558,0.63
6559,0.45
6560,0.665
6561,0.905
6562,0.8
6563,0.86
6564,0.695
6565,0.615
6566,0.62
6567,0.865
6568,0.86
6569,0.65
6570,0.55
6571,0.89
6572,0.835
6573,0.895
6574,0.485
6575,0.775
6576,0.825
6577,0.7
6578,0.97
6579,0.69
6580,0.545
6581,0.805
6582,0.935
6583,0.8
6584,0.945
6585,0.83
6586,0.69
6587,0.88
6588,0.815
6589,0.85
6590,0.65
6591,0.48
6592,0.84
6593,0.905
6594,0.2
6595,0.65
6596,0.595
6597,0.575
6598,0.77
6599,0.935
6600,0.535
6601,0.715
6602,0.71
6603,0.66
6604,0.81
6605,0.655
6606,0.835
6607,0.79
6608,0.74
6609,0.575
6610,0.685
6611,0.175
6612,0.705
6613,0.805
6614,0.695
6615,0.425
6616,0.595
6617,0.945
6618,0.48
6619,0.54
6620,0.46
6621,0.435
6622,0.755
6623,0.58
6624,0.865
6625,0.76
6626,0.93
6627,0.755
6628,0.975
6629,0.925
6630,0.835
6631,0.77
6632,0.86
6633,0.665
6634,0.755
6635,0.6
6636,0.945
6637,0.665
6638,0.91
6639,0.78
6640,0.625
6641,0.375
6642,0.675
6643,0.965
6644,0.385
6645,0.915
6646,0.47
6647,0.845
6648,0.945
6649,0.675
6650,0.54
6651,0.75
6652,0.45
6653,0.635
6654,0.495
6655,0.785
6656,0.61
6657,0.5
6658,0.775
6659,0.865
6660,0.945
6661,0.855
6662,0.66
6663,0.555
6664,0.815
6665,0.77
6666,0.725
6667,0.475
6668,0.915
6669,0.86
6670,0.705
6671,0.6
6672,0.97
6673,0.62
6674,0.86
6675,0.65
6676,0.835
6677,0.735
6678,0.385
6679,0.415
6680,0.675
6681,0.75
6682,0.425
6683,0.45
6684,0.93
6685,0.99
6686,0.665
6687,0.83
6688,0.9
6689,0.82
6690,0.54
6691,0.665
6692,0.725
6693,0.63
6694,0.795
6695,0.765
6696,0.98
6697,0.615
6698,0.695
6699,0.85
6700,0.85
6701,0.76
6702,0.945
6703,0.81
6704,0.425
6705,0.625
6706,0.555
6707,0.74
6708,0.725
6709,0.57
6710,0.725
6711,0.64
6712,0.67
6713,0.795
6714,0.68
6715,0.87
6716,0.52
6717,0.585
6718,0.81
6719,0.78
6720,0.57
6721,0.845
6722,0.94
6723,0.83
6724,0.59
6725,0.665
6726,0.935
6727,0.75
6728,0.545
6729,0.97
6730,0.905
6731,0.585
6732,0.85
6733,0.975
6734,0.64
6735,0.745
6736,0.915
6737,0.545
6738,0.835
6739,0.7
6740,0.91
6741,0.685
6742,0.88
6743,0.58
6744,0.63
6745,0.56
6746,0.59
6747,0.745
6748,0.805
6749,0.86
6750,0.765
6751,0.725
6752,0.845
6753,0.86
6754,0.68
6755,0.765
6756,0.68
6757,0.965
6758,0.625
6759,0.86
6760,0.55
6761,0.91
6762,0.945
6763,0.905
6764,0.89
6765,0.405
6766,0.795
6767,0.59
6768,0.515
6769,0.8
6770,0.655
6771,0.75
6772,0.97
6773,0.53
6774,0.93
6775,0.615
6776,0.82
6777,0.58
6778,0.835
6779,0.61
6780,0.7
6781,0.645
6782,0.855
6783,0.735
6784,0.875
6785,0.935
6786,0.825
6787,0.75
6788,0.58
6789,0.84
6790,0.775
6791,0.74
6792,0.48
6793,0.745
6794,0.37
6795,0.885
6796,0.88125
6797,0.56
6798,0.51
6799,0.965
6800,0.815
6801,0.935
6802,0.545
6803,0.79
6804,0.88
6805,0.965
6806,0.785
6807,0.76
6808,0.525
6809,0.61
6810,0.41
6811,0.78
6812,0.575
6813,0.955
6814,0.7
6815,0.595
6816,0.585
6817,0.94
6818,0.88
6819,0.65
6820,0.68
6821,0.47
6822,0.845
6823,0.945
6824,0.53
6825,0.845
6826,0.665
6827,0.655
6828,0.38
6829,0.57
6830,0.69
6831,0.415
6832,0.615
6833,0.53
6834,0.76
6835,0.735
6836,0.795
6837,0.735
6838,0.865
6839,0.655
6840,0.86
6841,0.97
6842,0.62
6843,0.755
6844,0.735
6845,0.965
6846,0.81
6847,0.64
6848,0.37
6849,0.96
6850,0.835
6851,0.71
6852,0.86
6853,0.92
6854,0.595
6855,0.56
6856,0.785
6857,0.785
6858,0.725
6859,0.75
6860,0.685
6861,0.855
6862,0.44
6863,0.855
6864,0.74
6865,0.94
6866,0.535
6867,0.825
6868,0.965
6869,0.765
6870,0.725
6871,0.635
6872,0.58
6873,0.8
6874,0.64
6875,0.375
6876,0.605
6877,0.865
6878,0.515
6879,0.58
6880,0.905
6881,0.69
6882,0.505
6883,0.58
6884,0.98
6885,0.73
6886,0.82
6887,0.89
6888,0.68
6889,0.75
6890,0.7
6891,0.9
6892,0.79
6893,0.86
6894,0.885
6895,0.77
6896,0.505
6897,0.69
6898,0.905
6899,0.985
6900,0.825
6901,0.98
6902,0.87
6903,0.74
6904,0.21
6905,0.955
6906,0.805
6907,0.765
6908,0.745
6909,0.46
6910,0.875
6911,0.91
6912,0.725
6913,0.6
6914,0.675
6915,0.77
6916,0.86
6917,0.605
6918,0.85
6919,0.39
6920,0.7
6921,0.675
6922,0.715
6923,0.64
6924,0.895
6925,0.84
6926,0.83
6927,0.67
6928,0.435
6929,0.97
6930,0.93
6931,0.87
6932,0.355
6933,0.87
6934,0.865
6935,0.845
6936,0.905
6937,0.585
6938,0.925
6939,0.77
6940,0.545
6941,0.655
6942,0.705
6943,0.83
6944,0.685
6945,0.83
6946,0.875
6947,0.655
6948,0.665
6949,0.92
6950,0.97
6951,0.83
6952,0.875
6953,0.475
6954,0.795
6955,0.92
6956,0.695
6957,0.67
6958,0.595
6959,0.885
6960,0.785
6961,0.8
6962,0.72
6963,0.71
6964,0.875
6965,0.84
6966,0.525
6967,0.635
6968,0.865
6969,0.635
6970,0.67
6971,0.96
6972,0.695
6973,0.875
6974,0.98
6975,0.72
6976,0.645
6977,0.62
6978,0.75
6979,0.815
6980,0.83
6981,0.935
6982,0.545
6983,0.835
6984,0.775
6985,0.615
6986,0.585
6987,0.8
6988,0.685
6989,0.635
6990,0.98
6991,0.8
6992,0.67
6993,0.61
6994,0.845
6995,0.515
6996,0.705
6997,0.635
6998,0.54
6999,0.44
7000,0.6
7001,0.855
7002,0.895
7003,0.485
7004,0.665
7005,0.75
7006,0.59
7007,0.635
7008,0.79
7009,0.72
7010,0.895
7011,0.72
7012,0.75
7013,0.715
7014,0.895
7015,0.915
7016,0.555
7017,0.365
7018,0.54
7019,0.775
7020,0.84
7021,0.93
7022,0.6
7023,0.905
7024,0.94
7025,0.67
7026,0.72
7027,0.76
7028,0.605
7029,0.74
7030,0.88
7031,0.63
7032,0.33
7033,0.525
7034,0.645
7035,0.865
7036,0.565
7037,0.64
7038,0.79
7039,0.36
7040,0.71
7041,0.685
7042,0.93
7043,0.705
7044,0.79
7045,0.805
7046,0.515
7047,0.44
7048,0.8
7049,0.9
7050,0.755
7051,0.96
7052,0.875
7053,0.525
7054,0.785
7055,0.935
7056,0.905
7057,0.605
7058,0.96
7059,0.36
7060,0.715
7061,0.965
7062,0.89
7063,0.74
7064,0.685
7065,0.62
7066,0.705
7067,0.505
7068,0.83
7069,0.615
7070,0.855
7071,0.855
7072,0.76
7073,0.645
7074,0.785
7075,0.97
7076,0.485
7077,0.495
7078,0.79
7079,0.535
7080,0.75
7081,0.72
7082,0.99
7083,0.875
7084,0.825
7085,0.715
7086,0.73
7087,0.955
7088,0.765
7089,0.825
7090,0.505
7091,0.38
7092,0.875
7093,0.87
7094,0.65
7095,0.785
7096,0.835
7097,0.71
7098,0.645
7099,0.92
7100,0.83
7101,0.865
7102,0.395
7103,0.595
7104,0.965
7105,0.555
7106,0.68
7107,0.575
7108,0.965
7109,0.57
7110,0.555
7111,0.75
7112,0.785
7113,0.755
7114,0.81
7115,0.86
7116,0.965
7117,0.745
7118,0.795
7119,0.835
7120,0.675
7121,0.7
7122,0.315
7123,0.655
7124,0.91
7125,0.705
7126,0.575
7127,0.72
7128,0.76
7129,0.36
7130,0.79
7131,0.865
7132,0.73
7133,0.48
7134,0.515
7135,0.63
7136,0.71
7137,0.65
7138,0.82
7139,0.925
7140,0.89
7141,0.695
7142,0.54
7143,0.94
7144,0.83
7145,0.74
7146,0.72
7147,0.56
7148,0.805
7149,0.6
7150,0.88
7151,0.735
7152,0.64
7153,0.96
7154,0.58
7155,0.47
7156,0.58
7157,0.87
7158,0.725
7159,0.915
7160,0.5
7161,0.77
7162,0.56
7163,0.765
7164,0.355
7165,0.675
7166,0.55
7167,0.715
7168,0.855
7169,0.835
7170,0.59
7171,0.61
7172,0.7
7173,0.555
7174,0.85
7175,0.495
7176,0.635
7177,0.435
7178,0.9
7179,0.74
7180,0.67
7181,0.92
7182,0.515
7183,0.855
7184,0.795
7185,0.725
7186,0.79
7187,0.65
7188,0.5
7189,0.73
7190,0.61
7191,0.675
7192,0.755
7193,0.635
7194,0.96
7195,0.89
7196,0.97
7197,0.75
7198,0.955
7199,0.955
7200,0.835
7201,0.665
7202,0.78
7203,0.94
7204,0.84
7205,0.755
7206,0.89
7207,0.805
7208,0.71
7209,0.56
7210,0.95
7211,0.595
7212,0.475
7213,0.76
7214,0.325
7215,0.75
7216,0.81
7217,0.49
7218,0.54
7219,0.45
7220,0.905
7221,0.595
7222,0.785
7223,0.78
7224,0.875
7225,0.6
7226,0.675
7227,0.575
7228,0.725
7229,0.775
7230,0.605
7231,0.49
7232,0.705
7233,0.925
7234,0.97
7235,0.83
7236,0.965
7237,0.795
7238,0.595
7239,0.625
7240,0.575
7241,0.62
7242,0.565
7243,0.905
7244,0.865
7245,0.555
7246,0.465
7247,0.925
7248,0.815
7249,0.795
7250,0.41
7251,0.925
7252,0.855
7253,0.35
7254,0.89
7255,0.735
7256,0.915
7257,0.89
7258,0.57
7259,0.635
7260,0.885
7261,0.905
7262,0.655
7263,0.63
7264,0.715
7265,0.895
7266,0.55
7267,0.785
7268,0.375
7269,0.665
7270,0.9
7271,0.68
7272,0.905
7273,0.675
7274,0.59
7275,0.635
7276,0.855
7277,0.895
7278,0.53
7279,0.355
7280,0.77
7281,0.835
7282,0.72
7283,0.795
7284,0.71
7285,0.6
7286,0.76
7287,0.945
7288,0.96
7289,0.705
7290,0.985
7291,0.905
7292,0.735
7293,0.605
7294,0.82
7295,0.62
7296,0.77
7297,0.755
7298,0.865
7299,0.65
7300,0.675
7301,0.83
7302,0.905
7303,0.755
7304,0.85
7305,0.68
7306,0.82
7307,0.91
7308,0.905
7309,0.735
7310,0.94
7311,0.88
7312,0.65
7313,0.805
7314,0.895
7315,0.67
7316,0.6
7317,0.595
7318,0.825
7319,0.75
7320,0.785
7321,0.695
7322,0.905
7323,0.795
7324,0.685
7325,0.645
7326,0.755
7327,0.475
7328,0.98
7329,0.67
7330,0.92
7331,0.735
7332,0.72
7333,0.895
7334,0.43
7335,0.465
7336,0.635
7337,0.84
7338,0.715
7339,0.275
7340,0.64
7341,0.75
7342,0.655
7343,0.655
7344,0.905
7345,0.725
7346,0.435
7347,0.86
7348,0.675
7349,0.55
7350,0.905
7351,0.94
7352,0.765
7353,0.845
7354,0.935
7355,0.84
7356,0.615
7357,0.745
7358,0.59
7359,0.65
7360,0.67
7361,0.795
7362,0.47
7363,0.535
7364,0.965
7365,0.815
7366,0.58
7367,0.66
7368,0.725
7369,0.91
7370,0.425
7371,0.735
7372,0.775
7373,0.83
7374,0.85
7375,0.73
7376,0.605
7377,0.515
7378,0.805
7379,0.875
7380,0.965
7381,0.865
7382,0.495
7383,0.205
7384,0.775
7385,0.735
7386,0.695
7387,0.945
7388,0.705
7389,0.64
7390,0.7
7391,0.73
7392,0.635
7393,0.25
7394,0.88
7395,0.845
7396,0.44
7397,0.605
7398,0.985
7399,0.875
7400,0.97
7401,0.975
7402,0.72
7403,0.53
7404,0.51
7405,0.85
7406,0.66
7407,0.57
7408,0.785
7409,0.755
7410,0.725
7411,0.675
7412,0.96
7413,0.745
7414,0.84
7415,0.67
7416,0.59
7417,0.965
7418,0.685
7419,0.86
7420,0.875
7421,0.725
7422,0.73
7423,0.9
7424,0.845
7425,0.75
7426,0.505
7427,0.915
7428,0.71
7429,0.595
7430,0.47
7431,0.9
7432,0.875
7433,0.96
7434,0.885
7435,0.855
7436,0.945
7437,0.64
7438,0.925
7439,0.91
7440,0.67
7441,0.76
7442,0.865
7443,0.44
7444,0.835
7445,0.58
7446,0.565
7447,0.845
7448,0.78
7449,0.98
7450,0.97
7451,0.84
7452,0.415
7453,0.975
7454,0.46
7455,0.505
7456,0.435
7457,0.755
7458,0.63
7459,0.785
7460,0.935
7461,0.86
7462,0.375
7463,0.86
7464,1.0
7465,0.935
7466,0.49
7467,0.725
7468,0.355
7469,0.805
7470,0.935
7471,0.635
7472,0.595
7473,0.855
7474,0.735
7475,0.98
7476,0.63
7477,0.51
7478,0.355
7479,0.825
7480,0.69
7481,0.71
7482,0.815
7483,0.955
7484,0.48
7485,0.46
7486,0.515
7487,0.545
7488,0.93
7489,0.82
7490,0.6
7491,0.815
7492,0.705
7493,0.655
7494,0.82
7495,0.38
7496,0.855
7497,0.62
7498,0.74
7499,0.485
7500,0.83
7501,0.56
7502,0.87
7503,0.87
7504,0.97
7505,0.815
7506,0.86
7507,0.67
7508,0.485
7509,0.27
7510,0.595
7511,0.495
7512,0.75
7513,0.895
7514,0.645
7515,0.59
7516,0.895
7517,0.56
7518,0.6
7519,0.855
7520,0.74
7521,0.555
7522,0.82
7523,0.56
7524,0.795
7525,0.695
7526,0.735
7527,0.77
7528,0.73
7529,0.62
7530,0.745
7531,0.75
7532,0.355
7533,0.92
7534,0.765
7535,0.9
7536,0.73
7537,0.895
7538,0.965
7539,0.485
7540,0.525
7541,0.72
7542,0.56
7543,0.845
7544,0.915
7545,0.52
7546,0.705
7547,0.815
7548,0.84
7549,0.885
7550,0.71
7551,0.525
7552,0.58
7553,0.79
7554,0.725
7555,0.79
7556,0.625
7557,0.605
7558,0.76
7559,0.83
7560,0.295
7561,0.96
7562,0.9
7563,0.94
7564,0.615
7565,0.76
7566,0.76
7567,0.635
7568,0.925
7569,0.75
7570,0.775
7571,0.52
7572,0.575
7573,0.77
7574,0.635
7575,0.655
7576,0.45
7577,0.66
7578,0.815
7579,0.68
7580,0.645
7581,0.925
7582,0.375
7583,0.69
7584,0.635
7585,0.715
7586,0.705
7587,0.855
7588,0.83
7589,0.68
7590,0.9
7591,0.775
7592,0.845
7593,0.81
7594,0.435
7595,0.53
7596,0.4
7597,0.38
7598,0.615
7599,0.83
7600,0.675
7601,0.78
7602,0.885
7603,0.745
7604,0.755
7605,0.645
7606,0.52
7607,0.855
7608,0.8
7609,0.935
7610,0.66
7611,0.815
7612,0.625
7613,0.835
7614,0.685
7615,0.63
7616,0.52
7617,0.765
7618,0.805
7619,0.665
7620,0.545
7621,0.905
7622,0.65
7623,0.855
7624,0.765
7625,0.54
7626,0.825
7627,0.565
7628,0.57
7629,0.79
7630,0.95
7631,0.945
7632,0.755
7633,0.705
7634,0.845
7635,0.52
7636,0.635
7637,0.75
7638,0.895
7639,0.45
7640,0.68
7641,0.8
7642,0.265
7643,0.32
7644,0.825
7645,0.88
7646,0.765
7647,0.405
7648,0.705
7649,0.66
7650,0.68
7651,0.85
7652,0.87
7653,0.64
7654,0.715
7655,0.995
7656,0.665
7657,0.675
7658,0.84
7659,0.72
7660,0.785
7661,0.96
7662,0.53
7663,0.63
7664,0.74
7665,0.8
7666,0.36
7667,0.43
7668,0.815
7669,0.84
7670,0.775
7671,0.835
7672,0.515
7673,0.595
7674,0.755
7675,0.63
7676,0.63
7677,0.935
7678,0.615
7679,0.52
7680,0.93
7681,0.75
7682,0.705
7683,0.735
7684,0.585
7685,0.66
7686,0.82
7687,0.56
7688,0.64
7689,0.785
7690,0.845
7691,0.615
7692,0.13
7693,0.98
7694,0.945
7695,0.96
7696,0.855
7697,0.975
7698,0.83
7699,0.625
7700,0.835
7701,0.4
7702,0.84
7703,0.61
7704,0.5
7705,0.72
7706,0.67
7707,0.965
7708,0.82
7709,0.655
7710,0.55
7711,0.41
7712,0.64
7713,0.875
7714,0.735
7715,0.61
7716,0.695
7717,0.46
7718,0.5
7719,0.525
7720,0.755
7721,0.685
7722,0.47
7723,0.635
7724,0.85
7725,0.695
7726,0.92
7727,0.78
7728,0.965
7729,0.78
7730,0.76
7731,0.49
7732,0.755
7733,0.59
7734,0.545
7735,0.855
7736,0.655
7737,0.95
7738,0.84
7739,0.69
7740,0.725
7741,0.675
7742,0.875
7743,0.695
7744,0.565
7745,0.715
7746,0.565
7747,0.905
7748,0.96
7749,0.55
7750,0.415
7751,0.7
7752,0.775
7753,0.865
7754,0.34
7755,0.755
7756,0.78
7757,0.8
7758,0.52
7759,0.865
7760,0.535
7761,0.805
7762,0.825
7763,0.98
7764,0.7
7765,0.5
7766,0.725
7767,0.725
7768,0.705
7769,0.71
7770,0.77
7771,0.525
7772,0.425
7773,0.81
7774,0.935
7775,0.77
7776,0.8
7777,0.905
7778,0.65
7779,0.92
7780,0.795
7781,0.85
7782,0.595
7783,0.835
7784,0.785
7785,0.6
7786,0.745
7787,0.73
7788,0.755
7789,0.935
7790,0.74
7791,0.865
7792,0.925
7793,0.755
7794,0.65
7795,0.575
7796,0.9
7797,0.375
7798,0.875
7799,0.805
7800,0.605
7801,0.655
7802,0.76
7803,0.76
7804,0.85
7805,0.76
7806,0.72
7807,0.84
7808,0.39
7809,0.37
7810,0.69
7811,0.81
7812,0.48
7813,0.64
7814,0.63
7815,0.98
7816,0.645
7817,0.675
7818,0.905
7819,0.675
7820,0.76
7821,0.585
7822,0.75
7823,0.685
7824,0.62
7825,0.58
7826,0.95
7827,0.655
7828,0.865
7829,0.705
7830,0.69
7831,0.89
7832,0.95
7833,0.62
7834,0.635
7835,0.615
7836,0.9
7837,0.755
7838,0.595
7839,0.695
7840,0.595
7841,0.595
7842,0.74
7843,0.72
7844,0.84
7845,0.935
7846,0.77
7847,0.935
7848,0.63
7849,0.505
7850,0.75
7851,0.855
7852,0.65
7853,0.74
7854,0.42
7855,0.875
7856,0.655
7857,0.59
7858,0.665
7859,0.75
7860,0.72
7861,0.855
7862,0.86
7863,0.455
7864,0.445
7865,0.595
7866,0.61
7867,0.855
7868,0.855
7869,0.835
7870,0.73
7871,0.87
7872,0.585
7873,0.14
7874,0.885
7875,0.525
7876,0.95
7877,0.655
7878,0.635
7879,0.635
7880,0.96
7881,0.78
7882,0.75
7883,0.545
7884,0.76
7885,0.915
7886,0.755
7887,0.475
7888,0.745
7889,0.735
7890,0.83
7891,0.6
7892,0.975
7893,0.905
7894,0.705
7895,0.395
7896,0.51
7897,0.58
7898,0.385
7899,0.89
7900,0.845
7901,0.935
7902,0.73
7903,0.78
7904,0.625
7905,0.775
7906,0.68
7907,0.255
7908,0.485
7909,0.75
7910,0.625
7911,0.87
7912,0.785
7913,0.535
7914,0.56
7915,0.555
7916,0.78
7917,0.665
7918,0.46
7919,0.775
7920,0.865
7921,0.53
7922,0.685
7923,0.855
7924,0.57
7925,0.565
7926,0.735
7927,0.62
7928,0.72
7929,0.82
7930,0.355
7931,0.51
7932,0.665
7933,0.965
7934,0.93
7935,0.525
7936,0.735
7937,0.605
7938,0.665
7939,0.585
7940,0.84
7941,0.615
7942,0.26
7943,0.805
7944,0.825
7945,0.785
7946,0.86
7947,0.875
7948,0.54
7949,0.92
7950,0.96
7951,0.955
7952,0.475
7953,0.885
7954,0.63
7955,0.46
7956,0.525
7957,0.945
7958,0.955
7959,0.665
7960,0.81
7961,0.765
7962,0.67
7963,0.76
7964,0.88
7965,0.815
7966,0.84
7967,0.85
7968,0.6
7969,0.84
7970,0.745
7971,0.875
7972,0.62
7973,0.705
7974,0.5
7975,0.83
7976,0.725
7977,0.64
7978,0.8
7979,0.53
7980,0.79
7981,0.985
7982,0.755
7983,0.745
7984,0.97
7985,0.835
7986,0.73
7987,0.73
7988,0.88
7989,0.645
7990,0.8
7991,0.775
7992,0.695
7993,0.745
7994,0.41
7995,0.445
7996,0.88
7997,0.71
7998,0.735
7999,0.455
8000,0.69
8001,0.685
8002,0.68
8003,0.795
8004,0.595
8005,0.81
8006,0.815
8007,0.795
8008,0.585
8009,0.75
8010,0.9
8011,0.7
8012,0.72
8013,0.73
8014,0.5
8015,0.905
8016,0.785
8017,0.895
8018,0.75
8019,0.61
8020,0.85
8021,0.6
8022,0.65
8023,0.66
8024,0.365
8025,0.485
8026,0.84
8027,0.94
8028,0.66
8029,0.94
8030,0.965
8031,0.705
8032,0.21
8033,0.595
8034,0.715
8035,0.715
8036,0.845
8037,0.73
8038,0.7
8039,0.895
8040,0.945
8041,0.84
8042,0.635
8043,0.555
8044,0.955
8045,0.59
8046,0.71
8047,0.835
8048,0.695
8049,0.42
8050,0.71
8051,0.715
8052,0.735
8053,0.66
8054,0.67
8055,0.67
8056,0.635
8057,0.81
8058,0.725
8059,0.68
8060,0.38
8061,0.765
8062,0.615
8063,0.955
8064,0.87
8065,0.545
8066,0.91
8067,0.415
8068,0.515
8069,0.7
8070,0.64
8071,0.89
8072,0.79
8073,0.995
8074,0.745
8075,0.895
8076,0.56
8077,0.83
8078,0.985
8079,0.915
8080,0.72
8081,0.885
8082,0.89
8083,0.845
8084,0.63
8085,0.685
8086,0.695
8087,0.955
8088,0.315
8089,0.625
8090,0.67
8091,0.61
8092,0.63
8093,0.75
8094,0.825
8095,0.9
8096,0.66
8097,0.975
8098,0.905
8099,0.565
8100,0.725
8101,0.595
8102,0.73
8103,0.685
8104,0.545
8105,0.885
8106,0.555
8107,0.585
8108,0.505
8109,0.905
8110,0.815
8111,0.175
8112,0.525
8113,0.495
8114,0.98
8115,0.905
8116,0.735
8117,0.97
8118,0.78
8119,0.745
8120,0.99
8121,0.965
8122,0.765
8123,0.685
8124,0.485
8125,0.48
8126,0.56
8127,0.475
8128,0.375
8129,0.73
8130,0.61
8131,0.81
8132,0.58
8133,0.5
8134,0.815
8135,0.88
8136,0.505
8137,0.73
8138,0.6
8139,0.515
8140,0.855
8141,0.805
8142,0.435
8143,0.595
8144,0.845
8145,0.575
8146,0.76
8147,0.865
8148,0.935
8149,0.84
8150,0.68
8151,0.74
8152,0.875
8153,0.935
8154,0.9
8155,0.85
8156,0.97
8157,0.805
8158,0.925
8159,0.49
8160,0.695
8161,0.855
8162,0.87
8163,0.805
8164,0.6
8165,0.59
8166,0.575
8167,0.585
8168,0.57
8169,0.895
8170,0.645
8171,0.895
8172,0.92
8173,0.39
8174,0.75
8175,0.565
8176,0.49
8177,0.565
8178,0.7
8179,0.665
8180,0.975
8181,0.915
8182,0.905
8183,0.505
8184,0.785
8185,0.625
8186,0.725
8187,0.78
8188,0.59
8189,0.595
8190,0.845
8191,0.81
8192,0.855
8193,0.78
8194,0.425
8195,0.595
8196,0.765
8197,0.495
8198,0.73
8199,0.49
8200,0.58
8201,0.67
8202,0.86
8203,0.7
8204,0.945
8205,0.675
8206,0.38
8207,0.545
8208,0.845
8209,0.915
8210,0.44
8211,0.84
8212,0.825
8213,0.825
8214,0.78
8215,0.955
8216,0.495
8217,0.835
8218,0.62
8219,0.775
8220,0.935
8221,0.87
8222,0.71
8223,0.935
8224,0.53
8225,0.88
8226,0.755
8227,0.905
8228,0.535
8229,0.855
8230,0.615
8231,0.79
8232,0.835
8233,0.805
8234,0.955
8235,0.91
8236,0.84
8237,0.505
8238,0.795
8239,0.96
8240,0.735
8241,0.56
8242,0.47
8243,0.87
8244,0.96
8245,0.89
8246,0.975
8247,0.585
8248,0.99
8249,0.395
8250,0.85
8251,0.93
8252,0.485
8253,0.515
8254,0.41
8255,0.585
8256,0.79
8257,0.69
8258,0.74
8259,0.485
8260,0.855
8261,0.845
8262,0.84
8263,0.675
8264,0.625
8265,0.675
8266,0.49
8267,0.62
8268,0.765
8269,0.815
8270,0.54
8271,0.965
8272,0.67
8273,0.92
8274,0.865
8275,0.8
8276,0.915
8277,0.63
8278,0.545
8279,0.735
8280,0.735
8281,0.695
8282,0.745
8283,0.82
8284,0.625
8285,0.85
8286,0.63
8287,0.805
8288,0.365
8289,0.855
8290,0.82
8291,0.425
8292,0.355
8293,0.67
8294,0.85
8295,0.14
8296,0.96
8297,0.715
8298,0.62
8299,0.83
8300,0.755
8301,0.72
8302,0.625
8303,0.395
8304,0.9
8305,0.795
8306,0.7
8307,0.84
8308,0.655
8309,0.98
8310,0.805
8311,0.745
8312,0.89
8313,0.71
8314,0.855
8315,0.505
8316,0.835
8317,0.885
8318,0.79
8319,0.6
8320,0.555
8321,0.965
8322,0.865
8323,0.91
8324,0.735
8325,0.65
8326,0.585
8327,0.71
8328,0.32
8329,0.675
8330,0.91
8331,0.78
8332,0.785
8333,0.93
8334,0.81
8335,0.675
8336,0.645
8337,0.735
8338,0.715
8339,0.905
8340,0.61
8341,0.845
8342,0.945
8343,0.455
8344,0.765
8345,0.77
8346,0.7
8347,0.735
8348,0.76
8349,0.92
8350,0.365
8351,0.765
8352,0.58
8353,0.585
8354,0.845
8355,0.5
8356,0.68
8357,0.345
8358,0.795
8359,0.725
8360,0.78
8361,0.96
8362,0.625
8363,0.535
8364,0.54
8365,0.77
8366,0.765
8367,0.425
8368,0.75
8369,0.775
8370,0.875
8371,0.45
8372,0.85
8373,0.65
8374,0.605
8375,0.65
8376,0.895
8377,0.95
8378,0.76
8379,0.705
8380,0.54
8381,0.64
8382,0.59
8383,0.745
8384,0.8
8385,0.94
8386,0.745
8387,0.505
8388,0.675
8389,0.695
8390,0.995
8391,0.74
8392,0.76
8393,0.825
8394,0.56
8395,0.655
8396,0.945
8397,0.795
8398,0.805
8399,0.76
8400,0.71
8401,0.79
8402,0.81
8403,0.565
8404,0.895
8405,0.475
8406,0.89
8407,0.6
8408,0.935
8409,0.705
8410,0.77
8411,0.775
8412,0.865
8413,0.365
8414,0.865
8415,0.65
8416,0.74
8417,0.515
8418,0.65
8419,0.775
8420,0.8
8421,0.815
8422,0.675
8423,0.76
8424,0.575
8425,0.925
8426,0.725
8427,0.35
8428,0.41
8429,0.635
8430,0.62
8431,0.7
8432,0.72
8433,0.885
8434,0.75
8435,0.755
8436,0.685
8437,0.475
8438,0.785
8439,0.395
8440,0.775
8441,0.82
8442,0.81
8443,0.92
8444,0.925
8445,0.605
8446,0.855
8447,0.87
8448,0.865
8449,0.64
8450,0.64
8451,0.575
8452,0.615
8453,0.675
8454,0.885
8455,0.855
8456,0.64
8457,0.64
8458,0.9
8459,0.88
8460,0.63
8461,0.94
8462,0.71
8463,0.71
8464,0.955
8465,0.775
8466,0.485
8467,0.86
8468,0.945
8469,0.57
8470,0.645
8471,0.945
8472,0.54
8473,0.685
8474,0.85
8475,0.66
8476,0.51
8477,0.86
8478,0.86
8479,0.485
8480,0.5
8481,0.495
8482,0.595
8483,0.71
8484,0.57
8485,0.595
8486,0.915
8487,0.76
8488,0.26
8489,0.71
8490,0.82
8491,0.89
8492,0.385
8493,0.635
8494,0.38
8495,0.79
8496,0.685
8497,0.66
8498,0.64
8499,0.5
8500,0.545
8501,0.715
8502,0.84
8503,0.61
8504,0.61
8505,0.89
8506,0.535
8507,0.9
8508,0.765
8509,0.95
8510,0.73
8511,0.395
8512,0.8
8513,0.72
8514,0.555
8515,0.82
8516,0.78
8517,0.585
8518,0.75
8519,0.51
8520,0.49
8521,0.74
8522,0.7
8523,0.55
8524,0.66
8525,0.96
8526,0.41
8527,0.66
8528,0.605
8529,0.83
8530,0.33
8531,0.47
8532,0.78
8533,0.695
8534,0.81
8535,0.805
8536,0.745
8537,0.555
8538,0.575
8539,0.74
8540,0.825
8541,0.39
8542,0.945
8543,0.855
8544,0.73
8545,0.84
8546,0.88
8547,0.62
8548,0.7
8549,0.855
8550,0.685
8551,0.745
8552,0.64
8553,0.145
8554,0.935
8555,0.82
8556,0.705
8557,0.775
8558,0.81
8559,0.41
8560,0.845
8561,0.815
8562,0.895
8563,0.89
8564,0.815
8565,0.355
8566,0.985
8567,0.8
8568,0.91
8569,0.82
8570,0.895
8571,0.635
8572,0.88
8573,0.79
8574,0.72
8575,0.64
8576,0.65
8577,0.78
8578,0.88
8579,0.785
8580,0.565
8581,0.87
8582,0.7
8583,0.905
8584,0.785
8585,0.805
8586,0.245
8587,0.65
8588,0.51
8589,0.765
8590,0.77
8591,0.845
8592,0.99
8593,0.945
8594,0.645
8595,0.895
8596,0.765
8597,0.985
8598,0.395
8599,0.925
8600,0.8125
8601,0.49
8602,0.135
8603,0.765
8604,0.89
8605,0.77
8606,0.415
8607,0.73
8608,0.585
8609,0.965
8610,0.75
8611,0.6
8612,0.61
8613,0.645
8614,0.81
8615,0.605
8616,0.785
8617,0.495
8618,0.71
8619,0.735
8620,0.62
8621,0.67
8622,0.51
8623,0.775
8624,0.68
8625,0.675
8626,0.79
8627,0.78
8628,0.55
8629,0.71
8630,0.74
8631,0.805
8632,0.805
8633,0.445
8634,0.64
8635,0.625
8636,0.62
8637,0.825
8638,0.965
8639,0.56
8640,0.52
8641,0.835
8642,0.73
8643,0.97
8644,0.78
8645,0.835
8646,0.665
8647,0.855
8648,0.59
8649,0.81
8650,0.9
8651,0.79
8652,0.54
8653,0.88
8654,0.815
8655,0.965
8656,0.395
8657,0.55
8658,0.54
8659,0.83
8660,0.92
8661,0.67
8662,0.86
8663,0.77
8664,0.625
8665,0.795
8666,0.495
8667,0.64
8668,0.375
8669,0.9
8670,0.725
8671,0.92
8672,0.595
8673,0.77
8674,0.73625
8675,0.68
8676,0.32
8677,0.75
8678,0.14
8679,0.34
8680,0.75
8681,0.705
8682,0.885
8683,0.92
8684,0.53
8685,0.65
8686,0.68
8687,0.825
8688,0.71
8689,0.565
8690,0.825
8691,0.85
8692,0.76
8693,0.9
8694,0.755
8695,0.64
8696,0.855
8697,0.84
8698,0.93
8699,0.58
8700,0.755
8701,0.87
8702,0.84
8703,0.525
8704,0.63
8705,0.88
8706,0.405
8707,0.785
8708,0.55
8709,0.43
8710,0.81
8711,0.595
8712,0.55
8713,0.79
8714,0.975
8715,0.5
8716,0.67
8717,0.745
8718,0.31
8719,0.965
8720,0.8
8721,0.56
8722,0.95
8723,0.88
8724,0.85
8725,0.91
8726,0.665
8727,0.71
8728,0.53
8729,0.825
8730,0.75
8731,0.94
8732,0.765
8733,0.905
8734,0.42
8735,0.94
8736,0.62
8737,0.85
8738,0.76
8739,0.74
8740,0.775
8741,0.605
8742,0.705
8743,0.895
8744,0.78
8745,0.945
8746,0.63
8747,0.94
8748,0.48
8749,0.31
8750,0.975
8751,0.855
8752,0.815
8753,0.615
8754,0.855
8755,0.61
8756,0.975
8757,0.72
8758,0.655
8759,0.945
8760,0.83
8761,0.76
8762,0.635
8763,0.745
8764,0.67
8765,0.465
8766,0.845
8767,0.475
8768,0.615
8769,0.64
8770,0.655
8771,0.77
8772,0.96
8773,0.82
8774,0.63
8775,0.655
8776,0.69
8777,0.455
8778,0.775
8779,0.45
8780,0.42
8781,0.635
8782,0.635
8783,0.74
8784,0.535
8785,0.56
8786,0.755
8787,0.82
8788,0.68
8789,0.87
8790,0.64
8791,0.705
8792,0.78
8793,0.76
8794,0.86
8795,0.69
8796,0.42
8797,0.81
8798,0.84
8799,0.675
8800,0.725
8801,0.745
8802,0.44
8803,0.875
8804,0.89
8805,0.805
8806,0.695
8807,0.51
8808,0.705
8809,0.635
8810,0.49
8811,0.655
8812,0.87
8813,0.85
8814,0.83
8815,0.915
8816,0.975
8817,0.95
8818,0.665
8819,0.795
8820,0.73
8821,0.775
8822,0.915
8823,0.76
8824,0.93
8825,0.64
8826,0.665
8827,0.775
8828,0.62
8829,0.955
8830,0.79
8831,0.63
8832,0.615
8833,0.675
8834,0.965
8835,0.655
8836,0.875
8837,0.48
8838,0.785
8839,0.885
8840,0.57
8841,0.805
8842,0.71
8843,0.685
8844,0.765
8845,0.71
8846,0.86
8847,0.62
8848,0.56
8849,0.75
8850,0.94
8851,0.62
8852,0.85
8853,0.575
8854,0.485
8855,0.36
8856,0.66
8857,0.81
8858,0.625
8859,0.455
8860,0.52
8861,0.64
8862,0.66
8863,0.945
8864,0.965
8865,0.79
8866,0.505
8867,0.53
8868,0.625
8869,0.755
8870,0.625
8871,0.79
8872,0.65
8873,0.885
8874,0.775
8875,0.625
8876,0.42
8877,0.9
8878,0.695
8879,0.7
8880,0.655
8881,0.945
8882,0.835
8883,0.67
8884,0.53
8885,0.6
8886,0.6
8887,0.73
8888,0.7
8889,0.65
8890,0.64
8891,0.635
8892,0.56
8893,0.455
8894,0.45
8895,0.91
8896,0.7
8897,0.86
8898,0.805
8899,0.655
8900,0.85
8901,0.53
8902,0.21
8903,0.765
8904,0.885
8905,0.59
8906,0.87
8907,0.665
8908,0.86
8909,0.755
8910,0.94
8911,0.57
8912,0.835
8913,0.655
8914,0.58
8915,0.835
8916,0.75
8917,0.61
8918,0.595
8919,0.63
8920,0.6
8921,0.625
8922,0.395
8923,0.67
8924,0.735
8925,0.435
8926,0.865
8927,0.6
8928,0.855
8929,0.655
8930,0.625
8931,0.43
8932,0.78
8933,0.74
8934,0.665
8935,0.88
8936,0.9
8937,0.46
8938,0.835
8939,0.6
8940,0.93
8941,0.87
8942,0.655
8943,0.545
8944,0.91
8945,0.58
8946,0.77
8947,0.76
8948,0.67
8949,0.74
8950,0.98
8951,0.89
8952,0.705
8953,0.79
8954,0.885
8955,0.665
8956,0.545
8957,0.57
8958,0.84
8959,0.73
8960,0.775
8961,0.805
8962,0.775
8963,0.925
8964,0.62
8965,0.715
8966,0.94
8967,0.43
8968,0.71
8969,0.795
8970,0.555
8971,0.565
8972,0.91
8973,0.825
8974,0.4
8975,0.97
8976,0.585
8977,0.3
8978,0.765
8979,0.59
8980,0.695
8981,0.71
8982,0.78
8983,0.705
8984,0.725
8985,0.685
8986,0.795
8987,0.655
8988,0.64
8989,0.78
8990,0.86
8991,0.84
8992,0.82
8993,0.715
8994,0.705
8995,0.475
8996,0.66
8997,0.445
8998,0.99
8999,0.77
9000,0.575
9001,0.9
9002,0.85
9003,0.765
9004,0.96
9005,0.47
9006,0.79
9007,0.925
9008,0.765
9009,0.685
9010,0.5
9011,0.705
9012,0.54
9013,0.76
9014,0.46
9015,0.74
9016,0.96
9017,0.885
9018,0.755
9019,0.435
9020,0.585
9021,0.835
9022,0.675
9023,0.595
9024,0.75
9025,0.595
9026,0.775
9027,0.125
9028,0.805
9029,0.55
9030,0.915
9031,0.81
9032,0.67
9033,0.875
9034,0.805
9035,0.815
9036,0.5
9037,0.72
9038,0.635
9039,0.785
9040,0.665
9041,0.78
9042,0.965
9043,0.785
9044,0.775
9045,0.745
9046,0.75
9047,0.625
9048,0.775
9049,0.665
9050,0.825
9051,0.92
9052,0.725
9053,0.69
9054,0.68
9055,0.57
9056,0.885
9057,0.75
9058,0.75
9059,0.785
9060,0.675
9061,0.7
9062,0.965
9063,0.9
9064,0.71
9065,0.76
9066,0.76
9067,0.35
9068,0.735
9069,0.705
9070,0.975
9071,0.49
9072,0.56
9073,0.78
9074,0.37
9075,0.535
9076,0.515
9077,0.6
9078,0.795
9079,0.345
9080,0.575
9081,0.85
9082,0.59
9083,0.815
9084,0.725
9085,0.66
9086,0.72
9087,0.93
9088,0.78
9089,0.765
9090,0.965
9091,0.39
9092,0.375
9093,0.64
9094,0.785
9095,0.945
9096,0.51
9097,0.59
9098,0.77
9099,0.345
9100,0.595
9101,0.935
9102,0.765
9103,0.465
9104,0.8
9105,0.44
9106,0.83
9107,0.79
9108,0.585
9109,0.57
9110,0.585
9111,0.67
9112,0.455
9113,0.85
9114,0.695
9115,0.475
9116,0.675
9117,0.795
9118,0.945
9119,0.645
9120,0.59
9121,0.89
9122,0.635
9123,0.915
9124,0.745
9125,0.985
9126,0.945
9127,0.565
9128,0.845
9129,0.88
9130,0.88
9131,0.51
9132,0.49
9133,0.82
9134,0.96
9135,0.845
9136,0.79
9137,0.87
9138,0.93
9139,0.825
9140,0.79
9141,0.65
9142,0.61
9143,0.8
9144,0.945
9145,0.785
9146,0.595
9147,0.73
9148,0.31
9149,0.79
9150,0.98
9151,0.645
9152,0.875
9153,0.965
9154,0.985
9155,0.505
9156,0.73
9157,0.69
9158,0.955
9159,0.68
9160,0.935
9161,0.67
9162,0.56
9163,0.58
9164,0.915
9165,0.58
9166,0.67
9167,0.585
9168,0.835
9169,0.87
9170,0.57
9171,0.89
9172,0.69
9173,0.62
9174,0.855
9175,0.835
9176,0.875
9177,0.705
9178,0.82
9179,0.735
9180,0.895
9181,0.735
9182,0.625
9183,0.945
9184,0.94
9185,0.62
9186,0.58
9187,0.84
9188,0.745
9189,0.845
9190,0.74
9191,0.66
9192,0.645
9193,0.38
9194,0.855
9195,0.545
9196,0.865
9197,0.515
9198,0.435
9199,0.8
9200,0.785
9201,0.71
9202,0.86
9203,0.735
9204,0.79
9205,0.685
9206,0.4
9207,0.65
9208,0.665
9209,0.88
9210,0.72
9211,0.645
9212,0.865
9213,0.42
9214,0.645
9215,0.815
9216,0.825
9217,0.855
9218,0.315
9219,0.535
9220,0.62
9221,0.54
9222,0.75
9223,0.85
9224,0.495
9225,0.83
9226,0.83
9227,0.6
9228,0.805
9229,0.89
9230,0.86
9231,0.84
9232,0.935
9233,0.285
9234,0.88
9235,0.785
9236,0.635
9237,0.495
9238,0.55
9239,0.81
9240,0.57
9241,0.905
9242,0.53
9243,0.965
9244,0.76
9245,0.545
9246,0.79
9247,0.62
9248,0.52
9249,0.69
9250,0.79
9251,0.38
9252,0.805
9253,0.8
9254,0.8
9255,0.965
9256,0.98
9257,0.35
9258,0.97
9259,0.965
9260,0.465
9261,0.765
9262,0.63
9263,0.855
9264,0.545
9265,0.585
9266,0.77
9267,0.49
9268,0.875
9269,0.81
9270,0.965
9271,0.95
9272,0.955
9273,0.675
9274,0.885
9275,0.49
9276,0.565
9277,0.94
9278,0.815
9279,0.875
9280,0.875
9281,0.955
9282,0.655
9283,0.87
9284,0.83
9285,0.835
9286,0.905
9287,0.425
9288,0.41
9289,0.905
9290,0.855
9291,0.6
9292,0.595
9293,0.895
9294,0.74
9295,0.65
9296,0.725
9297,0.77
9298,0.8
9299,0.605
9300,0.95
9301,0.57
9302,0.305
9303,0.75
9304,0.855
9305,0.465
9306,0.795
9307,0.435
9308,0.79
9309,0.895
9310,0.49
9311,0.745
9312,0.7
9313,0.81
9314,0.81
9315,0.93
9316,0.735
9317,0.66
9318,0.765
9319,0.82
9320,0.72
9321,0.895
9322,0.815
9323,0.535
9324,0.785
9325,0.675
9326,0.95
9327,0.735
9328,0.81
9329,0.975
9330,0.735
9331,0.655
9332,0.825
9333,0.77
9334,0.47
9335,0.57
9336,0.71
9337,0.8
9338,0.795
9339,0.885
9340,0.89
9341,0.845
9342,0.715
9343,0.565
9344,0.335
9345,0.62
9346,0.475
9347,0.375
9348,0.77
9349,0.81
9350,0.815
9351,0.47
9352,0.815
9353,0.69
9354,0.955
9355,0.785
9356,0.625
9357,0.885
9358,0.795
9359,0.695
9360,0.45
9361,0.555
9362,0.8
9363,0.47
9364,0.675
9365,0.87
9366,0.78
9367,0.73
9368,0.75
9369,0.865
9370,0.88
9371,0.86
9372,0.705
9373,0.5
9374,0.795
9375,0.83
9376,0.8
9377,0.78
9378,0.92
9379,0.94
9380,0.43
9381,0.89
9382,0.895
9383,0.635
9384,0.775
9385,0.705
9386,0.66
9387,0.96
9388,0.935
9389,0.445
9390,0.55
9391,0.675
9392,0.875
9393,0.95
9394,1.0
9395,0.675
9396,0.515
9397,0.765
9398,0.295
9399,0.84
9400,0.97
9401,0.83
9402,0.97
9403,0.57
9404,0.96
9405,0.63
9406,0.825
9407,0.84
9408,0.855
9409,0.665
9410,0.845
9411,0.675
9412,0.85
9413,0.86
9414,0.68
9415,0.915
9416,0.915
9417,0.695
9418,0.76
9419,0.735
9420,0.905
9421,0.68
9422,0.495
9423,0.875
9424,0.76
9425,0.675
9426,0.79
9427,0.835
9428,0.93
9429,0.9
9430,0.945
9431,0.93
9432,0.71
9433,0.835
9434,0.715
9435,0.42
9436,0.635
9437,0.515
9438,0.86
9439,0.795
9440,0.76
9441,0.605
9442,0.88
9443,0.675
9444,0.875
9445,0.5
9446,0.585
9447,0.86
9448,0.67
9449,0.61
9450,0.985
9451,0.95
9452,0.44
9453,0.935
9454,0.53
9455,0.965
9456,0.955
9457,0.885
9458,0.93
9459,0.915
9460,0.86
9461,0.68
9462,0.71
9463,0.665
9464,0.55
9465,0.865
9466,0.88
9467,0.705
9468,0.71
9469,0.94
9470,0.905
9471,0.39
9472,0.735
9473,0.58
9474,0.58
9475,0.9
9476,0.795
9477,0.795
9478,0.935
9479,0.94
9480,0.54
9481,0.79
9482,0.91
9483,0.645
9484,0.58
9485,0.705
9486,0.45
9487,0.71
9488,0.97
9489,0.72
9490,0.665
9491,0.915
9492,0.575
9493,0.795
9494,0.81
9495,0.76
9496,0.29
9497,0.67
9498,0.535
9499,0.76
9500,0.985
9501,0.92
9502,0.54
9503,0.75
9504,0.635
9505,0.485
9506,0.7
9507,0.665
9508,0.98
9509,0.51
9510,0.825
9511,0.68
9512,0.72
9513,0.895
9514,0.82
9515,0.65
9516,0.59
9517,0.43
9518,0.665
9519,0.635
9520,0.91
9521,0.915
9522,0.7
9523,0.62
9524,0.39
9525,0.89
9526,0.77
9527,0.89
9528,0.865
9529,0.84
9530,0.91
9531,0.74
9532,0.835
9533,0.405
9534,0.645
9535,0.585
9536,0.45
9537,0.655
9538,0.91
9539,0.73
9540,0.94
9541,0.78
9542,0.88
9543,0.605
9544,0.63
9545,0.65
9546,0.885
9547,0.84
9548,0.77
9549,0.63
9550,0.715
9551,0.865
9552,0.975
9553,0.815
9554,0.7
9555,0.965
9556,0.575
9557,0.745
9558,0.645
9559,0.64
9560,0.755
9561,0.665
9562,0.54
9563,0.925
9564,0.715
9565,0.755
9566,0.92
9567,0.765
9568,0.93
9569,0.695
9570,0.74
9571,0.865
9572,0.865
9573,0.835
9574,0.695
9575,0.57
9576,0.76
9577,0.885
9578,0.89
9579,0.935
9580,0.6
9581,0.895
9582,0.765
9583,0.67
9584,0.985
9585,0.84
9586,0.515
9587,0.69
9588,0.97
9589,0.78
9590,0.64
9591,0.885
9592,0.58
9593,0.6
9594,0.91
9595,0.45
9596,0.49
9597,0.285
9598,0.675
9599,0.785
9600,0.725
9601,0.8
9602,0.68
9603,0.715
9604,0.605
9605,0.92
9606,0.745
9607,0.455
9608,0.785
9609,0.745
9610,0.78
9611,0.56
9612,0.985
9613,0.67
9614,0.67
9615,0.7
9616,0.875
9617,0.73
9618,0.955
9619,0.74
9620,0.55
9621,0.52
9622,0.905
9623,0.905
9624,0.8
9625,0.705
9626,0.8
9627,0.705
9628,0.95
9629,0.49
9630,0.41
9631,0.9
9632,0.8
9633,0.895
9634,0.825
9635,0.75
9636,0.875
9637,0.8
9638,0.71
9639,0.515
9640,0.66
9641,0.765
9642,0.57
9643,0.67
9644,0.745
9645,0.655
9646,0.49
9647,0.89
9648,0.63
9649,0.955
9650,0.515
9651,0.955
9652,0.815
9653,0.68
9654,0.85
9655,0.57
9656,0.83
9657,0.635
9658,0.58
9659,0.605
9660,0.74
9661,0.505
9662,0.935
9663,0.62
9664,0.96
9665,0.585
9666,0.715
9667,0.85
9668,0.65
9669,0.54
9670,0.73
9671,0.75
9672,0.74
9673,0.925
9674,0.655
9675,0.51
9676,0.785
9677,0.955
9678,0.785
9679,0.54
9680,0.225
9681,0.425
9682,0.825
9683,0.69
9684,0.52
9685,0.93
9686,0.795
9687,0.905
9688,0.68
9689,0.4
9690,0.8
9691,0.835
9692,0.92
9693,0.77
9694,0.865
9695,0.84
9696,0.645
9697,0.51
9698,0.74
9699,0.905
9700,0.68
9701,0.365
9702,0.735
9703,0.795
9704,0.6
9705,0.865
9706,0.555
9707,0.52
9708,0.565
9709,0.83
9710,0.825
9711,0.895
9712,0.91
9713,0.945
9714,0.95
9715,0.595
9716,0.97
9717,0.64
9718,0.85
9719,0.755
9720,0.825
9721,0.69
9722,0.81
9723,0.505
9724,0.59
9725,0.935
9726,0.86
9727,0.435
9728,0.735
9729,0.64
9730,0.79
9731,0.68
9732,0.885
9733,0.97
9734,0.94
9735,0.68
9736,0.28
9737,0.07
9738,0.37
9739,0.455
9740,0.9
9741,0.59
9742,0.47
9743,0.61
9744,0.785
9745,0.54
9746,0.8
9747,0.665
9748,0.9
9749,0.58
9750,0.675
9751,0.26
9752,0.61
9753,0.855
9754,0.415
9755,0.78
9756,0.755
9757,0.73
9758,0.595
9759,0.705
9760,0.955
9761,0.7
9762,0.655
9763,0.66
9764,0.41
9765,0.82
9766,0.6
9767,0.555
9768,0.955
9769,0.755
9770,0.6
9771,0.54
9772,0.575
9773,0.54
9774,0.835
9775,0.95
9776,0.695
9777,0.525
9778,0.56
9779,0.395
9780,0.57
9781,0.63
9782,0.555
9783,0.72
9784,0.485
9785,0.235
9786,0.715
9787,0.785
9788,0.96
9789,0.62
9790,0.695
9791,0.46
9792,0.98
9793,0.79
9794,0.78
9795,0.81
9796,0.885
9797,0.79
9798,0.29
9799,0.66
9800,0.63
9801,0.5
9802,0.445
9803,0.91
9804,0.67
9805,0.5
9806,0.825
9807,0.725
9808,0.48
9809,0.825
9810,0.97
9811,0.875
9812,0.74
9813,0.5
9814,0.73
9815,0.95
9816,0.515
9817,0.625
9818,0.915
9819,0.76
9820,0.885
9821,0.18
9822,0.94
9823,0.555
9824,0.74
9825,0.765
9826,0.61
9827,0.845
9828,0.535
9829,0.645
9830,0.795
9831,0.475
9832,0.76
9833,0.95
9834,0.885
9835,0.545
9836,0.865
9837,0.485
9838,0.5
9839,0.57
9840,0.66
9841,0.725
9842,0.325
9843,0.925
9844,0.84
9845,0.67
9846,0.97
9847,0.875
9848,0.81
9849,0.79
9850,0.725
9851,0.635
9852,0.7
9853,0.48
9854,0.935
9855,0.7
9856,0.91
9857,0.775
9858,0.8
9859,0.215
9860,0.795
9861,0.685
9862,0.6
9863,0.84
9864,0.57
9865,0.63
9866,0.72
9867,0.63
9868,0.96
9869,0.805
9870,0.86
9871,0.575
9872,0.785
9873,0.92
9874,0.88
9875,0.51
9876,0.375
9877,0.79
9878,0.615
9879,0.515
9880,0.78
9881,0.71
9882,0.67
9883,0.815
9884,0.67
9885,0.765
9886,0.8
9887,0.7
9888,0.685
9889,0.985
9890,0.75
9891,0.8
9892,0.39
9893,0.735
9894,0.735
9895,0.66
9896,0.685
9897,0.76
9898,0.705
9899,0.6
9900,0.585
9901,0.49
9902,0.63
9903,0.92
9904,0.815
9905,0.32
9906,0.79
9907,0.775
9908,0.665
9909,0.6
9910,0.52
9911,0.86
9912,0.93
9913,0.535
9914,0.935
9915,0.655
9916,0.845
9917,0.595
9918,0.745
9919,0.75
9920,0.485
9921,0.535
9922,0.72
9923,0.565
9924,0.72
9925,0.84
9926,0.87
9927,0.865
9928,0.415
9929,0.555
9930,0.8
9931,0.935
9932,0.81
9933,0.715
9934,0.455
9935,0.63
9936,0.705
9937,0.525
9938,0.335
9939,0.38
9940,0.685
9941,0.925
9942,0.57
9943,0.67
9944,0.615
9945,0.755
9946,0.78
9947,0.975
9948,0.935
9949,0.765
9950,0.51
9951,0.6
9952,0.835
9953,0.94
9954,0.45
9955,0.51
9956,0.945
9957,0.715
9958,0.785
9959,0.65
9960,0.93
9961,0.315
9962,0.735
9963,0.485
9964,0.795
9965,0.775
9966,0.8
9967,0.655
9968,0.915
9969,0.935
9970,0.32
9971,0.81
9972,0.58
9973,0.705
9974,0.645
9975,0.545
9976,0.835
9977,0.08
9978,0.77
9979,0.825
9980,0.775
9981,0.525
9982,0.65
9983,0.76
9984,0.675
9985,0.81
9986,0.575
9987,0.55
9988,0.565
9989,0.61
9990,0.76
9991,0.57
9992,0.735
9993,0.575
9994,0.505
9995,0.665
9996,0.86
9997,0.825
9998,0.55
9999,0.585
10000,0.955
10001,0.885
10002,0.83
10003,0.44
10004,0.835
10005,0.785
10006,0.665
10007,0.665
10008,0.275
10009,0.89
10010,0.8
10011,0.695
10012,0.805
10013,0.52
10014,0.73
10015,0.665
10016,0.755
10017,0.68
10018,0.85
10019,0.845
10020,0.415
10021,0.585
10022,0.96
10023,0.5
10024,0.795
10025,0.965
10026,0.575
10027,0.58
10028,0.685
10029,0.99
10030,0.885
10031,0.605
10032,0.68
10033,0.71
10034,0.655
10035,0.895
10036,0.485
10037,0.515
10038,0.575
10039,0.71
10040,0.81
10041,0.97
10042,0.855
10043,0.75
10044,0.975
10045,0.545
10046,0.905
10047,0.725
10048,0.875
10049,0.735
10050,0.9
10051,0.695
10052,0.83
10053,0.71
10054,0.74
10055,0.265
10056,0.75
10057,0.595
10058,0.555
10059,0.77
10060,0.81
10061,0.775
10062,0.355
10063,0.695
10064,0.77
10065,0.87
10066,0.67
10067,0.9
10068,0.765
10069,0.46
10070,0.78
10071,0.745
10072,0.655
10073,0.905
10074,0.495
10075,0.93
10076,0.985
10077,0.56
10078,0.745
10079,0.335
10080,0.645
10081,0.91
10082,0.815
10083,0.825
10084,0.895
10085,0.82
10086,0.91
10087,0.675
10088,0.655
10089,0.79
10090,0.77
10091,0.82
10092,0.64
10093,0.725
10094,0.76
10095,0.92
10096,0.87
10097,0.58
10098,0.855
10099,0.75
10100,0.47
10101,0.74
10102,0.745
10103,0.61
10104,0.625
10105,0.93
10106,0.795
10107,0.745
10108,0.905
10109,0.595
10110,0.89
10111,0.885
10112,0.77
10113,0.85
10114,0.705
10115,0.48
10116,0.745
10117,0.675
10118,0.91
10119,0.855
10120,0.825
10121,0.96
10122,0.44
10123,0.455
10124,0.935
10125,0.9
10126,0.905
10127,0.775
10128,0.86
10129,0.65
10130,0.69
10131,0.78
10132,0.86
10133,0.69
10134,0.795
10135,0.92
10136,0.81
10137,0.695
10138,0.79
10139,0.635
10140,0.745
10141,0.695
10142,0.835
10143,0.9
10144,0.675
10145,0.635
10146,0.715
10147,0.85
10148,0.54
10149,0.735
10150,0.925
10151,0.42
10152,0.75
10153,0.555
10154,0.615
10155,0.79
10156,0.65
10157,0.84
10158,0.655
10159,0.675
10160,0.565
10161,0.835
10162,0.67
10163,0.91
10164,0.92
10165,0.625
10166,0.69
10167,0.78
10168,0.86
10169,0.645
10170,0.55
10171,0.765
10172,0.325
10173,0.835
10174,0.675
10175,0.6
10176,0.62
10177,0.825
10178,0.71
10179,0.72
10180,0.905
10181,0.51
10182,0.775
10183,0.95
10184,0.6
10185,0.74
10186,0.67
10187,0.34
10188,0.765
10189,0.7
10190,0.74
10191,0.795
10192,0.91
10193,0.83
10194,0.495
10195,0.62
10196,0.8
10197,0.83
10198,0.805
10199,0.935
10200,0.705
10201,0.62
10202,0.79
10203,0.75
10204,0.97
10205,0.65
10206,0.795
10207,0.9
10208,0.835
10209,0.785
10210,0.685
10211,0.635
10212,0.645
10213,0.825
10214,0.915
10215,0.59
10216,0.58
10217,0.89
10218,0.625
10219,0.365
10220,0.845
10221,0.815
10222,0.705
10223,0.625
10224,0.605
10225,0.92
10226,0.77
10227,0.805
10228,0.51
10229,0.67
10230,0.63
10231,0.66
10232,0.745
10233,0.915
10234,0.68
10235,0.74
10236,0.61
10237,0.525
10238,0.9
10239,0.73
10240,0.74
10241,0.895
10242,0.42
10243,0.46
10244,0.74
10245,0.315
10246,0.53
10247,0.825
10248,0.48
10249,0.46
10250,0.595
10251,0.71
10252,0.7
10253,0.755
10254,0.68
10255,0.865
10256,0.635
10257,0.57
10258,0.525
10259,0.76
10260,0.69
10261,0.955
10262,0.865
10263,0.955
10264,0.875
10265,0.72
10266,0.69
10267,0.85
10268,0.93
10269,0.605
10270,0.715
10271,0.745
10272,0.975
10273,0.61
10274,0.94
10275,0.725
10276,0.805
10277,0.735
10278,0.625
10279,0.68
10280,0.89
10281,0.685
10282,0.66
10283,0.78
10284,0.67
10285,0.815
10286,0.56
10287,0.97
10288,0.75
10289,0.56
10290,0.535
10291,0.505
10292,0.91
10293,0.63
10294,0.885
10295,0.545
10296,0.74
10297,0.7
10298,0.7
10299,0.465
10300,0.595
10301,0.52
10302,0.83
10303,0.915
10304,0.585
10305,0.65
10306,0.65
10307,0.27
10308,0.865
10309,0.91
10310,0.92
10311,0.74
10312,0.855
10313,0.625
10314,0.845
10315,0.9
10316,0.275
10317,0.715
10318,0.445
10319,0.855
10320,0.49
10321,0.645
10322,0.535
10323,0.925
10324,0.77
10325,0.725
10326,0.565
10327,0.575
10328,0.825
10329,0.835
10330,0.83
10331,0.895
10332,0.965
10333,0.78
10334,0.93
10335,0.675
10336,0.805
10337,0.535
10338,0.62
10339,0.1
10340,0.855
10341,0.9
10342,0.99
10343,0.465
10344,0.92
10345,0.84
10346,0.715
10347,0.77
10348,0.475
10349,0.83
10350,0.635
10351,0.715
10352,0.78
10353,0.715
10354,0.62
10355,0.98
10356,0.515
10357,0.77
10358,0.855
10359,0.88
10360,0.67
10361,0.91
10362,0.54
10363,0.995
10364,0.47
10365,0.47
10366,0.52
10367,0.935
10368,0.735
10369,0.87
10370,0.83
10371,0.58
10372,0.925
10373,0.585
10374,0.87
10375,0.825
10376,0.53
10377,0.67
10378,0.765
10379,0.795
10380,0.52
10381,0.55
10382,0.6
10383,0.66
10384,0.725
10385,0.665
10386,0.655
10387,0.975
10388,0.49
10389,0.67
10390,0.73
10391,0.435
10392,0.56
10393,0.85
10394,0.515
10395,0.73
10396,0.605
10397,0.905
10398,0.71
10399,0.975
10400,0.79
10401,0.695
10402,0.66
10403,0.6
10404,0.52
10405,0.625
10406,0.78
10407,0.66
10408,0.56
10409,0.86
10410,0.725
10411,0.815
10412,0.76
10413,0.84
10414,0.95
10415,0.49
10416,0.8
10417,0.74
10418,0.54
10419,0.87
10420,0.735
10421,0.64
10422,0.83
10423,0.92
10424,0.66
10425,0.885
10426,0.565
10427,0.825
10428,0.66
10429,0.68
10430,0.945
10431,0.85
10432,0.83
10433,0.645
10434,0.925
10435,0.795
10436,0.605
10437,0.68
10438,0.915
10439,0.955
10440,0.52
10441,0.645
10442,0.795
10443,0.685
10444,0.71
10445,0.56
10446,0.865
10447,0.805
10448,0.53
10449,0.9
10450,0.63
10451,0.57
10452,0.445
10453,0.48
10454,0.9
10455,0.8
10456,0.615
10457,0.59
10458,0.81
10459,0.935
10460,0.46
10461,0.94
10462,0.555
10463,0.37
10464,0.79
10465,0.925
10466,0.57
10467,0.305
10468,0.97
10469,0.77
10470,0.915
10471,0.835
10472,0.46
10473,0.535
10474,0.83
10475,0.885
10476,0.77
10477,0.915
10478,0.935
10479,0.575
10480,0.795
10481,0.715
10482,0.805
10483,0.72
10484,0.79
10485,0.855
10486,0.895
10487,0.685
10488,0.945
10489,0.88
10490,0.78
10491,0.805
10492,0.725
10493,0.72
10494,0.53
10495,0.845
10496,0.66
10497,0.375
10498,0.585
10499,0.445
10500,0.56
10501,0.49
10502,0.6
10503,0.71
10504,0.75
10505,0.695
10506,0.925
10507,0.61
10508,0.73
10509,0.675
10510,0.64
10511,0.61
10512,0.665
10513,0.81
10514,0.53
10515,0.9
10516,0.73
10517,0.97
10518,0.96
10519,0.815
10520,0.62
10521,0.5
10522,0.64
10523,0.74
10524,0.73
10525,0.945
10526,0.845
10527,0.945
10528,0.77
10529,0.675
10530,0.875
10531,0.825
10532,0.99
10533,0.895
10534,0.765
10535,0.89
10536,0.88
10537,0.83
10538,0.855
10539,0.595
10540,0.995
10541,0.745
10542,0.275
10543,0.74
10544,0.86
10545,0.63
10546,0.95
10547,0.445
10548,0.64
10549,0.855
10550,0.635
10551,0.715
10552,0.9
10553,0.775
10554,0.84
10555,0.425
10556,0.76
10557,0.585
10558,0.68
10559,0.615
10560,0.31
10561,0.8
10562,0.965
10563,0.82
10564,0.375
10565,0.955
10566,0.81
10567,0.85
10568,0.745
10569,0.49
10570,0.915
10571,0.725
10572,0.555
10573,0.71
10574,0.825
10575,0.715
10576,0.48
10577,0.715
10578,0.87
10579,0.885
10580,0.74
10581,0.59
10582,0.835
10583,0.89
10584,0.795
10585,0.84
10586,0.82
10587,0.63
10588,0.6
10589,0.5
10590,0.3
10591,0.625
10592,0.9
10593,0.825
10594,0.845
10595,0.645
10596,0.74
10597,0.57
10598,0.905
10599,0.7
10600,0.26
10601,0.47
10602,0.735
10603,0.745
10604,0.655
10605,0.965
10606,0.61
10607,0.73
10608,0.81
10609,0.615
10610,0.805
10611,0.855
10612,0.72
10613,0.795
10614,0.84
10615,0.34
10616,0.7
10617,0.455
10618,0.71
10619,0.835
10620,0.65
10621,0.67
10622,0.71
10623,0.745
10624,0.36
10625,0.76
10626,0.52
10627,0.79
10628,0.81
10629,0.75
10630,0.895
10631,0.63
10632,0.64
10633,0.875
10634,0.905
10635,0.77
10636,0.985
10637,0.59
10638,0.72
10639,0.705
10640,0.78
10641,0.695
10642,0.25
10643,0.82
10644,0.995
10645,0.39
10646,0.77
10647,0.365
10648,0.515
10649,0.67
10650,0.625
10651,0.655
10652,0.95
10653,0.81
10654,0.445
10655,0.68
10656,0.345
10657,0.335
10658,0.865
10659,0.35
10660,0.32
10661,0.73
10662,0.705
10663,0.185
10664,0.86
10665,0.745
10666,0.625
10667,0.395
10668,0.735
10669,0.68
10670,0.74
10671,0.93
10672,0.68
10673,0.775
10674,0.635
10675,0.81
10676,0.94
10677,0.53
10678,0.905
10679,0.915
10680,0.31
10681,0.58
10682,0.375
10683,0.55
10684,0.785
10685,0.875
10686,0.76
10687,0.69
10688,0.68
10689,0.95
10690,0.23
10691,0.29
10692,0.54
10693,0.91
10694,0.59
10695,0.655
10696,0.85
10697,0.955
10698,0.675
10699,0.665
10700,0.725
10701,0.94
10702,0.685
10703,0.75
10704,0.665
10705,0.505
10706,0.78
10707,0.685
10708,0.7
10709,0.65
10710,0.56
10711,0.94
10712,0.635
10713,0.43
10714,0.6
10715,0.48
10716,0.825
10717,0.75
10718,0.64
10719,0.74
10720,0.69
10721,0.825
10722,0.955
10723,0.6
10724,0.875
10725,0.655
10726,0.745
10727,0.78
10728,0.555
10729,0.85
10730,0.74
10731,0.97
10732,0.87
10733,0.645
10734,0.565
10735,0.975
10736,0.81
10737,0.59
10738,0.585
10739,0.815
10740,0.805
10741,0.945
10742,0.645
10743,0.94
10744,0.66
10745,0.81
10746,0.63
10747,0.7
10748,0.735
10749,0.55
10750,0.795
10751,0.805
10752,0.73
10753,0.515
10754,0.785
10755,0.975
10756,0.555
10757,0.63
10758,0.69
10759,0.93
10760,0.48
10761,0.76
10762,0.7
10763,0.74
10764,0.52
10765,0.94
10766,0.805
10767,0.675
10768,0.76
10769,0.78
10770,0.905
10771,0.865
10772,0.875
10773,0.565
10774,0.915
10775,0.9
10776,0.735
10777,0.97
10778,0.88
10779,0.54
10780,0.445
10781,0.665
10782,0.575
10783,0.885
10784,0.83
10785,0.82
10786,0.795
10787,0.965
10788,0.715
10789,0.795
10790,0.675
10791,0.58
10792,0.495
10793,0.605
10794,0.765
10795,0.935
10796,0.65
10797,0.825
10798,0.965
10799,0.67
10800,0.95
10801,0.76
10802,0.42
10803,0.89
10804,0.89
10805,0.58
10806,0.885
10807,0.28
10808,0.96
10809,0.98
10810,0.7
10811,0.865
10812,0.705
10813,0.685
10814,0.97
10815,0.615
10816,0.59
10817,0.64
10818,0.745
10819,0.86
10820,0.44
10821,0.97
10822,0.73
10823,0.945
10824,0.79
10825,0.815
10826,0.93
10827,0.915
10828,0.815
10829,0.485
10830,0.67
10831,0.7
10832,0.735
10833,0.855
10834,0.505
10835,0.565
10836,0.735
10837,0.525
10838,0.83
10839,0.795
10840,0.67
10841,0.915
10842,0.715
10843,0.715
10844,0.54
10845,0.585
10846,0.785
10847,0.825
10848,0.81
10849,0.93
10850,0.755
10851,0.43
10852,0.705
10853,0.83
10854,0.505
10855,0.63
10856,0.67
10857,0.92
10858,0.73
10859,0.69
10860,0.835
10861,0.955
10862,0.575
10863,0.775
10864,0.54
10865,0.445
10866,0.765
10867,0.93
10868,0.79
10869,0.775
10870,0.74
10871,0.685
10872,0.82
10873,0.435
10874,0.685
10875,0.715
10876,0.67
10877,0.86
10878,0.805
10879,0.965
10880,0.555
10881,0.95
10882,0.7
10883,0.865
10884,0.805
10885,0.6
10886,0.92
10887,0.775
10888,0.91
10889,0.495
10890,0.975
10891,0.615
10892,0.705
10893,0.73
10894,0.93
10895,0.895
10896,0.68
10897,0.89
10898,0.705
10899,0.88
10900,0.915
10901,0.325
10902,0.77
10903,0.56
10904,0.8
10905,0.865
10906,0.31
10907,0.45
10908,0.245
10909,0.64
10910,0.875
10911,0.75
10912,0.41
10913,0.38
10914,0.6
10915,0.82
10916,0.525
10917,0.865
10918,0.76
10919,0.915
10920,0.85
10921,0.885
10922,0.785
10923,0.605
10924,0.715
10925,0.76
10926,0.69
10927,0.81
10928,0.56
10929,0.5
10930,0.925
10931,0.775
10932,0.87
10933,0.38
10934,0.365
10935,0.425
10936,0.63
10937,0.87
10938,0.82
10939,0.725
10940,0.855
10941,0.715
10942,0.745
10943,0.875
10944,0.795
10945,0.87
10946,0.755
10947,0.77
10948,0.57
10949,0.645
10950,0.89
10951,0.685
10952,0.725
10953,0.23625
10954,0.84
10955,0.54
10956,0.62
10957,0.5
10958,0.825
10959,0.93
10960,0.725
10961,0.9
10962,0.805
10963,0.275
10964,0.91
10965,0.7
10966,0.75
10967,0.805
10968,0.755
10969,0.78
10970,0.475
10971,0.845
10972,0.905
10973,0.615
10974,0.715
10975,0.93
10976,0.685
10977,0.93
10978,0.46
10979,0.315
10980,0.955
10981,0.785
10982,0.645
10983,0.815
10984,0.615
10985,0.54
10986,0.85
10987,0.625
10988,0.305
10989,0.275
10990,0.625
10991,0.555
10992,0.86
10993,0.905
10994,0.63
10995,0.33
10996,0.93
10997,0.365
10998,0.475
10999,0.805
11000,0.49
11001,0.52
11002,0.24
11003,0.835
11004,0.51
11005,0.795
11006,0.65
11007,0.67
11008,0.93
11009,0.865
11010,0.85
11011,0.735
11012,0.68
11013,0.69
11014,0.18
11015,0.785
11016,0.77
11017,0.67
11018,0.825
11019,0.475
11020,0.915
11021,0.85
11022,0.83
11023,0.89
11024,0.845
11025,0.74
11026,0.54
11027,0.505
11028,0.64
11029,0.765
11030,0.74
11031,0.945
11032,0.58
11033,0.78
11034,0.54
11035,0.655
11036,0.815
11037,0.465
11038,0.62
11039,0.76
11040,0.845
11041,0.78
11042,0.875
11043,0.825
11044,0.45
11045,0.825
11046,0.875
11047,0.575
11048,0.655
11049,0.17
11050,0.585
11051,0.595
11052,0.78
11053,0.755
11054,0.895
11055,0.87
11056,0.6
11057,0.445
11058,0.525
11059,0.715
11060,0.39
11061,0.845
11062,0.31
11063,0.705
11064,0.48
11065,0.87
11066,0.715
11067,0.43
11068,0.465
11069,0.93
11070,0.955
11071,0.655
11072,0.715
11073,0.735
11074,0.505
11075,0.89
11076,0.965
11077,0.7
11078,0.865
11079,0.78
11080,0.605
11081,0.74
11082,0.49
11083,0.585
11084,0.85
11085,0.625
11086,0.505
11087,0.685
11088,0.605
11089,0.94
11090,0.925
11091,0.56
11092,0.75
11093,0.835
11094,0.425
11095,0.895
11096,0.55
11097,0.555
11098,0.77
11099,0.855
11100,0.68
11101,0.845
11102,0.89
11103,0.86
11104,0.87
11105,0.715
11106,0.75
11107,0.22
11108,0.78
11109,0.545
11110,0.65
11111,0.95
11112,0.7
11113,0.535
11114,0.735
11115,0.735
11116,0.605
11117,0.785
11118,0.655
11119,0.97
11120,0.635
11121,0.975
11122,0.8375
11123,0.815
11124,0.555
11125,0.44
11126,0.485
11127,0.825
11128,0.855
11129,0.685
11130,0.865
11131,0.45
11132,0.51
11133,0.6
11134,0.45
11135,0.835
11136,0.855
11137,0.9
11138,0.705
11139,0.635
11140,0.395
11141,0.88
11142,0.685
11143,0.89
11144,0.83
11145,0.65
11146,0.95
11147,0.49
11148,0.6
11149,0.54
11150,0.79
11151,0.52
11152,0.885
11153,0.865
11154,0.78
11155,0.99
11156,0.65
11157,0.675
11158,0.28
11159,0.905
11160,0.925
11161,0.57
11162,0.255
11163,0.55
11164,0.89
11165,0.695
11166,0.825
11167,0.79
11168,0.985
11169,0.8
11170,0.795
11171,0.83
11172,0.84
11173,0.65
11174,0.42
11175,0.36
11176,0.675
11177,0.825
11178,0.715
11179,0.77
11180,0.62
11181,0.63
11182,0.49
11183,0.685
11184,0.7
11185,0.735
11186,0.77
11187,0.595
11188,0.955
11189,0.5
11190,0.865
11191,0.795
11192,0.945
11193,0.645
11194,0.725
11195,0.81
11196,0.915
11197,0.825
11198,0.905
11199,0.92
11200,0.775
11201,0.785
11202,0.92
11203,0.6
11204,0.715
11205,0.875
11206,0.95
11207,0.595
11208,0.685
11209,0.905
11210,0.775
11211,0.6
11212,0.61
11213,0.555
11214,0.55
11215,0.675
11216,0.55
11217,0.865
11218,0.815
11219,0.935
11220,0.71
11221,0.89
11222,0.715
11223,0.92
11224,0.79
11225,0.585
11226,0.54
11227,0.475
11228,0.78
11229,0.795
11230,0.795
11231,0.455
11232,0.66
11233,0.75
11234,0.82
11235,0.64
11236,0.965
11237,0.645
11238,0.765
11239,0.755
11240,0.665
11241,0.64
11242,0.82
11243,0.75
11244,0.6
11245,0.69
11246,0.445
11247,0.815
11248,0.87
11249,0.98
11250,0.595
11251,0.76
11252,0.74
11253,0.64
11254,0.755
11255,0.905
11256,0.79
11257,0.98
11258,0.61
11259,0.69
11260,0.685
11261,0.675
11262,0.515
11263,0.76
11264,0.435
11265,0.99
11266,0.965
11267,0.535
11268,0.705
11269,0.51
11270,0.93
11271,0.61
11272,0.98
11273,0.86
11274,0.515
11275,0.95
11276,0.68
11277,0.66
11278,0.73
11279,0.775
11280,0.84
11281,0.73
11282,0.54
11283,0.715
11284,0.565
11285,0.905
11286,0.89
11287,0.79
11288,0.905
11289,0.885
11290,0.71
11291,0.865
11292,0.82
11293,0.755
11294,0.63
11295,0.84
11296,0.74
11297,0.535
11298,0.3
11299,0.685
11300,0.54
11301,0.655
11302,0.67
11303,0.85
11304,0.835
11305,0.3
11306,0.355
11307,0.915
11308,0.67
11309,0.89
11310,0.84
11311,0.675
11312,0.33
11313,0.905
11314,0.455
11315,0.745
11316,0.39
11317,0.485
11318,0.675
11319,0.765
11320,0.535
11321,0.795
11322,0.455
11323,0.77
11324,0.675
11325,0.75
11326,0.96
11327,0.655
11328,0.425
11329,0.875
11330,0.81
11331,0.94
11332,0.92
11333,0.675
11334,0.73
11335,0.96
11336,0.825
11337,0.56
11338,0.835
11339,0.9
11340,0.76
11341,0.63
11342,0.645
11343,0.88
11344,0.485
11345,0.815
11346,0.745
11347,0.915
11348,0.755
11349,0.535
11350,0.65
11351,0.885
11352,0.725
11353,0.755
11354,0.76
11355,0.59
11356,0.7
11357,0.715
11358,0.8
11359,0.975
11360,0.67
11361,0.475
11362,0.355
11363,0.865
11364,0.685
11365,0.745
11366,0.59
11367,0.78
11368,0.665
11369,0.83
11370,0.525
11371,0.77
11372,0.28
11373,0.725
11374,0.68
11375,0.91
11376,0.915
11377,0.655
11378,0.945
11379,0.575
11380,0.7
11381,0.335
11382,0.595
11383,0.965
11384,0.59
11385,0.505
11386,0.615
11387,0.735
11388,0.88
11389,0.235
11390,0.735
11391,0.78
11392,0.69
11393,0.9
11394,0.65
11395,0.97
11396,0.625
11397,0.86
11398,0.675
11399,0.655
11400,0.895
11401,0.585
11402,0.91
11403,0.8
11404,0.865
11405,0.795
11406,0.655
11407,0.615
11408,0.925
11409,0.575
11410,0.725
11411,0.77
11412,0.565
11413,0.61
11414,0.385
11415,0.8
11416,0.67
11417,0.71
11418,0.81
11419,0.685
11420,0.87
11421,0.42
11422,0.78
11423,0.82
11424,0.805
11425,0.955
11426,0.785
11427,0.535
11428,0.525
11429,0.725
11430,0.615
11431,0.65
11432,0.815
11433,0.72
11434,0.875
11435,0.85
11436,0.355
11437,0.6
11438,0.765
11439,0.91
11440,0.58
11441,0.625
11442,0.77
11443,0.88
11444,0.545
11445,0.965
11446,0.72
11447,0.64
11448,0.935
11449,0.59
11450,0.58
11451,0.645
11452,0.625
11453,0.865
11454,0.54
11455,0.325
11456,0.225
11457,0.685
11458,0.51
11459,0.69
11460,0.955
11461,0.635
11462,0.83
11463,0.7
11464,0.47
11465,0.53
11466,0.865
11467,0.405
11468,0.765
11469,0.49
11470,0.65
11471,0.79
11472,0.8
11473,0.67
11474,0.4
11475,0.705
11476,0.435
11477,0.86
11478,0.905
11479,0.415
11480,0.705
11481,0.53
11482,0.485
11483,0.91
11484,0.795
11485,0.97
11486,0.975
11487,0.72
11488,0.795
11489,0.76
11490,0.595
11491,0.885
11492,0.635
11493,0.78
11494,0.38
11495,0.75
11496,0.76
11497,0.87
11498,0.75
11499,0.93
11500,0.72
11501,0.8
11502,0.91
11503,0.735
11504,0.855
11505,0.565
11506,0.85
11507,0.615
11508,0.22
11509,0.82
11510,0.84
11511,0.38
11512,0.9
11513,0.8
11514,0.905
11515,0.705
11516,0.975
11517,0.99
11518,0.605
11519,0.875
11520,0.815
11521,0.96
11522,0.885
11523,0.95
11524,0.63
11525,0.57
11526,0.965
11527,0.815
11528,0.82
11529,0.91
11530,0.89
11531,0.785
11532,0.84
11533,0.82
11534,0.665
11535,0.85
11536,0.95
11537,0.97
11538,0.705
11539,0.545
11540,0.1
11541,0.85
11542,0.905
11543,0.775
11544,0.645
11545,0.505
11546,0.965
11547,0.81
11548,0.845
11549,0.97
11550,0.715
11551,0.635
11552,0.47
11553,0.585
11554,0.89
11555,0.61
11556,0.855
11557,0.4
11558,0.42
11559,0.425
11560,0.725
11561,0.585
11562,0.55
11563,0.935
11564,0.805
11565,0.89
11566,0.52
11567,0.86
11568,0.955
11569,0.765
11570,0.83
11571,0.825
11572,0.845
11573,0.46
11574,0.855
11575,0.565
11576,0.9
11577,0.9
11578,0.915
11579,0.81
11580,0.66
11581,0.38
11582,0.695
11583,0.575
11584,0.62
11585,0.725
11586,0.565
11587,0.35
11588,0.725
11589,0.765
11590,0.83
11591,0.89
11592,0.555
11593,0.765
11594,0.53
11595,0.67
11596,0.82
11597,0.81
11598,0.96
11599,0.71
11600,0.52
11601,0.83
11602,0.745
11603,0.75
11604,0.825
11605,0.6
11606,0.905
11607,0.76
11608,0.915
11609,0.59
11610,0.84
11611,0.42
11612,0.69
11613,0.695
11614,0.95
11615,0.71
11616,0.785
11617,0.815
11618,0.865
11619,0.755
11620,0.355
11621,0.7
11622,0.96
11623,0.54
11624,0.535
11625,0.275
11626,0.585
11627,0.53
11628,0.84
11629,0.765
11630,0.765
11631,0.925
11632,0.98
11633,0.555
11634,0.62
11635,0.58
11636,0.925
11637,0.675
11638,0.895
11639,0.765
11640,0.74
11641,0.96
11642,0.685
11643,0.755
11644,0.65
11645,0.495
11646,0.9
11647,0.795
11648,0.78
11649,0.69
11650,0.9
11651,0.71
11652,0.89
11653,0.63
11654,0.465
11655,0.645
11656,0.725
11657,0.88
11658,0.945
11659,0.96
11660,0.485
11661,0.59
11662,0.545
11663,0.81
11664,0.565
11665,0.815
11666,0.61
11667,0.615
11668,0.7
11669,0.715
11670,0.9
11671,0.68
11672,0.9
11673,0.72
11674,0.94
11675,0.625
11676,0.91
11677,0.68
11678,0.89
11679,0.425
11680,0.935
11681,0.86
11682,0.675
11683,0.5
11684,0.925
11685,0.81
11686,0.9
11687,0.665
11688,0.88
11689,0.74
11690,0.615
11691,0.38
11692,0.975
11693,0.975
11694,0.345
11695,0.95
11696,0.825
11697,0.885
11698,0.62
11699,0.995
11700,0.985
11701,0.945
11702,0.835
11703,0.59
11704,0.78
11705,0.57
11706,0.74
11707,0.965
11708,0.855
11709,0.82
11710,0.7
11711,0.845
11712,0.85
11713,0.74
11714,0.55
11715,0.615
11716,0.82
11717,0.945
11718,0.94
11719,0.925
11720,0.845
11721,0.675
11722,0.835
11723,0.76
11724,0.825
11725,0.76
11726,0.5
11727,0.63
11728,0.665
11729,0.44
11730,0.87
11731,0.58
11732,0.845
11733,0.71
11734,0.755
11735,0.885
11736,0.51
11737,0.83
11738,0.535
11739,0.83
11740,0.735
11741,0.535
11742,0.685
11743,0.91
11744,0.66
11745,0.825
11746,0.445
11747,0.675
11748,0.665
11749,0.65
11750,0.87
11751,0.865
11752,0.675
11753,0.9
11754,0.61
11755,0.475
11756,0.82
11757,0.97
11758,0.78
11759,0.69
11760,0.8
11761,0.755
11762,0.385
11763,0.98
11764,0.8
11765,0.975
11766,0.78
11767,0.515
11768,0.71
11769,0.7
11770,0.435
11771,0.645
11772,0.815
11773,0.78
11774,0.695
11775,0.51
11776,0.74
11777,0.975
11778,0.85
11779,0.77
11780,0.785
11781,0.715
11782,0.85
11783,0.765
11784,0.925
11785,0.665
11786,0.85
11787,0.75
11788,0.83
11789,0.755
11790,0.53
11791,0.565
11792,0.83
11793,0.735
11794,0.455
11795,0.765
11796,0.945
11797,0.325
11798,0.695
11799,0.81
11800,0.82
11801,0.81
11802,0.89
11803,0.77
11804,0.98
11805,0.65
11806,0.445
11807,0.76
11808,0.525
11809,0.465
11810,0.355
11811,0.63
11812,0.915
11813,0.935
11814,0.64
11815,0.75
11816,0.95
11817,0.485
11818,0.76
11819,0.93
11820,0.73
11821,0.555
11822,0.735
11823,0.98
11824,0.78
11825,0.575
11826,0.665
11827,0.955
11828,0.615
11829,0.62
11830,0.625
11831,0.78
11832,0.745
11833,0.675
11834,0.675
11835,0.77
11836,0.85
11837,0.815
11838,0.815
11839,0.735
11840,0.345
11841,0.88
11842,0.55
11843,0.74
11844,0.87
11845,0.81
11846,0.71
11847,0.785
11848,0.95
11849,0.555
11850,0.8
11851,0.46
11852,0.615
11853,0.92
11854,0.585
11855,0.805
11856,0.69
11857,0.86
11858,0.705
11859,0.83
11860,0.655
11861,0.77
11862,0.81
11863,0.635
11864,0.78
11865,0.765
11866,0.535
11867,0.575
11868,0.75
11869,0.85
11870,0.93
11871,0.42
11872,0.73
11873,0.96
11874,0.705
11875,0.78
11876,0.72
11877,0.95
11878,0.635
11879,0.87
11880,0.925
11881,0.855
11882,0.485
11883,0.92
11884,0.97
11885,0.715
11886,0.71
11887,0.885
11888,0.985
11889,0.85
11890,0.92
11891,0.675
11892,0.885
11893,0.805
11894,0.44
11895,0.555
11896,0.68
11897,0.935
11898,0.65
11899,0.385
11900,0.685
11901,0.75
11902,0.76
11903,0.57
11904,0.855
11905,0.86
11906,0.73
11907,0.785
11908,0.755
11909,0.76
11910,0.85
11911,0.81
11912,0.545
11913,0.51
11914,0.66
11915,0.73
11916,0.745
11917,0.62
11918,0.755
11919,0.815
11920,0.8
11921,0.855
11922,0.73
11923,0.745
11924,0.645
11925,0.44
11926,0.495
11927,0.395
11928,0.765
11929,0.685
11930,0.915
11931,0.685
11932,0.595
11933,0.72
11934,0.74
11935,0.71
11936,0.83
11937,0.825
11938,0.63
11939,0.75
11940,0.82
11941,0.56
11942,0.66
11943,0.485
11944,0.715
11945,0.525
11946,0.63
11947,0.645
11948,0.435
11949,0.615
11950,0.805
11951,0.8
11952,0.765
11953,0.68
11954,0.71
11955,0.73
11956,0.92
11957,0.59
11958,0.935
11959,0.8
11960,0.595
11961,0.79
11962,0.66
11963,0.245
11964,0.535
11965,0.64
11966,0.785
11967,0.64
11968,0.795
11969,0.715
11970,0.425
11971,0.68
11972,0.665
11973,0.885
11974,0.645
11975,0.8
11976,0.61
11977,0.72
11978,0.64
11979,0.565
11980,0.79
11981,0.5
11982,0.535
11983,0.775
11984,0.795
11985,0.65
11986,0.66
11987,0.53
11988,0.585
11989,0.46
11990,0.62
11991,0.735
11992,0.68
11993,0.81
11994,0.92
11995,0.445
11996,0.665
11997,0.585
11998,0.755
11999,0.715
12000,0.66
12001,0.68
12002,0.65
12003,0.915
12004,0.72
12005,0.66
12006,0.91
12007,0.775
12008,0.345
12009,0.705
12010,0.565
12011,0.36
12012,0.64
12013,0.645
12014,0.755
12015,0.46
12016,0.64
12017,0.955
12018,0.83
12019,0.89
12020,0.81
12021,0.58
12022,0.475
12023,0.775
12024,0.63
12025,0.835
12026,0.58
12027,0.57
12028,0.725
12029,0.45
12030,0.435
12031,0.59
12032,0.495
12033,0.7
12034,0.63
12035,0.77
12036,0.825
12037,0.865
12038,0.455
12039,0.66
12040,0.46
12041,0.735
12042,0.86
12043,0.575
12044,0.675
12045,0.685
12046,0.63
12047,0.74
12048,0.885
12049,0.82
12050,0.415
12051,0.945
12052,0.65
12053,0.78
12054,0.755
12055,0.835
12056,0.665
12057,0.755
12058,0.92
12059,0.76
12060,0.93
12061,0.72
12062,0.69
12063,0.68
12064,0.495
12065,0.88
12066,0.62
12067,0.71
12068,0.7
12069,0.645
12070,0.73
12071,0.31
12072,0.47
12073,0.62
12074,0.76
12075,0.79
12076,0.39
12077,0.715
12078,0.835
12079,0.845
12080,0.26
12081,0.63
12082,0.84
12083,0.86
12084,0.73
12085,0.505
12086,0.715
12087,0.6
12088,0.76
12089,0.75
12090,0.68
12091,0.81
12092,0.67
12093,0.515
12094,0.99
12095,0.755
12096,0.11
12097,0.74
12098,0.85
12099,0.615
12100,0.72
12101,0.7
12102,0.98
12103,0.72
12104,0.435
12105,0.44
12106,0.845
12107,0.705
12108,0.735
12109,0.65
12110,0.735
12111,0.42
12112,0.695
12113,0.65
12114,0.71
12115,0.755
12116,0.885
12117,0.89
12118,0.93
12119,0.695
12120,0.84
12121,0.825
12122,0.885
12123,0.63
12124,0.585
12125,0.465
12126,0.91
12127,0.67
12128,0.93
12129,0.655
12130,0.73
12131,0.805
12132,0.69
12133,0.81
12134,0.82
12135,0.875
12136,0.72
12137,0.61
12138,0.36
12139,0.5
12140,0.765
12141,0.575
12142,0.675
12143,0.855
12144,0.89
12145,0.6
12146,0.725
12147,0.455
12148,0.93
12149,0.83
12150,0.84
12151,0.31
12152,0.9
12153,0.465
12154,0.77
12155,0.79
12156,0.51
12157,0.625
12158,0.9
12159,0.59
12160,0.97
12161,0.81
12162,0.6
12163,0.89
12164,0.71
12165,0.655
12166,0.96
12167,0.605
12168,0.675
12169,0.725
12170,0.81
12171,0.82
12172,0.83
12173,0.59
12174,0.84
12175,0.265
12176,0.955
12177,0.94
12178,0.83
12179,0.615
12180,0.82
12181,0.68
12182,0.45
12183,0.745
12184,0.69
12185,0.775
12186,0.61
12187,0.495
12188,0.935
12189,0.485
12190,0.835
12191,0.46
12192,0.98
12193,0.815
12194,0.82
12195,0.775
12196,0.685
12197,0.92
12198,0.93
12199,0.91
12200,0.71
12201,0.62
12202,0.715
12203,0.795
12204,0.55
12205,0.665
12206,0.51
12207,0.885
12208,0.64
12209,0.935
12210,0.77
12211,0.61
12212,0.965
12213,0.71
12214,0.82
12215,0.66
12216,0.665
12217,0.925
12218,0.57
12219,0.615
12220,0.605
12221,0.805
12222,0.575
12223,0.865
12224,0.92
12225,0.365
12226,0.745
12227,0.765
12228,0.72
12229,0.675
12230,0.935
12231,0.695
12232,0.445
12233,0.585
12234,0.77
12235,0.76
12236,0.925
12237,0.765
12238,0.73
12239,0.745
12240,0.65
12241,0.41
12242,0.82
12243,0.505
12244,0.825
12245,0.745
12246,0.885
12247,0.45
12248,0.615
12249,0.68
12250,0.84
12251,0.9
12252,0.64
12253,0.6
12254,0.96
12255,0.595
12256,0.985
12257,0.655
12258,0.625
12259,0.895
12260,0.955
12261,0.165
12262,0.84
12263,0.58
12264,0.395
12265,0.63
12266,0.75
12267,0.565
12268,0.89
12269,0.555
12270,0.875
12271,0.785
12272,0.88
12273,0.805
12274,0.89
12275,0.83
12276,0.575
12277,0.645
12278,0.845
12279,0.675
12280,0.965
12281,0.875
12282,0.745
12283,0.475
12284,0.785
12285,0.845
12286,0.66
12287,0.675
12288,0.75
12289,0.86
12290,0.825
12291,0.835
12292,0.625
12293,0.65
12294,0.615
12295,0.87
12296,0.875
12297,0.78
12298,0.845
12299,0.8
12300,0.92
12301,0.58
12302,0.71
12303,0.955
12304,0.605
12305,0.91
12306,0.925
12307,0.61
12308,0.975
12309,0.5
12310,0.91
12311,0.78
12312,0.84
12313,0.855
12314,0.165
12315,0.315
12316,0.95
12317,0.665
12318,0.59
12319,0.74
12320,0.76
12321,0.705
12322,0.685
12323,0.53
12324,0.55
12325,0.515
12326,0.41
12327,0.64
12328,0.655
12329,0.495
12330,0.72
12331,0.775
12332,0.58
12333,0.6
12334,0.875
12335,0.79
12336,0.4
12337,0.42
12338,0.8
12339,0.735
12340,0.765
12341,0.425
12342,0.71
12343,0.585
12344,0.67
12345,0.88
12346,0.965
12347,0.835
12348,0.47
12349,0.655
12350,0.75
12351,0.58
12352,0.925
12353,0.94
12354,0.66
12355,0.98
12356,0.91
12357,0.885
12358,0.865
12359,0.15
12360,0.97
12361,0.7
12362,0.66
12363,0.345
12364,0.785
12365,0.36
12366,0.665
12367,0.72
12368,0.745
12369,0.575
12370,0.685
12371,0.875
12372,0.37
12373,0.89
12374,0.87
12375,0.555
12376,0.81
12377,0.89
12378,0.74
12379,0.875
12380,0.54
12381,0.585
12382,0.89
12383,0.78
12384,0.78
12385,0.57
12386,0.7
12387,0.825
12388,0.72
12389,0.8
12390,0.745
12391,0.85
12392,0.535
12393,0.61
12394,0.955
12395,0.975
12396,0.32
12397,0.705
12398,0.65
12399,0.905
12400,0.725
12401,0.72
12402,0.35
12403,0.645
12404,0.735
12405,0.91
12406,0.745
12407,0.775
12408,0.47
12409,0.79
12410,0.695
12411,0.88
12412,0.525
12413,0.55
12414,0.88
12415,0.86
12416,0.905
12417,0.67
12418,0.695
12419,0.655
12420,0.97
12421,0.7
12422,0.605
12423,0.885
12424,0.945
12425,0.53
12426,0.85
12427,0.975
12428,0.755
12429,0.23
12430,0.75
12431,0.3
12432,0.715
12433,0.875
12434,0.89
12435,0.455
12436,0.885
12437,0.965
12438,0.765
12439,0.895
12440,0.92
12441,0.675
12442,0.955
12443,0.785
12444,0.815
12445,0.885
12446,0.745
12447,0.78
12448,0.285
12449,0.705
12450,0.875
12451,0.6
12452,0.66
12453,0.69
12454,0.625
12455,0.79
12456,0.855
12457,0.905
12458,0.76
12459,0.58
12460,0.525
12461,0.5
12462,0.695
12463,0.875
12464,0.9
12465,0.615
12466,0.98
12467,0.72
12468,0.73
12469,0.83
12470,0.795
12471,0.535
12472,0.83
12473,0.845
12474,0.955
12475,0.91
12476,0.79
12477,0.75
12478,0.595
12479,0.71
12480,0.54
12481,0.66
12482,0.785
12483,0.94
12484,0.705
12485,0.56
12486,0.675
12487,0.85
12488,0.945
12489,0.76
12490,0.39
12491,0.955
12492,0.84
12493,0.615
12494,0.91
12495,0.745
12496,0.82
12497,0.73
12498,0.405
12499,0.49
12500,0.765
12501,0.465
12502,0.885
12503,0.785
12504,0.435
12505,0.93
12506,0.755
12507,0.755
12508,0.45
12509,0.51
12510,0.44
12511,0.835
12512,0.85
12513,0.685
12514,0.84
12515,0.605
12516,0.735
12517,0.79
12518,0.805
12519,0.74
12520,0.795
12521,0.5
12522,0.87
12523,0.6
12524,0.7
12525,0.67
12526,0.75
12527,0.96
12528,0.6
12529,0.545
12530,0.56
12531,0.935
12532,0.82
12533,0.895
12534,0.665
12535,0.785
12536,0.515
12537,0.86
12538,0.555
12539,0.565
12540,0.585
12541,0.875
12542,0.665
12543,0.58
12544,0.61
12545,0.73
12546,0.505
12547,0.765
12548,0.625
12549,0.925
12550,0.625
12551,0.64
12552,0.685
12553,0.935
12554,0.715
12555,0.93
12556,0.865
12557,0.535
12558,0.845
12559,0.875
12560,0.68
12561,0.715
12562,0.545
12563,0.825
12564,0.525
12565,0.435
12566,0.8
12567,0.67
12568,0.83
12569,0.865
12570,0.77
12571,0.91
12572,0.975
12573,0.97
12574,0.87
12575,0.83
12576,0.845
12577,0.645
12578,0.715
12579,0.37
12580,0.64
12581,0.42
12582,0.7
12583,0.88
12584,0.81
12585,0.425
12586,0.845
12587,0.635
12588,0.755
12589,0.615
12590,0.89
12591,0.745
12592,0.68
12593,0.615
12594,0.52
12595,0.635
12596,0.675
12597,0.315
12598,0.835
12599,0.845
12600,0.72
12601,0.715
12602,0.845
12603,0.955
12604,0.7
12605,0.815
12606,0.925
12607,0.63
12608,0.655
12609,0.7
12610,0.525
12611,0.77
12612,0.675
12613,0.765
12614,0.82
12615,0.77
12616,0.73
12617,0.78
12618,0.74
12619,0.535
12620,0.525
12621,0.77
12622,0.85
12623,0.7
12624,0.63
12625,0.675
12626,0.805
12627,0.735
12628,0.565
12629,0.985
12630,0.67
12631,0.665
12632,0.91
12633,0.915
12634,0.74
12635,0.605
12636,0.855
12637,0.795
12638,0.685
12639,0.305
12640,0.52
12641,0.525
12642,0.685
12643,0.735
12644,0.925
12645,0.605
12646,0.71
12647,0.635
12648,0.745
12649,0.575
12650,0.94
12651,0.91
12652,0.59
12653,0.6
12654,0.55
12655,0.801667
12656,0.735
12657,0.94
12658,0.705
12659,0.79
12660,0.5
12661,0.865
12662,0.86
12663,0.515
12664,0.49
12665,0.56
12666,0.565
12667,0.795
12668,0.92
12669,0.67
12670,0.795
12671,0.98
12672,0.63
12673,0.81
12674,0.765
12675,0.57
12676,0.715
12677,0.565
12678,0.815
12679,0.835
12680,0.375
12681,0.41
12682,0.745
12683,0.975
12684,0.895
12685,0.835
12686,0.64
12687,0.655
12688,0.44
12689,0.69
12690,0.905
12691,0.82
12692,0.875
12693,0.77
12694,0.625
12695,0.85
12696,0.69
12697,0.805
12698,0.875
12699,0.38
12700,0.925
12701,0.27
12702,0.725
12703,0.805
12704,0.925
12705,0.77
12706,0.59
12707,0.96
12708,0.935
12709,0.83
12710,0.725
12711,0.73
12712,0.81
12713,0.655
12714,0.705
12715,0.79
12716,0.91
12717,0.905
12718,0.84
12719,0.58
12720,0.79
12721,0.555
12722,0.38
12723,0.62
12724,0.91
12725,0.78
12726,0.865
12727,0.69
12728,0.64
12729,0.745
12730,0.435
12731,0.66
12732,0.625
12733,0.585
12734,0.66
12735,0.7
12736,0.51
12737,0.66
12738,0.905
12739,0.575
12740,0.685
12741,0.615
12742,0.69
12743,0.785
12744,0.885
12745,0.8
12746,0.38
12747,0.715
12748,0.825
12749,0.44
12750,0.935
12751,0.545
12752,0.85
12753,0.89
12754,0.81
12755,0.93
12756,0.78
12757,0.37
12758,0.965
12759,0.785
12760,0.71
12761,0.51
12762,0.9
12763,0.245
12764,0.69
12765,0.825
12766,0.65
12767,0.86
12768,0.685
12769,0.845
12770,0.62
12771,0.9
12772,0.645
12773,0.5
12774,0.475
12775,0.7
12776,0.79
12777,0.725
12778,0.53
12779,0.83
12780,0.665
12781,0.78
12782,0.785
12783,0.75
12784,0.59
12785,0.555
12786,0.485
12787,0.645
12788,0.725
12789,0.575
12790,0.835
12791,0.805
12792,0.64
12793,0.92
12794,0.705
12795,0.69
12796,0.85
12797,0.895
12798,0.595
12799,0.885
12800,0.585
12801,0.655
12802,0.71
12803,0.665
12804,0.965
12805,0.725
12806,0.665
12807,0.84
12808,0.91
12809,0.18
12810,0.785
12811,0.645
12812,0.835
12813,0.515
12814,0.64
12815,0.805
12816,0.815
12817,0.69
12818,0.93
12819,0.71
12820,0.675
12821,0.94
12822,0.625
12823,0.745
12824,0.905
12825,0.545
12826,0.425
12827,0.7
12828,0.755
12829,0.92
12830,0.68
12831,0.955
12832,0.955
12833,0.61
12834,0.805
12835,0.84
12836,0.435
12837,0.83
12838,0.73
12839,0.66
12840,0.37
12841,0.66
12842,0.815
12843,0.82
12844,0.695
12845,0.855
12846,0.66
12847,0.595
12848,0.725
12849,0.54
12850,0.73
12851,0.915
12852,0.605
12853,0.985
12854,0.765
12855,0.695
12856,0.755
12857,0.93
12858,0.26
12859,0.765
12860,0.57
12861,0.76
12862,0.585
12863,0.955
12864,0.6
12865,0.98
12866,0.81
12867,0.97
12868,0.62
12869,0.715
12870,0.555
12871,0.665
12872,0.855
12873,0.77
12874,0.755
12875,0.67
12876,0.955
12877,0.6
12878,0.81
12879,0.86
12880,0.84
12881,0.515
12882,0.705
12883,0.735
12884,0.7
12885,0.96
12886,0.745
12887,0.755
12888,0.935
12889,0.65
12890,0.86
12891,0.755
12892,0.9
12893,0.755
12894,0.95
12895,0.89
12896,0.835
12897,0.72
12898,0.655
12899,0.63
12900,0.555
12901,0.615
12902,0.715
12903,0.73
12904,0.92
12905,0.445
12906,0.655
12907,0.69
12908,0.865
12909,0.845
12910,0.8
12911,0.69
12912,0.345
12913,0.77
12914,0.965
12915,0.565
12916,0.425
12917,0.755
12918,0.66
12919,0.7
12920,0.59
12921,0.64
12922,0.45
12923,0.64
12924,0.675
12925,0.785
12926,0.795
12927,0.555
12928,0.62
12929,0.815
12930,0.86
12931,0.465
12932,0.44
12933,0.79
12934,0.765
12935,0.585
12936,0.62
12937,0.835
12938,0.77
12939,0.675
12940,0.905
12941,0.815
12942,0.65
12943,0.67
12944,0.445
12945,0.53
12946,0.96
12947,0.955
12948,0.87
12949,0.96
12950,0.64
12951,0.905
12952,0.68
12953,0.875
12954,0.845
12955,0.755
12956,0.635
12957,0.32
12958,0.915
12959,0.825
12960,0.575
12961,0.605
12962,0.93
12963,0.745
12964,0.915
12965,0.45
12966,0.855
12967,0.765
12968,0.615
12969,0.645
12970,0.565
12971,0.785
12972,0.315
12973,0.5
12974,0.71
12975,0.865
12976,0.82
12977,0.585
12978,0.86
12979,0.55
12980,0.645
12981,0.775
12982,0.655
12983,0.75
12984,0.495
12985,0.885
12986,0.71
12987,0.435
12988,0.31
12989,0.72
12990,0.975
12991,0.21
12992,0.775
12993,0.615
12994,0.855
12995,0.71
12996,0.61
12997,0.89
12998,0.49
12999,0.9
13000,0.76
13001,0.875
13002,0.56
13003,0.715
13004,0.665
13005,0.875
13006,0.7
13007,0.655
13008,0.71
13009,0.6
13010,0.45
13011,0.605
13012,0.82
13013,0.855
13014,0.42
13015,0.845
13016,0.585
13017,0.845
13018,0.77
13019,0.875
13020,0.785
13021,0.895
13022,0.78
13023,0.73
13024,0.625
13025,0.7
13026,0.71
13027,0.26
13028,0.91
13029,0.885
13030,0.445
13031,0.58
13032,0.76
13033,0.75
13034,0.51
13035,0.565
13036,0.6
13037,0.845
13038,0.76
13039,0.57
13040,0.985
13041,0.745
13042,0.525
13043,0.745
13044,0.875
13045,0.735
13046,0.8
13047,0.8
13048,0.745
13049,0.81
13050,0.73
13051,0.3
13052,0.625
13053,0.46
13054,0.5
13055,0.645
13056,0.83
13057,0.675
13058,0.55
13059,0.695
13060,0.47
13061,0.705
13062,0.91
13063,0.71
13064,0.645
13065,0.74
13066,0.91
13067,0.855
13068,0.805
13069,0.635
13070,0.465
13071,0.64
13072,0.755
13073,0.655
13074,0.835
13075,0.565
13076,0.675
13077,0.655
13078,0.375
13079,0.68
13080,0.885
13081,0.4
13082,0.765
13083,0.58
13084,0.68
13085,0.245
13086,0.495
13087,0.5
13088,0.705
13089,0.745
13090,0.705
13091,0.805
13092,0.62
13093,0.9
13094,0.955
13095,0.8
13096,0.495
13097,0.625
13098,0.655
13099,0.705
13100,0.46
13101,0.74
13102,0.69
13103,0.671
13104,0.63
13105,0.23
13106,0.71
13107,0.45
13108,0.76
13109,0.715
13110,0.505
13111,0.605
13112,0.93
13113,0.655
13114,0.365
13115,0.73
13116,0.485
13117,0.76
13118,0.525
13119,0.93
13120,0.625
13121,0.725
13122,0.725
13123,0.44
13124,0.7
13125,0.7
13126,0.63
13127,0.45
13128,0.775
13129,0.79
13130,0.67
13131,0.73
13132,0.74
13133,0.9
13134,0.865
13135,0.48
13136,0.525
13137,0.695
13138,0.615
13139,0.975
13140,0.62
13141,0.69
13142,0.86
13143,0.68
13144,0.445
13145,0.555
13146,0.795
13147,0.955
13148,0.59
13149,0.79
13150,0.66
13151,0.625
13152,0.2
13153,0.785
13154,0.645
13155,0.665
13156,0.795
13157,0.635
13158,0.77
13159,0.805
13160,0.91
13161,0.695
13162,0.875
13163,0.71
13164,0.925
13165,0.7
13166,0.64
13167,0.76
13168,0.76
13169,0.575
13170,0.73
13171,0.84
13172,0.81
13173,0.615
13174,0.89
13175,0.685
13176,0.48
13177,0.99
13178,0.77
13179,0.595
13180,0.91
13181,0.71
13182,0.54
13183,0.755
13184,0.87
13185,0.58
13186,0.48
13187,0.9
13188,0.785
13189,0.685
13190,0.355
13191,0.71
13192,0.735
13193,0.95
13194,0.685
13195,0.635
13196,0.62
13197,0.79
13198,0.37
13199,0.99
13200,0.89
13201,0.935
13202,0.905
13203,0.7
13204,0.875
13205,0.69
13206,0.81
13207,0.405
13208,0.59
13209,0.86
13210,0.53
13211,0.655
13212,0.795
13213,0.68
13214,0.755
13215,0.81
13216,0.76
13217,0.59
13218,0.91
13219,0.87
13220,0.655
13221,0.9
13222,0.6
13223,0.84
13224,0.805
13225,0.68
13226,0.81
13227,0.61
13228,0.645
13229,0.72
13230,0.675
13231,0.335
13232,0.545
13233,0.7
13234,0.605
13235,0.77
13236,0.825
13237,0.7
13238,0.87
13239,0.76
13240,0.8
13241,0.605
13242,0.53
13243,0.895
13244,0.92
13245,0.545
13246,0.785
13247,0.76
13248,0.76
13249,0.645
13250,0.455
13251,0.62
13252,0.53
13253,0.835
13254,0.585
13255,0.79
13256,0.77
13257,0.575
13258,0.975
13259,0.81
13260,0.87
13261,0.95
13262,0.35
13263,0.865
13264,0.83
13265,0.49
13266,0.84
13267,0.605
13268,0.87
13269,0.62
13270,0.6
13271,0.67
13272,0.85
13273,0.64
13274,0.48
13275,0.655
13276,0.745
13277,0.41
13278,0.745
13279,0.73
13280,0.57
13281,0.915
13282,0.595
13283,0.49
13284,0.72
13285,0.565
13286,0.61
13287,0.66
13288,0.78
13289,0.205
13290,0.795
13291,0.845
13292,0.71
13293,0.75
13294,0.645
13295,0.99
13296,0.845
13297,0.69
13298,0.725
13299,0.69
13300,0.905
13301,0.815
13302,0.96
13303,0.77
13304,0.98
13305,0.455
13306,0.6
13307,0.925
13308,0.47
13309,0.845
13310,0.96
13311,0.875
13312,0.365
13313,0.725
13314,0.69
13315,0.835
13316,0.415
13317,0.9
13318,0.52
13319,0.855
13320,0.62
13321,0.22
13322,0.41
13323,0.81
13324,0.46
13325,0.54
13326,0.82
13327,0.59
13328,0.69
13329,0.775
13330,0.675
13331,0.935
13332,0.96
13333,0.82
13334,0.79
13335,0.715
13336,0.77
13337,0.535
13338,0.74
13339,0.815
13340,0.675
13341,0.65
13342,0.73
13343,0.42
13344,0.525
13345,0.69
13346,0.82
13347,0.9
13348,0.485
13349,0.685
13350,0.72
13351,0.64
13352,0.765
13353,0.88
13354,0.48
13355,0.71
13356,0.81
13357,0.42
13358,0.695
13359,0.555
13360,0.73
13361,0.7
13362,0.745
13363,0.67
13364,0.85
13365,0.98
13366,0.64
13367,0.705
13368,0.735
13369,0.625
13370,0.625
13371,0.67
13372,0.85
13373,0.72
13374,0.65
13375,0.85
13376,0.74
13377,0.655
13378,0.7
13379,0.875
13380,0.26
13381,0.925
13382,0.925
13383,0.885
13384,0.39
13385,0.67
13386,0.765
13387,0.825
13388,0.535
13389,0.87
13390,0.45
13391,0.47
13392,0.685
13393,0.97
13394,0.855
13395,0.815
13396,0.855
13397,0.57
13398,0.81
13399,0.74
13400,0.82
13401,0.685
13402,0.7
13403,0.675
13404,0.665
13405,0.79
13406,0.92
13407,0.91
13408,0.73
13409,0.535
13410,0.935
13411,0.96
13412,0.73
13413,0.805
13414,0.48
13415,0.845
13416,0.41
13417,0.815
13418,0.525
13419,0.885
13420,0.89
13421,0.51
13422,0.875
13423,0.68
13424,0.86
13425,0.745
13426,0.775
13427,0.455
13428,0.74
13429,0.66
13430,0.945
13431,0.345
13432,0.68
13433,0.885
13434,0.455
13435,0.875
13436,0.645
13437,0.905
13438,0.705
13439,0.755
13440,0.665
13441,0.76
13442,0.48
13443,0.795
13444,0.635
13445,0.575
13446,0.91
13447,0.88
13448,0.965
13449,0.72
13450,0.845
13451,0.735
13452,0.9
13453,0.585
13454,0.87
13455,0.835
13456,0.385
13457,0.95
13458,0.845
13459,0.705
13460,0.655
13461,0.625
13462,0.48
13463,0.765
13464,0.5
13465,0.525
13466,0.715
13467,0.61
13468,0.71
13469,0.41
13470,0.955
13471,0.8
13472,0.735
13473,0.555
13474,0.6
13475,0.68
13476,0.47
13477,0.9
13478,0.675
13479,0.7
13480,0.6
13481,0.965
13482,0.69
13483,0.86
13484,0.8
13485,0.84
13486,0.78
13487,0.88
13488,0.505
13489,0.52
13490,0.86
13491,0.775
13492,0.895
13493,0.775
13494,0.755
13495,0.43
13496,0.73
13497,0.725
13498,0.755
13499,0.55
13500,0.86
13501,0.765
13502,0.96
13503,0.79
13504,0.79
13505,0.75
13506,0.8
13507,0.48
13508,0.445
13509,0.87
13510,0.825
13511,0.55
13512,0.785
13513,0.93
13514,0.635
13515,0.8
13516,0.81
13517,0.875
13518,0.695
13519,0.555
13520,0.605
13521,0.53
13522,0.88
13523,0.725
13524,0.515
13525,0.545
13526,0.8
13527,0.775
13528,0.41
13529,0.855
13530,0.775
13531,0.585
13532,0.72
13533,0.86
13534,0.69
13535,0.195
13536,0.605
13537,0.605
13538,0.31
13539,0.755
13540,0.745
13541,0.57
13542,0.725
13543,0.935
13544,0.925
13545,0.715
13546,0.855
13547,0.45
13548,0.43
13549,0.72
13550,0.835
13551,0.585
13552,0.53
13553,0.925
13554,0.54
13555,0.71
13556,0.47
13557,0.96
13558,0.77
13559,0.775
13560,0.905
13561,0.885
13562,0.93
13563,0.63
13564,0.21
13565,0.445
13566,0.685
13567,0.77
13568,0.98
13569,0.88
13570,0.68
13571,0.83
13572,0.89
13573,0.44
13574,0.775
13575,0.755
13576,0.63
13577,0.8
13578,0.5
13579,0.755
13580,0.54
13581,0.81
13582,0.87
13583,0.35
13584,0.685
13585,0.94
13586,0.84
13587,0.825
13588,0.74
13589,0.885
13590,0.71
13591,0.82
13592,0.535
13593,0.455
13594,0.77
13595,0.96
13596,0.925
13597,0.965
13598,0.395
13599,0.44
13600,0.685
13601,0.835
13602,0.895
13603,0.7
13604,0.77
13605,0.455
13606,0.815
13607,0.86
13608,0.765
13609,0.915
13610,0.71
13611,0.415
13612,0.81
13613,0.875
13614,0.595
13615,0.795
13616,0.85
13617,0.8
13618,0.585
13619,0.805
13620,0.92
13621,0.785
13622,0.86
13623,0.655
13624,0.71
13625,0.505
13626,0.935
13627,0.595
13628,0.985
13629,0.64
13630,0.64
13631,0.965
13632,0.66
13633,0.545
13634,0.91
13635,0.715
13636,0.815
13637,0.81
13638,0.595
13639,0.78
13640,0.66
13641,0.665
13642,0.74
13643,0.725
13644,0.6
13645,0.76
13646,0.38
13647,0.635
13648,0.53
13649,0.66
13650,0.495
13651,0.69
13652,0.46
13653,0.91
13654,0.675
13655,0.795
13656,0.21
13657,0.565
13658,0.795
13659,0.61
13660,0.625
13661,0.64
13662,0.675
13663,0.435
13664,0.96
13665,0.705
13666,0.665
13667,0.69
13668,0.78
13669,0.69
13670,0.61
13671,0.58
13672,0.9
13673,0.76
13674,0.72
13675,0.905
13676,0.89
13677,0.89
13678,0.725
13679,0.93
13680,0.87
13681,0.39
13682,0.555
13683,0.16
13684,0.92
13685,0.6
13686,0.835
13687,0.33
13688,0.845
13689,0.885
13690,0.92
13691,0.52
13692,0.94
13693,0.545
13694,0.705
13695,0.725
13696,0.21
13697,0.66
13698,0.915
13699,0.645
13700,0.885
13701,0.88
13702,0.795
13703,0.44
13704,0.56
13705,0.585
13706,0.87
13707,0.27
13708,0.87
13709,0.87
13710,0.85
13711,0.685
13712,0.52
13713,0.82
13714,0.845
13715,0.87
13716,0.86
13717,0.975
13718,0.765
13719,0.795
13720,0.92
13721,0.525
13722,0.945
13723,0.97
13724,0.78
13725,0.94
13726,0.32
13727,0.7
13728,0.31
13729,0.755
13730,0.98
13731,0.75
13732,0.98
13733,0.94
13734,0.985
13735,0.865
13736,0.805
13737,0.8
13738,0.695
13739,0.605
13740,0.515
13741,0.93
13742,0.43
13743,0.575
13744,0.44
13745,0.64
13746,0.855
13747,0.325
13748,0.76
13749,0.785
13750,0.87
13751,0.94
13752,0.935
13753,0.7
13754,0.64
13755,0.755
13756,0.525
13757,0.255
13758,0.76
13759,0.88
13760,0.535
13761,0.75
13762,0.87
13763,0.56
13764,0.6
13765,0.64
13766,0.955
13767,0.665
13768,0.71
13769,0.64
13770,0.85
13771,0.94
13772,0.695
13773,0.825
13774,0.695
13775,0.865
13776,0.77
13777,0.62
13778,0.865
13779,0.705
13780,0.64
13781,0.965
13782,0.495
13783,0.735
13784,0.95
13785,0.835
13786,0.79
13787,0.775
13788,0.765
13789,0.58
13790,0.24
13791,0.925
13792,0.84
13793,0.64
13794,0.77
13795,0.95
13796,0.615
13797,0.73
13798,0.425
13799,0.74
13800,0.69
13801,0.945
13802,0.745
13803,0.61
13804,0.91
13805,0.58
13806,0.88
13807,0.71
13808,0.57
13809,0.685
13810,0.43
13811,0.91
13812,0.85
13813,0.625
13814,0.555
13815,0.97
13816,0.735
13817,0.68
13818,0.83
13819,0.785
13820,0.745
13821,0.735
13822,0.66
13823,0.755
13824,0.8
13825,0.715
13826,0.715
13827,0.875
13828,0.605
13829,0.96
13830,0.765
13831,0.795
13832,0.425
13833,0.6
13834,0.75
13835,0.95
13836,0.735
13837,0.915
13838,0.995
13839,0.745
13840,0.895
13841,0.805
13842,0.76
13843,0.73
13844,0.385
13845,0.65
13846,0.86
13847,0.62
13848,0.38
13849,0.545
13850,0.7
13851,0.655
13852,0.795
13853,0.94
13854,0.66
13855,0.725
13856,0.77
13857,0.51
13858,0.85
13859,0.675
13860,0.86
13861,0.795
13862,0.775
13863,0.79
13864,0.85
13865,0.855
13866,0.875
13867,0.74
13868,0.89
13869,0.71
13870,0.515
13871,0.705
13872,0.705
13873,0.85
13874,0.84
13875,0.925
13876,0.665
13877,0.68
13878,0.9
13879,0.75
13880,0.98
13881,0.795
13882,0.895
13883,0.785
13884,0.6
13885,0.755
13886,0.475
13887,0.945
13888,0.61
13889,0.8
13890,0.705
13891,0.69
13892,0.99
13893,0.755
13894,0.815
13895,0.865
13896,0.71
13897,0.59
13898,0.52
13899,0.975
13900,0.81
13901,0.785
13902,0.615
13903,0.71
13904,0.7
13905,0.5
13906,0.54
13907,0.91
13908,0.765
13909,0.785
13910,0.78
13911,0.74
13912,0.625
13913,0.805
13914,0.95
13915,0.795
13916,0.805
13917,0.58
13918,0.965
13919,0.95
13920,0.64
13921,0.64
13922,0.435
13923,0.65
13924,0.5
13925,0.89
13926,0.57
13927,0.625
13928,0.67
13929,0.68
13930,0.71
13931,0.805
13932,0.865
13933,0.75
13934,0.835
13935,0.785
13936,0.775
13937,0.88
13938,0.775
13939,0.85
13940,0.785
13941,0.52
13942,0.52
13943,0.85
13944,0.59
13945,0.535
13946,0.66
13947,0.695
13948,0.55
13949,0.655
13950,0.58
13951,0.675
13952,0.975
13953,0.47
13954,0.97
13955,0.725
13956,0.445
13957,0.955
13958,0.805
13959,0.62
13960,0.685
13961,0.575
13962,0.585
13963,0.8
13964,0.74
13965,0.86
13966,0.975
13967,0.815
13968,0.645
13969,0.665
13970,0.775
13971,0.9
13972,0.76
13973,0.66
13974,0.55
13975,0.71
13976,0.96
13977,0.685
13978,0.775
13979,0.57
13980,0.94
13981,0.72
13982,0.685
13983,0.645
13984,0.81
13985,0.885
13986,0.6
13987,0.705
13988,0.565
13989,0.69
13990,0.92
13991,0.79
13992,0.735
13993,0.445
13994,0.86
13995,0.785
13996,0.985
13997,0.785
13998,0.675
13999,0.615
14000,0.51
14001,0.69
14002,0.58
14003,0.645
14004,0.635
14005,0.88
14006,0.76
14007,0.42
14008,0.825
14009,0.97
14010,0.95
14011,0.745
14012,0.58
14013,0.675
14014,0.735
14015,0.595
14016,0.645
14017,0.81
14018,0.965
14019,0.48
14020,0.645
14021,0.585
14022,0.95
14023,0.58
14024,0.56
14025,0.455
14026,0.955
14027,0.56
14028,0.97
14029,0.82
14030,0.9
14031,0.61
14032,0.64
14033,0.87
14034,0.975
14035,0.935
14036,0.755
14037,0.545
14038,0.505
14039,0.515
14040,0.87
14041,0.68
14042,0.815
14043,0.67
14044,0.745
14045,0.5
14046,0.775
14047,0.8
14048,0.185
14049,0.975
14050,0.365
14051,0.73
14052,0.64
14053,0.735
14054,0.81
14055,0.765
14056,0.92
14057,0.69
14058,0.895
14059,0.475
14060,0.38
14061,0.71
14062,0.84
14063,0.52
14064,0.89
14065,0.87
14066,0.45
14067,0.385
14068,0.885
14069,0.625
14070,0.495
14071,0.57
14072,0.99
14073,0.725
14074,0.405
14075,0.795
14076,0.565
14077,0.67
14078,0.63
14079,0.26
14080,0.805
14081,0.87
14082,0.965
14083,0.72
14084,0.69
14085,0.82
14086,0.535
14087,0.92
14088,0.945
14089,0.37
14090,0.815
14091,0.69
14092,0.93
14093,0.69
14094,0.595
14095,0.665
14096,0.72
14097,0.675
14098,0.775
14099,0.93
14100,0.61
14101,0.95
14102,0.34
14103,0.68
14104,0.86
14105,0.82
14106,0.77
14107,0.85
14108,0.715
14109,0.545
14110,0.835
14111,0.68
14112,0.985
14113,0.45
14114,0.43
14115,0.9
14116,0.825
14117,0.88
14118,0.75
14119,0.965
14120,0.57
14121,0.87
14122,0.945
14123,0.615
14124,0.86
14125,0.615
14126,0.76
14127,0.715
14128,0.565
14129,0.835
14130,0.57
14131,0.625
14132,0.555
14133,0.315
14134,0.76
14135,0.745
14136,0.645
14137,0.73
14138,0.94
14139,0.575
14140,0.935
14141,0.885
14142,0.595
14143,0.54
14144,0.75
14145,0.335
14146,0.535
14147,0.66
14148,0.665
14149,0.97
14150,0.84
14151,0.79
14152,0.86
14153,0.13
14154,0.895
14155,0.795
14156,0.655
14157,0.55
14158,0.59
14159,0.93
14160,0.37
14161,0.61
14162,0.525
14163,0.4
14164,0.79
14165,0.72
14166,0.925
14167,0.655
14168,0.495
14169,0.655
14170,0.98
14171,0.46
14172,0.855
14173,0.9
14174,0.7
14175,0.64
14176,0.965
14177,0.76
14178,0.455
14179,0.64
14180,0.79
14181,0.385
14182,0.785
14183,0.82
14184,0.745
14185,0.815
14186,0.83
14187,0.905
14188,0.47
14189,0.84
14190,0.76
14191,0.87
14192,0.795
14193,0.83
14194,0.59
14195,0.735
14196,0.845
14197,0.365
14198,0.71
14199,0.745
14200,0.705
14201,0.95
14202,0.685
14203,0.69
14204,0.785
14205,0.61
14206,0.62
14207,0.615
14208,0.39
14209,0.93
14210,0.755
14211,0.945
14212,0.665
14213,0.7
14214,0.595
14215,0.475
14216,0.52
14217,0.605
14218,0.985
14219,0.75
14220,0.945
14221,0.665
14222,0.765
14223,0.69
14224,0.81
14225,0.905
14226,0.67
14227,0.89
14228,0.68
14229,0.73
14230,0.655
14231,0.85
14232,0.83
14233,0.785
14234,0.685
14235,0.84
14236,0.745
14237,0.925
14238,0.635
14239,0.54
14240,0.725
14241,0.97
14242,0.515
14243,0.975
14244,0.685
14245,0.735
14246,0.84
14247,0.635
14248,0.865
14249,0.84
14250,0.865
14251,0.66
14252,0.74
14253,0.655
14254,0.73
14255,0.97
14256,0.895
14257,0.51
14258,0.93
14259,0.6
14260,0.725
14261,0.615
14262,0.795
14263,0.9
14264,0.77
14265,0.77
14266,0.405
14267,0.67
14268,0.695
14269,0.955
14270,0.83
14271,0.785
14272,0.83
14273,0.83
14274,0.63
14275,0.855
14276,0.835
14277,0.34
14278,0.585
14279,0.9
14280,1.0
14281,0.635
14282,0.89
14283,0.9
14284,0.93
14285,0.61
14286,0.75
14287,0.785
14288,0.4
14289,0.725
14290,0.53
14291,0.75
14292,0.675
14293,0.6
14294,0.685
14295,0.63
14296,0.45
14297,0.76
14298,0.495
14299,0.84
14300,0.75
14301,0.975
14302,0.93
14303,0.91
14304,0.875
14305,0.86
14306,0.955
14307,0.565
14308,0.965
14309,0.555
14310,0.855
14311,0.585
14312,0.84
14313,0.785
14314,0.895
14315,0.635
14316,0.845
14317,0.67
14318,0.77
14319,0.67
14320,0.44
14321,0.855
14322,0.885
14323,0.9
14324,0.605
14325,0.74
14326,0.575
14327,0.655
14328,0.64
14329,0.79
14330,0.39
14331,0.795
14332,0.515
14333,0.91
14334,0.81
14335,0.485
14336,0.775
14337,0.72
14338,0.8
14339,0.665
14340,0.715
14341,0.265
14342,0.765
14343,0.785
14344,0.555
14345,0.655
14346,0.72
14347,0.78
14348,0.65
14349,0.845
14350,0.25
14351,0.45
14352,0.465
14353,0.795
14354,0.87
14355,0.49
14356,0.92
14357,0.905
14358,0.665
14359,0.535
14360,0.94
14361,0.91
14362,0.88
14363,0.61
14364,0.2
14365,0.825
14366,0.83
14367,0.81
14368,0.58
14369,0.66
14370,0.685
14371,0.715
14372,0.805
14373,0.375
14374,0.77
14375,0.725
14376,0.55
14377,0.79
14378,0.33
14379,0.545
14380,0.575
14381,0.915
14382,0.605
14383,0.565
14384,0.68
14385,0.625
14386,0.62
14387,0.87
14388,0.905
14389,0.675
14390,0.7
14391,0.48
14392,0.605
14393,0.635
14394,0.725
14395,0.44
14396,0.55
14397,0.485
14398,0.77
14399,0.66
14400,0.795
14401,0.71
14402,0.69
14403,0.975
14404,0.675
14405,0.695
14406,0.675
14407,0.965
14408,0.76
14409,0.955
14410,0.53
14411,0.92
14412,0.625
14413,0.805
14414,0.905
14415,0.515
14416,0.97
14417,0.46
14418,0.615
14419,0.795
14420,0.925
14421,0.785
14422,0.795
14423,0.86
14424,0.98
14425,0.685
14426,0.83
14427,0.715
14428,0.43
14429,0.7
14430,0.37
14431,0.26
14432,0.695
14433,0.59
14434,0.52
14435,0.74
14436,0.6
14437,0.865
14438,0.73
14439,0.705
14440,0.57
14441,0.735
14442,0.85
14443,0.84
14444,0.68
14445,0.665
14446,0.755
14447,0.685
14448,0.715
14449,0.93
14450,0.725
14451,0.885
14452,0.835
14453,0.54
14454,0.97
14455,0.665
14456,0.34
14457,0.79
14458,0.73
14459,0.56
14460,0.75
14461,0.57
14462,0.785
14463,0.615
14464,0.835
14465,0.945
14466,0.745
14467,0.36
14468,0.92
14469,0.74
14470,0.8
14471,0.69
14472,0.745
14473,0.705
14474,0.63
14475,0.585
14476,0.65
14477,0.62
14478,0.81
14479,0.86
14480,0.84
14481,0.785
14482,0.77
14483,0.845
14484,0.4
14485,0.55
14486,0.845
14487,0.83
14488,0.33
14489,0.72
14490,0.6
14491,0.69
14492,0.755
14493,0.965
14494,0.775
14495,0.82
14496,0.675
14497,0.94
14498,0.71
14499,0.755
14500,0.76
14501,0.77
14502,0.91
14503,0.715
14504,0.875
14505,0.585
14506,0.665
14507,0.61
14508,0.935
14509,0.78
14510,0.8
14511,0.725
14512,0.63
14513,0.625
14514,0.575
14515,0.53
14516,0.9
14517,0.725
14518,0.855
14519,0.715
14520,0.67
14521,0.93
14522,0.875
14523,0.83
14524,0.425
14525,0.38
14526,0.86
14527,0.68
14528,0.495
14529,0.835
14530,0.66
14531,0.665
14532,0.745
14533,0.865
14534,0.905
14535,0.455
14536,0.46
14537,0.87
14538,0.845
14539,0.85
14540,0.37
14541,0.8
14542,0.525
14543,0.91
14544,0.715
14545,0.715
14546,0.72
14547,0.67
14548,0.505
14549,0.58
14550,0.83
14551,0.875
14552,0.72
14553,0.535
14554,0.745
14555,0.735
14556,0.77
14557,0.69
14558,0.465
14559,0.835
14560,0.64
14561,0.615
14562,0.43
14563,0.515
14564,0.81
14565,0.92
14566,0.845
14567,0.475
14568,0.91
14569,0.63
14570,0.895
14571,0.86
14572,0.87
14573,0.91
14574,0.735
14575,0.78
14576,0.82
14577,0.875
14578,0.675
14579,0.64
14580,0.365
14581,0.91
14582,0.7
14583,0.885
14584,0.82
14585,0.66
14586,0.97
14587,0.59
14588,0.505
14589,0.505
14590,0.965
14591,0.785
14592,0.725
14593,0.485
14594,0.645
14595,0.6
14596,0.75
14597,0.75
14598,0.53
14599,0.82
14600,0.59
14601,0.64
14602,0.875
14603,0.67
14604,0.705
14605,0.635
14606,0.64
14607,0.72
14608,0.43
14609,0.625
14610,0.79
14611,0.53
14612,0.705
14613,0.905
14614,0.97
14615,0.48
14616,0.91
14617,0.75
14618,0.83
14619,0.675
14620,0.87
14621,0.735
14622,0.725
14623,0.695
14624,0.82
14625,0.7
14626,0.385
14627,0.385
14628,0.665
14629,0.565
14630,0.75
14631,0.35
14632,0.665
14633,0.845
14634,0.675
14635,0.86
14636,0.735
14637,0.765
14638,0.425
14639,0.815
14640,0.71
14641,0.61
14642,0.815
14643,0.705
14644,0.59
14645,0.755
14646,0.825
14647,0.88
14648,0.835
14649,0.935
14650,0.755
14651,0.41
14652,0.485
14653,0.585
14654,0.83
14655,0.465
14656,0.685
14657,0.94
14658,0.47
14659,0.55
14660,0.85
14661,0.805
14662,0.945
14663,0.92
14664,0.715
14665,0.46
14666,0.85
14667,0.81
14668,0.735
14669,0.64
14670,0.735
14671,0.91
14672,0.56
14673,0.455
14674,0.84
14675,0.925
14676,0.93
14677,0.59
14678,0.575
14679,0.74
14680,0.63
14681,0.725
14682,0.84
14683,0.76
14684,0.875
14685,0.635
14686,0.595
14687,0.835
14688,0.835
14689,0.905
14690,0.89
14691,0.855
14692,0.615
14693,0.68
14694,0.755
14695,0.73
14696,0.75
14697,0.56
14698,0.575
14699,0.675
14700,0.66
14701,0.685
14702,0.785
14703,0.6
14704,0.7
14705,0.595
14706,0.475
14707,0.785
14708,0.705
14709,0.86
14710,0.695
14711,0.89
14712,0.84
14713,0.69
14714,0.45
14715,0.715
14716,0.7
14717,0.72
14718,0.515
14719,0.695
14720,0.51
14721,0.61
14722,0.44
14723,0.855
14724,0.605
14725,0.645
14726,0.59
14727,0.9
14728,0.615
14729,0.895
14730,0.505
14731,0.865
14732,0.805
14733,0.755
14734,0.745
14735,0.935
14736,0.93
14737,0.955
14738,0.955
14739,0.865
14740,0.68
14741,0.69
14742,0.815
14743,0.95
14744,0.88
14745,0.73
14746,0.675
14747,0.685
14748,0.7
14749,0.945
14750,0.77
14751,0.865
14752,0.8
14753,0.225
14754,0.15
14755,0.975
14756,0.845
14757,0.83
14758,0.825
14759,0.645
14760,0.76
14761,0.58
14762,0.52
14763,0.91
14764,0.95
14765,0.535
14766,0.61
14767,0.65
14768,0.945
14769,0.715
14770,0.52
14771,0.96
14772,0.765
14773,0.955
14774,0.945
14775,0.77
14776,0.695
14777,0.785
14778,0.335
14779,0.685
14780,0.625
14781,0.7
14782,0.825
14783,0.58
14784,0.81
14785,0.76
14786,0.72
14787,0.69
14788,0.87
14789,0.51
14790,0.74
14791,0.895
14792,0.9
14793,0.65
14794,0.865
14795,0.88
14796,0.73
14797,0.81
14798,0.88
14799,0.59
14800,0.675
14801,0.55
14802,0.86
14803,0.655
14804,0.8
14805,0.605
14806,0.955
14807,0.385
14808,0.675
14809,0.75
14810,0.955
14811,0.735
14812,0.885
14813,0.77
14814,0.54
14815,0.615
14816,0.875
14817,0.75
14818,0.94
14819,0.545
14820,0.765
14821,0.79
14822,0.8
14823,0.665
14824,0.745
14825,0.705
14826,0.68
14827,0.975
14828,0.755
14829,0.87
14830,0.95
14831,0.705
14832,0.905
14833,0.745
14834,0.63
14835,0.61
14836,0.69
14837,0.79
14838,0.705
14839,0.715
14840,0.755
14841,0.395
14842,0.775
14843,0.945
14844,0.515
14845,0.65
14846,0.665
14847,0.9
14848,0.855
14849,0.375
14850,0.95
14851,1.0
14852,0.72
14853,0.845
14854,0.49
14855,0.98
14856,0.4
14857,0.45
14858,0.41
14859,0.81
14860,0.85
14861,0.85
14862,0.55
14863,0.595
14864,0.505
14865,0.59
14866,0.525
14867,0.445
14868,0.71
14869,0.585
14870,0.955
14871,0.81
14872,0.29
14873,0.73
14874,0.755
14875,0.84
14876,0.54
14877,0.705
14878,0.865
14879,0.71
14880,0.79
14881,0.955
14882,0.855
14883,0.34
14884,0.65
14885,0.79
14886,0.6
14887,0.5
14888,0.975
14889,0.295
14890,0.645
14891,0.73
14892,0.475
14893,0.845
14894,0.655
14895,0.915
14896,0.74
14897,0.945
14898,0.815
14899,0.61
14900,0.705
14901,0.53
14902,0.695
14903,0.58
14904,0.735
14905,0.89
14906,0.665
14907,0.42
14908,0.805
14909,0.595
14910,0.955
14911,0.755
14912,0.825
14913,0.6
14914,0.795
14915,0.575
14916,0.86
14917,0.97
14918,0.81
14919,0.74
14920,0.915
14921,0.835
14922,0.785
14923,0.69
14924,0.665
14925,0.745
14926,0.91
14927,0.915
14928,0.705
14929,0.725
14930,0.61
14931,0.725
14932,0.635
14933,0.9
14934,0.405
14935,0.65
14936,0.6
14937,0.63
14938,0.565
14939,0.595
14940,0.885
14941,0.99
14942,0.535
14943,0.91
14944,0.655
14945,0.495
14946,0.495
14947,0.42
14948,0.665
14949,0.685
14950,0.64
14951,0.835
14952,0.885
14953,0.59
14954,0.97
14955,0.74
14956,0.545
14957,0.68
14958,0.74
14959,0.515
14960,0.665
14961,0.66
14962,0.58
14963,0.775
14964,0.825
14965,0.655
14966,0.51
14967,0.76
14968,0.93
14969,0.61
14970,0.765
14971,0.715
14972,0.93
14973,0.93
14974,0.675
14975,0.49
14976,0.775
14977,0.835
14978,0.645
14979,0.6
14980,0.755
14981,0.74
14982,0.505
14983,0.755
14984,0.725
14985,0.925
14986,0.795
14987,0.825
14988,0.615
14989,0.775
14990,0.835
14991,0.76
14992,0.605
14993,0.78
14994,0.96
14995,0.935
14996,0.305
14997,0.95
14998,0.605
14999,0.52
15000,0.975
15001,0.67
15002,0.945
15003,0.8
15004,0.73
15005,0.805
15006,0.79
15007,0.87
15008,0.895
15009,0.645
15010,0.56
15011,0.665
15012,0.925
15013,0.655
15014,0.635
15015,0.71
15016,0.655
15017,0.63
15018,0.97
15019,0.695
15020,0.635
15021,0.86
15022,0.695
15023,0.62
15024,0.835
15025,0.63
15026,0.515
15027,0.65
15028,0.79
15029,0.615
15030,0.515
15031,0.54
15032,0.71
15033,0.69
15034,0.54
15035,0.59
15036,0.955
15037,0.725
15038,0.77
15039,0.615
15040,0.5
15041,0.895
15042,0.54
15043,0.5
15044,0.57
15045,0.31
15046,0.85
15047,0.76
15048,0.66
15049,0.685
15050,0.7
15051,0.84
15052,0.405
15053,0.93
15054,0.68
15055,0.475
15056,0.75
15057,0.71
15058,0.65
15059,0.95
15060,0.545
15061,0.775
15062,0.615
15063,0.805
15064,0.885
15065,0.75
15066,0.645
15067,0.735
15068,0.89
15069,0.63
15070,0.78
15071,0.865
15072,0.27
15073,0.85
15074,0.85
15075,0.54
15076,0.455
15077,0.85
15078,0.995
15079,0.69
15080,0.76
15081,0.82
15082,0.43
15083,0.785
15084,0.635
15085,0.635
15086,0.75
15087,0.755
15088,0.355
15089,0.845
15090,0.875
15091,0.805
15092,0.775
15093,0.615
15094,0.895
15095,0.865
15096,0.91
15097,0.785
15098,0.77
15099,0.575
15100,0.72
15101,0.495
15102,0.455
15103,0.62
15104,0.745
15105,0.375
15106,0.445
15107,0.82
15108,0.59
15109,0.63
15110,0.775
15111,0.685
15112,0.78
15113,0.675
15114,0.875
15115,0.83
15116,0.54
15117,0.88
15118,0.93
15119,0.6
15120,0.56
15121,0.87
15122,0.945
15123,0.655
15124,0.59
15125,0.56
15126,0.88
15127,0.705
15128,0.86
15129,0.815
15130,0.82
15131,0.5
15132,0.795
15133,0.755
15134,0.665
15135,0.575
15136,0.615
15137,0.445
15138,0.695
15139,0.95
15140,0.79
15141,0.55
15142,0.41
15143,0.675
15144,0.855
15145,0.565
15146,0.7
15147,0.605
15148,0.79
15149,0.925
15150,0.855
15151,0.835
15152,0.845
15153,0.54
15154,0.825
15155,0.63
15156,0.535
15157,0.52
15158,0.75
15159,0.875
15160,0.845
15161,0.975
15162,0.515
15163,0.73
15164,0.68
15165,0.62
15166,0.745
15167,0.525
15168,0.655
15169,0.72
15170,0.74
15171,0.975
15172,0.37
15173,0.96
15174,0.675
15175,0.775
15176,0.59
15177,0.43
15178,0.46
15179,0.845
15180,0.935
15181,0.725
15182,0.59
15183,0.59
15184,0.615
15185,0.88
15186,0.76
15187,0.435
15188,0.905
15189,0.7
15190,0.895
15191,0.76
15192,0.665
15193,0.8
15194,0.87
15195,0.8
15196,0.79
15197,0.645
15198,0.64
15199,0.915
15200,0.84
15201,0.835
15202,0.75
15203,0.83
15204,0.78
15205,0.915
15206,0.835
15207,0.72
15208,0.65
15209,0.87
15210,0.53
15211,0.635
15212,0.935
15213,0.65
15214,0.975
15215,0.97
15216,0.52
15217,0.605
15218,0.575
15219,0.68
15220,0.66
15221,0.845
15222,0.715
15223,0.89
15224,0.765
15225,0.54
15226,0.685
15227,0.785
15228,0.57
15229,0.98
15230,0.58
15231,0.605
15232,0.64
15233,0.43
15234,0.855
15235,0.8
15236,0.69
15237,0.87
15238,0.71
15239,0.77
15240,0.705
15241,0.915
15242,0.67
15243,0.81
15244,0.78
15245,0.825
15246,0.565
15247,0.885
15248,0.86
15249,0.78
15250,0.615
15251,0.455
15252,0.71
15253,0.605
15254,0.595
15255,0.495
15256,0.53
15257,0.79
15258,0.635
15259,0.85
15260,0.6
15261,0.65
15262,0.74
15263,0.585
15264,0.77
15265,0.595
15266,0.455
15267,0.955
15268,0.545
15269,0.85
15270,0.66
15271,0.685
15272,0.645
15273,0.56
15274,0.71
15275,0.755
15276,0.435
15277,0.445
15278,0.615
15279,0.875
15280,0.36
15281,0.815
15282,0.81
15283,0.945
15284,0.72
15285,0.415
15286,0.665
15287,0.62
15288,0.68
15289,0.485
15290,0.55
15291,0.88
15292,0.83
15293,0.66
15294,0.53
15295,0.895
15296,0.955
15297,0.88
15298,0.95
15299,0.965
15300,0.775
15301,0.82
15302,0.755
15303,0.575
15304,0.87
15305,0.685
15306,0.705
15307,0.75
15308,0.4
15309,0.725
15310,0.605
15311,0.7
15312,0.83
15313,0.735
15314,0.805
15315,0.44
15316,0.35
15317,0.88
15318,0.54
15319,0.575
15320,0.91
15321,0.855
15322,0.635
15323,0.94
15324,0.645
15325,0.565
15326,0.685
15327,0.53
15328,0.655
15329,0.415
15330,0.755
15331,0.375
15332,0.885
15333,0.545
15334,0.655
15335,0.49
15336,0.67
15337,0.67
15338,0.89
15339,0.93
15340,0.68
15341,0.66
15342,0.63
15343,0.74
15344,0.645
15345,0.83
15346,0.645
15347,0.75
15348,0.825
15349,0.845
15350,0.725
15351,0.925
15352,0.62
15353,0.675
15354,0.72
15355,0.76
15356,0.42
15357,0.975
15358,0.74
15359,0.83
15360,0.53
15361,0.315
15362,0.45
15363,0.83
15364,0.555
15365,0.795
15366,0.745
15367,0.54
15368,0.56
15369,0.79
15370,0.49
15371,0.43
15372,0.88
15373,0.875
15374,0.62
15375,0.955
15376,0.915
15377,0.915
15378,0.465
15379,0.845
15380,0.59
15381,0.825
15382,0.58
15383,0.805
15384,0.535
15385,0.91
15386,0.63
15387,0.485
15388,0.805
15389,0.7
15390,0.465
15391,0.57
15392,0.82
15393,0.645
15394,0.77
15395,0.635
15396,0.77
15397,0.765
15398,0.835
15399,0.425
15400,0.635
15401,0.72
15402,0.54
15403,0.815
15404,0.76
15405,0.925
15406,0.43
15407,0.735
15408,0.78
15409,0.75
15410,0.77
15411,0.44
15412,0.58
15413,0.97
15414,0.695
15415,0.455
15416,0.57
15417,0.805
15418,0.545
15419,0.87
15420,0.6
15421,0.745
15422,0.76
15423,0.785
15424,0.24
15425,0.425
15426,0.83
15427,0.29
15428,0.615
15429,0.925
15430,0.28
15431,0.68
15432,0.895
15433,0.245
15434,0.525
15435,0.96
15436,0.75
15437,0.615
15438,0.71
15439,0.665
15440,0.735
15441,0.435
15442,0.365
15443,0.61
15444,0.715
15445,0.835
15446,0.66
15447,0.58
15448,0.91
15449,0.645
15450,0.56
15451,0.67
15452,0.78
15453,0.875
15454,0.76
15455,0.87
15456,0.62
15457,0.855
15458,0.935
15459,0.775
15460,0.815
15461,0.665
15462,0.645
15463,0.64
15464,0.885
15465,0.435
15466,0.78
15467,0.615
15468,0.26
15469,0.85
15470,0.66
15471,0.66
15472,0.805
15473,0.875
15474,0.91
15475,0.66
15476,0.745
15477,0.635
15478,0.775
15479,0.835
15480,0.825
15481,0.655
15482,0.765
15483,0.62
15484,0.625
15485,0.96
15486,0.83
15487,0.495
15488,0.8
15489,0.55
15490,0.675
15491,0.64
15492,0.77
15493,0.645
15494,0.795
15495,0.485
15496,0.64
15497,0.945
15498,0.48
15499,0.91
15500,0.785
15501,0.645
15502,0.72
15503,0.16
15504,0.715
15505,0.605
15506,0.55
15507,0.725
15508,0.49
15509,0.94
15510,0.43
15511,0.935
15512,0.645
15513,0.82
15514,0.675
15515,0.515
15516,0.585
15517,0.63
15518,0.96
15519,0.875
15520,0.485
15521,0.765
15522,0.845
15523,0.955
15524,0.915
15525,0.6
15526,0.95
15527,0.875
15528,0.63
15529,0.705
15530,0.905
15531,0.735
15532,0.84
15533,0.5
15534,0.91
15535,0.87
15536,0.98
15537,0.905
15538,0.8
15539,0.405
15540,0.98
15541,0.77
15542,0.705
15543,0.84
15544,0.53
15545,0.62
15546,0.655
15547,0.72
15548,0.58
15549,0.86
15550,0.595
15551,0.725
15552,0.485
15553,0.92
15554,0.515
15555,0.815
15556,0.84
15557,0.375
15558,0.275
15559,0.96
15560,0.415
15561,0.76
15562,0.715
15563,0.765
15564,0.645
15565,0.76
15566,0.825
15567,0.805
15568,0.895
15569,0.62
15570,0.52
15571,0.885
15572,0.83
15573,0.505
15574,0.96
15575,0.8
15576,0.595
15577,0.89
15578,0.845
15579,0.925
15580,0.585
15581,0.49
15582,0.94
15583,0.96
15584,0.635
15585,0.525
15586,0.285
15587,0.715
15588,0.66
15589,0.9
15590,0.41
15591,0.69
15592,0.95
15593,0.82
15594,0.8
15595,0.795
15596,0.685
15597,0.67
15598,0.495
15599,0.465
15600,0.67
15601,0.87
15602,0.82
15603,0.54
15604,0.81
15605,0.63
15606,0.555
15607,0.875
15608,0.985
15609,0.72
15610,0.795
15611,0.655
15612,0.855
15613,0.625
15614,0.71
15615,0.9
15616,0.495
15617,0.6
15618,0.93
15619,0.875
15620,0.575
15621,0.4
15622,0.715
15623,0.985
15624,0.75
15625,0.515
15626,0.725
15627,0.92
15628,0.62
15629,0.915
15630,0.82
15631,0.81
15632,0.35
15633,0.93
15634,0.91
15635,0.545
15636,0.575
15637,0.585
15638,0.37
15639,0.84
15640,0.88
15641,0.7
15642,0.81
15643,0.41
15644,0.71
15645,0.865
15646,0.895
15647,0.49
15648,0.815
15649,0.87
15650,0.8
15651,0.77
15652,0.82
15653,0.89
15654,0.655
15655,0.785
15656,0.685
15657,0.78
15658,0.62
15659,0.665
15660,0.91
15661,0.42
15662,0.985
15663,0.655
15664,0.62
15665,0.605
15666,0.955
15667,0.8
15668,0.9
15669,0.905
15670,0.745
15671,0.95
15672,0.615
15673,0.54
15674,0.98
15675,0.95
15676,0.42
15677,0.595
15678,0.805
15679,0.81
15680,0.875
15681,0.64
15682,0.845
15683,0.61
15684,0.79
15685,0.85
15686,0.865
15687,0.855
15688,0.77
15689,0.91
15690,0.68
15691,0.96
15692,0.81
15693,0.67
15694,0.76
15695,0.74
15696,0.86
15697,0.83
15698,0.91
15699,0.815
15700,0.44
15701,0.725
15702,0.39
15703,0.835
15704,0.615
15705,0.81
15706,0.76
15707,0.97
15708,0.98
15709,0.69
15710,0.585
15711,0.93
15712,0.805
15713,0.83
15714,0.76
15715,0.55
15716,0.81
15717,0.95
15718,0.875
15719,0.42
15720,0.62
15721,0.765
15722,0.485
15723,0.595
15724,0.9
15725,0.905
15726,0.63
15727,0.595
15728,0.525
15729,0.95
15730,0.705
15731,0.5
15732,0.79
15733,0.46
15734,0.77
15735,0.28
15736,0.935
15737,0.585
15738,0.675
15739,0.625
15740,0.62
15741,0.58
15742,0.805
15743,0.75
15744,0.83
15745,0.815
15746,0.73
15747,0.835
15748,0.905
15749,0.75
15750,0.95
15751,0.51
15752,0.51
15753,0.62
15754,0.87
15755,0.63
15756,0.68
15757,0.56
15758,0.73
15759,0.82
15760,0.84
15761,0.875
15762,0.53
15763,0.815
15764,0.825
15765,0.955
15766,0.83
15767,0.26
15768,0.56
15769,0.31
15770,0.785
15771,0.815
15772,0.59
15773,0.755
15774,0.795
15775,0.39
15776,0.845
15777,0.66
15778,0.31
15779,0.57
15780,0.465
15781,0.745
15782,0.69
15783,0.865
15784,0.505
15785,0.47
15786,0.865
15787,0.655
15788,0.665
15789,0.835
15790,0.755
15791,0.73
15792,0.905
15793,0.67
15794,0.58
15795,0.62
15796,0.575
15797,0.765
15798,0.795
15799,0.635
15800,0.53
15801,0.655
15802,0.71
15803,0.75
15804,0.66
15805,0.75
15806,0.64
15807,0.43
15808,0.745
15809,0.53
15810,0.845
15811,0.91
15812,0.57
15813,0.61
15814,0.66
15815,0.78
15816,0.65
15817,0.86
15818,0.775
15819,0.85
15820,0.8
15821,0.675
15822,0.86
15823,0.74
15824,0.945
15825,0.87
15826,0.65
15827,0.46
15828,0.89
15829,0.88
15830,0.665
15831,0.61
15832,0.455
15833,0.645
15834,0.85
15835,0.965
15836,0.885
15837,0.575
15838,0.62
15839,0.925
15840,0.685
15841,0.51
15842,0.77
15843,0.715
15844,0.68
15845,0.67
15846,0.87
15847,0.56
15848,0.865
15849,0.725
15850,0.66
15851,0.675
15852,0.715
15853,0.44
15854,0.615
15855,0.785
15856,0.84
15857,0.775
15858,0.615
15859,0.63
15860,0.74
15861,0.665
15862,0.875
15863,0.485
15864,0.89
15865,0.765
15866,0.515
15867,0.405
15868,0.98
15869,0.765
15870,0.65
15871,0.78
15872,0.77
15873,0.875
15874,0.635
15875,0.91
15876,0.785
15877,0.535
15878,0.97
15879,0.59
15880,0.72
15881,0.78
15882,0.78
15883,0.54625
15884,0.43
15885,0.785
15886,0.565
15887,0.795
15888,0.665
15889,0.79
15890,0.54
15891,0.56
15892,0.98
15893,0.755
15894,0.535
15895,0.51
15896,0.7
15897,0.975
15898,0.8
15899,0.625
15900,0.77
15901,0.58
15902,0.59
15903,0.72
15904,0.775
15905,0.99
15906,0.57
15907,0.965
15908,0.25
15909,0.84
15910,0.585
15911,0.73
15912,0.425
15913,0.835
15914,0.96
15915,0.875
15916,0.67
15917,0.58
15918,0.96
15919,0.405
15920,0.79
15921,0.76
15922,0.57
15923,0.82
15924,0.91
15925,0.71
15926,0.445
15927,0.85
15928,0.425
15929,0.465
15930,0.585
15931,0.755
15932,0.95
15933,0.925
15934,0.54
15935,0.915
15936,0.555
15937,0.93
15938,0.735
15939,0.64
15940,0.735
15941,0.63
15942,0.445
15943,0.885
15944,0.985
15945,0.825
15946,0.56
15947,0.82
15948,0.425
15949,0.915
15950,0.555
15951,0.93
15952,0.855
15953,0.705
15954,0.86
15955,0.57
15956,0.49
15957,0.34
15958,0.79
15959,0.965
15960,0.615
15961,0.72
15962,0.415
15963,0.84
15964,0.77
15965,0.88
15966,0.65
15967,0.945
15968,0.805
15969,0.695
15970,0.865
15971,0.47
15972,0.515
15973,0.96
15974,0.605
15975,0.58
15976,0.755
15977,0.86
15978,0.695
15979,0.435
15980,0.905
15981,0.95
15982,0.69
15983,0.545
15984,0.78
15985,0.995
15986,0.69
15987,0.66
15988,0.57
15989,0.615
15990,0.885
15991,0.465
15992,0.545
15993,0.835
15994,0.69
15995,0.93
15996,0.57
15997,0.86
15998,0.95
15999,0.82
16000,0.8
16001,0.885
16002,0.67
16003,0.32
16004,0.73
16005,0.74
16006,0.705
16007,0.705
16008,0.905
16009,0.7
16010,0.915
16011,0.73
16012,0.635
16013,0.955
16014,0.75
16015,0.66
16016,0.695
16017,0.965
16018,0.665
16019,0.155
16020,0.795
16021,0.965
16022,0.875
16023,0.735
16024,0.85
16025,0.59125
16026,0.565
16027,0.485
16028,0.785
16029,0.895
16030,0.825
16031,0.745
16032,0.54
16033,0.735
16034,0.97
16035,0.505
16036,0.65
16037,0.76
16038,0.605
16039,0.655
16040,0.755
16041,0.68
16042,0.775
16043,0.68
16044,0.62
16045,0.505
16046,0.76
16047,0.575
16048,0.86
16049,0.785
16050,0.575
16051,0.665
16052,0.69
16053,0.84
16054,0.535
16055,0.745
16056,0.765
16057,0.62
16058,0.545
16059,0.675
16060,0.745
16061,0.785
16062,0.575
16063,0.82
16064,0.87
16065,0.54
16066,0.845
16067,0.695
16068,0.665
16069,0.905
16070,0.97
16071,0.845
16072,0.895
16073,0.48
16074,0.81
16075,0.385
16076,0.915
16077,0.935
16078,0.555
16079,0.65
16080,0.87
16081,0.415
16082,0.52
16083,0.955
16084,0.715
16085,0.735
16086,0.785
16087,0.355
16088,0.54
16089,0.715
16090,0.55
16091,0.605
16092,0.75
16093,0.35
16094,0.745
16095,0.645
16096,0.78
16097,0.75
16098,0.385
16099,0.815
16100,0.915
16101,0.805
16102,0.43
16103,0.595
16104,0.53
16105,0.415
16106,0.68
16107,0.93
16108,0.685
16109,0.62
16110,0.835
16111,0.72
16112,0.77
16113,0.85
16114,0.9
16115,0.81
16116,0.845
16117,0.51
16118,0.93
16119,0.635
16120,0.735
16121,0.88
16122,0.745
16123,0.955
16124,0.675
16125,0.765
16126,0.755
16127,0.555
16128,0.635
16129,0.815
16130,0.62
16131,0.825
16132,0.825
16133,0.775
16134,0.725
16135,0.74
16136,0.455
16137,0.54
16138,0.79
16139,0.605
16140,0.78
16141,0.64
16142,0.945
16143,0.645
16144,0.47
16145,0.795
16146,0.775
16147,0.555
16148,0.69
16149,0.685
16150,0.665
16151,0.59
16152,0.65
16153,0.3
16154,0.69
16155,0.605
16156,0.335
16157,0.735
16158,0.725
16159,0.69
16160,0.83
16161,0.885
16162,0.695
16163,0.725
16164,0.85
16165,0.535
16166,0.735
16167,0.44
16168,0.705
16169,0.87
16170,0.565
16171,0.345
16172,0.855
16173,0.915
16174,0.735
16175,0.89
16176,0.685
16177,0.64
16178,0.735
16179,0.54
16180,0.82
16181,0.9
16182,0.795
16183,0.86
16184,0.85
16185,0.79
16186,0.575
16187,0.73
16188,0.96
16189,0.375
16190,0.705
16191,0.915
16192,0.845
16193,0.57
16194,0.64
16195,0.71
16196,0.525
16197,0.685
16198,0.85
16199,0.825
16200,0.705
16201,0.765
16202,0.57
16203,0.92
16204,0.59
16205,0.645
16206,0.85
16207,0.84
16208,0.69
16209,0.565
16210,0.955
16211,0.515
16212,0.865
16213,0.59
16214,0.71
16215,0.875
16216,0.735
16217,0.62
16218,0.885
16219,0.95
16220,0.645
16221,0.855
16222,0.97
16223,0.97
16224,0.46
16225,0.75
16226,0.915
16227,0.9
16228,0.81
16229,0.86
16230,0.91
16231,0.595
16232,0.585
16233,0.61
16234,0.495
16235,0.68
16236,0.745
16237,0.525
16238,0.97
16239,0.935
16240,0.83
16241,0.85
16242,0.61
16243,0.475
16244,0.82
16245,0.685
16246,0.74
16247,0.77
16248,0.74
16249,0.935
16250,0.57
16251,0.77
16252,0.855
16253,0.845
16254,0.685
16255,0.695
16256,0.715
16257,0.865
16258,0.965
16259,0.55
16260,0.57
16261,0.733333
16262,0.62
16263,0.95
16264,0.68
16265,0.69
16266,0.68
16267,0.65
16268,0.645
16269,0.765
16270,0.545
16271,0.69
16272,0.52
16273,0.895
16274,0.53
16275,0.78
16276,0.985
16277,0.55
16278,0.215
16279,0.35
16280,0.63
16281,0.625
16282,0.565
16283,0.62
16284,0.82
16285,0.865
16286,0.725
16287,0.615
16288,0.79
16289,0.515
16290,0.855
16291,0.885
16292,0.485
16293,0.905
16294,0.835
16295,0.56
16296,0.825
16297,0.63
16298,0.545
16299,0.76
16300,0.565
16301,0.885
16302,0.98
16303,0.62
16304,0.88
16305,0.95
16306,0.695
16307,0.79
16308,0.55
16309,0.665
16310,0.62
16311,0.86
16312,0.49
16313,0.42
16314,0.375
16315,0.485
16316,0.845
16317,0.555
16318,0.62
16319,0.555
16320,0.58
16321,0.605
16322,0.535
16323,0.825
16324,0.925
16325,0.76
16326,0.635
16327,0.745
16328,0.95
16329,0.64
16330,0.74
16331,0.755
16332,0.7
16333,0.675
16334,0.65
16335,0.61
16336,0.33
16337,0.965
16338,0.95
16339,0.76
16340,0.855
16341,0.765
16342,0.93
16343,0.79
16344,0.635
16345,0.675
16346,0.6
16347,0.815
16348,0.875
16349,0.745
16350,0.685
16351,0.825
16352,0.57
16353,0.865
16354,0.71
16355,0.705
16356,0.665
16357,0.905
16358,0.725
16359,0.87
16360,0.575
16361,0.46
16362,0.815
16363,0.623571
16364,0.545
16365,0.295
16366,0.625
16367,0.725
16368,0.49
16369,0.9
16370,0.82
16371,0.8
16372,0.895
16373,0.935
16374,0.68
16375,0.965
16376,0.82
16377,0.725
16378,0.705
16379,0.86
16380,0.77
16381,0.755
16382,0.73
16383,0.8
16384,0.275
16385,0.83
16386,0.605
16387,0.555
16388,0.665
16389,0.825
16390,0.825
16391,0.85
16392,0.88
16393,0.67
16394,0.66
16395,0.42
16396,0.76
16397,0.885
16398,0.52
16399,0.85
16400,0.86
16401,0.605
16402,0.44
16403,0.77
16404,0.64
16405,0.43
16406,0.795
16407,0.735
16408,0.925
16409,0.89
16410,0.61
16411,0.68
16412,0.415
16413,0.59
16414,0.865
16415,0.69
16416,0.95
16417,0.575
16418,0.395
16419,0.815
16420,0.535
16421,0.835
16422,0.92
16423,0.785
16424,0.61
16425,0.8
16426,0.58
16427,0.805
16428,0.955
16429,0.66
16430,0.63
16431,0.625
16432,0.715
16433,0.775
16434,0.835
16435,0.535
16436,0.87
16437,0.85
16438,0.8
16439,0.33
16440,0.495
16441,0.67
16442,0.935
16443,0.795
16444,0.355
16445,0.68
16446,0.905
16447,0.655
16448,0.84
16449,0.89
16450,0.66
16451,0.65
16452,0.785
16453,0.845
16454,0.815
16455,0.52
16456,0.71
16457,0.65
16458,0.92
16459,0.56
16460,0.845
16461,0.16
16462,0.575
16463,0.5
16464,0.51
16465,0.94
16466,0.94
16467,0.87
16468,0.745
16469,0.795
16470,0.765
16471,0.895
16472,0.385
16473,0.745
16474,0.855
16475,0.675
16476,0.885
16477,0.975
16478,0.805
16479,0.655
16480,0.91
16481,0.87
16482,0.785
16483,0.78
16484,0.5
16485,0.24
16486,0.87
16487,0.32
16488,0.79
16489,0.91
16490,0.96
16491,0.745
16492,0.725
16493,0.655
16494,0.9
16495,0.565
16496,0.88
16497,0.98
16498,0.67
16499,0.795
16500,0.665
16501,0.755
16502,0.715
16503,0.515
16504,0.675
16505,0.615
16506,0.795
16507,0.725
16508,0.55
16509,0.605
16510,0.115
16511,0.57
16512,0.955
16513,0.82
16514,0.37
16515,0.945
16516,0.325
16517,0.68
16518,0.88
16519,0.83
16520,0.78
16521,0.435
16522,0.685
16523,0.805
16524,0.32
16525,0.675
16526,0.78
16527,0.66
16528,0.8
16529,0.695
16530,0.735
16531,0.315
16532,0.935
16533,0.825
16534,0.945
16535,0.69
16536,0.81
16537,0.925
16538,0.72
16539,0.705
16540,0.65
16541,0.64
16542,0.81
16543,0.735
16544,0.62
16545,0.545
16546,0.54
16547,0.965
16548,0.695
16549,0.77
16550,0.675
16551,0.61
16552,0.72
16553,0.655
16554,0.49
16555,0.94
16556,0.35
16557,0.98
16558,0.815
16559,0.635
16560,0.665
16561,0.71
16562,0.76
16563,0.875
16564,0.87
16565,0.355
16566,0.94
16567,0.685
16568,0.975
16569,0.695
16570,0.83
16571,0.655
16572,0.89
16573,0.815
16574,0.6
16575,0.465
16576,0.765
16577,0.555
16578,0.735
16579,0.895
16580,0.685
16581,0.535
16582,0.735
16583,0.59
16584,0.615
16585,0.75
16586,0.915
16587,0.855
16588,0.455
16589,0.56
16590,0.57
16591,0.525
16592,0.78
16593,0.94
16594,0.895
16595,0.845
16596,0.595
16597,0.51
16598,0.595
16599,0.71
16600,0.575
16601,0.7
16602,0.7
16603,0.77
16604,0.905
16605,0.735
16606,0.92
16607,0.89
16608,0.54
16609,0.755
16610,0.62
16611,0.85
16612,0.58
16613,0.8
16614,0.785
16615,0.92
16616,0.62
16617,0.41
16618,0.945
16619,0.505
16620,0.87
16621,0.81
16622,0.74
16623,0.25
16624,0.7
16625,0.535
16626,0.86
16627,0.1
16628,0.68
16629,0.555
16630,0.96
16631,0.415
16632,0.55
16633,0.855
16634,0.673571
16635,0.695
16636,0.905
16637,0.94
16638,0.525
16639,0.645
16640,0.575
16641,0.83
16642,0.985
16643,0.67
16644,0.965
16645,0.635
16646,0.92
16647,0.875
16648,0.79
16649,0.77
16650,0.545
16651,0.655
16652,0.695
16653,0.99
16654,0.83
16655,0.68625
16656,0.87
16657,0.33
16658,0.445
16659,0.9
16660,0.62
16661,0.83
16662,0.455
16663,0.585
16664,0.87
16665,0.585
16666,0.67
16667,0.895
16668,0.8
16669,0.68
16670,0.74
16671,0.49
16672,0.62
16673,0.64
16674,0.5
16675,0.875
16676,0.875
16677,0.565
16678,0.11
16679,0.76
16680,0.86
16681,0.595
16682,0.43
16683,0.68
16684,0.83
16685,0.645
16686,0.565
16687,0.695
16688,0.57
16689,0.685
16690,0.765
16691,0.69
16692,0.905
16693,0.37
16694,0.39
16695,0.905
16696,0.895
16697,0.825
16698,0.725
16699,0.705
16700,0.51
16701,0.535
16702,0.565
16703,0.815
16704,0.73
16705,0.585
16706,0.805
16707,0.84
16708,0.565
16709,0.935
16710,0.295
16711,0.835
16712,0.86
16713,0.61
16714,0.915
16715,0.525
16716,0.795
16717,0.86
16718,0.7
16719,0.635
16720,0.905
16721,0.84
16722,0.535
16723,0.405
16724,0.695
16725,0.745
16726,0.89
16727,0.705
16728,0.745
16729,0.695
16730,0.955
16731,0.63
16732,0.71
16733,0.5
16734,0.82
16735,0.705
16736,0.645
16737,0.67
16738,0.605
16739,0.74
16740,0.89
16741,0.88
16742,0.485
16743,0.66
16744,0.955
16745,0.88
16746,0.825
16747,0.47
16748,0.67
16749,0.48
16750,0.835
16751,0.785
16752,0.77
16753,0.64
16754,0.74
16755,0.58
16756,0.845
16757,0.585
16758,0.66
16759,0.615
16760,0.525
16761,0.695
16762,0.955
16763,0.745
16764,0.84
16765,0.435
16766,0.565
16767,0.595
16768,0.76
16769,0.705
16770,0.89
16771,0.56
16772,0.62
16773,0.91
16774,0.425
16775,0.83
16776,0.39
16777,0.715
16778,0.885
16779,0.8
16780,0.735
16781,0.82
16782,0.795
16783,0.675
16784,0.68
16785,0.68
16786,0.975
16787,0.665
16788,0.945
16789,0.68
16790,0.67
16791,0.39
16792,0.64
16793,0.975
16794,0.565
16795,0.805
16796,0.945
16797,0.645
16798,0.475
16799,0.675
16800,0.94
16801,0.85
16802,0.835
16803,0.985
16804,0.805
16805,0.925
16806,0.74
16807,0.83
16808,0.57
16809,0.62
16810,0.905
16811,0.825
16812,0.825
16813,0.495
16814,0.855
16815,0.82
16816,0.99
16817,0.775
16818,0.89
16819,0.86
16820,0.725
16821,0.69
16822,0.905
16823,0.74
16824,0.93
16825,0.475
16826,0.745
16827,0.575
16828,0.62
16829,0.62
16830,0.765
16831,0.42
16832,0.71
16833,0.66
16834,0.765
16835,0.795
16836,0.835
16837,0.925
16838,0.84
16839,0.775
16840,0.43
16841,0.6
16842,0.95
16843,0.53
16844,0.86
16845,0.635
16846,0.82
16847,0.845
16848,0.9
16849,0.465
16850,0.81
16851,0.875
16852,0.47
16853,0.555
16854,0.77
16855,0.64
16856,0.645
16857,0.785
16858,0.675
16859,0.495
16860,0.93
16861,0.885
16862,0.735
16863,0.82
16864,0.71
16865,0.515
16866,0.785
16867,0.8
16868,0.535
16869,0.315
16870,0.81
16871,0.53
16872,0.815
16873,0.315
16874,0.665
16875,0.395
16876,0.47
16877,0.67
16878,0.67
16879,0.7
16880,0.44
16881,0.805
16882,0.81
16883,0.5
16884,0.92
16885,0.725
16886,0.61
16887,0.68
16888,0.46
16889,0.51
16890,0.87
16891,0.81
16892,0.835
16893,0.65
16894,0.89
16895,0.665
16896,0.95
16897,0.645
16898,0.875
16899,0.695
16900,0.645
16901,0.66
16902,0.49
16903,0.83
16904,0.79
16905,0.55
16906,0.87
16907,0.495
16908,0.705
16909,0.36
16910,0.735
16911,0.605
16912,0.68
16913,0.185
16914,0.86
16915,0.605
16916,0.575
16917,0.915
16918,0.71
16919,0.625
16920,0.625
16921,0.62
16922,0.59
16923,0.94
16924,0.65
16925,0.6
16926,0.625
16927,0.765
16928,0.725
16929,0.64
16930,0.595
16931,0.805
16932,0.975
16933,0.925
16934,0.695
16935,0.795
16936,0.945
16937,0.825
16938,0.625
16939,0.895
16940,0.79
16941,0.73
16942,0.875
16943,0.835
16944,0.805
16945,0.85
16946,0.73
16947,0.92
16948,0.815
16949,0.89
16950,0.67
16951,0.275
16952,0.835
16953,0.795
16954,0.78
16955,0.985
16956,0.995
16957,0.655
16958,0.88
16959,0.815
16960,0.52
16961,0.745
16962,0.84
16963,0.765
16964,0.81
16965,0.86
16966,0.865
16967,0.495
16968,0.86
16969,0.81
16970,0.89
16971,0.88
16972,0.965
16973,0.815
16974,0.695
16975,0.655
16976,0.8
16977,0.36
16978,0.54
16979,0.645
16980,0.705
16981,0.675
16982,0.76
16983,0.835
16984,0.64
16985,0.63875
16986,0.745
16987,0.665
16988,0.63
16989,0.69
16990,0.645
16991,0.775
16992,0.695
16993,0.745
16994,0.795
16995,0.865
16996,0.75
16997,0.515
16998,0.55
16999,0.57
17000,0.73
17001,0.635
17002,0.765
17003,0.45
17004,0.925
17005,0.24
17006,0.665
17007,0.875
17008,0.825
17009,0.855
17010,0.72
17011,0.905
17012,0.75
17013,0.9
17014,0.745
17015,0.97
17016,0.955
17017,0.575
17018,0.69
17019,0.705
17020,0.64
17021,0.635
17022,1.0
17023,0.47
17024,0.85
17025,0.835
17026,0.685
17027,0.92
17028,0.76
17029,0.84
17030,0.26
17031,0.19
17032,0.705
17033,0.855
17034,0.66
17035,0.31
17036,0.365
17037,0.45
17038,0.92
17039,0.385
17040,0.71
17041,0.945
17042,0.485
17043,0.37
17044,0.565
17045,0.685
17046,0.835
17047,0.405
17048,0.56
17049,0.925
17050,0.605
17051,0.705
17052,0.625
17053,0.67
17054,0.935
17055,0.715
17056,0.76
17057,0.8
17058,0.51
17059,0.69
17060,0.85
17061,0.775
17062,0.94
17063,0.825
17064,0.675
17065,0.87
17066,0.185
17067,0.525
17068,0.72
17069,0.605
17070,0.385
17071,0.575
17072,0.76
17073,0.9
17074,0.92
17075,0.945
17076,0.81
17077,0.96
17078,0.695
17079,0.62
17080,0.97
17081,0.735
17082,0.295
17083,0.865
17084,0.82
17085,0.795
17086,0.77
17087,0.935
17088,0.88
17089,0.675
17090,0.795
17091,0.715
17092,0.785
17093,0.63
17094,0.615
17095,0.87
17096,0.95
17097,0.72
17098,0.93
17099,0.93
17100,0.565
17101,0.525
17102,0.945
17103,0.685
17104,0.445
17105,0.19
17106,0.7
17107,0.54
17108,0.685
17109,0.96
17110,0.905
17111,0.64
17112,0.825
17113,0.805
17114,0.81
17115,0.645
17116,0.88
17117,0.875
17118,0.785
17119,0.65
17120,0.91
17121,0.535
17122,0.81
17123,0.755
17124,0.42
17125,0.875
17126,0.855
17127,0.82
17128,0.62
17129,0.615
17130,0.935
17131,0.475
17132,0.785
17133,0.735
17134,0.75
17135,0.79
17136,0.475
17137,0.715
17138,0.45
17139,0.685
17140,0.97
17141,0.705
17142,0.495
17143,0.32
17144,0.66
17145,0.635
17146,0.925
17147,0.53
17148,0.48
17149,0.58
17150,0.68
17151,0.97
17152,0.785
17153,0.925
17154,0.69
17155,0.52
17156,0.82
17157,0.73
17158,0.88
17159,0.77
17160,0.895
17161,0.83
17162,0.765
17163,0.6
17164,0.815
17165,0.385
17166,0.645
17167,0.95
17168,0.835
17169,0.87
17170,0.43
17171,0.535
17172,0.38
17173,0.885
17174,0.61
17175,0.805
17176,0.92
17177,0.735
17178,0.67
17179,0.785
17180,0.73
17181,0.735
17182,0.75
17183,0.675
17184,0.71
17185,0.86
17186,0.695
17187,0.86
17188,0.485
17189,0.79
17190,0.81
17191,0.69
17192,0.858333
17193,0.81
17194,0.69
17195,0.85
17196,0.505
17197,0.735
17198,0.58
17199,0.65
17200,0.755
17201,0.59
17202,0.63
17203,0.915
17204,0.56
17205,0.59
17206,0.785
17207,0.715
17208,0.73
17209,0.79
17210,0.365
17211,0.78
17212,0.67
17213,0.92
17214,0.765
17215,0.595
17216,0.44
17217,0.94
17218,0.91
17219,0.435
17220,0.925
17221,0.705
17222,0.815
17223,0.915
17224,0.845
17225,0.93
17226,0.665
17227,0.72
17228,0.295
17229,0.585
17230,0.6
17231,0.505
17232,0.805
17233,0.81
17234,0.815
17235,0.51
17236,0.845
17237,0.81
17238,0.565
17239,0.89
17240,0.915
17241,0.815
17242,0.803333
17243,0.89
17244,0.53
17245,0.81
17246,0.83
17247,0.895
17248,0.69
17249,0.965
17250,0.74
17251,0.75
17252,0.645
17253,0.92
17254,0.575
17255,0.87
17256,0.35
17257,0.61
17258,0.795
17259,0.485
17260,0.635
17261,0.66
17262,0.53
17263,0.713333
17264,0.815
17265,0.965
17266,0.75
17267,0.84
17268,0.835
17269,0.68
17270,0.59
17271,0.785
17272,0.675
17273,0.63
17274,0.29
17275,0.855
17276,0.93
17277,0.97
17278,0.945
17279,0.57
17280,0.825
17281,0.76
17282,0.615
17283,0.59
17284,0.75
17285,0.38
17286,0.78
17287,0.95
17288,0.68
17289,0.75
17290,0.83
17291,0.81
17292,0.71
17293,0.355
17294,0.73
17295,0.535
17296,0.66
17297,0.765
17298,0.53
17299,0.73
17300,0.415
17301,0.77
17302,0.62
17303,0.705
17304,0.665
17305,0.655
17306,0.965
17307,0.795
17308,0.535
17309,0.695
17310,0.7
17311,0.7
17312,0.715
17313,0.69
17314,0.895
17315,0.785
17316,0.86
17317,0.81
17318,0.805
17319,0.925
17320,0.925
17321,0.42
17322,0.85
17323,0.83
17324,0.81
17325,0.945
17326,0.685
17327,0.395
17328,0.82
17329,0.67
17330,0.96
17331,0.66
17332,0.9
17333,0.85
17334,0.98
17335,0.755
17336,0.83
17337,0.865
17338,0.64
17339,0.575
17340,0.515
17341,0.905
17342,0.895
17343,0.815
17344,0.675
17345,0.74
17346,0.965
17347,0.8
17348,0.835
17349,0.62
17350,0.8
17351,0.435
17352,0.79
17353,0.815
17354,0.98
17355,0.97
17356,0.94
17357,0.5
17358,0.495
17359,0.425
17360,0.86
17361,0.81
17362,0.815
17363,0.64
17364,0.84
17365,0.64
17366,0.645
17367,0.655
17368,0.585
17369,0.545
17370,0.795
17371,0.575
17372,0.665
17373,0.35
17374,0.905
17375,0.62
17376,0.385
17377,0.53
17378,0.5
17379,0.675
17380,0.345
17381,0.465
17382,0.565
17383,0.37
17384,0.88
17385,0.705
17386,0.68
17387,0.65
17388,0.89
17389,0.585
17390,0.645
17391,0.72
17392,0.45
17393,0.775
17394,0.865
17395,0.735
17396,0.985
17397,0.91
17398,0.765
17399,0.55
17400,0.68
17401,0.735
17402,0.86
17403,0.695
17404,0.87
17405,0.85
17406,0.92
17407,0.635
17408,0.87
17409,0.265
17410,0.595
17411,0.845
17412,0.82
17413,0.625
17414,0.89
17415,0.565
17416,0.715
17417,0.62
17418,0.62
17419,0.725
17420,0.895
17421,0.795
17422,0.63
17423,0.915
17424,0.47
17425,0.775
17426,0.96
17427,0.945
17428,0.855
17429,0.88
17430,0.515
17431,0.6
17432,0.935
17433,0.89
17434,0.645
17435,0.895
17436,0.685
17437,0.21
17438,0.93
17439,0.455
17440,0.855
17441,0.81
17442,0.8
17443,0.52
17444,0.76
17445,0.62
17446,0.855
17447,0.655
17448,0.57
17449,0.95
17450,0.945
17451,0.475
17452,0.625
17453,0.66
17454,0.73
17455,0.735
17456,0.52
17457,0.66
17458,0.76
17459,0.905
17460,0.675
17461,0.74
17462,0.44
17463,0.495
17464,0.67
17465,0.435
17466,0.935
17467,0.945
17468,0.79
17469,0.985
17470,0.885
17471,0.98
17472,0.89
17473,0.77
17474,0.32
17475,0.7
17476,0.545
17477,0.925
17478,0.97
17479,0.72
17480,0.455
17481,0.87
17482,0.79
17483,0.975
17484,0.995
17485,0.9
17486,0.48
17487,0.975
17488,0.885
17489,0.91
17490,0.43
17491,0.905
17492,0.85
17493,0.845
17494,0.84
17495,0.69
17496,0.78
17497,0.715
17498,0.675
17499,0.81
17500,0.635
17501,0.875
17502,0.585
17503,0.65
17504,0.495
17505,0.705
17506,0.91
17507,0.71
17508,0.885
17509,0.905
17510,0.805
17511,0.795
17512,0.965
17513,0.745
17514,0.825
17515,0.53
17516,0.915
17517,0.52
17518,0.52
17519,0.795
17520,0.76
17521,0.695
17522,0.73
17523,0.91
17524,0.41
17525,0.955
17526,0.845
17527,0.665
17528,0.69
17529,0.45
17530,0.84
17531,0.93
17532,0.65
17533,0.905
17534,0.75
17535,0.73
17536,0.965
17537,0.885
17538,0.64
17539,0.725
17540,0.755
17541,0.75
17542,0.745
17543,0.64
17544,0.665
17545,0.845
17546,0.775
17547,0.775
17548,0.845
17549,0.935
17550,0.615
17551,0.885
17552,0.59
17553,0.785
17554,0.96
17555,0.805
17556,0.925
17557,0.88
17558,0.56
17559,0.725
17560,0.83
17561,0.755
17562,0.595
17563,0.92
17564,0.755
17565,0.635
17566,0.815
17567,0.74
17568,0.9
17569,0.805
17570,0.45
17571,0.79
17572,0.69
17573,0.685
17574,0.91
17575,0.7
17576,0.85
17577,0.96
17578,0.555
17579,0.485
17580,0.945
17581,0.935
17582,0.965
17583,0.895
17584,0.69
17585,0.655
17586,0.525
17587,0.825
17588,0.91
17589,0.755
17590,0.745
17591,0.71
17592,0.855
17593,0.785
17594,0.76
17595,0.74
17596,0.85
17597,0.885
17598,0.585
17599,0.59
17600,0.495
17601,0.605
17602,0.625
17603,0.65
17604,0.685
17605,0.57
17606,0.82
17607,0.665
17608,0.66
17609,0.875
17610,0.415
17611,0.755
17612,0.76
17613,0.655
17614,0.615
17615,0.81
17616,0.875
17617,0.395
17618,0.395
17619,0.71
17620,0.96
17621,0.93
17622,0.56
17623,0.615
17624,0.405
17625,0.735
17626,0.935
17627,0.9
17628,0.86
17629,0.595
17630,0.745
17631,0.82
17632,0.56
17633,0.54
17634,0.34
17635,0.315
17636,0.86
17637,0.69
17638,0.86
17639,0.81
17640,0.755
17641,0.735
17642,0.82
17643,0.75
17644,0.705
17645,0.77
17646,0.98
17647,0.6
17648,0.43
17649,0.615
17650,0.89
17651,0.905
17652,0.67
17653,0.66
17654,0.705
17655,0.93
17656,0.93
17657,0.585
17658,0.97
17659,0.9
17660,0.505
17661,0.875
17662,0.53
17663,0.91
17664,0.675
17665,0.585
17666,0.7
17667,0.68
17668,0.84
17669,0.335
17670,0.45
17671,0.61
17672,0.865
17673,0.515
17674,0.95
17675,0.895
17676,0.765
17677,0.43
17678,0.875
17679,0.695
17680,0.63
17681,0.83
17682,0.845
17683,0.75
17684,0.305
17685,0.715
17686,0.865
17687,0.795
17688,0.77
17689,0.175
17690,0.91
17691,0.725
17692,0.8
17693,0.63
17694,0.41
17695,0.675
17696,0.55
17697,0.825
17698,0.34
17699,0.925
17700,0.95
17701,0.765
17702,0.735
17703,0.86
17704,0.46
17705,0.5
17706,0.665
17707,0.845
17708,0.63
17709,0.925
17710,0.74
17711,0.99
17712,0.81
17713,0.32
17714,0.715
17715,0.825
17716,0.625
17717,0.57
17718,0.64
17719,0.8
17720,0.54
17721,0.715
17722,0.5
17723,0.905
17724,0.445
17725,0.935
17726,0.85
17727,0.91
17728,0.63
17729,0.435
17730,0.855
17731,0.72
17732,0.225
17733,0.645
17734,0.675
17735,0.75
17736,0.805
17737,0.82
17738,0.705
17739,0.475
17740,0.885
17741,0.86
17742,0.6
17743,0.945
17744,0.865
17745,0.42
17746,0.585
17747,0.96
17748,0.955
17749,0.305
17750,0.805
17751,0.86
17752,0.855
17753,0.8
17754,0.98
17755,0.73
17756,0.87
17757,0.945
17758,0.84
17759,0.73
17760,0.78
17761,0.815
17762,0.665
17763,0.715
17764,0.875
17765,0.47
17766,0.92
17767,0.533333
17768,0.465
17769,0.675
17770,0.94
17771,0.665
17772,0.515
17773,0.595
17774,0.715
17775,0.9
17776,0.795
17777,0.99
17778,0.74
17779,0.405
17780,0.805
17781,0.76
17782,0.86
17783,0.65
17784,0.61
17785,0.89
17786,0.58
17787,0.855
17788,0.695
17789,0.91
17790,0.46
17791,0.68
17792,0.74
17793,0.425
17794,0.715
17795,0.715
17796,0.48
17797,0.645
17798,0.685
17799,0.87
17800,0.53
17801,0.96
17802,0.375
17803,0.47
17804,0.605
17805,0.415
17806,0.7
17807,0.67
17808,0.485
17809,0.66
17810,0.74
17811,0.875
17812,0.895
17813,0.745
17814,0.625
17815,0.845
17816,0.92
17817,0.715
17818,0.985
17819,0.635
17820,0.625
17821,0.78
17822,0.66
17823,0.12
17824,0.645
17825,0.635
17826,0.765
17827,0.92
17828,0.86
17829,0.76
17830,0.365
17831,0.915
17832,0.74
17833,0.97
17834,0.805
17835,0.475
17836,0.44
17837,0.57
17838,0.755
17839,0.5
17840,0.92
17841,0.955
17842,0.525
17843,0.77
17844,0.83
17845,0.585
17846,0.62
17847,0.255
17848,0.61
17849,0.845
17850,0.835
17851,0.835
17852,0.75
17853,0.595
17854,0.795
17855,0.66
17856,0.775
17857,0.585
17858,0.845
17859,0.645
17860,0.67
17861,0.86
17862,0.89
17863,0.94
17864,0.66
17865,0.86
17866,0.795
17867,0.84
17868,0.925
17869,0.82
17870,0.87
17871,0.445
17872,0.97
17873,0.935
17874,0.67
17875,0.635
17876,0.81
17877,0.365
17878,0.615
17879,0.475
17880,0.6
17881,0.94
17882,0.92
17883,0.535
17884,0.595
17885,0.25
17886,0.53
17887,0.785
17888,0.62
17889,0.92
17890,0.745
17891,0.73
17892,0.78
17893,0.455
17894,0.825
17895,0.58
17896,0.465
17897,0.62
17898,0.745
17899,0.765
17900,0.495
17901,0.945
17902,0.935
17903,0.305
17904,0.905
17905,0.615
17906,0.875
17907,0.645
17908,0.475
17909,0.905
17910,0.46
17911,0.835
17912,0.925
17913,0.88
17914,0.47
17915,0.4
17916,0.77
17917,0.765
17918,0.975
17919,0.83
17920,0.73
17921,0.665
17922,0.865
17923,0.85
17924,0.935
17925,0.77
17926,0.64
17927,0.7
17928,0.865
17929,0.825
17930,0.415
17931,0.87
17932,0.56
17933,0.47
17934,0.945
17935,0.53
17936,0.695
17937,0.77
17938,0.86
17939,0.5
17940,0.765
17941,0.725
17942,0.695
17943,0.55
17944,0.6
17945,0.56
17946,0.97
17947,0.735
17948,0.805
17949,0.545
17950,0.67
17951,0.735
17952,0.61
17953,0.87
17954,0.42
17955,0.57
17956,0.62
17957,0.755
17958,0.62
17959,0.9
17960,0.445
17961,0.6
17962,0.73
17963,0.7
17964,0.455
17965,0.8
17966,0.895
17967,0.6
17968,0.925
17969,0.63
17970,0.39
17971,0.705
17972,0.9
17973,0.85
17974,0.915
17975,0.785
17976,0.465
17977,0.745
17978,0.915
17979,0.71
17980,0.555
17981,0.835
17982,0.71
17983,0.9
17984,0.865
17985,0.54
17986,0.665
17987,0.875
17988,0.83
17989,0.47
17990,0.85
17991,0.92
17992,0.875
17993,0.76
17994,0.845
17995,0.65
17996,0.485
17997,0.745
17998,0.47
17999,0.81
18000,0.71
18001,0.805
18002,0.695
18003,0.89
18004,0.685
18005,0.55
18006,0.87
18007,0.615
18008,0.44
18009,0.955
18010,0.825
18011,0.965
18012,0.81
18013,0.78
18014,0.455
18015,0.98
18016,0.635
18017,0.94
18018,0.995
18019,0.94
18020,0.795
18021,0.58
18022,0.895
18023,0.69
18024,0.715
18025,0.615
18026,0.615
18027,0.48
18028,0.51
18029,0.63
18030,0.59
18031,0.915
18032,0.68
18033,0.73
18034,0.455
18035,0.745
18036,0.72
18037,0.58
18038,0.9
18039,0.435
18040,0.77
18041,0.685
18042,0.855
18043,0.66
18044,0.825
18045,0.7
18046,0.96
18047,0.92
18048,0.775
18049,0.675
18050,0.57
18051,0.91
18052,0.66
18053,0.73
18054,0.71
18055,0.955
18056,0.37
18057,0.79
18058,0.59875
18059,0.675
18060,0.94
18061,0.955
18062,0.815
18063,0.8
18064,0.535
18065,0.495
18066,0.74
18067,0.73
18068,0.85
18069,0.91
18070,0.395
18071,0.865
18072,0.965
18073,0.69
18074,0.71
18075,0.93
18076,0.855
18077,0.77
18078,0.705
18079,0.855
18080,0.775
18081,0.775
18082,0.825
18083,0.7
18084,0.88
18085,0.85
18086,0.915
18087,0.515
18088,0.485
18089,0.705
18090,0.875
18091,0.98
18092,0.695
18093,0.745
18094,0.515
18095,0.945
18096,0.705
18097,0.74
18098,0.915
18099,0.825
18100,0.74
18101,0.615
18102,0.87
18103,0.925
18104,0.835
18105,0.675
18106,0.68
18107,0.695
18108,0.78
18109,0.6
18110,0.82
18111,0.8
18112,0.82
18113,0.71
18114,0.92
18115,0.705
18116,0.765
18117,0.94
18118,0.71
18119,0.835
18120,0.635
18121,0.82
18122,0.615
18123,0.69
18124,0.69
18125,0.84
18126,0.55
18127,0.88
18128,0.45
18129,0.755
18130,0.6
18131,0.78
18132,0.875
18133,0.52
18134,0.87
18135,0.825
18136,0.99
18137,0.825
18138,0.745
18139,0.95
18140,0.475
18141,0.715
18142,0.945
18143,0.875
18144,0.84
18145,0.35
18146,0.26
18147,0.83
18148,0.7
18149,0.94
18150,0.615
18151,0.96
18152,0.83
18153,0.93
18154,0.98
18155,0.59
18156,0.685
18157,0.73
18158,0.635
18159,0.8
18160,0.25
18161,0.75
18162,0.565
18163,0.805
18164,0.725
18165,0.435
18166,0.775
18167,0.685
18168,0.735
18169,0.7
18170,0.615
18171,0.665
18172,0.66
18173,0.59
18174,0.635
18175,0.65
18176,0.93
18177,0.55
18178,0.885
18179,0.925
18180,0.92
18181,0.76
18182,0.145
18183,0.91
18184,0.76
18185,0.815
18186,0.835
18187,0.605
18188,0.825
18189,0.82
18190,0.135
18191,0.55
18192,0.665
18193,0.69
18194,0.73
18195,0.47
18196,0.62
18197,0.81
18198,0.93
18199,0.61
18200,0.57
18201,0.875
18202,0.835
18203,0.73
18204,0.685
18205,0.63
18206,0.87
18207,0.535
18208,0.835
18209,0.695
18210,0.89
18211,0.485
18212,0.845
18213,0.84
18214,0.685
18215,0.615
18216,0.625
18217,0.885
18218,0.72
18219,0.975
18220,0.565
18221,0.89
18222,0.68
18223,0.735
18224,0.51
18225,0.655
18226,0.63
18227,0.615
18228,0.785
18229,0.565
18230,0.615
18231,0.955
18232,0.82
18233,0.885
18234,0.785
18235,0.56
18236,0.695
18237,0.78
18238,0.645
18239,0.625
18240,0.575
18241,0.645
18242,0.635
18243,0.89
18244,0.92
18245,0.745
18246,0.66
18247,0.785
18248,0.705
18249,0.77
18250,0.79
18251,0.95
18252,0.765
18253,0.705
18254,0.645
18255,0.82
18256,0.675
18257,0.83
18258,0.92
18259,0.765
18260,0.34
18261,0.665
18262,0.48
18263,0.885
18264,0.695
18265,0.855
18266,0.385
18267,0.825
18268,0.675
18269,0.615
18270,0.78
18271,0.77
18272,0.905
18273,0.815
18274,0.605
18275,0.555
18276,0.77
18277,0.275
18278,0.94
18279,0.54
18280,0.59
18281,0.895
18282,0.67
18283,0.435
18284,0.69
18285,0.83
18286,0.79
18287,0.66
18288,0.62
18289,0.72
18290,0.815
18291,0.34
18292,0.9
18293,0.35
18294,0.795
18295,0.64
18296,0.755
18297,0.605
18298,0.855
18299,0.63
18300,0.945
18301,0.645
18302,0.63
18303,0.84
18304,0.795
18305,0.87
18306,0.325
18307,0.83
18308,0.535
18309,0.815
18310,0.785
18311,0.94
18312,0.545
18313,0.785
18314,0.74
18315,0.93
18316,0.53
18317,0.535
18318,0.765
18319,0.905
18320,0.965
18321,0.16
18322,0.945
18323,0.615
18324,0.72
18325,0.525
18326,0.785
18327,0.645
18328,0.79
18329,0.97
18330,0.605
18331,0.495
18332,0.95
18333,0.85
18334,0.78
18335,0.435
18336,0.855
18337,0.63
18338,0.53
18339,0.82
18340,0.74
18341,0.96
18342,0.74
18343,0.64
18344,0.695
18345,0.9
18346,0.805
18347,0.745
18348,0.695
18349,0.475
18350,0.655
18351,0.85
18352,0.255
18353,0.805
18354,0.88
18355,0.82
18356,0.74
18357,0.825
18358,0.9
18359,0.705
18360,0.905
18361,0.53
18362,0.84
18363,0.71
18364,0.24
18365,0.865
18366,0.715
18367,0.54
18368,0.755
18369,0.635
18370,0.795
18371,0.555
18372,0.945
18373,0.925
18374,0.73
18375,0.765
18376,0.42
18377,0.89
18378,0.68
18379,0.74
18380,0.935
18381,0.785
18382,0.98
18383,0.53
18384,0.73
18385,0.705
18386,0.585
18387,0.72
18388,0.395
18389,0.905
18390,0.32
18391,0.23
18392,0.59
18393,0.81
18394,0.595
18395,0.975
18396,0.57
18397,0.69
18398,0.745
18399,0.65
18400,0.735
18401,0.655
18402,0.495
18403,0.675
18404,0.81
18405,0.915
18406,0.885
18407,0.93
18408,0.63
18409,0.575
18410,0.91
18411,0.84
18412,0.755
18413,0.795
18414,0.69
18415,0.745
18416,0.955
18417,0.735
18418,0.54
18419,0.945
18420,0.455
18421,0.78
18422,0.85
18423,0.615
18424,0.975
18425,0.715
18426,0.94
18427,0.8
18428,0.845
18429,0.515
18430,0.755
18431,0.79
18432,0.345
18433,0.76
18434,0.85
18435,0.66
18436,0.94
18437,0.67
18438,0.645
18439,0.795
18440,0.82
18441,0.425
18442,0.91
18443,0.605
18444,0.79
18445,0.71
18446,0.995
18447,0.735
18448,0.595
18449,0.545
18450,0.36
18451,0.58
18452,0.35
18453,0.735
18454,0.755
18455,0.63
18456,0.745
18457,0.74
18458,0.84
18459,0.785
18460,0.92
18461,0.845
18462,0.655
18463,0.6
18464,0.6
18465,0.78
18466,0.82
18467,0.775
18468,0.415
18469,0.76
18470,0.835
18471,0.715
18472,0.8
18473,0.81
18474,0.595
18475,0.705
18476,0.46
18477,0.575
18478,0.69
18479,0.565
18480,0.62
18481,0.945
18482,0.945
18483,0.945
18484,0.725
18485,0.855
18486,0.66
18487,0.84
18488,0.76
18489,0.825
18490,0.79
18491,0.66
18492,0.475
18493,0.46
18494,0.64
18495,0.63
18496,0.6
18497,0.73
18498,0.6
18499,0.48
18500,0.575
18501,0.71
18502,0.675
18503,0.845
18504,0.68625
18505,0.72
18506,0.685
18507,0.49
18508,0.95
18509,0.51
18510,0.985
18511,0.49
18512,0.755
18513,0.85
18514,0.965
18515,0.68
18516,0.635
18517,0.94
18518,0.625
18519,0.51
18520,0.83
18521,0.505
18522,0.91
18523,0.67
18524,0.86
18525,0.57
18526,0.835
18527,0.97
18528,0.785
18529,0.55
18530,0.76
18531,0.805
18532,0.835
18533,0.675
18534,0.83
18535,0.92
18536,0.505
18537,0.425
18538,0.55
18539,0.54
18540,0.865
18541,0.95
18542,0.425
18543,0.455
18544,0.635
18545,0.625
18546,0.935
18547,0.755
18548,0.45
18549,0.77
18550,0.73
18551,0.545
18552,0.83
18553,0.655
18554,0.815
18555,0.695
18556,0.805
18557,0.73
18558,0.69
18559,0.84
18560,0.805
18561,0.685
18562,0.825
18563,0.92
18564,0.175
18565,0.53
18566,0.965
18567,0.775
18568,0.545
18569,0.925
18570,0.385
18571,0.675
18572,0.815
18573,0.885
18574,0.22
18575,0.6
18576,0.855
18577,0.2
18578,0.925
18579,0.775
18580,0.65
18581,0.6
18582,0.72
18583,0.495
18584,0.315
18585,0.84
18586,0.875
18587,0.84
18588,0.525
18589,0.85
18590,0.725
18591,0.925
18592,0.805
18593,0.755
18594,0.67
18595,0.83
18596,0.695
18597,0.57
18598,0.76
18599,0.91
18600,0.795
18601,0.575
18602,0.895
18603,0.74
18604,0.86
18605,0.435
18606,0.69
18607,0.72
18608,0.655
18609,0.785
18610,0.95
18611,0.92
18612,0.75
18613,0.65
18614,0.42
18615,0.875
18616,0.945
18617,0.55
18618,0.885
18619,0.865
18620,0.895
18621,0.61
18622,0.7
18623,0.725
18624,0.62
18625,0.765
18626,0.835
18627,0.895
18628,0.745
18629,0.755
18630,0.795
18631,0.905
18632,0.63
18633,0.695
18634,0.8
18635,0.815
18636,0.36
18637,0.92
18638,0.885
18639,0.505
18640,0.76
18641,0.715
18642,0.72
18643,0.555
18644,0.88
18645,0.94
18646,0.755
18647,0.515
18648,0.67
18649,0.95
18650,0.55
18651,0.775
18652,0.715
18653,0.765
18654,0.65
18655,0.835
18656,0.825
18657,0.415
18658,0.698333
18659,0.635
18660,0.565
18661,0.705
18662,0.695
18663,0.985
18664,0.605
18665,0.7
18666,0.86
18667,0.79
18668,0.78
18669,0.58
18670,0.705
18671,0.805
18672,0.59
18673,0.56
18674,0.71
18675,0.26
18676,0.91
18677,0.485
18678,0.785
18679,0.935
18680,0.9
18681,0.67
18682,0.805
18683,0.68
18684,0.385
18685,0.91
18686,0.4
18687,0.61
18688,0.765
18689,0.585
18690,0.4
18691,0.95
18692,0.625
18693,0.795
18694,0.705
18695,0.52
18696,0.945
18697,0.855
18698,0.585
18699,0.885
18700,0.76
18701,0.555
18702,0.97
18703,0.915
18704,0.65
18705,0.81
18706,0.53
18707,0.38
18708,0.625
18709,0.72
18710,0.765
18711,0.765
18712,0.93
18713,0.81
18714,0.585
18715,0.765
18716,0.835
18717,0.825
18718,0.75
18719,0.685
18720,0.89
18721,0.96
18722,0.675
18723,0.745
18724,0.81
18725,0.61
18726,0.625
18727,0.905
18728,0.88
18729,0.83
18730,0.96
18731,0.765
18732,0.78
18733,0.875
18734,0.55
18735,0.775
18736,0.965
18737,0.85
18738,0.285
18739,0.87
18740,0.83
18741,0.625
18742,0.86
18743,0.99
18744,0.805
18745,0.55
18746,0.655
18747,0.425
18748,0.775
18749,0.91
18750,0.82
18751,0.935
18752,0.535
18753,0.955
18754,0.905
18755,0.4
18756,0.755
18757,0.89
18758,0.74
18759,0.845
18760,0.885
18761,0.93
18762,0.67
18763,0.815
18764,0.62
18765,0.675
18766,0.79
18767,0.505
18768,0.7
18769,0.755
18770,0.945
18771,0.375
18772,0.63
18773,0.785
18774,0.875
18775,0.95
18776,0.795
18777,0.9
18778,0.575
18779,0.81
18780,0.655
18781,0.89
18782,0.645
18783,0.27
18784,0.685
18785,0.325
18786,0.825
18787,0.71
18788,0.46
18789,0.74
18790,0.67
18791,0.805
18792,0.755
18793,0.805
18794,0.74
18795,0.83
18796,0.815
18797,0.675
18798,0.245
18799,0.815
18800,0.7
18801,0.685
18802,0.525
18803,0.675
18804,0.885
18805,0.74
18806,0.385
18807,0.945
18808,0.895
18809,0.88
18810,0.935
18811,0.985
18812,0.745
18813,0.705
18814,0.705
18815,0.65
18816,0.75
18817,0.81
18818,0.505
18819,0.765
18820,0.915
18821,0.515
18822,0.725
18823,0.85
18824,0.4
18825,0.725
18826,0.19
18827,0.91
18828,0.685
18829,0.565
18830,0.82
18831,0.925
18832,0.44
18833,0.845
18834,0.465
18835,0.66
18836,0.785
18837,0.625
18838,0.745
18839,0.845
18840,0.725
18841,0.795
18842,0.64
18843,0.65
18844,0.71
18845,0.605
18846,0.605
18847,0.945
18848,0.69
18849,0.735
18850,0.565
18851,0.2
18852,0.68
18853,0.8
18854,0.91
18855,0.68
18856,0.965
18857,0.86
18858,0.615
18859,0.475
18860,0.62
18861,0.81
18862,0.94
18863,0.775
18864,0.055
18865,0.8
18866,0.605
18867,0.57
18868,0.91
18869,0.69
18870,0.98
18871,0.725
18872,0.825
18873,0.885
18874,0.68
18875,0.91
18876,0.83
18877,0.79
18878,0.935
18879,0.65
18880,0.765
18881,0.865
18882,0.625
18883,0.57
18884,0.945
18885,0.9
18886,0.42
18887,0.895
18888,0.55
18889,0.9
18890,0.85
18891,0.59
18892,0.645
18893,0.775
18894,0.21
18895,0.86
18896,0.735
18897,0.695
18898,0.55
18899,0.565
18900,0.85
18901,0.9
18902,0.8
18903,0.935
18904,0.73
18905,0.55
18906,0.87
18907,0.845
18908,0.935
18909,0.7
18910,0.775
18911,0.72
18912,0.37
18913,0.775
18914,0.615
18915,0.42
18916,0.435
18917,0.745
18918,0.3
18919,0.92
18920,0.895
18921,0.595
18922,0.605
18923,0.475
18924,0.425
18925,0.695
18926,0.865
18927,0.89
18928,0.895
18929,0.8
18930,0.815
18931,0.58
18932,0.865
18933,0.935
18934,0.675
18935,0.95
18936,0.845
18937,0.83
18938,0.98
18939,0.67
18940,0.465
18941,0.685
18942,0.925
18943,0.58
18944,0.94
18945,0.905
18946,0.415
18947,0.825
18948,0.81
18949,0.69
18950,0.775
18951,0.68
18952,0.73
18953,0.51
18954,0.425
18955,0.695
18956,0.88
18957,0.68
18958,0.66
18959,0.445
18960,0.91
18961,0.485
18962,0.98
18963,0.675
18964,0.885
18965,0.84
18966,0.525
18967,0.65
18968,0.485
18969,0.465
18970,0.435
18971,0.865
18972,0.34
18973,0.415
18974,0.9
18975,0.895
18976,0.655
18977,0.8
18978,0.745
18979,0.88
18980,0.81
18981,0.69
18982,0.77
18983,0.61
18984,0.885
18985,0.67
18986,0.82
18987,0.835
18988,0.435
18989,0.85
18990,0.61
18991,0.65
18992,0.55
18993,0.88
18994,0.86
18995,0.825
18996,0.75
18997,0.72
18998,0.61
18999,0.705
19000,0.64
19001,0.365
19002,0.855
19003,0.555
19004,0.84
19005,0.525
19006,0.805
19007,0.28
19008,0.84
19009,0.56
19010,0.525
19011,0.6
19012,0.83
19013,0.62
19014,0.955
19015,0.645
19016,0.785
19017,0.745
19018,0.645
19019,0.715
19020,0.865
19021,0.675
19022,0.84
19023,0.915
19024,0.884
19025,0.725
19026,0.72
19027,0.77
19028,0.695
19029,0.745
19030,0.8
19031,0.755
19032,0.69
19033,0.9
19034,0.935
19035,0.795
19036,0.815
19037,0.805
19038,0.675
19039,0.625
19040,0.785
19041,0.435
19042,0.69
19043,0.725
19044,0.69
19045,0.59
19046,0.305
19047,0.7
19048,0.715
19049,0.65
19050,0.65
19051,0.835
19052,0.72
19053,0.915
19054,0.765
19055,0.97
19056,0.49
19057,0.99
19058,0.7
19059,0.85
19060,0.93
19061,0.74
19062,0.785
19063,0.81
19064,0.82
19065,0.825
19066,0.795
19067,0.9
19068,0.8
19069,0.885
19070,0.81
19071,0.36
19072,0.895
19073,0.57
19074,0.95
19075,0.7
19076,0.955
19077,0.79
19078,0.94
19079,0.78
19080,0.935
19081,0.745
19082,0.52
19083,0.91
19084,0.665
19085,0.805
19086,0.725
19087,0.865
19088,0.6
19089,0.79
19090,0.755
19091,0.405
19092,0.81
19093,0.755
19094,0.97
19095,0.485
19096,0.69
19097,0.93
19098,0.6
19099,0.565
19100,0.815
19101,0.825
19102,0.58
19103,0.72
19104,0.655
19105,0.555
19106,0.845
19107,0.775
19108,0.575
19109,0.715
19110,0.455
19111,0.73
19112,0.91
19113,0.615
19114,0.665
19115,0.365
19116,0.795
19117,0.855
19118,0.78
19119,0.62
19120,0.905
19121,0.63
19122,0.965
19123,0.805
19124,0.98
19125,0.675
19126,0.65
19127,0.905
19128,0.945
19129,0.71
19130,0.67
19131,0.885
19132,0.895
19133,0.6
19134,0.91
19135,0.71
19136,0.675
19137,0.575
19138,0.705
19139,0.83
19140,0.755
19141,0.89
19142,0.605
19143,0.97
19144,0.97
19145,0.385
19146,0.57
19147,0.865
19148,0.825
19149,0.72
19150,0.735
19151,0.91
19152,0.93
19153,0.805
19154,0.72
19155,0.375
19156,0.755
19157,0.71
19158,0.915
19159,0.78
19160,0.675
19161,0.975
19162,0.685
19163,0.785
19164,0.655
19165,0.69
19166,0.905
19167,0.91
19168,0.91
19169,0.77
19170,0.77
19171,0.74
19172,0.99
19173,0.68
19174,0.96
19175,0.96
19176,0.73
19177,0.885
19178,0.615
19179,0.82
19180,0.85
19181,0.86
19182,0.925
19183,0.785
19184,0.845
19185,0.845
19186,0.69
19187,0.94
19188,0.955
19189,0.755
19190,0.7
19191,0.845
19192,0.95
19193,0.925
19194,0.745
19195,0.51
19196,0.845
19197,0.82
19198,0.78
19199,0.69
19200,0.575
19201,0.59
19202,0.675
19203,0.75
19204,0.43
19205,0.84
19206,0.895
19207,0.775
19208,0.885
19209,0.625
19210,0.98
19211,0.585
19212,0.73
19213,0.815
19214,0.885
19215,0.875
19216,0.61
19217,0.605
19218,0.565
19219,0.835
19220,0.395
19221,0.77
19222,0.735
19223,0.93
19224,0.88
19225,0.695
19226,0.55
19227,0.795
19228,0.61
19229,0.75
19230,0.475
19231,0.905
19232,0.71
19233,0.74
19234,0.96
19235,0.99
19236,0.725
19237,0.655
19238,0.94
19239,0.95
19240,0.93
19241,0.87
19242,0.955
19243,0.745
19244,0.875
19245,0.785
19246,0.795
19247,0.92
19248,0.78
19249,0.605
19250,0.935
19251,0.615
19252,0.64
19253,0.575
19254,0.73
19255,0.9
19256,0.47
19257,0.92
19258,0.73
19259,0.865
19260,0.64
19261,0.585
19262,0.44
19263,0.56
19264,0.91
19265,0.815
19266,0.505
19267,0.805
19268,0.59
19269,0.545
19270,0.5
19271,0.945
19272,0.715
19273,0.775
19274,0.72
19275,0.495
19276,0.79
19277,0.94
19278,0.535
19279,0.68
19280,0.49
19281,0.48
19282,0.7
19283,0.725
19284,0.805
19285,0.82
19286,0.615
19287,0.55
19288,0.58
19289,0.76
19290,0.74
19291,0.81
19292,0.775
19293,0.83
19294,0.61
19295,0.56
19296,0.825
19297,0.74
19298,0.355
19299,0.805
19300,0.91
19301,0.82
19302,0.945
19303,0.95
19304,0.67
19305,0.92
19306,0.615
19307,0.71
19308,0.605
19309,0.83
19310,0.78
19311,0.45
19312,0.89
19313,0.55
19314,0.73
19315,0.745
19316,0.76
19317,0.865
19318,0.795
19319,0.805
19320,0.735
19321,0.685
19322,0.855
19323,0.455
19324,0.55
19325,0.775
19326,0.94
19327,0.875
19328,0.815
19329,0.805
19330,0.79
19331,0.745
19332,0.85
19333,0.865
19334,0.92
19335,0.88
19336,0.435
19337,0.605
19338,0.885
19339,0.91
19340,0.97
19341,0.77
19342,0.885
19343,0.53
19344,0.755
19345,0.775
19346,0.815
19347,0.635
19348,0.895
19349,0.97
19350,0.78
19351,0.825
19352,0.355
19353,0.42
19354,0.9
19355,0.97
19356,0.945
19357,0.615
19358,0.77
19359,0.92
19360,0.31
19361,0.825
19362,0.6
19363,0.84
19364,0.8
19365,0.545
19366,0.905
19367,0.5
19368,0.855
19369,0.525
19370,0.905
19371,0.675
19372,0.825
19373,0.83
19374,0.79
19375,0.58
19376,0.635
19377,0.6
19378,0.8
19379,0.955
19380,0.435
19381,0.53
19382,0.595
19383,0.945
19384,0.64
19385,0.625
19386,0.915
19387,0.88
19388,0.665
19389,0.885
19390,0.815
19391,0.915
19392,0.83
19393,0.81
19394,0.62
19395,0.77
19396,0.37
19397,0.665
19398,0.995
19399,0.745
19400,0.89
19401,0.86
19402,0.64
19403,0.695
19404,0.74
19405,0.925
19406,0.93
19407,0.68
19408,0.84
19409,0.73
19410,0.31
19411,0.69
19412,0.82
19413,0.615
19414,0.9
19415,0.315
19416,0.42
19417,0.9
19418,0.61
19419,0.71
19420,0.435
19421,0.875
19422,0.735
19423,0.485
19424,0.475
19425,0.75
19426,0.735
19427,0.865
19428,0.95
19429,0.765
19430,0.54
19431,0.67
19432,0.88
19433,0.54
19434,0.705
19435,0.63
19436,0.645
19437,0.65
19438,0.7
19439,0.4
19440,0.6
19441,0.82
19442,0.725
19443,0.63
19444,0.29
19445,0.655
19446,0.88
19447,0.76
19448,0.825
19449,0.785
19450,0.765
19451,0.82
19452,0.965
19453,0.51
19454,0.89
19455,0.7
19456,0.58
19457,0.74
19458,0.805
19459,0.53
19460,0.835
19461,0.85
19462,0.855
19463,0.645
19464,0.665
19465,0.805
19466,0.92
19467,0.795
19468,0.375
19469,0.84
19470,0.66
19471,0.99
19472,0.88
19473,0.61
19474,0.845
19475,0.855
19476,0.975
19477,0.675
19478,0.505
19479,0.375
19480,0.625
19481,0.61
19482,0.695
19483,0.95
19484,0.84
19485,0.71
19486,0.495
19487,0.83
19488,0.685
19489,0.215
19490,0.675
19491,0.765
19492,0.905
19493,0.775
19494,0.64
19495,0.58
19496,0.43
19497,0.91
19498,0.495
19499,0.785
19500,0.715
19501,0.635
19502,0.73
19503,0.31
19504,0.76
19505,0.285
19506,0.7
19507,0.795
19508,0.68
19509,0.74
19510,0.66
19511,0.71
19512,0.57
19513,0.615
19514,0.7
19515,0.73
19516,0.715
19517,0.845
19518,0.725
19519,0.925
19520,0.475
19521,0.645
19522,0.905
19523,0.585
19524,0.955
19525,0.505
19526,0.98
19527,0.79
19528,0.465
19529,0.825
19530,0.69
19531,0.54
19532,0.89
19533,0.565
19534,0.905
19535,0.555
19536,0.635
19537,0.81
19538,0.235
19539,0.36
19540,0.54
19541,0.865
19542,0.585
19543,0.88
19544,0.165
19545,0.515
19546,0.335
19547,0.625
19548,0.465
19549,0.805
19550,0.665
19551,0.715
19552,0.715
19553,0.965
19554,0.76
19555,0.92
19556,0.75
19557,0.695
19558,0.61
19559,0.61
19560,0.11
19561,0.75
19562,0.69
19563,0.845
19564,0.455
19565,0.66
19566,0.605
19567,0.715
19568,0.65
19569,0.41
19570,0.75
19571,0.94
19572,0.805
19573,0.885
19574,0.825
19575,0.675
19576,0.77
19577,0.385
19578,0.715
19579,0.705
19580,0.52
19581,0.68
19582,0.69
19583,0.6
19584,0.865
19585,0.405
19586,0.66
19587,0.35
19588,0.715
19589,0.875
19590,0.87
19591,0.84
19592,0.675
19593,0.93
19594,0.73
19595,0.65
19596,0.84
19597,0.765
19598,0.855
19599,0.605
19600,0.83
19601,0.795
19602,0.615
19603,0.78
19604,0.755
19605,0.77
19606,0.96
19607,0.585
19608,0.93
19609,0.735
19610,0.855
19611,0.86
19612,0.525
19613,0.97
19614,0.755
19615,0.745
19616,0.73
19617,0.91
19618,0.815
19619,0.775
19620,0.675
19621,0.72
19622,0.885
19623,0.765
19624,0.525
19625,0.89
19626,0.88
19627,0.68
19628,0.66
19629,0.615
19630,0.725
19631,0.885
19632,0.85
19633,0.82
19634,0.75
19635,0.76
19636,0.77
19637,0.35
19638,0.915
19639,0.415
19640,0.845
19641,0.805
19642,0.66
19643,0.95
19644,0.935
19645,0.83
19646,0.8
19647,0.755
19648,0.715
19649,0.92
19650,0.63
19651,0.695
19652,0.595
19653,0.805
19654,0.905
19655,0.69
19656,0.965
19657,0.945
19658,0.28
19659,0.615
19660,0.51
19661,0.64
19662,0.885
19663,0.9
19664,0.685
19665,0.815
19666,0.785
19667,0.79
19668,0.7
19669,0.875
19670,0.405
19671,0.5
19672,0.82
19673,0.78
19674,0.17
19675,0.92
19676,0.5
19677,0.585
19678,0.65
19679,0.84
19680,0.785
19681,0.99
19682,0.775
19683,0.55
19684,0.835
19685,0.645
19686,0.845
19687,0.635
19688,0.69
19689,0.635
19690,0.635
19691,0.605
19692,0.795
19693,0.945
19694,0.81
19695,0.975
19696,0.825
19697,0.965
19698,0.805
19699,0.87
19700,0.23
19701,0.66
19702,0.57
19703,0.765
19704,0.855
19705,0.97
19706,0.885
19707,0.965
19708,0.87
19709,0.905
19710,0.77
19711,0.55
19712,0.65
19713,0.86
19714,0.79
19715,0.48
19716,0.855
19717,0.835
19718,0.78
19719,0.745
19720,0.545
19721,0.98
19722,0.855
19723,0.6
19724,0.555
19725,0.785
19726,0.835
19727,0.65
19728,0.44
19729,0.775
19730,0.855
19731,0.75
19732,0.6
19733,0.69
19734,0.76
19735,0.765
19736,0.805
19737,0.45
19738,0.88
19739,0.655
19740,0.52
19741,0.455
19742,0.81
19743,0.92
19744,0.225
19745,0.675
19746,0.65
19747,0.375
19748,0.765
19749,0.415
19750,0.55
19751,0.85
19752,0.595
19753,0.735
19754,0.565
19755,0.815
19756,0.965
19757,0.43
19758,0.405
19759,0.75
19760,0.91
19761,0.935
19762,0.79
19763,0.6
19764,0.475
19765,0.74
19766,0.75
19767,0.74
19768,0.58
19769,0.71
19770,0.595
19771,0.76
19772,0.905
19773,0.94
19774,0.49
19775,0.895
19776,0.965
19777,0.63
19778,0.645
19779,0.76
19780,0.735
19781,0.83
19782,0.895
19783,0.865
19784,0.845
19785,0.655
19786,0.66
19787,0.77
19788,0.595
19789,0.36
19790,0.77
19791,0.91
19792,0.755
19793,0.865
19794,0.7
19795,0.91
19796,0.79
19797,0.15
19798,0.79
19799,0.725
19800,0.915
19801,0.675
19802,0.88
19803,0.605
19804,0.665
19805,0.15
19806,0.37
19807,0.635
19808,0.805
19809,0.59
19810,0.655
19811,0.65
19812,0.57
19813,0.94
19814,0.68
19815,0.545
19816,0.31
19817,0.655
19818,0.825
19819,0.53
19820,0.36
19821,0.805
19822,0.715
19823,0.885
19824,0.415
19825,0.795
19826,0.41
19827,0.775
19828,0.84
19829,0.925
19830,0.835
19831,0.72
19832,0.815
19833,0.75
19834,0.655
19835,0.8
19836,0.835
19837,0.82
19838,0.855
19839,0.945
19840,0.575
19841,0.61
19842,0.61
19843,0.61
19844,0.655
19845,0.735
19846,0.575
19847,0.8
19848,0.44
19849,0.7
19850,0.7
19851,0.54
19852,0.67
19853,0.585
19854,0.755
19855,0.775
19856,0.86
19857,0.62
19858,0.85
19859,0.475
19860,0.51
19861,0.945
19862,0.665
19863,0.745
19864,0.765
19865,0.66
19866,0.7
19867,0.78
19868,0.925
19869,0.64
19870,0.875
19871,0.255
19872,0.835
19873,0.845
19874,0.59
19875,0.91
19876,0.7
19877,0.79
19878,0.86
19879,0.925
19880,0.675
19881,0.555
19882,0.97
19883,0.395
19884,0.975
19885,0.85
19886,0.985
19887,0.86
19888,0.795
19889,0.675
19890,0.72
19891,0.935
19892,0.965
19893,0.79
19894,0.545
19895,0.7
19896,0.82
19897,0.915
19898,0.93
19899,0.455
19900,0.765
19901,0.54
19902,0.71
19903,0.54
19904,0.985
19905,0.705
19906,0.885
19907,0.92
19908,0.915
19909,0.875
19910,0.515
19911,0.845
19912,0.645
19913,0.735
19914,0.85
19915,0.71
19916,0.84
19917,0.9
19918,0.785
19919,0.825
19920,0.46
19921,0.72
19922,0.64
19923,0.245
19924,0.675
19925,0.48
19926,0.595
19927,0.72
19928,0.74
19929,0.685
19930,0.69
19931,0.675
19932,0.745
19933,0.72
19934,0.92
19935,0.81
19936,0.84
19937,0.795
19938,0.785
19939,0.91
19940,0.685
19941,0.575
19942,0.54
19943,0.775
19944,0.88
19945,0.815
19946,0.56
19947,0.98
19948,0.845
19949,0.835
19950,0.705
19951,0.84
19952,0.72
19953,0.705
19954,0.89
19955,0.74
19956,0.885
19957,0.42
19958,0.86
19959,0.71
19960,0.95
19961,0.835
19962,0.725
19963,0.89
19964,0.905
19965,0.62
19966,0.47
19967,0.945
19968,0.86
19969,0.76
19970,0.815
19971,0.55
19972,0.89
19973,0.805
19974,0.5
19975,0.78
19976,0.76
19977,0.85
19978,0.935
19979,0.74
19980,0.82
19981,0.445
19982,0.56
19983,0.785
19984,0.935
19985,0.645
19986,0.72
19987,0.635
19988,0.74
19989,0.84
19990,0.69
19991,0.965
19992,1.0
19993,0.88
19994,0.65
19995,0.9
19996,0.61
19997,0.92
19998,0.695
19999,0.99
20000,0.825
20001,0.675
20002,0.64
20003,0.73
20004,0.595
20005,0.49
20006,0.805
20007,0.88
20008,0.95
20009,0.8
20010,0.69
20011,0.57
20012,0.86
20013,0.785
20014,0.885
20015,0.69
20016,0.455
20017,0.7
20018,0.57
20019,0.66
20020,0.635
20021,0.935
20022,0.95
20023,0.69
20024,0.875
20025,0.435
20026,0.725
20027,0.87
20028,0.515
20029,0.625
20030,0.55
20031,0.88
20032,0.66
20033,0.66
20034,0.515
20035,0.915
20036,0.725
20037,0.375
20038,0.675
20039,0.915
20040,0.84
20041,0.95
20042,0.365
20043,0.565
20044,0.46
20045,0.635
20046,0.86
20047,0.68
20048,0.615
20049,0.87
20050,0.96
20051,0.86
20052,0.535
20053,0.685
20054,0.71
20055,0.535
20056,0.705
20057,0.645
20058,0.84
20059,0.625
20060,0.9
20061,0.785
20062,0.105
20063,0.935
20064,0.72
20065,0.96
20066,0.685
20067,0.455
20068,0.895
20069,0.775
20070,0.45
20071,0.7
20072,0.68
20073,0.695
20074,0.575
20075,0.75
20076,0.43
20077,0.815
20078,0.8
20079,0.99
20080,0.59
20081,0.45
20082,0.695
20083,0.78
20084,0.83
20085,0.615
20086,0.84
20087,0.755
20088,0.56
20089,0.705
20090,0.75
20091,0.57
20092,0.82
20093,0.605
20094,0.675
20095,0.765
20096,0.825
20097,0.485
20098,0.29
20099,0.645
20100,0.74
20101,0.51
20102,0.8
20103,0.86
20104,0.86
20105,0.175
20106,0.54
20107,0.68
20108,0.55
20109,0.4
20110,0.97
20111,0.9
20112,0.945
20113,0.585
20114,0.56
20115,0.575
20116,0.505
20117,0.845
20118,0.765
20119,0.655
20120,0.785
20121,0.535
20122,0.51
20123,0.495
20124,0.51
20125,0.445
20126,0.79
20127,0.985
20128,0.9
20129,0.635
20130,0.695
20131,0.645
20132,0.9
20133,0.88
20134,0.64
20135,0.845
20136,0.32
20137,0.63
20138,0.865
20139,0.48
20140,0.475
20141,0.64
20142,0.45
20143,0.64
20144,0.47
20145,0.98
20146,0.405
20147,0.92
20148,0.715
20149,0.695
20150,0.765
20151,0.53
20152,0.825
20153,0.8
20154,0.72
20155,0.955
20156,0.715
20157,0.81
20158,0.825
20159,0.75
20160,0.77
20161,0.48
20162,0.6
20163,0.56
20164,0.725
20165,0.385
20166,0.775
20167,0.675
20168,0.69
20169,0.68
20170,0.785
20171,0.925
20172,0.67
20173,0.8
20174,0.715
20175,0.705
20176,0.605
20177,0.685
20178,0.635
20179,0.56
20180,0.385
20181,0.725
20182,0.81
20183,0.45
20184,0.71
20185,0.595
20186,0.885
20187,0.64
20188,0.875
20189,0.655
20190,0.64
20191,0.775
20192,0.82
20193,0.835
20194,0.565
20195,0.595
20196,0.795
20197,0.55
20198,0.735
20199,0.38
20200,0.39
20201,0.52
20202,0.54
20203,0.845
20204,0.925
20205,0.76
20206,0.78
20207,0.7
20208,0.715
20209,0.855
20210,0.41
20211,0.54
20212,0.85
20213,0.7
20214,0.47
20215,0.895
20216,0.91
20217,0.865
20218,0.795
20219,0.895
20220,0.625
20221,0.565
20222,0.985
20223,0.785
20224,0.405
20225,0.425
20226,0.68
20227,0.84
20228,0.875
20229,0.73
20230,0.64
20231,0.845
20232,0.335
20233,0.94
20234,0.735
20235,0.78
20236,0.72
20237,0.46
20238,0.71
20239,0.4
20240,0.715
20241,0.705
20242,0.78
20243,0.31
20244,0.65
20245,0.53
20246,0.71
20247,0.855
20248,0.69
20249,0.595
20250,0.7
20251,0.705
20252,0.8
20253,0.81
20254,0.948
20255,0.645
20256,0.84
20257,0.73
20258,0.645
20259,0.81
20260,0.7
20261,0.62
20262,0.86
20263,0.55
20264,0.69
20265,0.51875
20266,0.415
20267,0.345
20268,0.505
20269,0.81
20270,0.885
20271,0.615
20272,0.645
20273,0.48
20274,0.77
20275,0.82
20276,0.995
20277,0.76
20278,0.7
20279,0.67
20280,0.94
20281,0.57
20282,0.685
20283,0.5
20284,0.9
20285,0.605
20286,0.6
20287,0.925
20288,0.74
20289,0.785
20290,0.855
20291,0.82
20292,0.505
20293,0.515
20294,0.73
20295,0.84
20296,0.435
20297,0.75
20298,0.4
20299,0.745
20300,0.665
20301,0.785
20302,0.675
20303,0.94
20304,0.905
20305,0.83
20306,0.26
20307,0.675
20308,0.335
20309,0.79
20310,0.845
20311,0.785
20312,0.87
20313,0.83
20314,0.815
20315,0.79
20316,0.66
20317,0.695
20318,0.78
20319,0.325
20320,0.915
20321,0.85
20322,0.19
20323,0.855
20324,0.175
20325,0.75
20326,0.93
20327,0.955
20328,0.83
20329,0.695
20330,0.5
20331,0.67
20332,0.945
20333,0.94
20334,0.87
20335,0.815
20336,0.865
20337,0.595
20338,0.895
20339,0.325
20340,0.88
20341,0.89
20342,0.91
20343,0.675
20344,0.71
20345,0.615
20346,0.875
20347,0.475
20348,0.91
20349,0.745
20350,0.83
20351,0.82
20352,0.745
20353,0.98
20354,0.605
20355,0.64
20356,0.69
20357,0.685
20358,0.87
20359,0.82
20360,0.595
20361,0.855
20362,0.52
20363,0.595
20364,0.775
20365,0.81
20366,0.505
20367,0.909
20368,0.655
20369,0.675
20370,0.675
20371,0.95
20372,0.685
20373,0.9
20374,0.67
20375,0.97
20376,0.765
20377,0.585
20378,0.865
20379,0.67
20380,0.61
20381,0.76
20382,0.66
20383,0.495
20384,0.915
20385,0.68
20386,0.35
20387,0.815
20388,0.665
20389,0.93
20390,0.945
20391,0.7
20392,0.6
20393,0.465
20394,0.5
20395,0.91
20396,0.92
20397,0.565
20398,0.54
20399,0.695
20400,0.645
20401,0.99
20402,0.62
20403,0.615
20404,0.565
20405,0.675
20406,0.57
20407,0.57
20408,0.935
20409,0.66
20410,0.395
20411,0.46
20412,0.905
20413,0.735
20414,0.875
20415,0.555
20416,0.91
20417,0.845
20418,0.73
20419,0.915
20420,0.845
20421,0.82
20422,0.69
20423,0.67
20424,0.6
20425,0.9
20426,0.765
20427,0.705
20428,0.455
20429,0.575
20430,0.73
20431,0.985
20432,0.22
20433,0.685
20434,0.94
20435,0.625
20436,0.78
20437,0.715
20438,0.605
20439,0.455
20440,0.76
20441,0.76
20442,0.67
20443,0.685
20444,0.655
20445,0.9
20446,0.635
20447,0.685
20448,0.745
20449,0.795
20450,0.58
20451,0.69
20452,0.67
20453,0.635
20454,0.645
20455,0.88
20456,0.785
20457,0.425
20458,0.72
20459,0.72
20460,0.865
20461,0.905
20462,0.84
20463,0.915
20464,0.52
20465,0.565
20466,0.98
20467,0.71
20468,0.345
20469,0.845
20470,0.675
20471,0.565
20472,0.55
20473,0.73
20474,0.53
20475,0.47
20476,0.815
20477,0.62
20478,0.79
20479,0.755
20480,0.845
20481,0.915
20482,0.575
20483,0.75
20484,0.845
20485,0.88
20486,0.92
20487,0.865
20488,0.645
20489,0.62
20490,0.67
20491,0.485
20492,0.345
20493,0.86
20494,0.705
20495,0.67
20496,0.545
20497,0.885
20498,0.935
20499,0.71
20500,0.705
20501,0.97
20502,0.88
20503,0.805
20504,0.96
20505,0.96
20506,0.615
20507,0.23
20508,0.28
20509,0.655
20510,0.95
20511,0.86
20512,0.39
20513,0.91
20514,0.635
20515,0.59
20516,0.55
20517,0.665
20518,0.86
20519,0.77
20520,0.95
20521,0.24
20522,0.94
20523,0.465
20524,0.795
20525,0.685
20526,0.52
20527,0.93
20528,0.22
20529,0.7
20530,0.605
20531,0.675
20532,0.8
20533,0.93
20534,0.83
20535,0.745
20536,0.87
20537,0.87
20538,0.525
20539,0.655
20540,0.685
20541,0.92
20542,0.645
20543,0.645
20544,0.89
20545,0.875
20546,0.665
20547,0.855
20548,0.88
20549,0.525
20550,0.62
20551,0.7
20552,0.75
20553,0.975
20554,0.845
20555,0.81
20556,0.7
20557,0.76
20558,0.78
20559,0.515
20560,0.545
20561,0.955
20562,0.685
20563,0.7
20564,0.745
20565,0.855
20566,0.735
20567,0.415
20568,0.84
20569,0.79
20570,0.795
20571,0.53
20572,0.825
20573,0.715
20574,0.73
20575,0.66
20576,0.63
20577,0.695
20578,0.455
20579,0.695
20580,0.805
20581,0.6
20582,0.8
20583,0.85
20584,0.83
20585,0.725
20586,0.885
20587,0.935
20588,0.8
20589,0.935
20590,0.55
20591,0.595
20592,0.905
20593,0.905
20594,0.92
20595,0.395
20596,0.545
20597,0.65
20598,0.69
20599,0.735
20600,0.725
20601,0.48
20602,0.855
20603,0.625
20604,0.89
20605,0.445
20606,0.845
20607,0.605
20608,0.9
20609,0.56
20610,0.325
20611,0.89
20612,0.61
20613,0.975
20614,0.89
20615,0.66
20616,0.415
20617,0.78
20618,0.91
20619,0.57
20620,0.71
20621,0.71
20622,0.535
20623,0.675
20624,0.73
20625,0.915
20626,0.92
20627,0.355
20628,0.92
20629,0.765
20630,0.91
20631,0.515
20632,0.79
20633,0.655
20634,0.895
20635,0.735
20636,0.425
20637,0.525
20638,0.705
20639,0.625
20640,0.81
20641,0.64
20642,0.925
20643,0.575
20644,0.53
20645,0.94
20646,0.78
20647,0.755
20648,0.785
20649,0.89
20650,0.89
20651,0.76
20652,0.95
20653,0.755
20654,0.74
20655,0.865
20656,0.655
20657,0.955
20658,0.675
20659,0.26
20660,0.48
20661,0.125
20662,0.81
20663,0.62
20664,0.715
20665,0.83
20666,0.685
20667,0.53
20668,0.85
20669,0.825
20670,0.925
20671,0.655
20672,0.665
20673,0.78
20674,0.7
20675,0.805
20676,0.72
20677,0.455
20678,0.415
20679,0.315
20680,0.67
20681,0.795
20682,0.455
20683,0.71
20684,0.755
20685,0.935
20686,0.98
20687,0.41
20688,0.93
20689,0.54
20690,0.66
20691,0.62
20692,0.66
20693,0.735
20694,0.5
20695,0.73
20696,0.915
20697,0.805
20698,0.81
20699,0.76
20700,0.705
20701,0.605
20702,0.88
20703,0.72
20704,0.47
20705,0.435
20706,0.845
20707,0.475
20708,0.48
20709,0.605
20710,0.65
20711,0.485
20712,0.885
20713,0.82
20714,0.755
20715,0.88
20716,0.845
20717,0.94
20718,0.595
20719,0.755
20720,0.7
20721,0.675
20722,0.655
20723,0.65
20724,0.96
20725,0.615
20726,0.595
20727,0.725
20728,0.39
20729,0.425
20730,0.755
20731,0.495
20732,0.79
20733,0.915
20734,0.585
20735,0.71
20736,0.83
20737,0.435
20738,0.905
20739,0.72
20740,0.765
20741,0.665
20742,0.76
20743,0.725
20744,0.76
20745,0.285
20746,0.71
20747,0.66
20748,0.655
20749,0.365
20750,0.8
20751,0.69
20752,0.95
20753,0.845
20754,0.695
20755,0.605
20756,0.915
20757,0.815
20758,0.955
20759,0.47
20760,0.87
20761,0.765
20762,0.765
20763,0.855
20764,0.4
20765,0.89
20766,0.82
20767,0.885
20768,0.745
20769,0.665
20770,0.725
20771,0.765
20772,0.58
20773,0.82
20774,0.31
20775,0.65
20776,0.845
20777,0.745
20778,0.64
20779,0.6
20780,0.945
20781,0.585
20782,0.75
20783,0.92
20784,0.61
20785,0.735
20786,0.845
20787,0.905
20788,0.73
20789,0.945
20790,0.57
20791,0.68
20792,0.84
20793,0.675
20794,0.64
20795,0.63
20796,0.65
20797,0.655
20798,0.91
20799,0.685
20800,0.56
20801,0.94
20802,0.795
20803,0.7
20804,0.84
20805,0.685
20806,0.92
20807,0.955
20808,0.585
20809,0.495
20810,0.885
20811,0.42
20812,0.825
20813,0.65
20814,0.86
20815,0.45
20816,0.485
20817,0.755
20818,0.725
20819,0.57
20820,0.73
20821,0.95
20822,0.945
20823,0.585
20824,0.905
20825,0.545
20826,0.935
20827,0.56
20828,0.6
20829,0.895
20830,0.49
20831,0.705
20832,0.89
20833,0.86
20834,0.775
20835,0.82
20836,0.54
20837,0.655
20838,0.845
20839,0.815
20840,0.82
20841,0.81
20842,0.82
20843,0.515
20844,0.625
20845,0.47
20846,0.955
20847,0.595
20848,0.625
20849,0.395
20850,0.87
20851,0.575
20852,0.83
20853,0.695
20854,0.84
20855,0.69
20856,0.725
20857,0.545
20858,0.835
20859,0.875
20860,0.595
20861,0.83
20862,0.66
20863,0.835
20864,0.455
20865,0.485
20866,0.645
20867,0.435
20868,0.655
20869,0.59
20870,0.85
20871,0.795
20872,0.785
20873,0.68
20874,0.455
20875,0.745
20876,0.715
20877,0.59
20878,0.75
20879,0.855
20880,0.945
20881,0.55
20882,0.75
20883,0.935
20884,0.645
20885,0.3
20886,0.81
20887,0.66
20888,0.655
20889,0.865
20890,0.785
20891,0.6
20892,0.95
20893,0.86
20894,0.575
20895,0.77
20896,0.57
20897,0.7
20898,0.785
20899,0.85
20900,0.585
20901,0.745
20902,0.535
20903,0.815
20904,0.63
20905,0.965
20906,0.805
20907,0.56
20908,0.775
20909,0.555
20910,0.765
20911,0.79
20912,0.815
20913,0.655
20914,0.82
20915,0.845
20916,0.565
20917,0.515
20918,0.68
20919,0.65
20920,0.76
20921,0.945
20922,0.78
20923,0.495
20924,0.455
20925,0.755
20926,0.575
20927,0.855
20928,0.805
20929,0.52
20930,0.585
20931,0.455
20932,0.695
20933,0.65
20934,0.68
20935,0.655
20936,0.485
20937,0.285
20938,0.83
20939,0.75
20940,0.725
20941,0.565
20942,0.81
20943,0.95
20944,0.485
20945,0.96
20946,0.89
20947,0.585
20948,0.585
20949,0.785
20950,0.84
20951,0.86
20952,0.71
20953,0.76
20954,0.695
20955,0.54
20956,0.685
20957,0.66
20958,0.485
20959,0.695
20960,0.795
20961,0.355
20962,0.61
20963,0.77
20964,0.83
20965,0.545
20966,0.97
20967,0.705
20968,0.77
20969,0.735
20970,0.305
20971,0.93
20972,0.56
20973,0.73
20974,0.96
20975,0.865
20976,0.925
20977,0.86
20978,0.89
20979,0.58
20980,0.805
20981,0.95
20982,0.905
20983,0.875
20984,0.29
20985,0.42
20986,0.84
20987,0.485
20988,0.61
20989,0.64
20990,0.485
20991,0.71
20992,0.575
20993,0.91
20994,0.63
20995,0.63
20996,0.53
20997,0.84
20998,0.73
20999,0.645
21000,0.8
21001,0.545
21002,0.54
21003,0.55
21004,0.45
21005,0.9
21006,0.58
21007,0.785
21008,0.6
21009,0.785
21010,0.78
21011,0.505
21012,0.85
21013,0.8
21014,0.825
21015,0.555
21016,0.665
21017,0.475
21018,0.865
21019,0.64
21020,0.53
21021,0.955
21022,0.64
21023,0.605
21024,0.84
21025,0.605
21026,0.87
21027,0.95
21028,0.43
21029,0.865
21030,0.805
21031,0.625
21032,0.785
21033,0.49
21034,0.92
21035,0.765
21036,0.215
21037,0.74
21038,0.895
21039,0.66
21040,0.905
21041,0.99
21042,0.68
21043,0.71
21044,0.88
21045,0.865
21046,0.625
21047,0.905
21048,0.87
21049,0.435
21050,0.49
21051,0.795
21052,0.985
21053,0.515
21054,0.67
21055,0.4
21056,0.66
21057,0.685
21058,0.735
21059,0.785
21060,0.77
21061,0.59
21062,0.625
21063,0.645
21064,0.785
21065,0.69
21066,0.94
21067,0.615
21068,0.73
21069,0.825
21070,0.87
21071,0.83
21072,0.715
21073,0.655
21074,0.83
21075,0.64
21076,0.745
21077,0.555
21078,0.935
21079,0.945
21080,0.905
21081,0.295
21082,0.905
21083,0.725
21084,0.56
21085,0.41
21086,0.945
21087,0.625
21088,0.865
21089,0.835
21090,0.575
21091,0.66
21092,0.775
21093,0.725
21094,0.86
21095,0.575
21096,0.84
21097,0.785
21098,0.79
21099,0.85
21100,0.925
21101,0.45
21102,0.85
21103,0.455
21104,0.775
21105,0.875
21106,0.475
21107,0.935
21108,0.76
21109,0.69
21110,0.675
21111,0.815
21112,0.6
21113,0.82
21114,0.515
21115,0.67
21116,0.93
21117,0.865
21118,0.86
21119,0.77
21120,0.965
21121,0.775
21122,0.625
21123,0.55
21124,0.615
21125,0.79
21126,0.82
21127,0.64
21128,0.98
21129,0.855
21130,0.46
21131,0.81
21132,0.695
21133,0.775
21134,0.705
21135,0.785
21136,0.63
21137,0.22
21138,0.89
21139,0.825
21140,0.835
21141,0.505
21142,0.53
21143,0.82
21144,0.89
21145,0.44
21146,0.775
21147,0.745
21148,0.6
21149,0.39
21150,0.73
21151,0.845
21152,0.905
21153,0.76
21154,0.65
21155,0.665
21156,0.945
21157,0.85
21158,0.965
21159,0.945
21160,0.24
21161,0.73
21162,0.64
21163,0.695
21164,0.77
21165,0.945
21166,0.805
21167,0.55
21168,0.37
21169,0.315
21170,0.705
21171,0.695
21172,0.755
21173,0.76
21174,0.965
21175,0.685
21176,0.655
21177,0.65
21178,0.615
21179,0.965
21180,0.485
21181,0.78
21182,0.875
21183,0.87
21184,0.775
21185,0.95
21186,0.75
21187,0.535
21188,0.735
21189,0.485
21190,0.565
21191,0.645
21192,0.69
21193,0.685
21194,0.675
21195,0.625
21196,0.9
21197,0.67
21198,0.74
21199,0.565
21200,0.6
21201,0.765
21202,0.72
21203,0.735
21204,0.95
21205,0.73
21206,0.66
21207,0.835
21208,0.565
21209,0.675
21210,0.33
21211,0.485
21212,0.96
21213,0.71
21214,0.605
21215,0.7
21216,0.645
21217,0.98
21218,0.96
21219,0.895
21220,0.72
21221,0.94
21222,0.455
21223,0.91
21224,0.775
21225,0.825
21226,0.555
21227,0.565
21228,0.71
21229,0.98
21230,0.77
21231,0.985
21232,0.94
21233,0.93
21234,0.67
21235,0.77
21236,0.765
21237,0.96
21238,0.94
21239,0.745
21240,0.93
21241,0.935
21242,0.56
21243,0.75
21244,0.615
21245,0.565
21246,0.68
21247,0.465
21248,0.475
21249,0.57
21250,0.675
21251,0.895
21252,0.69
21253,0.695
21254,0.845
21255,0.84
21256,0.76
21257,0.41
21258,0.84
21259,0.655
21260,0.725
21261,0.73
21262,0.73
21263,0.67
21264,0.615
21265,0.685
21266,0.955
21267,0.53
21268,0.635
21269,0.8
21270,0.685
21271,0.745
21272,0.355
21273,0.62
21274,0.755
21275,0.855
21276,0.91
21277,0.97
21278,0.785
21279,0.7
21280,0.63
21281,0.69
21282,0.93
21283,0.82
21284,0.42
21285,0.86
21286,0.685
21287,0.71
21288,0.775
21289,0.97
21290,0.545
21291,0.865
21292,0.81
21293,0.89
21294,0.625
21295,0.82
21296,0.68
21297,0.915
21298,0.52
21299,0.825
21300,0.265
21301,0.815
21302,0.905
21303,0.85
21304,0.58
21305,0.975
21306,0.67
21307,0.55
21308,0.875
21309,0.61
21310,0.94
21311,0.79
21312,0.55
21313,0.715
21314,0.895
21315,0.755
21316,0.755
21317,0.695
21318,0.615
21319,0.81
21320,0.825
21321,0.985
21322,0.68
21323,0.88
21324,0.82
21325,0.715
21326,0.68
21327,0.85
21328,0.785
21329,0.755
21330,0.605
21331,0.615
21332,0.975
21333,0.535
21334,0.7
21335,0.175
21336,0.805
21337,0.745
21338,0.65
21339,0.73
21340,0.785
21341,0.97
21342,0.795
21343,0.875
21344,0.92
21345,0.815
21346,0.69
21347,0.49
21348,0.735
21349,0.41
21350,0.895
21351,0.955
21352,0.935
21353,0.895
21354,0.795
21355,0.955
21356,0.865
21357,0.635
21358,0.835
21359,0.565
21360,0.83
21361,0.775
21362,0.585
21363,0.89
21364,0.565
21365,0.91
21366,0.8
21367,0.8
21368,0.96
21369,0.61
21370,0.73
21371,0.465
21372,0.56
21373,0.83
21374,0.59
21375,0.47
21376,0.775
21377,0.35
21378,0.86
21379,0.755
21380,0.645
21381,0.625
21382,0.815
21383,0.665
21384,0.805
21385,0.71
21386,0.97
21387,0.755
21388,0.92
21389,0.7
21390,0.9
21391,0.645
21392,0.55
21393,0.77
21394,0.64
21395,0.755
21396,0.745
21397,0.55
21398,0.745
21399,0.72
21400,0.405
21401,0.835
21402,0.505
21403,0.715
21404,0.71125
21405,0.985
21406,0.7
21407,0.845
21408,0.685
21409,0.505
21410,0.93
21411,0.435
21412,0.69
21413,0.655
21414,0.8
21415,0.93
21416,0.835
21417,0.648333
21418,0.525
21419,0.77
21420,0.545
21421,0.7
21422,0.99
21423,0.735
21424,0.66
21425,0.625
21426,0.495
21427,0.745
21428,0.97
21429,0.705
21430,0.605
21431,0.27
21432,0.89
21433,0.63
21434,0.715
21435,0.555
21436,0.745
21437,0.795
21438,0.98
21439,0.89
21440,0.66
21441,0.345
21442,0.84
21443,0.84
21444,0.495
21445,0.91
21446,0.59
21447,0.91
21448,0.905
21449,0.72
21450,0.645
21451,0.92
21452,0.69
21453,0.815
21454,0.945
21455,0.59
21456,0.78
21457,0.69
21458,0.57
21459,0.835
21460,0.93
21461,0.77
21462,0.465
21463,0.81
21464,0.445
21465,0.42
21466,0.5
21467,0.555
21468,0.865
21469,0.69
21470,0.88
21471,0.675
21472,0.965
21473,0.72
21474,0.49
21475,0.805
21476,0.815
21477,0.675
21478,0.605
21479,0.615
21480,0.53
21481,0.6
21482,0.925
21483,0.83
21484,0.85
21485,0.96
21486,0.635
21487,0.365
21488,0.76
21489,0.81
21490,0.63
21491,0.155
21492,0.315
21493,0.815
21494,0.94
21495,0.705
21496,0.82
21497,0.88
21498,0.605
21499,0.535
21500,0.585
21501,0.74
21502,0.86
21503,0.74
21504,0.825
21505,0.675
21506,0.725
21507,0.695
21508,0.9
21509,0.875
21510,0.695
21511,0.895
21512,0.77
21513,0.33
21514,0.84
21515,0.6
21516,0.79
21517,0.795
21518,0.91
21519,0.94
21520,0.84
21521,0.78
21522,0.93
21523,0.65
21524,0.595
21525,0.43
21526,0.68
21527,0.68
21528,0.785
21529,0.955
21530,0.565
21531,0.74
21532,0.49
21533,0.715
21534,0.985
21535,0.655
21536,0.575
21537,0.485
21538,0.885
21539,0.705
21540,0.645
21541,0.95
21542,0.615
21543,0.585
21544,0.72
21545,0.915
21546,0.87
21547,0.98
21548,0.825
21549,0.685
21550,0.455
21551,0.74
21552,0.75
21553,0.855
21554,0.815
21555,0.8
21556,0.78
21557,0.415
21558,0.265
21559,0.73
21560,0.67
21561,0.545
21562,0.51
21563,0.5
21564,0.395
21565,0.945
21566,0.88
21567,0.57
21568,0.595
21569,0.53
21570,0.52
21571,0.83
21572,0.755
21573,0.5
21574,0.805
21575,0.655
21576,0.585
21577,0.795
21578,0.755
21579,0.35
21580,0.755
21581,0.82
21582,0.895
21583,0.685
21584,0.795
21585,0.755
21586,0.465
21587,0.835
21588,0.855
21589,0.72
21590,0.895
21591,0.695
21592,0.69
21593,0.855
21594,0.67
21595,0.68
21596,0.53
21597,0.77
21598,0.385
21599,0.805
21600,0.85
21601,0.91
21602,0.865
21603,0.615
21604,0.95
21605,0.41
21606,0.455
21607,0.55
21608,0.59
21609,0.74
21610,0.41
21611,0.38
21612,0.855
21613,0.95
21614,0.88
21615,0.95
21616,0.915
21617,0.805
21618,0.72
21619,0.755
21620,0.925
21621,0.87
21622,0.735
21623,0.43
21624,0.705
21625,0.64
21626,0.715
21627,0.805
21628,0.7
21629,0.85
21630,0.72
21631,0.59
21632,0.225
21633,0.775
21634,0.72
21635,0.65
21636,0.93
21637,0.495
21638,0.955
21639,0.92
21640,0.93
21641,0.545
21642,0.61
21643,0.705
21644,0.765
21645,0.49
21646,0.79
21647,0.97
21648,0.57
21649,0.88
21650,0.67
21651,0.91
21652,0.56
21653,0.405
21654,0.185
21655,0.945
21656,0.585
21657,0.745
21658,0.51
21659,0.76
21660,0.66
21661,0.915
21662,0.675
21663,0.735
21664,0.595
21665,0.865
21666,0.445
21667,0.685
21668,0.795
21669,0.85
21670,0.77
21671,0.97
21672,0.795
21673,0.48
21674,0.585
21675,0.655
21676,0.8
21677,0.965
21678,0.9
21679,0.635
21680,0.855
21681,0.56
21682,0.67
21683,0.72
21684,0.745
21685,0.695
21686,0.615
21687,0.825
21688,0.35
21689,0.55
21690,0.46
21691,0.815
21692,0.44
21693,0.61
21694,0.66
21695,0.895
21696,0.805
21697,0.57
21698,0.635
21699,0.675
21700,0.815
21701,0.91
21702,0.48
21703,0.61
21704,0.695
21705,0.81
21706,0.425
21707,0.39
21708,0.76
21709,0.885
21710,0.775
21711,0.675
21712,0.565
21713,0.94
21714,0.67
21715,0.84
21716,0.83
21717,0.76
21718,0.615
21719,0.935
21720,0.9
21721,0.85
21722,0.805
21723,0.655
21724,0.715
21725,0.945
21726,0.775
21727,0.59
21728,0.865
21729,0.55
21730,0.79
21731,0.66
21732,0.95
21733,0.97
21734,0.71
21735,0.74
21736,0.665
21737,0.56
21738,0.93
21739,0.875
21740,0.91
21741,0.41
21742,0.745
21743,0.83
21744,0.92
21745,0.93
21746,0.75
21747,0.655
21748,0.71
21749,0.44
21750,0.62
21751,0.555
21752,0.71
21753,0.705
21754,0.685
21755,0.82
21756,0.8
21757,0.795
21758,0.51
21759,0.555
21760,0.425
21761,0.46
21762,0.955
21763,0.445
21764,0.975
21765,0.79
21766,0.605
21767,0.345
21768,0.9
21769,0.86
21770,0.85
21771,0.635
21772,0.66
21773,0.885
21774,0.94
21775,0.915
21776,0.895
21777,0.63
21778,0.95
21779,0.825
21780,0.9
21781,0.34
21782,0.88
21783,0.82
21784,0.485
21785,0.73
21786,0.6
21787,0.98
21788,0.7
21789,0.63
21790,0.38
21791,0.84
21792,0.615
21793,0.775
21794,0.84
21795,0.18
21796,0.755
21797,0.63
21798,0.775
21799,0.38
21800,0.31
21801,0.52
21802,0.42
21803,0.83
21804,0.775
21805,0.925
21806,0.855
21807,0.71
21808,0.765
21809,0.75
21810,0.77
21811,0.735
21812,0.71
21813,0.565
21814,0.78
21815,0.855
21816,0.17
21817,0.66
21818,0.695
21819,0.835
21820,0.85
21821,0.695
21822,0.79
21823,0.735
21824,0.725
21825,0.485
21826,0.545
21827,0.675
21828,0.88
21829,0.675
21830,0.485
21831,0.79
21832,0.84
21833,0.86
21834,0.74
21835,0.455
21836,0.515
21837,0.77
21838,0.505
21839,0.765
21840,0.9
21841,0.705
21842,0.565
21843,0.75
21844,0.81
21845,0.705
21846,0.795
21847,0.645
21848,0.72
21849,0.925
21850,0.765
21851,0.675
21852,0.75
21853,0.95
21854,0.905
21855,0.64
21856,0.735
21857,0.3
21858,0.815
21859,0.84
21860,0.725
21861,0.83
21862,0.725
21863,0.825
21864,0.655
21865,0.63
21866,0.715
21867,0.785
21868,0.585
21869,0.68
21870,0.61
21871,0.67
21872,0.63
21873,0.645
21874,0.665
21875,0.915
21876,0.85
21877,0.79
21878,0.705
21879,0.67
21880,0.56
21881,0.745
21882,0.575
21883,0.675
21884,0.73
21885,0.655
21886,0.766
21887,0.55
21888,0.75
21889,0.945
21890,0.62
21891,0.685
21892,0.905
21893,0.82
21894,0.88
21895,0.475
21896,0.845
21897,0.705
21898,0.565
21899,0.815
21900,0.52
21901,0.86
21902,0.925
21903,0.93
21904,0.875
21905,0.49
21906,0.705
21907,0.56
21908,0.825
21909,0.775
21910,0.7
21911,0.705
21912,0.96
21913,0.865
21914,0.965
21915,0.405
21916,0.83
21917,0.935
21918,0.975
21919,0.88
21920,0.445
21921,0.585
21922,0.71
21923,0.85
21924,0.795
21925,0.705
21926,0.545
21927,0.735
21928,0.92
21929,0.75
21930,0.63
21931,0.62
21932,0.98
21933,0.285
21934,0.67
21935,0.43
21936,0.745
21937,0.725
21938,0.775
21939,0.665
21940,0.98
21941,0.545
21942,0.825
21943,0.44
21944,0.82
21945,0.78
21946,0.945
21947,0.74
21948,0.855
21949,0.63
21950,0.83
21951,0.93
21952,0.74
21953,0.775
21954,0.825
21955,0.675
21956,0.91
21957,0.75
21958,0.54
21959,0.735
21960,0.345
21961,0.82
21962,0.85
21963,0.81
21964,0.79
21965,0.56
21966,0.655
21967,0.61
21968,0.865
21969,0.8
21970,0.69
21971,0.755
21972,0.83
21973,0.615
21974,0.695
21975,0.765
21976,0.54
21977,0.71
21978,0.77
21979,0.845
21980,0.66
21981,0.885
21982,0.955
21983,0.945
21984,0.825
21985,0.655
21986,0.785
21987,0.79
21988,0.835
21989,0.705
21990,0.8
21991,0.555
21992,0.68
21993,0.72
21994,0.835
21995,0.54
21996,0.835
21997,0.83
21998,0.555
21999,0.855
22000,0.75
22001,0.705
22002,0.375
22003,0.74
22004,0.715
22005,0.81
22006,0.34
22007,0.825
22008,0.82
22009,0.36
22010,0.675
22011,0.85
22012,0.48
22013,0.745
22014,0.685
22015,0.315
22016,0.535
22017,0.925
22018,0.84
22019,0.78
22020,0.895
22021,0.83
22022,0.635
22023,0.56
22024,0.865
22025,0.83
22026,0.955
22027,0.65
22028,0.43
22029,0.915
22030,0.795
22031,0.94
22032,0.715
22033,0.45
22034,0.685
22035,0.375
22036,0.585
22037,0.74
22038,0.75
22039,0.645
22040,0.935
22041,0.74
22042,0.965
22043,0.655
22044,0.82
22045,0.36
22046,0.5
22047,0.73
22048,0.56
22049,0.695
22050,0.78
22051,0.86
22052,0.765
22053,0.87
22054,0.675
22055,0.795
22056,0.775
22057,0.725
22058,0.92
22059,0.955
22060,0.88
22061,0.725
22062,0.855
22063,0.735
22064,0.85
22065,0.69
22066,0.835
22067,0.32
22068,0.415
22069,0.87
22070,0.995
22071,0.77
22072,0.635
22073,0.44
22074,0.815
22075,0.915
22076,0.77
22077,0.42
22078,0.435
22079,0.7
22080,0.815
22081,0.575
22082,0.925
22083,0.545
22084,0.765
22085,0.435
22086,0.875
22087,0.75
22088,0.58
22089,0.84
22090,0.85
22091,0.975
22092,0.735
22093,0.915
22094,0.82
22095,0.77
22096,0.83
22097,0.725
22098,0.96
22099,0.88
22100,0.735
22101,0.395
22102,0.775
22103,0.825
22104,0.95
22105,0.665
22106,0.54
22107,0.695
22108,0.6
22109,0.45
22110,0.905
22111,0.765
22112,0.96
22113,0.365
22114,0.86
22115,0.11
22116,0.63
22117,0.845
22118,0.91
22119,0.595
22120,0.65
22121,0.835
22122,0.745
22123,0.665
22124,0.395
22125,0.53
22126,0.71
22127,0.825
22128,0.865
22129,0.925
22130,0.85
22131,0.665
22132,0.945
22133,0.945
22134,0.58
22135,0.72
22136,0.665
22137,0.155
22138,0.795
22139,0.745
22140,0.8
22141,0.735
22142,0.92
22143,0.44
22144,0.63
22145,0.525
22146,0.94
22147,0.515
22148,0.9
22149,0.635
22150,0.83
22151,0.98
22152,0.6
22153,0.555
22154,0.62
22155,0.645
22156,0.795
22157,0.43
22158,0.95
22159,0.73
22160,0.63
22161,0.32
22162,0.96
22163,0.405
22164,0.86
22165,0.98
22166,0.96
22167,0.645
22168,0.66
22169,0.675
22170,0.585
22171,0.735
22172,0.725
22173,0.465
22174,0.84
22175,0.675
22176,0.76
22177,0.54
22178,0.65
22179,0.775
22180,0.55
22181,0.895
22182,0.83
22183,0.87
22184,0.485
22185,0.755
22186,0.71
22187,0.85
22188,0.875
22189,0.305
22190,0.605
22191,0.51
22192,0.955
22193,0.795
22194,0.7
22195,0.885
22196,0.835
22197,0.985
22198,0.84
22199,0.58
22200,0.695
22201,0.815
22202,0.78
22203,0.555
22204,0.75
22205,0.64
22206,0.97
22207,0.675
22208,0.735
22209,0.935
22210,0.785
22211,0.645
22212,0.79
22213,0.675
22214,0.815
22215,0.72
22216,0.785
22217,0.825
22218,0.655
22219,0.525
22220,0.865
22221,0.85
22222,0.955
22223,0.69
22224,0.84
22225,0.585
22226,0.88
22227,0.905
22228,0.675
22229,0.375
22230,0.815
22231,0.8
22232,0.1
22233,0.29
22234,0.61
22235,0.915
22236,0.365
22237,0.93
22238,0.76
22239,0.7
22240,0.505
22241,0.95
22242,0.815
22243,0.59
22244,0.625
22245,0.62
22246,0.64
22247,0.655
22248,0.785
22249,0.75
22250,0.59
22251,0.82
22252,0.78
22253,0.725
22254,0.565
22255,0.495
22256,0.475
22257,0.41
22258,0.42
22259,0.72
22260,0.705
22261,0.895
22262,0.49
22263,0.78
22264,0.84
22265,0.87
22266,0.27
22267,0.845
22268,0.535
22269,0.99
22270,0.78
22271,0.385
22272,0.755
22273,0.75
22274,0.755
22275,0.825
22276,0.795
22277,0.72
22278,0.915
22279,0.585
22280,0.53
22281,0.53
22282,0.79
22283,0.93
22284,0.695
22285,0.775
22286,0.745
22287,0.915
22288,0.555
22289,0.835
22290,0.42
22291,0.52
22292,0.815
22293,0.855
22294,0.715
22295,0.91
22296,0.785
22297,0.66
22298,0.795
22299,0.795
22300,0.905
22301,0.77
22302,0.355
22303,0.77
22304,0.445
22305,0.565
22306,0.85
22307,0.655
22308,0.7
22309,0.805
22310,0.935
22311,0.39
22312,0.905
22313,0.84
22314,0.725
22315,0.61
22316,0.67
22317,0.555
22318,0.555
22319,0.835
22320,0.6
22321,0.75
22322,0.7
22323,0.755
22324,0.65
22325,0.59
22326,0.65
22327,0.5
22328,0.695
22329,0.7
22330,0.945
22331,0.915
22332,0.685
22333,0.615
22334,0.69
22335,0.99
22336,0.795
22337,0.76
22338,0.77
22339,0.88
22340,0.825
22341,0.875
22342,0.93
22343,0.435
22344,0.85
22345,0.975
22346,0.88
22347,0.95
22348,0.765
22349,0.945
22350,0.63
22351,0.7
22352,0.65
22353,0.785
22354,0.905
22355,0.955
22356,0.745
22357,0.235
22358,0.635
22359,0.785
22360,0.7
22361,0.945
22362,0.785
22363,0.71
22364,0.895
22365,0.42
22366,0.715
22367,0.665
22368,0.8
22369,0.86
22370,0.625
22371,0.715
22372,0.71
22373,0.625
22374,0.65
22375,0.72
22376,0.795
22377,0.58
22378,0.925
22379,0.89
22380,0.895
22381,0.74
22382,0.65
22383,0.895
22384,0.45
22385,0.59
22386,0.81
22387,0.605
22388,0.53
22389,0.875
22390,0.76
22391,0.725
22392,0.8
22393,0.66
22394,0.855
22395,0.845
22396,0.62
22397,0.815
22398,0.715
22399,0.78
22400,0.735
22401,0.76
22402,0.265
22403,0.935
22404,0.885
22405,0.635
22406,0.62
22407,0.61
22408,0.69
22409,0.74
22410,0.715
22411,0.925
22412,0.755
22413,0.54
22414,0.99
22415,0.935
22416,0.945
22417,0.685
22418,0.86
22419,0.795
22420,0.725
22421,0.52
22422,0.315
22423,0.77
22424,0.89
22425,0.26
22426,0.75
22427,0.77
22428,0.735
22429,0.71
22430,0.81
22431,0.675
22432,0.73
22433,0.925
22434,0.62
22435,0.78
22436,0.755
22437,0.74
22438,0.685
22439,0.52
22440,1.0
22441,0.415
22442,0.775
22443,0.89
22444,0.47
22445,0.56
22446,0.345
22447,0.725
22448,0.74
22449,0.445
22450,0.56
22451,0.77
22452,0.69
22453,0.49
22454,0.645
22455,0.715
22456,0.615
22457,0.8
22458,0.925
22459,0.95
22460,0.67
22461,0.525
22462,0.72
22463,0.495
22464,0.595
22465,0.75
22466,0.745
22467,0.675
22468,0.98
22469,0.96
22470,0.775
22471,0.965
22472,0.385
22473,0.835
22474,0.9
22475,0.815
22476,0.695
22477,0.72
22478,0.55
22479,0.845
22480,0.695
22481,0.84
22482,0.65
22483,0.78
22484,0.665
22485,0.63
22486,0.745
22487,0.675
22488,0.815
22489,0.78
22490,0.4
22491,0.755
22492,0.34
22493,0.635
22494,0.905
22495,0.92
22496,0.7
22497,0.925
22498,0.475
22499,0.535
22500,0.7
22501,0.81
22502,0.84
22503,0.115
22504,0.8
22505,0.865
22506,0.695
22507,0.54
22508,0.625
22509,0.91
22510,0.84
22511,0.525
22512,0.73
22513,0.945
22514,0.66
22515,0.88
22516,0.96
22517,0.61
22518,0.805
22519,0.93
22520,0.665
22521,0.915
22522,0.465833
22523,0.615
22524,0.925
22525,0.91
22526,0.815
22527,0.68
22528,0.625
22529,0.605
22530,0.66
22531,0.9
22532,0.67
22533,0.915
22534,0.9
22535,0.795
22536,0.775
22537,0.71
22538,0.65
22539,0.915
22540,0.735
22541,0.775
22542,0.695
22543,0.805
22544,0.485
22545,0.53
22546,0.87
22547,0.76
22548,0.605
22549,0.905
22550,0.935
22551,0.655
22552,0.695
22553,0.76
22554,0.88
22555,0.79
22556,0.87
22557,0.88
22558,0.63
22559,0.59
22560,0.805
22561,0.54
22562,0.89
22563,0.445
22564,0.72
22565,0.26
22566,0.76
22567,0.785
22568,0.915
22569,0.74
22570,0.705
22571,0.745
22572,0.65
22573,0.165
22574,0.575
22575,0.635
22576,0.37
22577,0.64
22578,0.84
22579,0.79
22580,0.775
22581,0.745
22582,0.67
22583,0.72
22584,0.54
22585,0.73
22586,0.915
22587,0.66
22588,0.885
22589,0.675
22590,0.79
22591,0.835
22592,0.83
22593,0.875
22594,0.645
22595,0.935
22596,0.805
22597,0.75
22598,0.535
22599,0.86
22600,0.955
22601,0.6
22602,0.71
22603,0.56
22604,0.92
22605,0.665
22606,0.815
22607,0.855
22608,0.625
22609,0.655
22610,0.295
22611,0.77
22612,0.915
22613,0.365
22614,0.76
22615,0.425
22616,0.475
22617,0.995
22618,0.625
22619,0.68
22620,0.625
22621,0.67
22622,0.685
22623,0.745
22624,0.73
22625,0.695
22626,0.805
22627,0.96
22628,0.795
22629,0.62
22630,0.75
22631,0.9
22632,0.285
22633,0.94
22634,0.945
22635,0.855
22636,0.455
22637,0.865
22638,0.53
22639,0.57
22640,0.755
22641,0.475
22642,0.67
22643,0.71
22644,0.945
22645,0.97
22646,0.095
22647,0.75
22648,0.705
22649,0.415
22650,0.47
22651,0.715
22652,0.74
22653,0.71
22654,0.87
22655,0.71
22656,0.665
22657,0.815
22658,0.835
22659,0.65
22660,0.48
22661,0.715
22662,0.38
22663,0.725
22664,0.6
22665,0.92
22666,0.48
22667,0.415
22668,0.9
22669,0.615
22670,0.705
22671,0.715
22672,0.64
22673,0.92
22674,0.71
22675,0.93
22676,0.505
22677,0.915
22678,0.655
22679,0.93
22680,0.78
22681,0.835
22682,0.44
22683,0.715
22684,0.745
22685,0.815
22686,0.73
22687,0.64
22688,0.56
22689,0.985
22690,0.41
22691,0.685
22692,0.715
22693,0.985
22694,0.655
22695,0.655
22696,0.35
22697,0.155
22698,0.7
22699,0.675
22700,0.89
22701,0.64
22702,0.335
22703,0.885
22704,0.625
22705,0.37
22706,0.9
22707,0.44
22708,0.36
22709,0.585
22710,0.975
22711,0.63
22712,0.525
22713,0.78
22714,0.845
22715,0.425833
22716,0.685
22717,0.84
22718,0.225
22719,0.58
22720,0.955
22721,0.74
22722,0.62
22723,0.83
22724,0.905
22725,0.315
22726,0.89
22727,0.725
22728,0.625
22729,0.93
22730,0.845
22731,0.665
22732,0.76
22733,0.685
22734,0.395
22735,0.58
22736,0.48
22737,0.625
22738,0.76
22739,0.75
22740,0.745
22741,0.745
22742,0.78
22743,0.57
22744,0.86
22745,0.765
22746,0.91
22747,0.62
22748,0.84
22749,0.73
22750,0.705
22751,0.595
22752,0.36
22753,0.74
22754,0.875
22755,0.795
22756,0.485
22757,0.565
22758,0.895
22759,0.905
22760,0.665
22761,0.77
22762,0.78
22763,0.4
22764,0.605
22765,0.8
22766,0.815
22767,0.765
22768,0.9
22769,0.875
22770,0.63
22771,0.705
22772,0.72
22773,0.59
22774,0.915
22775,0.435
22776,0.735
22777,0.84
22778,0.515
22779,0.91
22780,0.935
22781,0.67
22782,0.665
22783,0.82
22784,0.72
22785,0.545
22786,0.87
22787,0.295
22788,0.805
22789,0.425
22790,0.74
22791,0.305
22792,0.82
22793,0.885
22794,0.41
22795,0.79
22796,0.645
22797,0.545
22798,0.17
22799,0.695
22800,0.82
22801,0.93
22802,0.73
22803,0.68
22804,0.56
22805,0.705
22806,0.73
22807,0.625
22808,0.945
22809,0.9
22810,0.975
22811,0.8
22812,0.425
22813,0.795
22814,0.49
22815,0.395
22816,0.63
22817,0.61
22818,0.76
22819,0.65
22820,0.85
22821,0.82
22822,0.8
22823,0.775
22824,0.645
22825,0.795
22826,0.79
22827,0.67
22828,0.765
22829,0.92
22830,0.45
22831,0.945
22832,0.725
22833,0.45
22834,0.34
22835,0.32
22836,0.1
22837,0.745
22838,0.685
22839,0.58
22840,0.7
22841,0.925
22842,0.4
22843,0.9
22844,0.775
22845,0.815
22846,0.96
22847,0.7
22848,0.755
22849,0.795
22850,0.855
22851,0.825
22852,0.63
22853,0.97
22854,0.545
22855,0.775
22856,0.605
22857,0.5
22858,0.535
22859,0.835
22860,0.92
22861,0.93
22862,0.65
22863,0.46
22864,0.88
22865,0.82
22866,0.665
22867,0.755
22868,0.825
22869,0.915
22870,0.405
22871,0.645
22872,0.62
22873,0.76
22874,0.435
22875,0.47
22876,0.89
22877,0.34
22878,0.785
22879,0.945
22880,0.865
22881,0.455
22882,0.965
22883,0.64
22884,0.34
22885,0.95
22886,0.585
22887,0.505
22888,0.645
22889,0.575
22890,0.95
22891,0.87
22892,0.73
22893,0.505
22894,0.715
22895,0.655
22896,0.735
22897,0.865
22898,0.72
22899,0.85
22900,0.76
22901,0.815
22902,0.85
22903,0.52
22904,0.715
22905,0.645
22906,0.605
22907,0.67
22908,0.705
22909,0.395
22910,0.875
22911,0.71
22912,0.695
22913,0.715
22914,0.59
22915,0.38
22916,0.84
22917,0.39
22918,0.47
22919,0.79
22920,0.75
22921,0.675
22922,0.805
22923,0.8
22924,0.465
22925,0.655
22926,0.34
22927,0.915
22928,0.805
22929,0.405
22930,0.77
22931,0.73
22932,0.495
22933,0.53
22934,0.505
22935,0.76
22936,0.74
22937,0.76
22938,0.625
22939,0.76
22940,0.65
22941,0.855
22942,0.835
22943,0.45
22944,0.585
22945,0.48
22946,0.75
22947,0.72
22948,0.605
22949,0.92375
22950,0.7
22951,0.69
22952,0.5
22953,0.785
22954,0.57
22955,0.595
22956,0.915
22957,0.49
22958,0.64
22959,0.685
22960,0.38
22961,0.415
22962,0.735
22963,0.705
22964,0.63
22965,0.835
22966,0.61
22967,0.58
22968,0.61
22969,0.5
22970,0.665
22971,0.875
22972,0.9
22973,0.94
22974,0.975
22975,0.895
22976,0.98
22977,0.215
22978,0.7
22979,0.74
22980,0.925
22981,0.775
22982,0.945
22983,0.975
22984,0.675
22985,0.85
22986,0.175
22987,0.79
22988,0.47
22989,0.845
22990,0.7
22991,0.785
22992,0.75
22993,0.895
22994,0.885
22995,0.84
22996,0.95
22997,0.655
22998,0.735
22999,0.73
23000,0.325
23001,0.69
23002,0.69
23003,0.575
23004,0.695
23005,0.26
23006,0.565
23007,0.535
23008,0.545
23009,0.57
23010,0.74
23011,0.715
23012,0.525
23013,0.62
23014,0.955
23015,0.81
23016,0.67
23017,0.9
23018,0.64
23019,0.71
23020,0.71
23021,0.9
23022,0.745
23023,0.945
23024,0.725
23025,0.795
23026,0.95
23027,0.685
23028,0.88
23029,0.545
23030,0.79
23031,0.95
23032,0.715
23033,0.8
23034,0.775
23035,0.475
23036,0.85
23037,0.44
23038,0.895
23039,0.515
23040,0.89
23041,0.37
23042,0.15
23043,0.86
23044,0.745
23045,0.91
23046,0.715
23047,0.8
23048,0.9
23049,0.7
23050,0.66
23051,0.605
23052,0.875
23053,0.805
23054,0.755
23055,0.74
23056,0.885
23057,0.83
23058,0.915
23059,0.62
23060,0.875
23061,0.695
23062,0.855
23063,0.79
23064,0.73
23065,0.87
23066,0.64
23067,0.775
23068,0.68
23069,0.695
23070,0.61
23071,0.625
23072,0.47
23073,0.785
23074,0.655
23075,0.36
23076,0.79
23077,0.83
23078,0.905
23079,0.87
23080,0.665
23081,0.55
23082,0.85
23083,0.835
23084,0.625
23085,0.7
23086,0.345
23087,0.795
23088,0.78
23089,0.635
23090,0.52
23091,0.82
23092,0.425
23093,0.45
23094,0.92
23095,0.6
23096,0.915
23097,0.86
23098,0.81
23099,0.72
23100,0.84
23101,0.51
23102,0.29
23103,0.745
23104,0.955
23105,0.81
23106,0.7
23107,0.855
23108,0.64
23109,0.765
23110,0.73
23111,0.59
23112,0.72
23113,0.575
23114,0.76
23115,0.61
23116,0.505
23117,0.525
23118,0.36
23119,0.72
23120,0.36
23121,0.535
23122,0.66
23123,0.735
23124,0.81
23125,0.91
23126,0.77
23127,0.72
23128,0.59
23129,0.655
23130,0.66
23131,0.86
23132,0.96
23133,0.67
23134,0.95
23135,0.66
23136,0.71
23137,0.49
23138,0.6
23139,0.92
23140,0.805
23141,0.78
23142,0.645
23143,0.515
23144,0.89
23145,0.665
23146,0.725
23147,0.445
23148,0.67
23149,0.33
23150,0.56
23151,0.815
23152,0.785
23153,0.915
23154,0.79
23155,0.36
23156,0.575
23157,0.91
23158,0.625
23159,0.655
23160,0.795
23161,0.66
23162,0.93
23163,0.38
23164,0.74
23165,0.585
23166,0.825
23167,0.975
23168,0.895
23169,0.755
23170,0.605
23171,0.695
23172,0.965
23173,0.9
23174,0.84
23175,0.795
23176,0.75
23177,0.88
23178,0.735
23179,0.745
23180,0.56
23181,0.725
23182,0.88
23183,0.565
23184,0.475
23185,0.515
23186,0.935
23187,0.615
23188,0.895
23189,0.45
23190,0.9
23191,0.59
23192,0.44
23193,0.505
23194,0.485
23195,0.78
23196,0.65
23197,0.96
23198,0.615
23199,0.715
23200,0.45
23201,0.965
23202,0.71
23203,0.83
23204,0.67
23205,0.495
23206,0.475
23207,0.72
23208,0.39
23209,0.825
23210,0.615
23211,0.17
23212,0.81
23213,0.515
23214,0.73
23215,0.84
23216,0.81
23217,0.735
23218,0.73
23219,0.645
23220,0.705
23221,0.875
23222,0.925
23223,0.765
23224,0.76
23225,0.805
23226,0.795
23227,0.845
23228,0.88
23229,0.635
23230,0.635
23231,0.58
23232,0.765
23233,0.895
23234,0.795
23235,0.46
23236,0.78
23237,0.61
23238,0.63
23239,0.745
23240,0.9
23241,0.75
23242,0.92
23243,0.56
23244,0.76
23245,0.43
23246,0.68
23247,0.625
23248,0.615
23249,0.67
23250,0.83
23251,0.815
23252,0.83
23253,0.775
23254,0.745
23255,0.82
23256,0.905
23257,0.775
23258,0.905
23259,0.71
23260,0.745
23261,0.985
23262,0.545
23263,0.78
23264,0.91
23265,0.85
23266,0.745
23267,0.66
23268,0.705
23269,0.905
23270,0.91
23271,0.455
23272,0.8
23273,0.8
23274,0.54
23275,0.84
23276,0.535
23277,0.39
23278,0.395
23279,0.785
23280,0.58
23281,0.7
23282,0.78
23283,0.63
23284,0.925
23285,0.825
23286,0.885
23287,0.55
23288,0.81
23289,0.39
23290,0.515
23291,0.85
23292,0.865
23293,0.765
23294,0.86
23295,0.505
23296,0.76
23297,0.87
23298,0.565
23299,0.6
23300,0.485
23301,0.68
23302,0.7
23303,0.78
23304,0.815
23305,0.865
23306,0.655
23307,0.64
23308,0.41
23309,0.91
23310,1.0
23311,0.755
23312,0.685
23313,0.865
23314,0.67
23315,0.965
23316,0.72
23317,0.86
23318,0.665
23319,0.57
23320,0.72
23321,0.85
23322,0.84
23323,0.715
23324,0.69
23325,0.685
23326,0.605
23327,0.84
23328,0.555
23329,0.93
23330,0.545
23331,0.67
23332,0.665
23333,0.775
23334,0.835
23335,0.695
23336,0.81
23337,0.485
23338,0.735
23339,0.665
23340,0.59
23341,0.71
23342,0.495
23343,0.91
23344,0.95
23345,0.245
23346,0.59
23347,0.51
23348,0.935
23349,0.64
23350,0.53
23351,0.715
23352,0.67
23353,0.805
23354,0.655
23355,0.615
23356,0.94
23357,0.56
23358,0.955
23359,0.73
23360,0.775
23361,0.885
23362,0.805
23363,0.985
23364,0.695
23365,0.59
23366,0.495
23367,0.87
23368,0.88
23369,0.71
23370,0.81
23371,0.505
23372,0.57
23373,0.755
23374,0.79
23375,0.96
23376,0.82
23377,0.68
23378,0.84
23379,0.435
23380,0.585
23381,0.62
23382,0.47
23383,0.33
23384,0.75
23385,0.785
23386,0.6
23387,0.8
23388,0.945
23389,0.865
23390,0.655
23391,0.855
23392,0.455
23393,0.85
23394,0.72
23395,0.915
23396,0.6
23397,0.71
23398,0.625
23399,0.885
23400,0.53
23401,0.435
23402,0.55
23403,0.505
23404,0.25
23405,0.875
23406,0.62
23407,0.665
23408,0.74
23409,0.705
23410,0.82
23411,0.85
23412,0.685
23413,0.935
23414,0.555
23415,0.52
23416,0.79
23417,0.85
23418,0.45
23419,0.89
23420,0.445
23421,0.79
23422,0.82
23423,0.325
23424,0.255
23425,0.605
23426,0.89
23427,0.81
23428,0.67
23429,0.905
23430,0.915
23431,0.465
23432,0.43
23433,0.855
23434,0.95
23435,0.78
23436,0.795
23437,0.75
23438,0.77
23439,0.94
23440,0.65
23441,0.98
23442,0.845
23443,0.755
23444,0.785
23445,0.915
23446,0.31
23447,0.66
23448,0.48
23449,0.59
23450,0.635
23451,0.6
23452,0.845
23453,0.545
23454,0.6
23455,0.825
23456,0.77
23457,0.88
23458,0.615
23459,0.55
23460,0.895
23461,0.95
23462,0.935
23463,0.96
23464,0.91
23465,0.815
23466,0.805
23467,0.645
23468,0.745
23469,0.725
23470,0.895
23471,0.525
23472,0.74
23473,0.65
23474,0.445
23475,0.795
23476,0.87
23477,0.535
23478,0.74
23479,0.51
23480,0.825
23481,0.59
23482,0.705
23483,0.865
23484,0.78
23485,0.99
23486,0.88
23487,0.62
23488,0.795
23489,0.505
23490,0.825
23491,0.715
23492,0.73
23493,0.78
23494,0.935
23495,0.82
23496,0.48
23497,0.67
23498,0.795
23499,0.79
23500,0.935
23501,0.565
23502,0.665
23503,0.63
23504,0.61
23505,0.8
23506,0.785
23507,0.96
23508,0.725
23509,0.95
23510,0.635
23511,0.65
23512,0.88
23513,0.93
23514,0.865
23515,0.625
23516,0.565
23517,0.645
23518,0.84
23519,0.69
23520,0.76
23521,0.745
23522,0.61
23523,0.615
23524,0.95
23525,0.585
23526,0.74
23527,0.455
23528,0.855
23529,0.735
23530,0.995
23531,0.71
23532,0.9
23533,0.765
23534,0.775
23535,0.68
23536,0.735
23537,0.475
23538,0.67
23539,0.51
23540,0.8
23541,0.75
23542,0.755
23543,0.735
23544,0.93
23545,0.89
23546,0.885
23547,0.45
23548,0.62
23549,0.9
23550,0.66
23551,0.845
23552,0.85
23553,0.89
23554,0.435
23555,0.515
23556,0.85
23557,0.515
23558,0.825
23559,0.895
23560,0.72
23561,0.705
23562,0.94
23563,0.76
23564,0.81
23565,0.975
23566,0.965
23567,0.675
23568,0.56
23569,0.94
23570,0.825
23571,0.76
23572,0.825
23573,0.67
23574,0.855
23575,0.69
23576,0.67
23577,0.54
23578,0.675
23579,0.68
23580,0.71
23581,0.94
23582,0.605
23583,0.8
23584,0.36
23585,0.44
23586,0.6
23587,0.29
23588,0.68
23589,0.385
23590,0.84
23591,0.785
23592,0.57
23593,0.61
23594,0.82
23595,0.465
23596,0.46
23597,0.735
23598,0.705
23599,0.795
23600,0.915
23601,0.85
23602,0.76
23603,0.66
23604,0.65
23605,0.775
23606,0.69
23607,0.415
23608,0.96
23609,0.685
23610,0.945
23611,0.73
23612,0.73
23613,0.82
23614,0.695
23615,0.72
23616,0.57
23617,0.94
23618,0.575
23619,0.765
23620,0.525
23621,0.625
23622,0.875
23623,0.675
23624,0.69
23625,0.73
23626,0.82
23627,0.915
23628,0.9
23629,0.57
23630,0.71
23631,0.86
23632,0.77
23633,0.69
23634,0.905
23635,0.675
23636,0.505
23637,0.3
23638,0.68
23639,0.845
23640,0.58
23641,0.875
23642,0.975
23643,0.825
23644,0.68
23645,0.69
23646,0.705
23647,0.785
23648,0.56
23649,0.675
23650,0.79
23651,0.785
23652,0.84
23653,0.86
23654,0.755
23655,0.65
23656,0.745
23657,0.565
23658,0.485
23659,0.42
23660,0.675
23661,0.765
23662,0.81
23663,0.32
23664,0.81
23665,0.945
23666,0.625
23667,0.565
23668,0.57
23669,0.935
23670,0.72
23671,0.53
23672,0.815
23673,0.39
23674,0.71
23675,0.53
23676,0.88
23677,0.195
23678,0.76
23679,0.47
23680,0.795
23681,0.675
23682,0.56
23683,0.565
23684,0.95
23685,0.66
23686,0.765
23687,0.485
23688,0.755
23689,0.49
23690,0.77
23691,0.6
23692,0.67
23693,0.66
23694,0.755
23695,0.815
23696,0.79
23697,0.6
23698,0.41
23699,0.82
23700,0.705
23701,0.945
23702,0.815
23703,0.795
23704,0.91
23705,0.57
23706,0.735
23707,0.695
23708,0.305
23709,0.45
23710,0.55
23711,0.955
23712,0.775
23713,0.585
23714,0.815
23715,0.735
23716,0.75
23717,0.395
23718,0.73
23719,0.365
23720,0.82
23721,0.965
23722,0.655
23723,0.765
23724,0.91
23725,0.81
23726,0.59
23727,0.87
23728,0.65
23729,0.48
23730,0.52
23731,0.54
23732,0.475
23733,0.495
23734,0.835
23735,0.5
23736,0.79
23737,0.685
23738,0.345
23739,0.975
23740,0.795
23741,0.165
23742,0.505
23743,0.585
23744,0.805
23745,0.525
23746,0.665
23747,0.45
23748,0.73
23749,0.85
23750,0.525
23751,0.73
23752,0.81
23753,0.875
23754,0.78
23755,0.665
23756,0.945
23757,0.56
23758,0.66
23759,0.97
23760,0.93
23761,0.415
23762,0.9
23763,0.85
23764,0.83
23765,0.92
23766,0.63
23767,0.625
23768,0.34
23769,0.595
23770,0.765
23771,0.325
23772,0.685
23773,0.85
23774,0.585
23775,0.96
23776,0.79
23777,0.75
23778,0.625
23779,0.77
23780,0.585
23781,0.48
23782,0.785
23783,0.94
23784,0.475
23785,0.6
23786,0.65
23787,0.87
23788,0.58
23789,0.89
23790,0.935
23791,0.57
23792,0.33
23793,0.535
23794,0.665
23795,0.63
23796,0.52
23797,0.455
23798,0.17
23799,0.705
23800,0.86
23801,0.89
23802,0.655
23803,0.86
23804,0.685
23805,0.825
23806,0.835
23807,0.845
23808,0.775
23809,0.91
23810,0.56
23811,0.99
23812,0.62
23813,0.785
23814,0.895
23815,0.83
23816,0.55
23817,0.605
23818,0.97
23819,0.885
23820,0.635
23821,0.78
23822,0.6
23823,0.69
23824,0.595
23825,0.975
23826,0.765
23827,0.86
23828,0.68
23829,0.65
23830,0.875
23831,0.58
23832,0.51
23833,0.625
23834,0.405
23835,0.96
23836,0.61
23837,0.72
23838,0.46
23839,0.67
23840,0.865
23841,0.78
23842,0.805
23843,0.895
23844,0.96
23845,0.82
23846,0.94
23847,0.87
23848,0.7
23849,0.82
23850,0.705
23851,0.545
23852,0.81
23853,0.685
23854,0.62
23855,0.715
23856,0.95
23857,0.705
23858,0.71
23859,0.465
23860,0.855
23861,0.71
23862,0.76
23863,0.835
23864,0.625
23865,0.91
23866,0.695
23867,0.655
23868,0.955
23869,0.355
23870,0.61
23871,0.615
23872,0.93
23873,0.195
23874,0.875
23875,0.8
23876,0.69
23877,0.605
23878,0.83
23879,0.94
23880,0.965
23881,0.91
23882,0.42
23883,0.555
23884,0.745
23885,0.765
23886,0.71
23887,0.88
23888,0.815
23889,0.36
23890,0.72
23891,0.77
23892,0.625
23893,0.845
23894,0.32
23895,0.755
23896,0.72
23897,0.88
23898,0.825
23899,0.96
23900,0.755
23901,0.93
23902,0.795
23903,0.645
23904,0.87
23905,0.97
23906,0.39
23907,0.745
23908,0.715
23909,0.565
23910,0.49
23911,0.92
23912,0.415
23913,0.57
23914,0.48
23915,0.65
23916,0.645
23917,0.715
23918,0.78
23919,0.465
23920,0.71
23921,0.94
23922,0.715
23923,0.365
23924,0.945
23925,0.735
23926,0.695
23927,0.63
23928,0.72
23929,0.68
23930,0.91
23931,0.8
23932,0.45
23933,0.66
23934,0.635
23935,0.335
23936,0.855
23937,0.82
23938,0.65
23939,0.52
23940,0.26
23941,0.805
23942,0.71
23943,0.68
23944,0.605
23945,0.945
23946,0.715
23947,0.895
23948,0.58
23949,0.96
23950,0.635
23951,0.655
23952,0.82
23953,0.575
23954,0.635
23955,0.965
23956,0.56
23957,0.835
23958,0.96
23959,0.715
23960,0.94
23961,0.85
23962,0.415
23963,0.615
23964,0.685
23965,0.8
23966,0.905
23967,0.895
23968,0.425
23969,0.4
23970,0.7
23971,0.86
23972,0.925
23973,0.735
23974,0.825
23975,0.68
23976,0.66
23977,0.595
23978,0.855
23979,0.955
23980,0.725
23981,0.96
23982,0.645
23983,0.49
23984,0.65
23985,0.535
23986,0.735
23987,0.635
23988,0.595
23989,0.39
23990,0.81
23991,0.78
23992,0.81
23993,0.855
23994,0.485
23995,0.83
23996,0.98
23997,0.78
23998,0.86
23999,0.82
24000,0.505
24001,0.72
24002,0.61
24003,0.58
24004,0.805
24005,0.37
24006,0.94
24007,0.66
24008,0.935
24009,0.695
24010,0.825
24011,0.67
24012,0.79
24013,0.64
24014,0.88
24015,0.885
24016,0.395
24017,0.735
24018,0.475
24019,0.46
24020,0.84
24021,0.515
24022,0.935
24023,0.8
24024,0.88
24025,0.485
24026,0.555
24027,0.955
24028,0.66
24029,0.56
24030,0.595
24031,0.89
24032,0.135
24033,0.57
24034,0.385
24035,0.65
24036,0.65
24037,0.37
24038,0.795
24039,0.625
24040,0.405
24041,0.605
24042,0.68
24043,0.895
24044,0.855
24045,0.88
24046,0.895
24047,0.785
24048,0.89
24049,0.605
24050,0.46
24051,0.59
24052,0.685
24053,0.87
24054,0.545
24055,0.7
24056,0.94
24057,0.885
24058,0.56
24059,0.945
24060,0.8
24061,0.695
24062,0.84
24063,0.92
24064,0.385
24065,0.63
24066,0.55
24067,0.685
24068,0.585
24069,0.685
24070,0.625
24071,0.74
24072,0.815
24073,0.88
24074,0.945
24075,0.78
24076,0.94
24077,0.6
24078,0.655
24079,0.885
24080,0.685
24081,0.735
24082,0.85
24083,0.225
24084,0.725
24085,0.295
24086,0.8
24087,0.335
24088,0.64
24089,0.93
24090,0.59
24091,0.62
24092,0.47
24093,0.795
24094,0.6
24095,0.88
24096,0.72
24097,0.81
24098,0.55
24099,0.695
24100,0.79
24101,0.78
24102,0.475
24103,0.76
24104,0.785
24105,0.685
24106,0.74
24107,0.845
24108,0.895
24109,0.665
24110,0.48
24111,0.73
24112,0.94
24113,0.735
24114,0.79
24115,0.68
24116,0.775
24117,0.805
24118,0.775
24119,0.76
24120,0.415
24121,0.575
24122,0.75
24123,0.9
24124,0.545
24125,0.695
24126,0.72
24127,0.825
24128,0.705
24129,0.975
24130,0.765
24131,0.57
24132,0.575
24133,0.605
24134,0.86
24135,0.76
24136,0.505
24137,0.695
24138,0.375
24139,0.825
24140,0.795
24141,0.76
24142,0.95
24143,0.935
24144,0.78
24145,0.77
24146,0.96
24147,0.85
24148,0.845
24149,0.925
24150,0.83
24151,0.645
24152,0.84
24153,0.845
24154,0.975
24155,0.835
24156,0.72
24157,0.78
24158,0.725
24159,0.835
24160,0.735
24161,0.895
24162,0.38
24163,0.655
24164,0.6
24165,0.88
24166,0.475
24167,0.77
24168,0.73
24169,0.89
24170,0.835
24171,0.885
24172,0.89
24173,0.93
24174,0.695
24175,0.865
24176,0.94
24177,0.935
24178,0.82
24179,0.345
24180,0.755
24181,0.85
24182,0.53
24183,0.245
24184,0.67
24185,0.45
24186,0.765
24187,0.92
24188,0.53
24189,0.875
24190,0.71
24191,0.615
24192,0.66
24193,0.875
24194,0.47
24195,0.6
24196,0.67
24197,0.805
24198,0.95
24199,0.805
24200,0.835
24201,0.725
24202,0.86
24203,0.835
24204,0.62
24205,0.755
24206,0.56
24207,0.67
24208,0.66
24209,0.78
24210,0.705
24211,0.96
24212,0.835
24213,0.5
24214,0.7
24215,0.9
24216,0.665
24217,0.765
24218,0.73
24219,0.811
24220,0.805
24221,0.75
24222,0.695
24223,0.605
24224,0.62
24225,0.955
24226,0.83
24227,0.74
24228,0.4
24229,0.71
24230,0.845
24231,0.485
24232,0.8
24233,0.93
24234,0.65
24235,0.875
24236,0.805
24237,0.67
24238,0.4
24239,0.85
24240,0.545
24241,0.48
24242,0.715
24243,0.96
24244,0.295
24245,0.705
24246,0.93
24247,0.76
24248,0.555
24249,0.9
24250,0.535
24251,0.795
24252,0.795
24253,0.425
24254,0.835
24255,0.74
24256,0.6
24257,0.525
24258,0.905
24259,0.64
24260,0.54
24261,0.77
24262,0.68
24263,0.89
24264,0.71
24265,0.65
24266,0.57
24267,0.61
24268,0.785
24269,0.665
24270,0.955
24271,0.81
24272,0.7
24273,0.73
24274,0.63
24275,0.555
24276,0.515
24277,0.9
24278,0.98
24279,0.85
24280,0.705
24281,0.91
24282,0.905
24283,0.865
24284,0.64
24285,0.65
24286,0.9
24287,0.85
24288,0.805
24289,0.545
24290,0.64
24291,0.475
24292,0.91
24293,0.665
24294,0.72
24295,0.65
24296,0.7
24297,0.59
24298,0.81
24299,0.88
24300,0.875
24301,0.765
24302,0.34
24303,0.235
24304,0.66
24305,0.565
24306,0.88
24307,0.8
24308,0.695
24309,0.46
24310,0.955
24311,0.475
24312,0.795
24313,0.76
24314,0.665
24315,0.65
24316,0.6
24317,0.87
24318,0.62
24319,0.45
24320,0.385
24321,0.49
24322,0.625
24323,0.83
24324,0.905
24325,0.6
24326,0.325
24327,0.73
24328,0.67
24329,0.85
24330,0.76
24331,0.875
24332,0.795
24333,0.455
24334,0.385
24335,0.705
24336,0.485
24337,0.72
24338,0.4
24339,0.8
24340,0.885
24341,0.685
24342,0.725
24343,0.61
24344,0.67
24345,0.495
24346,0.67
24347,0.535
24348,0.465
24349,0.723571
24350,0.685
24351,0.52
24352,0.66
24353,0.78
24354,0.515
24355,0.595
24356,0.965
24357,0.92
24358,0.825
24359,0.17
24360,0.97
24361,0.695
24362,0.64
24363,0.65
24364,0.635
24365,0.565
24366,0.565
24367,0.365
24368,0.69
24369,0.685
24370,0.72
24371,0.81
24372,0.64
24373,0.925
24374,0.675
24375,0.305
24376,0.555
24377,0.635
24378,0.9
24379,0.75
24380,0.875
24381,0.78
24382,0.585
24383,0.645
24384,0.695
24385,0.775
24386,0.715
24387,0.66
24388,0.4
24389,0.49
24390,0.745
24391,0.635
24392,0.875
24393,0.64
24394,0.77
24395,0.975
24396,0.9
24397,0.755
24398,0.795
24399,0.845
24400,0.655
24401,0.395
24402,0.565
24403,0.555
24404,0.625
24405,0.895
24406,0.495
24407,0.88
24408,0.615
24409,0.96
24410,0.62
24411,0.87
24412,0.805
24413,0.425
24414,0.85
24415,0.815
24416,0.535
24417,0.93
24418,0.495
24419,0.815
24420,0.685
24421,0.67
24422,0.635
24423,0.59
24424,0.405
24425,0.69
24426,0.735
24427,0.94
24428,0.72
24429,0.775
24430,0.84
24431,0.77
24432,0.905
24433,0.95
24434,0.81
24435,0.58
24436,0.855
24437,0.895
24438,0.47
24439,0.815
24440,0.8
24441,0.575
24442,0.865
24443,0.51
24444,0.94
24445,0.895
24446,0.755
24447,0.86
24448,0.975
24449,0.77
24450,0.55
24451,0.78
24452,0.765
24453,0.865
24454,0.86
24455,0.93
24456,0.5
24457,0.79
24458,0.435
24459,0.885
24460,0.53
24461,0.59
24462,0.62
24463,0.855
24464,0.62
24465,0.83
24466,0.96
24467,0.76
24468,0.855
24469,0.94
24470,0.595
24471,0.775
24472,0.49
24473,0.74
24474,0.64
24475,0.96
24476,0.45
24477,0.64
24478,0.75
24479,0.57
24480,0.76
24481,0.665
24482,0.815
24483,0.63
24484,0.51
24485,0.655
24486,0.705
24487,0.805
24488,0.79
24489,0.765
24490,0.82
24491,0.79
24492,0.68
24493,0.64
24494,0.765
24495,0.95
24496,0.56
24497,0.98
24498,0.4
24499,0.71
24500,0.755
24501,0.685
24502,0.52
24503,0.6
24504,0.985
24505,0.795
24506,0.875
24507,0.88
24508,0.705
24509,0.685
24510,0.855
24511,0.38
24512,0.865
24513,0.81
24514,0.88
24515,0.37
24516,0.68
24517,0.88
24518,0.98
24519,0.725
24520,0.555
24521,0.88
24522,0.66
24523,0.765
24524,0.965
24525,0.86
24526,0.9
24527,0.63
24528,0.955
24529,0.785
24530,0.16
24531,0.34
24532,0.7
24533,0.645
24534,0.875
24535,0.79
24536,0.835
24537,0.39
24538,0.5
24539,0.74
24540,0.935
24541,0.78
24542,0.75
24543,0.725
24544,0.915
24545,0.515
24546,0.585
24547,0.8
24548,0.525
24549,0.945
24550,0.365
24551,0.81
24552,0.43
24553,0.9
24554,0.935
24555,0.89
24556,0.235
24557,0.595
24558,0.425
24559,0.795
24560,0.86
24561,0.67
24562,0.545
24563,0.66
24564,0.385
24565,0.14
24566,0.47
24567,0.575
24568,0.94
24569,0.745
24570,0.86
24571,0.795
24572,0.625
24573,0.665
24574,0.55
24575,0.55
24576,0.91
24577,0.825
24578,0.44
24579,0.86
24580,0.85
24581,0.69
24582,0.71
24583,0.82
24584,0.59
24585,0.605
24586,0.815
24587,0.805
24588,0.88
24589,0.76
24590,0.915
24591,0.58
24592,0.575
24593,0.835
24594,0.82
24595,0.75
24596,0.725
24597,0.88
24598,0.44
24599,0.06
24600,0.685
24601,0.685
24602,0.94
24603,0.675
24604,0.93
24605,0.92
24606,0.775
24607,0.715
24608,0.62
24609,0.855
24610,0.92
24611,0.765
24612,0.89
24613,0.83
24614,0.495
24615,0.885
24616,0.77
24617,0.615
24618,0.31
24619,0.51
24620,0.76
24621,0.51
24622,0.9
24623,0.72
24624,0.765
24625,0.865
24626,0.915
24627,0.78
24628,0.585
24629,0.305
24630,0.74
24631,0.7
24632,0.745
24633,0.46
24634,0.56
24635,0.65
24636,0.57
24637,0.705
24638,0.725
24639,0.985
24640,0.695
24641,0.905
24642,0.635
24643,0.715
24644,0.765
24645,0.485
24646,0.485
24647,0.725
24648,0.875
24649,0.77
24650,0.81
24651,0.705
24652,0.665
24653,0.795
24654,0.87
24655,0.705
24656,0.975
24657,0.835
24658,0.86
24659,0.785
24660,0.965
24661,0.815
24662,0.81
24663,0.55
24664,0.475
24665,0.595
24666,0.905
24667,0.595
24668,0.68
24669,0.63
24670,0.92
24671,0.71
24672,0.95
24673,0.835
24674,0.69
24675,0.62
24676,0.99
24677,0.865
24678,0.92
24679,0.63
24680,0.525
24681,0.7
24682,0.71
24683,0.935
24684,0.245
24685,0.74
24686,0.63
24687,0.69
24688,0.78
24689,0.7
24690,0.52
24691,0.64
24692,0.335
24693,0.83
24694,0.455
24695,0.67
24696,0.82
24697,0.755
24698,0.82
24699,0.57
24700,0.57
24701,0.87
24702,0.83
24703,0.675
24704,0.425
24705,0.87
24706,0.76
24707,0.535
24708,0.39
24709,0.88
24710,0.635
24711,0.64
24712,0.6
24713,0.6
24714,0.625
24715,0.67
24716,0.985
24717,0.9
24718,0.835
24719,0.88
24720,0.825
24721,0.725
24722,0.9
24723,0.605
24724,0.845
24725,0.66
24726,0.905
24727,0.88
24728,0.735
24729,0.63
24730,0.77
24731,0.76
24732,0.455
24733,0.825
24734,0.78
24735,0.665
24736,0.625
24737,0.87
24738,0.495
24739,0.76
24740,0.46
24741,0.76
24742,0.52
24743,0.72
24744,0.16
24745,0.2
24746,0.705
24747,0.865
24748,0.55
24749,0.595
24750,0.65
24751,0.63
24752,0.75
24753,0.715
24754,0.615
24755,0.565
24756,0.845
24757,0.965
24758,0.77
24759,0.63
24760,0.97
24761,0.895
24762,0.955
24763,0.575
24764,0.795
24765,0.745
24766,0.98
24767,0.725
24768,0.79
24769,0.99
24770,0.865
24771,0.765
24772,0.665
24773,0.555
24774,0.635
24775,0.955
24776,0.675
24777,0.91
24778,0.78
24779,0.735
24780,0.88
24781,0.875
24782,0.38
24783,0.45
24784,0.835
24785,0.87
24786,0.315
24787,0.955
24788,0.865
24789,0.335
24790,0.605
24791,0.73
24792,0.88
24793,0.61
24794,0.96
24795,0.945
24796,0.785
24797,0.54
24798,0.995
24799,0.775
24800,0.74
24801,0.42
24802,0.725
24803,0.705
24804,0.695
24805,0.785
24806,0.275
24807,0.43
24808,0.855
24809,0.555
24810,0.94
24811,0.18
24812,0.77
24813,0.8
24814,0.595
24815,0.705
24816,0.865
24817,0.575
24818,0.775
24819,0.905
24820,0.7
24821,0.635
24822,0.975
24823,0.915
24824,0.935
24825,0.88
24826,0.69
24827,0.74
24828,0.265
24829,0.51
24830,0.84
24831,0.58
24832,0.87
24833,0.805
24834,0.655
24835,0.61
24836,0.855
24837,0.91
24838,0.54
24839,0.81
24840,0.78
24841,0.575
24842,0.68
24843,0.77
24844,0.88
24845,0.915
24846,0.715
24847,0.81
24848,0.905
24849,0.92
24850,0.83
24851,0.7
24852,0.975
24853,0.58
24854,0.75
24855,0.76
24856,0.59
24857,0.44
24858,0.365
24859,0.48
24860,0.8
24861,0.585
24862,0.64
24863,0.685
24864,0.995
24865,0.825
24866,0.615
24867,0.99
24868,0.935
24869,0.465
24870,0.61
24871,0.735
24872,0.88
24873,0.805
24874,0.38
24875,0.905
24876,0.89
24877,0.77
24878,0.955
24879,0.605
24880,0.69
24881,0.88
24882,0.615
24883,0.875
24884,0.51
24885,0.625
24886,0.91
24887,0.695
24888,0.755
24889,0.295
24890,0.73
24891,0.975
24892,0.785
24893,0.815
24894,0.845
24895,0.615
24896,0.895
24897,0.795
24898,0.895
24899,0.65
24900,0.57
24901,0.575
24902,0.65
24903,0.855
24904,0.85
24905,0.89
24906,0.625
24907,0.825
24908,0.69
24909,0.795
24910,0.765
24911,0.495
24912,0.78
24913,0.77
24914,0.745
24915,0.47
24916,0.785
24917,0.345
24918,0.935
24919,0.705
24920,0.6
24921,0.35
24922,0.66
24923,0.855
24924,0.775
24925,0.925
24926,0.88
24927,0.705
24928,0.33
24929,0.775
24930,0.735
24931,0.66
24932,0.69
24933,0.745
24934,0.695
24935,0.615
24936,0.755
24937,0.64
24938,0.485
24939,0.915
24940,0.64
24941,0.745
24942,0.85
24943,0.865
24944,0.551
24945,0.905
24946,0.9
24947,0.535
24948,0.745
24949,0.745
24950,0.78
24951,0.86
24952,0.82
24953,0.315
24954,0.485
24955,0.465
24956,0.445
24957,0.705
24958,0.62
24959,0.755
24960,0.425
24961,0.835
24962,0.915
24963,0.55
24964,0.57
24965,0.67
24966,0.79
24967,0.95
24968,0.475
24969,0.48
24970,0.56
24971,0.79
24972,0.96
24973,0.875
24974,0.89
24975,0.71
24976,0.55
24977,0.665
24978,0.685
24979,0.53
24980,0.410833
24981,0.885
24982,0.89
24983,0.965
24984,0.645
24985,0.96
24986,0.455
24987,0.905
24988,0.655
24989,0.695
24990,0.815
24991,0.65
24992,0.34
24993,0.765
24994,0.695
24995,0.965
24996,0.91
24997,0.97
24998,0.705
24999,0.51
25000,0.72
25001,0.6
25002,0.97
25003,0.785
25004,0.325
25005,0.355
25006,0.795
25007,0.855
25008,0.53
25009,0.7
25010,0.8
25011,0.68
25012,0.755
25013,0.55
25014,0.665
25015,0.68
25016,0.93
25017,0.65
25018,0.87
25019,0.445
25020,0.565
25021,0.695
25022,0.81
25023,0.555
25024,0.555
25025,0.955
25026,0.44
25027,0.87
25028,0.975
25029,0.755
25030,0.785
25031,0.645
25032,0.55
25033,0.315
25034,0.96
25035,0.635
25036,0.645
25037,0.87
25038,0.495
25039,0.835
25040,0.85
25041,0.785
25042,0.75
25043,0.805
25044,0.62
25045,0.72
25046,0.515
25047,0.77
25048,0.615
25049,0.775
25050,0.92
25051,0.875
25052,0.515
25053,0.61
25054,0.71
25055,0.48
25056,0.65
25057,0.79
25058,0.97
25059,0.965
25060,0.645
25061,0.65
25062,0.76
25063,0.65
25064,0.82
25065,0.65
25066,0.81
25067,0.715
25068,0.635
25069,0.815
25070,0.845
25071,0.85
25072,0.66
25073,0.715
25074,0.71
25075,0.94
25076,0.85
25077,0.685
25078,0.855
25079,0.58
25080,0.56
25081,0.76
25082,0.775
25083,0.935
25084,0.63
25085,0.73
25086,0.42
25087,0.485
25088,0.665
25089,0.585
25090,0.825
25091,0.77
25092,0.77
25093,0.82
25094,0.74
25095,0.56
25096,0.535
25097,0.78
25098,0.615
25099,0.555
25100,0.735
25101,0.58
25102,0.615
25103,0.945
25104,0.725
25105,0.78
25106,0.89
25107,0.785
25108,0.695
25109,0.525
25110,0.91
25111,0.69
25112,0.765
25113,0.745
25114,0.6
25115,0.615
25116,0.485
25117,0.295
25118,0.82
25119,0.69
25120,0.865
25121,0.75
25122,0.71
25123,0.95
25124,0.81
25125,0.75
25126,0.545
25127,0.66
25128,0.895
25129,0.86
25130,0.2
25131,0.605
25132,0.45
25133,0.78
25134,0.78
25135,0.695
25136,0.385
25137,0.695
25138,0.52
25139,0.595
25140,0.635
25141,0.945
25142,0.625
25143,0.91
25144,0.8
25145,0.92
25146,0.86
25147,0.865
25148,0.965
25149,0.79
25150,0.495
25151,0.585
25152,0.945
25153,0.64
25154,0.64
25155,0.62
25156,0.595
25157,0.715
25158,0.59
25159,0.71
25160,0.76
25161,0.59
25162,0.83
25163,0.78
25164,0.9
25165,0.94
25166,0.86
25167,0.77
25168,0.6
25169,0.81
25170,0.63
25171,0.88
25172,0.76
25173,0.825
25174,0.645
25175,0.715
25176,0.345
25177,0.645
25178,0.655
25179,0.585
25180,0.915
25181,0.59
25182,0.93
25183,0.825
25184,0.905
25185,0.68
25186,0.66
25187,0.505
25188,0.5
25189,0.875
25190,0.655
25191,0.945
25192,0.875
25193,0.56
25194,0.57
25195,0.705
25196,0.9
25197,0.585
25198,0.96
25199,0.795
25200,0.34
25201,0.645
25202,0.705
25203,0.88
25204,0.885
25205,0.85
25206,0.465
25207,0.435
25208,0.93
25209,0.725
25210,0.66
25211,0.7
25212,0.655
25213,0.675
25214,0.65
25215,0.685
25216,0.63
25217,0.485
25218,0.895
25219,0.565
25220,0.91
25221,0.76
25222,0.68
25223,0.8
25224,0.885
25225,0.705
25226,0.65
25227,0.525
25228,0.675
25229,0.945
25230,0.555
25231,0.745
25232,0.785
25233,0.705
25234,0.92
25235,0.8
25236,0.98
25237,0.79
25238,0.8
25239,0.725
25240,0.755
25241,0.615
25242,0.635
25243,0.93
25244,0.805
25245,0.81
25246,0.505
25247,0.79
25248,0.965
25249,0.735
25250,0.655
25251,0.68
25252,0.615
25253,0.765
25254,0.54
25255,0.96
25256,0.45
25257,0.39
25258,0.765
25259,0.825
25260,0.795
25261,0.58
25262,0.79
25263,0.87
25264,0.605
25265,0.855
25266,0.775
25267,0.435
25268,0.775
25269,0.715
25270,0.64
25271,0.86
25272,0.465
25273,0.29
25274,0.525
25275,0.775
25276,0.91
25277,0.855
25278,0.775
25279,0.75
25280,0.545
25281,0.905
25282,0.705
25283,0.67
25284,0.92
25285,0.625
25286,0.765
25287,0.835
25288,0.67
25289,0.62
25290,0.87
25291,0.69
25292,0.625
25293,0.79
25294,0.91
25295,0.72
25296,0.865
25297,0.985
25298,0.79
25299,0.625
25300,0.775
25301,0.81
25302,0.46
25303,0.695
25304,0.87
25305,0.685
25306,0.61
25307,0.925
25308,0.58
25309,0.46
25310,0.61
25311,0.59
25312,0.69
25313,0.76
25314,0.495
25315,0.8
25316,0.7
25317,0.55
25318,0.94
25319,0.77
25320,0.675
25321,0.585
25322,0.865
25323,0.79
25324,0.735
25325,0.835
25326,0.735
25327,0.485
25328,0.84
25329,0.99
25330,0.625
25331,0.47
25332,0.935
25333,0.785
25334,0.585
25335,0.635
25336,0.9
25337,0.935
25338,0.94
25339,0.815
25340,0.91
25341,0.795
25342,0.865
25343,0.965
25344,0.735
25345,0.743571
25346,0.56
25347,0.795
25348,0.375
25349,0.69
25350,0.805
25351,0.485
25352,0.63
25353,0.785
25354,0.655
25355,0.955
25356,0.69
25357,0.555
25358,0.575
25359,0.81
25360,0.545
25361,0.845
25362,0.705
25363,0.87
25364,0.835
25365,0.59
25366,0.965
25367,0.855
25368,0.79
25369,0.755
25370,0.64
25371,0.92
25372,0.775
25373,0.59
25374,0.885
25375,0.53
25376,0.655
25377,0.681
25378,0.925
25379,0.61
25380,0.845
25381,0.48
25382,0.855
25383,0.525
25384,0.905
25385,0.495
25386,0.855
25387,0.73
25388,0.87
25389,0.9
25390,0.64
25391,0.71
25392,0.92
25393,0.585
25394,0.32
25395,0.825
25396,0.735
25397,0.82
25398,0.615
25399,0.645
25400,0.8
25401,0.605
25402,0.975
25403,0.98
25404,0.65
25405,0.835
25406,0.935
25407,0.77
25408,0.725
25409,0.795
25410,0.87
25411,0.935
25412,0.775
25413,0.875
25414,0.85
25415,0.385
25416,0.775
25417,0.79
25418,0.315
25419,0.65
25420,0.94
25421,0.78
25422,0.64
25423,0.75
25424,0.58
25425,0.755
25426,0.66
25427,0.635
25428,0.655
25429,0.725
25430,0.69
25431,0.9
25432,0.795
25433,0.57
25434,0.755
25435,0.36
25436,0.715
25437,0.945
25438,0.815
25439,0.77
25440,0.75
25441,0.815
25442,0.605
25443,0.88
25444,0.795
25445,0.565
25446,0.825
25447,0.675
25448,0.92
25449,0.47
25450,0.92
25451,0.63
25452,0.915
25453,0.95
25454,0.555
25455,0.925
25456,0.75
25457,0.91
25458,0.82
25459,0.575
25460,0.435
25461,0.75
25462,0.87
25463,0.62
25464,0.735
25465,0.835
25466,0.695
25467,0.705
25468,0.555
25469,0.8
25470,0.885
25471,0.795
25472,0.525
25473,0.63
25474,0.68
25475,0.79
25476,0.625
25477,0.625
25478,0.635
25479,0.445
25480,0.665
25481,0.62
25482,0.825
25483,0.815
25484,0.605
25485,0.75
25486,0.83
25487,0.925
25488,0.91
25489,0.635
25490,0.99
25491,0.91
25492,0.77
25493,0.755
25494,0.665
25495,0.95
25496,0.59
25497,0.925
25498,0.825
25499,0.745
25500,0.885
25501,0.34
25502,0.72
25503,0.92
25504,0.69
25505,0.625
25506,0.89
25507,0.76
25508,0.815
25509,0.33
25510,0.48
25511,0.515
25512,0.395
25513,0.75
25514,0.58
25515,0.65
25516,0.57
25517,0.815
25518,0.625
25519,0.975
25520,0.7
25521,0.525
25522,0.66
25523,0.58
25524,0.52
25525,0.765
25526,0.535
25527,0.515
25528,0.5
25529,0.8
25530,0.56
25531,0.915
25532,0.615
25533,0.66
25534,0.62
25535,0.74
25536,0.54
25537,0.37
25538,0.675
25539,0.955
25540,0.785
25541,0.685
25542,0.595
25543,0.715
25544,0.62
25545,0.64
25546,0.815
25547,0.575
25548,0.825
25549,0.81
25550,0.76
25551,0.7
25552,0.46
25553,0.825
25554,0.825
25555,0.795
25556,0.52
25557,0.82
25558,0.58
25559,0.94
25560,0.575
25561,0.735
25562,0.97
25563,0.66
25564,0.445
25565,0.575
25566,0.92
25567,0.625
25568,0.47
25569,0.71
25570,0.66
25571,0.82
25572,0.13
25573,0.855
25574,0.81
25575,0.915
25576,0.56
25577,0.64
25578,0.84
25579,0.87
25580,0.53
25581,0.7
25582,0.725
25583,0.58
25584,0.485
25585,0.795
25586,0.97
25587,0.6
25588,0.71
25589,0.88
25590,0.585
25591,0.77
25592,0.95
25593,0.645
25594,0.695
25595,0.335
25596,0.8
25597,0.64
25598,0.625
25599,0.55
25600,0.745
25601,0.89
25602,0.735
25603,0.285
25604,0.755
25605,0.845
25606,0.415
25607,0.665
25608,0.465
25609,0.62
25610,0.515
25611,0.88
25612,0.905
25613,0.41
25614,0.87
25615,0.94
25616,0.765
25617,0.77
25618,0.585
25619,0.78
25620,0.19
25621,0.765
25622,0.555
25623,0.67
25624,0.9
25625,0.68
25626,0.825
25627,0.855
25628,0.635
25629,0.65
25630,0.58
25631,0.65
25632,0.77
25633,0.895
25634,0.98
25635,0.71
25636,0.98
25637,0.645
25638,0.63
25639,0.84
25640,0.935
25641,0.595
25642,0.835
25643,0.835
25644,0.815
25645,0.66
25646,0.825
25647,0.59
25648,0.825
25649,0.83
25650,0.695
25651,0.68
25652,0.775
25653,0.935
25654,0.725
25655,0.975
25656,0.97
25657,0.735
25658,0.66
25659,0.885
25660,0.4
25661,0.735
25662,0.705
25663,0.885
25664,0.905
25665,0.765
25666,0.835
25667,0.85
25668,0.8
25669,0.8
25670,0.88
25671,0.9
25672,0.905
25673,0.83
25674,0.625
25675,0.315
25676,0.96
25677,0.99
25678,0.87
25679,0.715
25680,0.655
25681,0.875
25682,0.115
25683,0.64
25684,0.495
25685,0.635
25686,0.5
25687,0.845
25688,0.865
25689,0.74
25690,0.555
25691,0.505
25692,0.74
25693,0.85
25694,0.785
25695,0.615
25696,0.81
25697,0.98
25698,0.785
25699,0.84
25700,0.625
25701,0.44
25702,0.945
25703,0.685
25704,0.85
25705,0.82
25706,0.855
25707,0.66
25708,0.855
25709,0.765
25710,0.85
25711,0.565
25712,0.965
25713,0.9
25714,0.88
25715,0.77
25716,0.71
25717,0.695
25718,0.685
25719,0.805
25720,0.97
25721,0.645
25722,0.915
25723,0.93
25724,0.555
25725,0.815
25726,0.66
25727,0.575
25728,0.78
25729,0.305
25730,0.56
25731,0.84
25732,0.845
25733,0.94
25734,0.57
25735,0.49
25736,0.895
25737,0.47
25738,0.885
25739,0.95
25740,0.825
25741,0.355
25742,0.8
25743,0.69
25744,0.945
25745,0.575
25746,0.93
25747,0.445
25748,0.67
25749,0.79
25750,0.825
25751,0.795
25752,0.55
25753,0.335
25754,0.53
25755,0.98
25756,0.885
25757,0.51
25758,0.735
25759,0.82
25760,0.63
25761,0.775
25762,0.835
25763,0.505
25764,0.915
25765,0.79
25766,0.84
25767,0.44
25768,0.835
25769,0.845
25770,0.845
25771,0.865
25772,0.485
25773,0.675
25774,0.715
25775,0.855
25776,0.68
25777,0.6
25778,0.855
25779,0.425
25780,0.845
25781,0.745
25782,0.895
25783,0.62
25784,0.8
25785,0.74
25786,0.59
25787,0.73
25788,0.605
25789,0.545
25790,0.865
25791,0.73
25792,0.8
25793,0.43
25794,0.65
25795,0.53
25796,0.72
25797,0.575
25798,0.46
25799,0.91
25800,0.75
25801,0.875
25802,0.61
25803,0.835
25804,0.83
25805,0.82
25806,0.745
25807,0.63
25808,0.775
25809,0.755
25810,0.675
25811,0.7
25812,0.705
25813,0.305
25814,0.94
25815,0.815
25816,0.615
25817,0.87
25818,0.67
25819,0.875
25820,0.585
25821,0.62
25822,0.615
25823,0.705
25824,0.63
25825,0.875
25826,0.985
25827,0.785
25828,0.64
25829,0.665
25830,0.79
25831,0.465
25832,0.675
25833,0.48
25834,0.89
25835,0.805
25836,0.885
25837,0.795
25838,0.79
25839,0.89
25840,0.865
25841,0.755
25842,0.745
25843,0.795
25844,0.685
25845,0.84
25846,0.875
25847,0.69
25848,0.845
25849,0.705
25850,0.805
25851,0.815
25852,0.8
25853,0.75
25854,0.635
25855,0.745
25856,0.71
25857,0.86
25858,0.77
25859,0.78
25860,0.79
25861,0.765
25862,0.93
25863,0.79
25864,0.865
25865,0.4
25866,0.64
25867,0.485
25868,0.29
25869,0.695
25870,0.73
25871,0.87
25872,0.67
25873,0.76
25874,0.785
25875,0.915
25876,0.68
25877,0.77
25878,0.62
25879,0.83
25880,0.94
25881,0.545
25882,0.765
25883,0.935
25884,0.78
25885,0.88
25886,0.7
25887,0.755
25888,0.93
25889,0.7
25890,0.685
25891,0.19
25892,0.52
25893,0.375
25894,0.755
25895,0.665
25896,0.64
25897,0.36
25898,0.865
25899,0.79
25900,0.57
25901,0.835
25902,0.545
25903,0.93
25904,0.815
25905,0.57
25906,0.25
25907,0.84
25908,0.555
25909,0.65
25910,0.5
25911,0.715
25912,0.955
25913,0.765
25914,0.52
25915,0.9
25916,0.9
25917,0.325
25918,0.47
25919,0.85
25920,0.625
25921,0.53
25922,0.565
25923,0.87
25924,0.585
25925,0.505
25926,0.585
25927,0.83
25928,0.765
25929,0.545
25930,0.705
25931,0.42
25932,0.9
25933,0.94
25934,0.605
25935,0.79
25936,0.75
25937,0.81
25938,0.7
25939,0.545
25940,0.76
25941,0.94
25942,0.825
25943,0.86
25944,0.665
25945,0.865
25946,0.825
25947,0.65
25948,0.805
25949,0.845
25950,0.71
25951,0.805
25952,0.725
25953,0.76
25954,0.465
25955,0.685
25956,0.88
25957,0.845
25958,0.91
25959,0.97
25960,0.745
25961,0.84
25962,0.885
25963,0.94
25964,0.775
25965,0.495
25966,0.655
25967,0.865
25968,0.925
25969,0.625
25970,0.625
25971,0.485
25972,0.79
25973,0.93
25974,0.75
25975,0.625
25976,0.81
25977,0.64
25978,0.76
25979,0.755
25980,0.495
25981,0.735
25982,0.97
25983,0.9
25984,0.555
25985,0.565
25986,0.335
25987,0.635
25988,0.81
25989,0.755
25990,0.91
25991,0.57
25992,0.475
25993,0.915
25994,0.525
25995,0.68
25996,0.92
25997,0.845
25998,0.645
25999,0.84
26000,0.68
26001,0.485
26002,0.615
26003,0.915
26004,0.66
26005,0.925
26006,0.63
26007,0.815
26008,0.595
26009,0.825
26010,0.62
26011,0.7
26012,0.895
26013,0.575
26014,0.73
26015,0.6
26016,0.825
26017,0.63
26018,0.695
26019,0.78
26020,0.525
26021,0.875
26022,0.785
26023,0.795
26024,0.965
26025,0.71
26026,0.87
26027,0.595
26028,0.735
26029,0.88
26030,0.675
26031,0.92
26032,0.785
26033,0.535
26034,0.315
26035,0.51
26036,0.81
26037,0.765
26038,0.57
26039,0.795
26040,0.9
26041,0.9
26042,0.505
26043,0.835
26044,0.7
26045,0.65
26046,0.855
26047,0.51
26048,0.47
26049,0.42
26050,0.665
26051,0.955
26052,0.75
26053,0.675
26054,0.985
26055,0.705
26056,0.545
26057,0.945
26058,0.935
26059,0.495
26060,0.755
26061,0.58
26062,0.875
26063,0.615
26064,0.57
26065,0.765
26066,0.93
26067,0.825
26068,0.76
26069,0.95
26070,0.655
26071,0.8
26072,0.815
26073,0.955
26074,0.9
26075,0.55
26076,0.725
26077,0.76
26078,0.865
26079,0.89
26080,0.715
26081,0.8
26082,0.56
26083,0.845
26084,0.815
26085,0.405
26086,0.79
26087,0.7
26088,0.645
26089,0.665
26090,0.78
26091,0.78
26092,0.66
26093,0.895
26094,0.81
26095,0.935
26096,0.63
26097,0.49
26098,0.885
26099,0.805
26100,0.58
26101,0.82
26102,0.645
26103,0.75
26104,0.65
26105,0.66
26106,0.85
26107,0.78
26108,0.625
26109,0.815
26110,0.615
26111,0.83
26112,0.545
26113,0.805
26114,0.51
26115,0.69
26116,0.98
26117,0.615
26118,0.87
26119,0.255
26120,0.665
26121,0.525
26122,0.93
26123,0.98
26124,0.855
26125,0.77
26126,0.975
26127,0.675
26128,0.88
26129,0.365
26130,0.7
26131,0.74
26132,0.415
26133,0.765
26134,0.83
26135,0.885
26136,0.735
26137,0.545
26138,0.63
26139,0.62
26140,0.935
26141,0.77
26142,0.575
26143,0.5
26144,0.655
26145,0.71
26146,0.94
26147,0.96
26148,0.845
26149,0.73
26150,0.405
26151,0.7
26152,0.905
26153,0.87
26154,0.59
26155,0.395
26156,0.635
26157,0.735
26158,0.715
26159,0.675
26160,0.53
26161,0.71
26162,0.825
26163,0.875
26164,0.96
26165,0.745
26166,0.305
26167,0.855
26168,0.435
26169,0.72
26170,0.595
26171,0.565
26172,0.585
26173,0.765
26174,0.49
26175,0.795
26176,0.79
26177,0.85
26178,0.645
26179,0.73
26180,0.815
26181,0.835
26182,0.635
26183,0.695
26184,0.755
26185,0.44
26186,0.72
26187,0.825
26188,0.905
26189,0.65
26190,0.71
26191,0.81
26192,0.785
26193,0.895
26194,0.855
26195,0.76
26196,0.635
26197,0.71
26198,0.94
26199,0.485
26200,0.62
26201,0.815
26202,0.47
26203,0.87
26204,0.715
26205,0.7
26206,0.785
26207,0.595
26208,0.615
26209,0.695
26210,0.73
26211,0.925
26212,0.43
26213,0.625
26214,0.83
26215,0.805
26216,0.855
26217,0.565
26218,0.805
26219,0.82
26220,0.795
26221,0.815
26222,0.87
26223,0.74
26224,0.745
26225,0.805
26226,0.705
26227,0.935
26228,0.61
26229,0.825
26230,0.54
26231,0.725
26232,0.94
26233,0.49
26234,0.73
26235,0.805
26236,0.79
26237,0.785
26238,0.88
26239,0.9
26240,0.54
26241,0.91
26242,0.655
26243,0.775
26244,0.66
26245,0.525
26246,0.96
26247,0.545
26248,0.675
26249,0.76
26250,0.92
26251,0.425
26252,0.375
26253,0.64
26254,0.73
26255,0.465
26256,0.805
26257,0.975
26258,0.91
26259,0.915
26260,0.935
26261,0.665
26262,0.71
26263,0.75
26264,0.48
26265,0.65
26266,0.595
26267,0.445
26268,0.43
26269,0.855
26270,0.95
26271,0.78
26272,0.605
26273,0.755
26274,0.69
26275,0.67
26276,0.825
26277,0.93
26278,0.665
26279,0.655
26280,0.925
26281,0.62
26282,0.385
26283,0.63
26284,0.525
26285,0.76
26286,0.405
26287,0.825
26288,0.505
26289,0.61
26290,0.86
26291,0.78
26292,0.455
26293,0.57
26294,0.87
26295,0.69
26296,0.65
26297,0.715
26298,0.595
26299,0.6
26300,0.575
26301,0.64
26302,0.87
26303,0.795
26304,0.72
26305,0.89
26306,0.77
26307,0.805
26308,0.675
26309,0.595
26310,0.71
26311,0.925
26312,0.89
26313,0.87
26314,0.855
26315,0.75
26316,0.46
26317,0.695
26318,0.63
26319,0.93
26320,0.63
26321,0.665
26322,0.725
26323,0.775
26324,0.715
26325,0.925
26326,0.73
26327,0.84
26328,0.545
26329,0.945
26330,0.96
26331,0.875
26332,0.375
26333,0.865
26334,0.92
26335,0.92
26336,0.6
26337,0.725
26338,0.74
26339,0.735
26340,0.86
26341,0.885
26342,0.8
26343,0.865
26344,0.86
26345,0.4
26346,0.755
26347,0.82
26348,0.55
26349,0.895
26350,0.935
26351,0.73
26352,0.79
26353,0.685
26354,0.89
26355,0.88
26356,0.565
26357,0.85
26358,0.595
26359,0.385
26360,0.69
26361,0.735
26362,0.57
26363,0.765
26364,0.365
26365,0.62
26366,0.97
26367,0.655
26368,0.915
26369,0.835
26370,0.795
26371,0.665
26372,0.61
26373,0.375
26374,0.975
26375,0.705
26376,0.635
26377,0.735
26378,0.42
26379,0.53
26380,0.71
26381,0.585
26382,0.95
26383,0.54
26384,0.575
26385,0.58
26386,0.635
26387,0.825
26388,0.68
26389,0.34
26390,0.575
26391,0.345
26392,0.665
26393,0.995
26394,0.91
26395,0.59
26396,0.665
26397,0.85
26398,0.74
26399,0.565
26400,0.57
26401,0.935
26402,0.765
26403,0.695
26404,0.42
26405,0.72
26406,0.925
26407,0.685
26408,0.73
26409,0.91
26410,0.76
26411,0.79
26412,0.995
26413,0.75
26414,0.6
26415,0.75
26416,0.825
26417,0.725
26418,0.975
26419,0.54
26420,0.74
26421,0.745
26422,0.985
26423,0.61
26424,0.74
26425,0.77
26426,0.915
26427,0.84
26428,0.515
26429,0.495
26430,0.71
26431,0.98
26432,0.865
26433,0.885
26434,0.73
26435,0.73
26436,0.6
26437,0.64
26438,0.675
26439,0.705
26440,0.545
26441,0.62
26442,0.62
26443,0.49
26444,0.765
26445,0.985
26446,0.84
26447,0.82
26448,0.815
26449,0.845
26450,0.8
26451,0.76
26452,0.86
26453,0.36
26454,0.945
26455,0.865
26456,0.81
26457,0.595
26458,0.825
26459,0.705
26460,0.835
26461,0.185
26462,0.395
26463,0.965
26464,0.72
26465,0.72
26466,0.74
26467,0.625
26468,0.495
26469,0.93
26470,0.915
26471,0.885
26472,0.56
26473,0.705
26474,0.845
26475,0.68
26476,0.855
26477,0.695
26478,0.795
26479,0.97
26480,0.755
26481,0.785
26482,0.785
26483,0.35
26484,0.695
26485,0.72
26486,0.925
26487,0.715
26488,0.725
26489,0.6
26490,0.59
26491,0.855
26492,0.68
26493,0.66
26494,0.315
26495,0.685
26496,0.73
26497,0.815
26498,0.905
26499,0.6
26500,0.795
26501,0.885
26502,0.75
26503,0.825
26504,0.895
26505,0.625
26506,0.615
26507,0.72
26508,0.81
26509,0.605
26510,0.805
26511,0.77
26512,0.78
26513,0.6
26514,0.88
26515,0.79
26516,0.52
26517,0.785
26518,0.75
26519,0.415
26520,0.745
26521,0.695
26522,0.925
26523,0.555
26524,0.765
26525,0.76
26526,0.935
26527,0.695
26528,0.58
26529,0.84
26530,0.91
26531,0.905
26532,0.635
26533,0.755
26534,0.95
26535,0.575
26536,0.825
26537,0.795
26538,0.28
26539,0.985
26540,0.885
26541,0.675
26542,0.735
26543,0.85
26544,0.87
26545,0.705
26546,0.845
26547,0.85
26548,0.85
26549,0.455
26550,0.97
26551,0.755
26552,0.715
26553,0.85
26554,0.745
26555,0.425
26556,0.945
26557,0.61
26558,0.8
26559,0.375
26560,0.585
26561,0.68
26562,0.91
26563,0.925
26564,0.595
26565,0.695
26566,0.76
26567,0.74
26568,0.77
26569,0.695
26570,0.485
26571,0.37
26572,0.78
26573,0.84
26574,0.79
26575,0.425
26576,0.655
26577,0.89
26578,0.85
26579,0.685
26580,0.985
26581,0.605
26582,0.915
26583,0.63
26584,0.895
26585,0.92
26586,0.88
26587,0.95
26588,0.51
26589,0.8
26590,0.49
26591,0.795
26592,0.7
26593,0.655
26594,0.825
26595,0.655
26596,0.8
26597,0.815
26598,0.96
26599,0.555
26600,0.79
26601,0.935
26602,0.645
26603,0.855
26604,0.5
26605,0.575
26606,0.485
26607,0.835
26608,0.83
26609,0.885
26610,0.745
26611,0.645
26612,0.645
26613,0.79
26614,0.97
26615,0.91
26616,0.78
26617,0.735
26618,0.615
26619,0.78
26620,0.835
26621,0.92
26622,0.83
26623,0.805
26624,0.625
26625,0.22
26626,0.57
26627,0.685
26628,0.21
26629,0.84
26630,0.835
26631,0.185
26632,0.61
26633,0.685
26634,0.68
26635,0.76
26636,0.755
26637,0.54
26638,0.825
26639,0.56
26640,0.16
26641,0.685
26642,0.775
26643,0.945
26644,0.975
26645,0.585
26646,0.82
26647,0.855
26648,0.975
26649,0.665
26650,0.825
26651,0.605
26652,0.935
26653,0.83
26654,0.555
26655,0.93
26656,0.935
26657,0.77
26658,0.805
26659,0.71
26660,0.68
26661,0.785
26662,0.745
26663,0.75
26664,0.655
26665,0.665
26666,0.45
26667,0.71
26668,0.725
26669,0.705
26670,0.9
26671,0.71
26672,0.58
26673,0.92
26674,0.84
26675,0.83
26676,0.675
26677,0.83
26678,0.545
26679,0.67
26680,0.835
26681,0.62
26682,0.835
26683,0.53
26684,0.95
26685,0.63
26686,0.645
26687,0.95
26688,0.695
26689,0.88
26690,0.845
26691,0.225
26692,0.69
26693,0.52
26694,0.935
26695,0.835
26696,0.75
26697,0.81
26698,0.72
26699,0.63
26700,0.95
26701,0.675
26702,0.74
26703,0.75
26704,0.92
26705,0.72
26706,0.785
26707,0.675
26708,0.62
26709,0.575
26710,0.87
26711,0.695
26712,0.765
26713,0.835
26714,0.7
26715,0.765
26716,0.82
26717,0.565
26718,0.865
26719,0.64
26720,0.9
26721,0.87
26722,0.47
26723,0.565
26724,0.94
26725,0.75125
26726,0.74
26727,0.825
26728,0.75
26729,0.915
26730,0.915
26731,0.96
26732,0.465
26733,0.745
26734,0.65
26735,0.535
26736,0.92
26737,0.725
26738,0.64
26739,0.655
26740,0.47
26741,0.75
26742,0.345
26743,0.83
26744,0.73
26745,0.335
26746,0.58
26747,0.515
26748,0.8
26749,0.89
26750,0.77
26751,0.53
26752,0.695
26753,0.875
26754,0.53
26755,0.59
26756,0.6
26757,0.86
26758,0.82
26759,0.425
26760,0.665
26761,0.93
26762,0.545
26763,0.515
26764,0.83
26765,0.68
26766,0.925
26767,0.725
26768,0.89
26769,0.4
26770,0.85
26771,0.99
26772,0.535
26773,0.905
26774,0.69
26775,0.865
26776,0.8
26777,0.71
26778,0.605
26779,0.82
26780,0.68
26781,0.64
26782,0.825
26783,0.19
26784,0.415
26785,0.5
26786,0.405
26787,0.915
26788,0.505
26789,0.695
26790,0.705
26791,0.745
26792,0.89
26793,0.62
26794,0.655
26795,0.785
26796,0.875
26797,0.755
26798,0.485
26799,0.625
26800,0.685
26801,0.91
26802,0.95
26803,0.655
26804,0.55
26805,0.955
26806,0.705
26807,0.665
26808,0.6
26809,0.785
26810,0.985
26811,0.57
26812,0.75
26813,0.89
26814,0.66
26815,0.665
26816,0.655
26817,0.87
26818,0.61
26819,0.98
26820,0.485
26821,0.9
26822,0.38
26823,0.94
26824,0.79
26825,0.78
26826,0.6
26827,0.565
26828,0.71
26829,0.85
26830,0.97
26831,0.56
26832,0.795
26833,0.125
26834,0.755
26835,0.565
26836,0.775
26837,0.57
26838,0.53
26839,0.765
26840,0.95
26841,0.83
26842,0.6
26843,0.46
26844,0.785
26845,0.99
26846,0.97
26847,0.78
26848,0.765
26849,0.695
26850,0.72
26851,0.555
26852,0.415
26853,0.77
26854,0.64
26855,0.445
26856,0.545
26857,0.775
26858,0.81
26859,0.86
26860,0.765
26861,0.885
26862,0.79
26863,0.695
26864,0.42
26865,0.695
26866,0.41
26867,0.74
26868,0.51
26869,0.85
26870,0.83
26871,0.78
26872,0.59
26873,0.76
26874,0.585
26875,0.825
26876,0.83
26877,0.855
26878,0.725
26879,0.75
26880,0.79
26881,0.895
26882,0.81
26883,0.81
26884,0.625
26885,0.555
26886,0.815
26887,0.625
26888,0.72
26889,0.86
26890,0.71
26891,0.655
26892,0.48
26893,0.89
26894,0.865
26895,0.955
26896,0.635
26897,0.875
26898,0.365
26899,0.855
26900,0.985
26901,0.865
26902,0.91
26903,0.93
26904,0.795
26905,0.52
26906,0.83
26907,0.905
26908,0.635
26909,0.915
26910,0.635
26911,0.87
26912,0.49
26913,0.36
26914,0.895
26915,0.64
26916,0.925
26917,0.965
26918,0.785
26919,0.655
26920,0.28
26921,0.815
26922,0.445
26923,0.695
26924,0.88
26925,0.57
26926,0.825
26927,0.755
26928,0.67
26929,0.64
26930,0.28
26931,0.945
26932,0.775
26933,0.585
26934,0.575
26935,0.105
26936,0.43
26937,0.82
26938,0.455
26939,0.74
26940,0.79
26941,0.42
26942,0.85
26943,0.8
26944,0.545
26945,0.575
26946,0.775
26947,0.485
26948,0.565
26949,0.93
26950,0.525
26951,0.755
26952,0.2
26953,0.77
26954,0.835
26955,0.93
26956,0.475
26957,0.75
26958,0.82
26959,0.435
26960,0.705
26961,0.845
26962,0.565
26963,0.65
26964,0.53
26965,0.355
26966,0.56
26967,0.855
26968,0.805
26969,0.79
26970,0.59
26971,0.955
26972,0.745
26973,0.72
26974,0.93
26975,0.75
26976,0.675
26977,0.835
26978,0.615
26979,0.81
26980,0.865
26981,0.675
26982,0.745
26983,0.795
26984,0.515
26985,0.65
26986,0.675
26987,0.74
26988,0.835
26989,0.96
26990,0.655
26991,0.815
26992,0.84
26993,0.905
26994,0.77
26995,0.77
26996,0.94
26997,0.765
26998,0.825
26999,0.525
27000,0.445
27001,0.46
27002,0.845
27003,0.935
27004,0.72
27005,0.575
27006,0.895
27007,0.445
27008,0.64
27009,0.93
27010,0.57
27011,0.63
27012,0.575
27013,0.91
27014,0.885
27015,0.4
27016,0.67
27017,0.69
27018,0.69
27019,0.765
27020,0.1
27021,0.54
27022,0.875
27023,0.47
27024,0.675
27025,0.85
27026,0.795
27027,0.97
27028,0.705
27029,0.675
27030,0.825
27031,0.73
27032,0.6
27033,0.68
27034,0.835
27035,0.65
27036,0.695
27037,0.845
27038,0.875
27039,0.905
27040,0.54
27041,0.85
27042,0.855
27043,0.705
27044,0.595
27045,0.67
27046,0.57
27047,0.57
27048,0.59
27049,0.68
27050,0.845
27051,0.735
27052,0.79
27053,0.7
27054,0.855
27055,0.525
27056,0.46
27057,0.375
27058,0.82
27059,0.78
27060,0.805
27061,0.69
27062,0.545
27063,0.645
27064,0.695
27065,0.36
27066,0.245
27067,0.935
27068,0.695
27069,0.41
27070,0.755
27071,0.425
27072,0.67
27073,0.46
27074,0.75
27075,0.82
27076,0.475
27077,0.525
27078,0.455
27079,0.695
27080,0.55
27081,0.785
27082,0.55
27083,0.85
27084,0.78
27085,0.835
27086,0.7
27087,0.695
27088,0.535
27089,0.94
27090,0.87
27091,0.68
27092,0.605
27093,0.675
27094,0.87
27095,0.83
27096,0.835
27097,0.8
27098,0.76
27099,0.72
27100,0.82
27101,0.635
27102,0.93
27103,0.95
27104,0.95
27105,0.89
27106,0.545
27107,0.885
27108,0.965
27109,0.855
27110,0.945
27111,0.855
27112,0.87
27113,0.905
27114,0.83
27115,0.805
27116,0.51
27117,0.655
27118,0.82875
27119,0.51
27120,0.66
27121,0.915
27122,0.91
27123,0.655
27124,0.9
27125,0.52
27126,0.875
27127,0.655
27128,0.85
27129,0.695
27130,0.69
27131,0.865
27132,0.635
27133,0.53
27134,0.68
27135,0.71
27136,0.21
27137,0.675
27138,0.42
27139,0.75
27140,0.595
27141,0.505
27142,0.845
27143,0.64
27144,0.63
27145,0.885
27146,0.735
27147,0.61
27148,0.675
27149,0.845
27150,0.735
27151,0.69
27152,0.63
27153,0.77
27154,0.505
27155,0.83
27156,0.88
27157,0.73
27158,0.79
27159,0.685
27160,0.965
27161,0.985
27162,0.39
27163,0.73
27164,0.78
27165,0.665
27166,0.675
27167,0.645
27168,0.665
27169,0.675
27170,0.8
27171,0.75
27172,0.73
27173,0.49
27174,0.69
27175,0.745
27176,0.83
27177,0.52
27178,0.64
27179,0.79
27180,0.715
27181,0.795
27182,0.64
27183,0.51
27184,0.63
27185,0.605
27186,0.83
27187,0.63
27188,0.915
27189,0.925
27190,0.445
27191,0.96
27192,0.445
27193,0.555
27194,0.67
27195,0.755
27196,0.905
27197,0.645
27198,0.93
27199,0.67
27200,0.81
27201,0.325
27202,0.86
27203,0.86
27204,0.27
27205,0.75
27206,0.445
27207,0.465
27208,0.71
27209,0.83
27210,0.595
27211,0.765
27212,0.6
27213,0.765
27214,0.8
27215,0.38
27216,0.84
27217,0.44
27218,0.63
27219,0.75
27220,0.965
27221,0.555
27222,0.69
27223,0.655
27224,0.67
27225,0.87
27226,0.955
27227,0.755
27228,0.875
27229,0.81
27230,0.635
27231,0.61
27232,0.775
27233,0.635
27234,0.53
27235,0.53
27236,0.66
27237,0.755
27238,0.755
27239,0.845
27240,0.585
27241,0.9
27242,0.885
27243,0.57
27244,0.655
27245,0.355
27246,0.45
27247,0.845
27248,0.565
27249,0.97
27250,0.155
27251,0.52
27252,0.715
27253,0.69
27254,0.745
27255,0.735
27256,0.67
27257,0.705
27258,0.74
27259,0.475
27260,0.755
27261,0.7
27262,0.755
27263,0.93
27264,0.74
27265,0.67
27266,0.8
27267,0.765
27268,0.715
27269,0.67
27270,0.865
27271,0.665
27272,0.965
27273,0.935
27274,0.795
27275,0.38
27276,0.635
27277,0.805
27278,0.59
27279,0.9
27280,0.64
27281,0.235
27282,0.76
27283,0.44
27284,0.745
27285,0.88
27286,0.705
27287,0.86
27288,0.965
27289,0.8
27290,0.655
27291,0.785
27292,0.78
27293,0.695
27294,0.79
27295,0.815
27296,0.88
27297,0.795
27298,0.885
27299,0.72
27300,0.575
27301,0.365
27302,0.725
27303,0.285
27304,0.905
27305,0.46
27306,0.84
27307,0.6
27308,0.82
27309,0.94
27310,0.565
27311,0.485
27312,0.745
27313,0.42
27314,0.74
27315,0.74
27316,0.5
27317,0.715
27318,0.535
27319,0.915
27320,0.845
27321,0.4
27322,0.75
27323,0.59
27324,0.34
27325,0.725
27326,0.765
27327,0.84
27328,0.72
27329,0.505
27330,0.795
27331,0.415
27332,0.74
27333,0.93
27334,0.57
27335,0.885
27336,0.685
27337,0.86
27338,0.665
27339,0.515
27340,0.775
27341,0.96
27342,0.68
27343,0.77
27344,0.725
27345,0.33
27346,0.885
27347,0.545
27348,0.72
27349,0.625
27350,0.945
27351,0.85
27352,0.84
27353,0.855
27354,0.51
27355,0.735
27356,0.795
27357,0.725
27358,0.905
27359,0.795
27360,0.505
27361,0.67
27362,0.86
27363,0.87
27364,0.805
27365,0.64
27366,0.92
27367,0.76
27368,0.51
27369,0.845
27370,0.81
27371,0.915
27372,0.915
27373,0.94
27374,0.75
27375,0.43
27376,0.68
27377,0.765
27378,0.595
27379,0.515
27380,0.625
27381,0.725
27382,0.75
27383,0.575
27384,0.725
27385,0.55
27386,0.705
27387,0.555
27388,0.78
27389,0.42
27390,0.735
27391,0.3
27392,0.77
27393,0.79
27394,0.545
27395,0.84
27396,0.75
27397,0.565
27398,0.67
27399,0.675
27400,0.54
27401,0.63
27402,0.745
27403,0.555
27404,0.79
27405,0.595
27406,0.325
27407,0.77
27408,0.5
27409,0.65
27410,0.82
27411,0.605
27412,0.965
27413,0.7
27414,0.415
27415,0.305
27416,0.36
27417,0.72
27418,0.84
27419,0.59
27420,0.92
27421,0.87
27422,0.66
27423,0.945
27424,0.815
27425,0.74
27426,0.575
27427,0.865
27428,0.81
27429,0.51
27430,0.675
27431,0.905
27432,0.855
27433,0.375
27434,0.605
27435,0.78
27436,0.885
27437,0.48
27438,0.86
27439,0.735
27440,0.965
27441,0.855
27442,0.63
27443,0.86
27444,0.86
27445,0.91
27446,0.66
27447,0.75
27448,0.92
27449,0.815
27450,0.86
27451,0.805
27452,0.51
27453,0.87
27454,0.67
27455,0.875
27456,0.935
27457,0.805
27458,0.775
27459,0.56
27460,0.455
27461,0.86
27462,0.81
27463,0.87
27464,0.645
27465,0.675
27466,0.855
27467,0.925
27468,0.935
27469,0.845
27470,0.84
27471,0.69
27472,0.75
27473,0.835
27474,0.9
27475,0.97
27476,0.65
27477,0.785
27478,0.88
27479,0.685
27480,0.45
27481,0.465
27482,0.895
27483,0.63
27484,0.685
27485,0.575
27486,0.595
27487,0.615
27488,0.835
27489,0.83
27490,0.595
27491,0.905
27492,0.67
27493,0.63
27494,0.955
27495,0.885
27496,0.825
27497,0.635
27498,0.645
27499,0.745
27500,0.885
27501,0.95
27502,0.25
27503,0.79
27504,0.625
27505,0.595
27506,0.625
27507,0.61
27508,0.78
27509,0.625
27510,0.85
27511,0.565
27512,0.985
27513,0.865
27514,0.66
27515,0.73
27516,0.805
27517,0.865
27518,0.635
27519,0.555
27520,0.95
27521,0.885
27522,0.815
27523,0.78
27524,0.465
27525,0.75
27526,0.62
27527,0.58
27528,0.825
27529,0.595
27530,0.62
27531,0.09
27532,0.78
27533,0.91
27534,0.885
27535,0.845
27536,0.715
27537,0.81
27538,0.96375
27539,0.795
27540,0.53
27541,0.745
27542,0.955
27543,0.475
27544,0.85
27545,0.95
27546,0.64
27547,0.64
27548,0.555
27549,0.77
27550,0.84
27551,0.735
27552,0.805
27553,0.41
27554,0.875
27555,0.695
27556,0.895
27557,0.805
27558,0.46
27559,0.835
27560,0.685
27561,0.355
27562,0.705
27563,0.635
27564,0.48
27565,0.735
27566,0.815
27567,0.77
27568,0.925
27569,0.97
27570,0.605
27571,0.725
27572,0.48
27573,0.71
27574,0.635
27575,0.91
27576,0.805
27577,0.66
27578,0.63
27579,0.93
27580,0.69
27581,0.91
27582,0.745
27583,0.695
27584,0.86
27585,0.865
27586,0.86
27587,0.76
27588,0.875
27589,0.725
27590,0.915
27591,0.65
27592,0.97
27593,0.965
27594,0.69
27595,0.595
27596,0.735
27597,0.305
27598,0.86
27599,0.855
27600,0.68
27601,0.98
27602,0.465
27603,0.79
27604,0.59
27605,0.22
27606,0.74
27607,0.675
27608,0.62
27609,0.86
27610,0.765
27611,0.795
27612,0.82
27613,0.75
27614,0.125
27615,0.74
27616,0.63
27617,0.94
27618,0.735
27619,0.675
27620,0.73
27621,0.92
27622,0.54
27623,0.865
27624,0.635
27625,0.765
27626,0.6
27627,0.71
27628,0.855
27629,0.89
27630,0.73
27631,0.833571
27632,0.94
27633,0.825
27634,0.83
27635,0.725
27636,0.875
27637,0.315
27638,0.595
27639,0.605
27640,0.84
27641,0.865
27642,0.635
27643,0.65
27644,0.375
27645,0.98
27646,0.695
27647,0.815
27648,0.765
27649,0.645
27650,0.945
27651,0.755
27652,0.955
27653,0.81
27654,0.695
27655,0.915
27656,0.825
27657,0.34
27658,0.71
27659,0.735
27660,0.75
27661,0.535
27662,0.795
27663,0.62
27664,0.7
27665,0.71
27666,0.755
27667,0.905
27668,0.46
27669,0.765
27670,0.635
27671,0.54
27672,0.57
27673,0.745
27674,0.525
27675,0.805
27676,0.955
27677,0.595
27678,0.545
27679,0.58
27680,0.69
27681,0.995
27682,0.745
27683,0.95
27684,0.625
27685,0.76
27686,0.53
27687,0.795
27688,0.615
27689,0.485
27690,0.89
27691,0.74
27692,0.335
27693,0.495
27694,0.86
27695,0.755
27696,0.75
27697,0.66
27698,0.665
27699,0.715
27700,0.78
27701,0.975
27702,0.71
27703,0.695
27704,0.83
27705,0.135
27706,0.91
27707,0.675
27708,0.755
27709,0.965
27710,0.8
27711,0.635
27712,0.86
27713,0.46
27714,0.48
27715,0.965
27716,0.82
27717,0.89
27718,0.605
27719,0.75
27720,0.97
27721,0.99
27722,0.775
27723,0.565
27724,0.78
27725,0.605
27726,0.695
27727,0.5
27728,0.745
27729,0.9
27730,0.65
27731,0.375
27732,0.575
27733,0.645
27734,0.815
27735,0.78
27736,0.795
27737,0.975
27738,0.725
27739,0.675
27740,0.875
27741,0.86
27742,0.435
27743,0.955
27744,0.635
27745,0.895
27746,0.5
27747,0.77
27748,0.735
27749,0.575
27750,0.965
27751,0.775
27752,0.765
27753,0.6
27754,0.725
27755,0.565
27756,0.875
27757,0.715
27758,0.91
27759,0.74
27760,0.84
27761,0.53
27762,0.605
27763,0.665
27764,0.69
27765,0.565
27766,0.81
27767,0.505
27768,0.61
27769,0.69
27770,0.94
27771,0.665
27772,0.555
27773,0.895
27774,0.58
27775,0.8
27776,0.835
27777,0.89
27778,0.72
27779,0.65
27780,0.89
27781,0.735
27782,0.805
27783,0.52
27784,0.915
27785,0.475
27786,0.955
27787,0.79
27788,0.93
27789,0.515
27790,0.805
27791,0.805
27792,0.45
27793,0.93
27794,0.775
27795,0.845
27796,0.565
27797,0.79
27798,0.615
27799,0.915
27800,0.565
27801,0.995
27802,0.83
27803,0.605
27804,0.605
27805,0.675
27806,0.775
27807,0.91
27808,0.655
27809,0.55
27810,0.84
27811,0.605
27812,0.9
27813,0.65
27814,0.795
27815,0.945
27816,0.475
27817,0.41
27818,0.73
27819,0.62
27820,0.625
27821,0.485
27822,0.675
27823,0.9
27824,0.6
27825,0.92
27826,0.605
27827,0.505
27828,0.675
27829,0.79
27830,0.82
27831,0.955
27832,0.735
27833,0.645
27834,0.79
27835,0.985
27836,0.56
27837,0.54
27838,0.595
27839,0.55
27840,0.525
27841,0.46
27842,0.665
27843,0.815
27844,0.9
27845,0.9
27846,0.625
27847,0.45
27848,0.555
27849,0.68
27850,0.895
27851,0.885
27852,0.65
27853,0.6
27854,0.75
27855,0.965
27856,0.66
27857,0.885
27858,0.78
27859,0.245
27860,0.5
27861,0.425
27862,0.85
27863,0.705
27864,0.815
27865,0.865
27866,0.97
27867,0.765
27868,0.635
27869,0.79
27870,0.6
27871,0.725
27872,0.87
27873,0.815
27874,0.7
27875,0.97
27876,0.78
27877,0.545
27878,0.665
27879,0.645
27880,0.6
27881,0.585
27882,0.88
27883,0.985
27884,0.965
27885,0.76
27886,0.625
27887,0.945
27888,0.595
27889,0.795
27890,0.41
27891,0.88
27892,0.75
27893,0.78
27894,0.555
27895,0.835
27896,0.66
27897,0.795
27898,0.68
27899,0.795
27900,0.595
27901,0.905
27902,0.415
27903,0.48
27904,0.985
27905,0.945
27906,0.71
27907,0.92
27908,0.41
27909,0.76
27910,0.79
27911,0.81
27912,0.785
27913,0.675
27914,0.935
27915,0.575
27916,0.8
27917,0.465
27918,0.765
27919,0.455
27920,0.675
27921,0.505
27922,0.775
27923,0.84
27924,0.905
27925,0.845
27926,0.66
27927,0.7
27928,0.68
27929,0.825
27930,0.805
27931,0.695
27932,0.91
27933,0.725
27934,0.655
27935,0.81
27936,0.78
27937,0.76
27938,0.755
27939,0.84
27940,0.615
27941,0.665
27942,0.78
27943,0.865
27944,0.955
27945,0.765
27946,0.665
27947,0.62
27948,0.495
27949,0.585
27950,0.495
27951,0.74
27952,0.83
27953,0.685
27954,0.83
27955,0.58
27956,0.86
27957,0.645
27958,0.71
27959,0.64
27960,0.675
27961,0.8
27962,0.625
27963,0.695
27964,0.795
27965,0.585
27966,0.7
27967,0.94
27968,0.88
27969,0.705
27970,0.97
27971,0.775
27972,0.795
27973,0.715
27974,0.66
27975,0.765
27976,0.76
27977,0.69
27978,0.76
27979,0.59
27980,0.645
27981,0.645
27982,0.825
27983,0.25
27984,0.635
27985,0.855
27986,0.945
27987,0.815
27988,0.555
27989,0.825
27990,0.885
27991,0.985
27992,0.545
27993,0.945
27994,0.385
27995,0.46
27996,0.725
27997,0.685
27998,0.97
27999,0.54
28000,0.82
28001,0.705
28002,0.815
28003,0.945
28004,0.695
28005,0.66
28006,0.56
28007,0.44
28008,0.895
28009,0.66
28010,0.675
28011,0.775
28012,0.975
28013,0.9
28014,0.975
28015,0.665
28016,0.525
28017,0.53
28018,0.885
28019,0.895
28020,0.25
28021,0.345
28022,0.945
28023,0.705
28024,0.775
28025,0.65
28026,0.81
28027,0.975
28028,0.845
28029,0.685
28030,0.515
28031,0.825
28032,0.905
28033,0.78
28034,0.69
28035,0.645
28036,0.7
28037,0.645
28038,0.71
28039,0.565
28040,0.68
28041,0.64
28042,0.58
28043,0.81
28044,0.645
28045,0.865
28046,0.99
28047,0.845
28048,0.885
28049,0.68
28050,0.555
28051,0.79
28052,0.665
28053,0.81
28054,0.5
28055,0.555
28056,0.905
28057,0.775
28058,0.32
28059,0.67
28060,0.72
28061,0.86
28062,0.3
28063,0.47
28064,0.435
28065,0.89
28066,0.75
28067,0.695
28068,0.905
28069,0.65
28070,0.73
28071,0.94
28072,0.43
28073,0.6
28074,0.525
28075,0.83
28076,0.415
28077,0.835
28078,0.39
28079,0.695
28080,0.985
28081,0.69
28082,0.905
28083,0.685
28084,0.69
28085,0.815
28086,0.565
28087,0.735
28088,0.43
28089,0.495
28090,0.645
28091,0.705
28092,0.955
28093,0.935
28094,0.605
28095,0.67
28096,0.925
28097,0.77
28098,0.96
28099,0.73
28100,0.795
28101,0.78
28102,0.66
28103,0.645
28104,0.42
28105,0.335
28106,0.74
28107,0.57
28108,0.98
28109,0.98
28110,0.33
28111,0.97
28112,0.945
28113,0.805
28114,0.785
28115,0.805
28116,0.725
28117,0.72
28118,0.48
28119,0.81
28120,0.655
28121,0.83
28122,0.8
28123,0.925
28124,0.52
28125,0.795
28126,0.725
28127,0.81
28128,0.67
28129,0.6
28130,0.655
28131,0.525
28132,0.955
28133,0.575
28134,0.72
28135,0.44
28136,0.765
28137,0.415
28138,0.685
28139,0.635
28140,0.575
28141,0.765
28142,0.73
28143,0.88
28144,0.785
28145,0.565
28146,0.95
28147,0.555
28148,0.815
28149,0.71
28150,0.98
28151,0.84
28152,0.67
28153,0.81
28154,0.71
28155,0.795
28156,0.81
28157,0.955
28158,0.785
28159,0.875
28160,0.365
28161,0.61
28162,0.745
28163,0.835
28164,0.81
28165,0.545
28166,0.885
28167,0.84
28168,0.375
28169,0.715
28170,0.915
28171,0.715
28172,0.86
28173,0.67
28174,0.85
28175,0.87
28176,0.78
28177,0.72
28178,0.8
28179,0.705
28180,0.825
28181,0.62
28182,0.92
28183,0.95
28184,0.6
28185,0.635
28186,0.59
28187,0.68
28188,0.505
28189,0.37
28190,0.84
28191,0.765
28192,0.48
28193,0.8
28194,0.825
28195,0.495
28196,0.755
28197,0.78
28198,0.845
28199,0.335
28200,0.83
28201,0.595
28202,0.95
28203,0.505
28204,0.715
28205,0.98
28206,0.82
28207,0.865
28208,0.72
28209,0.695
28210,0.805
28211,0.72
28212,0.65
28213,0.625
28214,0.635
28215,0.715
28216,0.39
28217,0.61
28218,0.77
28219,0.655
28220,0.925
28221,0.645
28222,0.385
28223,0.73
28224,0.91
28225,0.695
28226,0.54
28227,0.89
28228,0.5
28229,0.705
28230,0.165
28231,0.39
28232,0.645
28233,0.885
28234,0.935
28235,0.835
28236,0.845
28237,0.61
28238,0.63
28239,0.47
28240,0.67
28241,0.975
28242,0.64
28243,0.85
28244,0.715
28245,0.485
28246,0.625
28247,0.725
28248,0.835
28249,0.905
28250,0.63
28251,0.33
28252,0.825
28253,0.83
28254,0.445
28255,0.925
28256,0.6
28257,0.715
28258,0.605
28259,0.605
28260,0.46
28261,0.805
28262,0.56
28263,0.71
28264,0.545
28265,0.9
28266,0.855
28267,0.31
28268,0.925
28269,0.955
28270,0.405
28271,0.91
28272,0.435
28273,0.78
28274,0.705
28275,0.785
28276,0.785
28277,0.74
28278,0.905
28279,0.645
28280,0.86
28281,0.865
28282,0.735
28283,0.9
28284,0.79
28285,0.855
28286,0.755
28287,0.72
28288,0.71
28289,0.625
28290,0.805
28291,0.955
28292,0.955
28293,0.855
28294,0.995
28295,0.575
28296,0.41
28297,0.655
28298,0.7
28299,0.805
28300,0.89
28301,0.665
28302,0.405
28303,0.795
28304,0.575
28305,0.455
28306,0.655
28307,0.77
28308,0.89
28309,0.78
28310,0.765
28311,0.815
28312,0.56
28313,0.445
28314,0.725
28315,0.515
28316,0.775
28317,0.73
28318,0.595
28319,0.75
28320,0.61
28321,0.635
28322,0.77
28323,0.68
28324,0.85
28325,0.825
28326,0.39
28327,0.09
28328,0.245
28329,0.595
28330,0.475
28331,0.83
28332,0.705
28333,0.715
28334,0.715
28335,0.57
28336,0.785
28337,0.73
28338,0.38
28339,0.925
28340,0.615
28341,0.56
28342,0.655
28343,0.48
28344,0.585
28345,0.47
28346,0.925
28347,0.48
28348,0.47
28349,0.78
28350,0.56
28351,0.545
28352,0.315
28353,0.61
28354,0.555
28355,0.445
28356,0.71
28357,0.785
28358,0.895
28359,0.33
28360,0.495
28361,0.79
28362,0.615
28363,0.66
28364,0.755
28365,0.765
28366,0.77
28367,0.96
28368,0.595
28369,0.52
28370,0.765
28371,0.805
28372,0.94
28373,0.88
28374,0.475
28375,0.83
28376,0.7
28377,0.73
28378,0.9
28379,0.525
28380,0.62
28381,0.715
28382,0.645
28383,0.82
28384,0.47
28385,0.965
28386,0.87
28387,0.52
28388,0.82
28389,0.605
28390,0.71
28391,0.778571
28392,0.99
28393,0.815
28394,0.72
28395,0.48
28396,0.71
28397,0.82
28398,0.865
28399,0.77
28400,0.605
28401,0.9
28402,0.61
28403,0.71
28404,0.7
28405,0.955
28406,0.995
28407,0.765
28408,0.76
28409,0.895
28410,0.415
28411,0.9
28412,0.865
28413,0.59
28414,0.525
28415,0.81
28416,0.65
28417,0.695
28418,0.77
28419,0.55
28420,0.66
28421,0.845
28422,0.68
28423,0.575
28424,0.795
28425,0.665
28426,0.705
28427,0.655
28428,0.9
28429,0.855
28430,0.825
28431,0.97
28432,0.785
28433,0.91
28434,0.88
28435,0.665
28436,0.66
28437,0.845
28438,0.705
28439,0.48
28440,0.63
28441,0.875
28442,0.71
28443,0.915
28444,0.85
28445,0.865
28446,0.915
28447,0.685
28448,0.86
28449,0.72
28450,0.77
28451,0.665
28452,0.525
28453,0.905
28454,0.96
28455,0.855
28456,0.585
28457,0.905
28458,0.765
28459,0.845
28460,0.835
28461,0.935
28462,0.795
28463,0.455
28464,0.815
28465,0.695
28466,0.52
28467,0.595
28468,0.735
28469,0.57
28470,0.815
28471,0.615
28472,0.87
28473,0.7
28474,0.865
28475,0.27
28476,0.675
28477,0.29
28478,0.395
28479,0.815
28480,0.825
28481,0.46
28482,0.52
28483,0.665
28484,0.775
28485,0.905
28486,0.94
28487,0.53
28488,0.82
28489,0.48
28490,0.895
28491,0.915
28492,0.71
28493,0.96
28494,0.925
28495,0.6
28496,0.605
28497,0.76
28498,0.84
28499,0.72
28500,0.89
28501,0.87
28502,0.9
28503,0.855
28504,0.63
28505,0.885
28506,0.865
28507,0.59
28508,0.625
28509,0.59
28510,0.505
28511,0.945
28512,0.62
28513,0.465
28514,0.62
28515,0.365
28516,0.5
28517,0.705
28518,0.79
28519,0.565
28520,0.49
28521,0.21
28522,0.55
28523,0.7
28524,0.8
28525,0.715
28526,0.74
28527,0.93
28528,0.65
28529,0.605
28530,0.76
28531,0.665
28532,0.95
28533,0.85
28534,0.8
28535,0.655
28536,0.695
28537,0.665
28538,0.935
28539,0.715
28540,0.955
28541,0.95
28542,0.815
28543,0.445
28544,0.75
28545,0.94
28546,0.635
28547,0.68
28548,0.46
28549,0.875
28550,0.765
28551,0.635
28552,0.5
28553,0.68
28554,0.75
28555,0.8
28556,0.66
28557,0.91
28558,0.655
28559,0.575
28560,0.72
28561,0.97
28562,0.945
28563,0.41
28564,0.795
28565,0.75
28566,0.775
28567,0.805
28568,0.7
28569,0.81
28570,0.835
28571,0.94
28572,0.895
28573,0.76
28574,0.645
28575,0.775
28576,0.92
28577,0.775
28578,0.835
28579,0.92
28580,0.76
28581,0.66
28582,0.725
28583,0.425
28584,0.41
28585,0.675
28586,0.91
28587,0.73
28588,0.875
28589,0.655
28590,0.745
28591,0.715
28592,0.62
28593,0.62
28594,0.625
28595,0.645
28596,0.75
28597,0.95
28598,0.84
28599,0.805
28600,0.89
28601,0.725
28602,0.675
28603,0.47
28604,0.905
28605,0.92
28606,0.8
28607,0.88
28608,0.85
28609,0.875
28610,0.575
28611,0.785
28612,0.775
28613,0.77
28614,0.85
28615,0.565
28616,0.895
28617,0.795
28618,0.71
28619,0.685
28620,0.505
28621,0.705
28622,0.605
28623,0.55
28624,0.685
28625,0.845
28626,0.28
28627,0.88
28628,0.695
28629,0.94
28630,0.32
28631,0.955
28632,0.66
28633,0.685
28634,0.71
28635,0.775
28636,0.89
28637,0.605
28638,0.61
28639,0.65
28640,0.93
28641,0.8
28642,0.66
28643,0.78
28644,0.44
28645,0.93
28646,0.71
28647,0.705
28648,0.89
28649,0.145
28650,0.89
28651,0.645
28652,0.685
28653,0.665
28654,0.56
28655,0.76
28656,0.72
28657,0.66
28658,0.54
28659,0.96
28660,0.655
28661,0.325
28662,0.555
28663,0.83
28664,0.695
28665,0.77
28666,0.71
28667,0.755
28668,0.63
28669,0.635
28670,0.63
28671,0.905
28672,0.82
28673,0.675
28674,0.97
28675,0.475
28676,0.935
28677,0.855
28678,0.89
28679,0.905
28680,0.49
28681,0.895
28682,0.815
28683,0.78
28684,0.7
28685,0.725
28686,0.755
28687,0.975
28688,0.71
28689,0.84
28690,0.88
28691,0.735
28692,0.74
28693,0.42
28694,0.775
28695,0.57
28696,0.88
28697,0.69
28698,0.37
28699,0.655
28700,0.555
28701,0.68
28702,0.805
28703,0.625
28704,0.475
28705,0.73
28706,0.97
28707,0.86
28708,0.73
28709,0.685
28710,0.435
28711,0.655
28712,0.945
28713,0.875
28714,0.35
28715,0.96
28716,0.36
28717,0.735
28718,0.77
28719,0.665
28720,0.795
28721,0.57
28722,0.405
28723,0.775
28724,0.865
28725,0.89
28726,0.28
28727,0.615
28728,0.645
28729,0.8
28730,0.95
28731,0.595
28732,0.78
28733,0.805
28734,0.55
28735,0.615
28736,0.965
28737,0.9
28738,0.78
28739,0.885
28740,0.705
28741,0.93
28742,0.93
28743,0.39
28744,0.665
28745,0.865
28746,0.82
28747,0.745
28748,0.45
28749,0.98
28750,0.315
28751,0.62
28752,0.93
28753,0.805
28754,0.745
28755,0.765
28756,0.725
28757,0.87
28758,0.875
28759,0.7
28760,0.785
28761,0.525
28762,0.4
28763,0.555
28764,0.765
28765,0.46
28766,0.55
28767,0.825
28768,0.395
28769,0.51
28770,0.585
28771,0.79
28772,0.515
28773,0.625
28774,0.98
28775,0.495
28776,0.755
28777,0.71
28778,0.725
28779,0.68
28780,0.765
28781,0.895
28782,0.835
28783,0.8
28784,0.305
28785,0.72
28786,0.735
28787,0.79
28788,0.55
28789,0.7
28790,0.82
28791,0.72
28792,0.71
28793,0.63
28794,0.645
28795,0.805
28796,0.615
28797,0.71
28798,0.51
28799,0.855
28800,0.545
28801,0.83
28802,0.32
28803,0.975
28804,0.835
28805,0.865
28806,0.77
28807,0.745
28808,0.92
28809,0.805
28810,0.89
28811,0.85
28812,0.52
28813,0.385
28814,0.795
28815,0.625
28816,0.765
28817,0.53
28818,0.705
28819,0.86
28820,0.265
28821,0.545
28822,0.715
28823,0.835
28824,0.645
28825,0.805
28826,0.61
28827,0.965
28828,0.695
28829,0.795
28830,0.655
28831,0.925
28832,0.65
28833,0.915
28834,0.65
28835,0.75
28836,0.775
28837,0.855
28838,0.27
28839,0.765
28840,0.875
28841,0.75
28842,0.71
28843,0.785
28844,0.625
28845,0.35
28846,0.705
28847,0.935
28848,0.455
28849,0.815
28850,0.965
28851,0.685
28852,0.63
28853,0.7
28854,0.545
28855,0.88
28856,0.535
28857,0.39
28858,0.745
28859,0.5
28860,0.645
28861,0.76
28862,0.59
28863,0.775
28864,0.965
28865,0.61
28866,0.635
28867,0.75
28868,0.865
28869,0.785
28870,0.98
28871,0.935
28872,0.775
28873,0.615
28874,0.815
28875,0.85
28876,0.92
28877,0.655
28878,0.765
28879,0.42
28880,0.745
28881,0.42
28882,0.75
28883,0.495
28884,0.75
28885,0.76
28886,0.985
28887,0.625
28888,0.205
28889,0.79
28890,0.735
28891,0.63
28892,0.92
28893,0.675
28894,0.675
28895,0.67
28896,0.83
28897,0.89
28898,0.915
28899,0.335
28900,0.82
28901,0.675
28902,0.905
28903,0.835
28904,0.785
28905,0.64
28906,0.66
28907,0.385
28908,0.645
28909,0.805
28910,0.945
28911,0.81
28912,0.575
28913,0.76
28914,0.585
28915,0.94
28916,0.73
28917,0.745
28918,0.675
28919,0.76
28920,0.87
28921,0.71
28922,0.5
28923,0.56
28924,0.71
28925,0.62
28926,0.685
28927,0.885
28928,0.55
28929,0.875
28930,0.66
28931,0.83
28932,0.655
28933,0.755
28934,0.705
28935,0.82
28936,0.775
28937,0.73
28938,0.85
28939,0.895
28940,0.765
28941,0.505
28942,0.72
28943,0.275
28944,0.655
28945,0.77
28946,0.685
28947,0.59
28948,0.905
28949,0.68
28950,0.96
28951,0.705
28952,0.665
28953,0.745
28954,0.62
28955,0.7
28956,0.985
28957,0.66
28958,0.88
28959,0.675
28960,0.54
28961,0.645
28962,0.51
28963,0.595
28964,0.625
28965,0.605
28966,0.525
28967,0.54
28968,0.655
28969,0.785
28970,0.8
28971,0.66
28972,0.91
28973,0.84
28974,0.73
28975,0.68
28976,0.66
28977,0.935
28978,0.335
28979,0.845
28980,0.865
28981,0.98
28982,0.79
28983,0.94
28984,0.505
28985,0.935
28986,0.89
28987,0.73
28988,0.63
28989,0.475
28990,0.725
28991,0.765
28992,0.72
28993,0.455
28994,0.61
28995,0.255
28996,0.995
28997,0.515
28998,0.905
28999,0.8
29000,0.755
29001,0.595
29002,0.97
29003,0.825
29004,0.87
29005,0.235
29006,0.725
29007,0.67
29008,0.725
29009,0.875
29010,0.67
29011,0.775
29012,0.695
29013,0.705
29014,0.9
29015,0.87
29016,0.755
29017,0.615
29018,0.7
29019,0.795
29020,0.51
29021,0.96
29022,0.735
29023,0.99
29024,0.51
29025,0.82
29026,0.905
29027,0.59
29028,0.895
29029,0.785
29030,0.65
29031,0.845
29032,0.78
29033,0.755
29034,0.57
29035,0.6
29036,0.72
29037,0.93
29038,0.51
29039,0.805
29040,0.415
29041,0.88
29042,0.54
29043,0.93
29044,0.59
29045,0.55
29046,0.75
29047,0.715
29048,0.635
29049,0.96
29050,0.65
29051,0.58
29052,0.645
29053,0.86
29054,0.595
29055,0.74
29056,0.655
29057,0.795
29058,0.59
29059,0.885
29060,0.805
29061,0.69
29062,0.965
29063,0.385
29064,0.685
29065,0.82
29066,0.725
29067,0.5
29068,0.53
29069,0.915
29070,0.63
29071,0.805
29072,0.72
29073,0.85
29074,0.78
29075,0.785
29076,0.88
29077,0.82
29078,0.7
29079,0.765
29080,0.755
29081,0.62
29082,0.76
29083,0.765
29084,0.69
29085,0.715
29086,0.925
29087,0.285
29088,0.6
29089,0.6
29090,0.89
29091,0.745
29092,0.605
29093,0.615
29094,0.89
29095,0.915
29096,0.51
29097,0.705
29098,0.605
29099,0.915
29100,0.76
29101,0.945
29102,0.82
29103,0.895
29104,0.825
29105,0.785
29106,0.69
29107,0.635
29108,0.635
29109,0.82
29110,0.605
29111,0.855
29112,0.51
29113,0.745
29114,0.81
29115,0.935
29116,0.815
29117,0.785
29118,0.765
29119,0.48
29120,0.91
29121,0.675
29122,0.545
29123,0.81
29124,0.96
29125,0.465
29126,0.975
29127,0.645
29128,0.965
29129,0.525
29130,0.96
29131,0.94
29132,0.635
29133,0.835
29134,0.695
29135,0.645
29136,0.5
29137,0.565
29138,0.725
29139,0.795
29140,0.655
29141,0.78
29142,0.87
29143,0.965
29144,0.565
29145,0.625
29146,0.715
29147,0.94
29148,0.615
29149,0.755
29150,0.835
29151,0.84
29152,0.78
29153,0.835
29154,0.715
29155,0.52
29156,0.72
29157,0.81
29158,0.985
29159,0.755
29160,0.79
29161,0.835
29162,0.95
29163,0.8
29164,0.635
29165,0.725
29166,0.915
29167,0.645
29168,0.765
29169,0.66
29170,0.815
29171,0.93
29172,0.75
29173,0.62
29174,0.605
29175,0.54
29176,0.89
29177,0.605
29178,0.85
29179,0.875
29180,0.765
29181,0.705
29182,0.685
29183,0.855
29184,0.49
29185,0.865
29186,0.715
29187,0.685
29188,0.315
29189,0.65
29190,0.795
29191,0.795
29192,0.68
29193,0.755
29194,0.885
29195,0.88
29196,0.53
29197,0.935
29198,0.54
29199,0.35
29200,0.785
29201,0.895
29202,0.655
29203,0.39
29204,0.79
29205,0.705
29206,0.635
29207,0.72
29208,0.71
29209,0.73
29210,0.615
29211,0.745
29212,0.775
29213,0.64
29214,0.555
29215,0.735
29216,0.74
29217,0.845
29218,0.795
29219,0.595
29220,0.75
29221,0.585
29222,0.84
29223,0.9
29224,0.9
29225,0.67
29226,0.54
29227,0.79
29228,0.795
29229,0.82
29230,0.89
29231,0.69
29232,0.655
29233,0.77
29234,0.49
29235,0.895
29236,0.67
29237,0.785
29238,0.755
29239,0.985
29240,0.73
29241,0.775
29242,0.535
29243,0.775
29244,0.62
29245,0.92
29246,0.575
29247,0.725
29248,0.9
29249,0.625
29250,0.64
29251,0.895
29252,0.97
29253,0.785
29254,0.7
29255,0.69
29256,0.785
29257,0.54
29258,0.98
29259,0.655
29260,0.615
29261,0.775
29262,0.57
29263,0.765
29264,0.525
29265,0.315
29266,0.54
29267,0.86
29268,0.74
29269,0.42
29270,0.885
29271,0.595
29272,0.81
29273,0.78
29274,0.575
29275,0.53
29276,0.84
29277,0.91
29278,0.585
29279,0.495
29280,0.73
29281,0.94
29282,0.96
29283,0.69
29284,0.61
29285,0.85
29286,0.945
29287,0.89
29288,0.77
29289,0.895
29290,0.57
29291,0.785
29292,0.715
29293,0.915
29294,0.345
29295,0.795
29296,0.9
29297,0.62
29298,0.905
29299,0.52
29300,0.8
29301,0.765
29302,0.76
29303,0.785
29304,0.675
29305,0.68
29306,0.705
29307,0.54
29308,0.515
29309,0.7
29310,0.925
29311,0.705
29312,0.925
29313,0.76
29314,0.775
29315,0.7
29316,0.54
29317,0.625
29318,0.705
29319,0.98
29320,0.745
29321,0.555
29322,0.975
29323,0.45
29324,0.67
29325,0.545
29326,0.695
29327,0.315
29328,0.8
29329,0.475
29330,0.665
29331,0.66
29332,0.63
29333,0.695
29334,0.265
29335,0.62
29336,0.84
29337,0.285
29338,0.76
29339,0.78
29340,0.57
29341,0.9
29342,0.71
29343,0.295
29344,0.87
29345,0.855
29346,0.8
29347,0.8
29348,0.83
29349,0.985
29350,0.785
29351,0.865
29352,0.865
29353,0.825
29354,0.695
29355,0.695
29356,0.67
29357,0.71
29358,0.68
29359,0.575
29360,0.91
29361,0.535
29362,0.775
29363,0.775
29364,0.75
29365,0.52
29366,0.545
29367,0.98
29368,0.59
29369,0.875
29370,0.765
29371,0.425
29372,0.86
29373,0.805
29374,0.875
29375,0.775
29376,0.49
29377,0.675
29378,0.845
29379,0.695
29380,0.96
29381,0.945
29382,0.8
29383,0.725
29384,0.97
29385,0.75
29386,0.465
29387,0.655
29388,0.83
29389,0.895
29390,0.785
29391,0.68
29392,0.485
29393,0.95
29394,0.98
29395,0.985
29396,0.88
29397,0.76
29398,0.55
29399,0.71
29400,0.235
29401,0.7
29402,0.84
29403,0.71
29404,0.44
29405,0.525
29406,0.675
29407,0.745
29408,0.59
29409,0.505
29410,0.85
29411,0.65
29412,0.665
29413,0.57
29414,0.69
29415,0.675
29416,0.965
29417,0.86
29418,0.93
29419,0.775
29420,0.605
29421,0.65
29422,0.775
29423,0.88
29424,0.56
29425,0.795
29426,0.805
29427,0.63
29428,0.915
29429,0.56
29430,0.98
29431,0.775
29432,0.125
29433,0.595
29434,0.56
29435,0.815
29436,0.725
29437,0.37
29438,0.52
29439,0.865
29440,0.945
29441,0.82
29442,0.675
29443,0.67
29444,0.645
29445,0.56
29446,0.56
29447,0.79
29448,0.515
29449,0.92
29450,0.67
29451,0.795
29452,0.615
29453,0.565
29454,0.785
29455,0.645
29456,0.62
29457,0.69
29458,0.69
29459,0.7
29460,0.605
29461,0.67
29462,0.905
29463,0.52
29464,0.67
29465,0.425
29466,0.75
29467,0.76
29468,0.42
29469,0.385
29470,0.925
29471,0.855
29472,0.71
29473,0.63
29474,0.795
29475,0.765
29476,0.77
29477,0.83
29478,0.38
29479,0.775
29480,0.735
29481,0.65
29482,0.71
29483,0.745
29484,0.5
29485,0.99
29486,0.675
29487,0.875
29488,0.89
29489,0.625
29490,0.92
29491,0.905
29492,0.905
29493,0.82
29494,0.84
29495,0.765
29496,0.745
29497,0.84
29498,0.625
29499,0.925
29500,0.39
29501,0.87
29502,0.77
29503,0.625
29504,0.815
29505,0.78
29506,0.755
29507,0.755
29508,0.795
29509,0.83
29510,0.765
29511,0.615
29512,0.74
29513,0.835
29514,0.83
29515,0.725
29516,0.645
29517,0.87
29518,0.305
29519,0.575
29520,0.915
29521,0.45
29522,0.68
29523,0.705
29524,0.665
29525,0.61
29526,0.675
29527,0.715
29528,0.76
29529,0.27
29530,0.905
29531,0.89
29532,0.7
29533,0.675
29534,0.785
29535,0.76
29536,0.925
29537,0.9
29538,0.55
29539,0.78
29540,0.985
29541,0.62
29542,0.95
29543,0.87
29544,0.96
29545,0.82
29546,0.6
29547,0.765
29548,0.805
29549,0.735
29550,0.425
29551,0.67
29552,0.6
29553,0.625
29554,0.745
29555,0.81
29556,0.785
29557,0.815
29558,0.745
29559,0.62
29560,0.515
29561,0.9
29562,0.705
29563,0.745
29564,0.435
29565,0.86
29566,0.455
29567,0.67
29568,0.805
29569,0.805
29570,0.505
29571,0.56
29572,0.88
29573,0.575
29574,0.87
29575,0.575
29576,0.88
29577,0.795
29578,0.58
29579,0.725
29580,0.555
29581,0.765
29582,0.475
29583,0.865
29584,0.675
29585,0.895
29586,0.385
29587,0.555
29588,0.685
29589,0.69
29590,0.69
29591,0.785
29592,0.66
29593,0.7
29594,0.525
29595,0.695
29596,0.54
29597,0.625
29598,0.88
29599,0.57
29600,0.735
29601,0.535
29602,0.63
29603,0.84
29604,0.65
29605,0.81
29606,0.83
29607,0.775
29608,0.69
29609,0.61
29610,0.805
29611,0.645
29612,0.765
29613,0.835
29614,0.71
29615,0.465
29616,0.745
29617,0.855
29618,0.805
29619,0.595
29620,0.7
29621,0.92
29622,0.98
29623,0.96
29624,0.72
29625,0.875
29626,0.655
29627,0.86
29628,0.715
29629,0.5
29630,0.825
29631,0.74
29632,0.975
29633,0.58
29634,0.385
29635,0.58
29636,0.76
29637,0.435
29638,0.595
29639,0.805
29640,0.565
29641,0.82
29642,0.82
29643,0.945
29644,0.565
29645,0.73
29646,0.89
29647,0.81
29648,0.705
29649,0.37
29650,0.57
29651,0.565
29652,0.745
29653,0.83
29654,0.695
29655,0.975
29656,0.635
29657,0.72
29658,0.6
29659,0.95
29660,0.52
29661,0.775
29662,0.51
29663,0.61
29664,0.785
29665,0.885
29666,0.74
29667,0.63
29668,0.985
29669,0.98
29670,0.7
29671,0.765
29672,0.57
29673,0.64
29674,0.91
29675,0.8
29676,0.475
29677,0.97
29678,0.615
29679,0.775
29680,0.8
29681,0.705
29682,0.85
29683,0.905
29684,0.535
29685,0.805
29686,0.355
29687,0.905
29688,0.605
29689,0.795
29690,0.375
29691,0.675
29692,0.855
29693,0.92
29694,0.8
29695,0.615
29696,0.94
29697,0.93
29698,0.75
29699,0.975
29700,0.885
29701,0.77
29702,0.745
29703,0.62
29704,0.565
29705,0.915
29706,0.98
29707,0.835
29708,0.455
29709,0.61
29710,0.735
29711,0.77
29712,0.73
29713,0.545
29714,0.51
29715,0.74
29716,0.71
29717,0.665
29718,0.895
29719,0.64
29720,0.48
29721,0.655
29722,0.825
29723,0.825
29724,0.935
29725,0.725
29726,0.94
29727,0.95
29728,0.59
29729,0.68
29730,0.85
29731,0.87
29732,0.375
29733,0.815
29734,0.85
29735,0.24
29736,0.61
29737,0.255
29738,0.565
29739,0.485
29740,0.505
29741,0.745
29742,0.895
29743,0.89
29744,0.755
29745,0.655
29746,0.755
29747,0.88
29748,0.57
29749,0.665
29750,0.84
29751,0.965
29752,0.805
29753,0.93
29754,0.705
29755,0.88
29756,0.655
29757,0.445
29758,0.64
29759,0.865
29760,0.58
29761,0.8
29762,0.805
29763,0.495
29764,0.71
29765,0.75
29766,0.69
29767,0.97
29768,0.665
29769,0.895
29770,0.735
29771,0.935
29772,0.875
29773,0.565
29774,0.81
29775,0.445
29776,0.68
29777,0.935
29778,0.67
29779,0.61
29780,0.7
29781,0.545
29782,0.645
29783,0.67
29784,0.85
29785,0.72
29786,0.85
29787,0.545
29788,0.55
29789,0.465
29790,0.5
29791,0.49
29792,0.575
29793,0.615
29794,0.705
29795,0.735
29796,0.835
29797,0.715
29798,0.46
29799,0.785
29800,0.62
29801,0.89
29802,0.565
29803,0.565
29804,0.755
29805,0.845
29806,0.855
29807,0.97
29808,0.715
29809,0.945
29810,0.74
29811,0.715
29812,0.955
29813,0.965
29814,0.98
29815,0.58
29816,0.515
29817,0.79
29818,0.765
29819,0.615
29820,0.695
29821,0.61
29822,0.72
29823,0.72
29824,0.795
29825,0.51
29826,0.3
29827,0.98
29828,0.805
29829,0.825
29830,0.935
29831,0.835
29832,0.45
29833,0.69
29834,0.88
29835,0.85
29836,0.735
29837,0.61
29838,0.905
29839,0.88
29840,0.765
29841,0.66
29842,0.84
29843,0.585
29844,0.81
29845,0.635
29846,0.69
29847,0.655
29848,0.7
29849,0.545
29850,0.625
29851,0.725
29852,0.92
29853,0.555
29854,0.62
29855,0.745
29856,0.63
29857,0.815
29858,0.665
29859,0.89
29860,0.73
29861,0.75
29862,0.97
29863,0.615
29864,0.66
29865,0.985
29866,0.79
29867,0.755
29868,0.75
29869,0.6
29870,0.95
29871,0.815
29872,0.595
29873,0.905
29874,0.815
29875,0.805
29876,0.745
29877,0.785
29878,0.925
29879,0.235
29880,0.605
29881,0.645
29882,0.495
29883,0.845
29884,0.965
29885,0.71
29886,0.77
29887,0.645
29888,0.645
29889,0.79
29890,0.805
29891,0.66
29892,0.705
29893,0.81
29894,0.885
29895,0.68
29896,0.37
29897,0.87
29898,0.815
29899,0.87
29900,0.74
29901,0.445
29902,0.655
29903,0.765
29904,0.795
29905,0.785
29906,0.31
29907,0.83
29908,0.95
29909,0.845
29910,0.87
29911,0.595
29912,0.51
29913,0.525
29914,0.34
29915,0.705
29916,0.965
29917,0.545
29918,0.56
29919,0.56
29920,0.73
29921,0.615
29922,0.455
29923,0.54
29924,0.69
29925,0.975
29926,0.825
29927,0.655
29928,0.76
29929,0.565
29930,0.845
29931,0.5
29932,0.94
29933,0.46
29934,0.645
29935,0.59
29936,0.665
29937,0.57
29938,0.7
29939,0.73
29940,0.72
29941,0.52
29942,0.64
29943,0.29
29944,0.72
29945,0.72
29946,0.225
29947,0.685
29948,0.805
29949,0.74
29950,0.545
29951,0.75
29952,0.8
29953,0.93
29954,0.8
29955,0.815
29956,0.91
29957,0.485
29958,0.7
29959,0.475
29960,0.745
29961,0.695
29962,0.785
29963,0.715
29964,0.695
29965,0.585
29966,0.8
29967,0.7
29968,0.615
29969,0.67
29970,0.685
29971,0.68
29972,0.91
29973,0.885
29974,0.925
29975,0.675
29976,0.48
29977,0.59
29978,0.515
29979,0.645
29980,0.815
29981,0.45
29982,0.82
29983,0.68
29984,0.59
29985,0.53
29986,0.58
29987,0.63
29988,0.665
29989,0.475
29990,0.665
29991,0.745
29992,0.645
29993,0.83
29994,0.425
29995,0.655
29996,0.685
29997,0.945
29998,0.61
29999,0.735
30000,0.545
30001,0.445
30002,0.76
30003,0.915
30004,0.77
30005,0.915
30006,0.53
30007,0.92
30008,0.91
30009,0.875
30010,0.69
30011,0.69
30012,0.755
30013,0.68
30014,0.775
30015,0.575
30016,0.905
30017,0.64
30018,0.705
30019,0.98
30020,0.475
30021,0.48
30022,0.585
30023,0.77
30024,0.65
30025,0.955
30026,0.91
30027,0.765
30028,0.715
30029,0.815
30030,0.78
30031,0.675
30032,0.96
30033,0.325
30034,0.885
30035,0.805
30036,0.98
30037,0.625
30038,0.43
30039,0.74
30040,0.86
30041,0.995
30042,0.65
30043,0.55
30044,0.715
30045,0.785
30046,0.69
30047,0.52
30048,0.68
30049,0.92
30050,0.72
30051,0.715
30052,0.69
30053,0.73
30054,0.9
30055,0.92
30056,0.645
30057,0.72
30058,0.755
30059,0.94
30060,0.68
30061,0.52
30062,0.49
30063,0.59
30064,0.49
30065,0.69
30066,0.88
30067,0.775
30068,0.47
30069,0.615
30070,0.87
30071,0.86
30072,0.865
30073,0.785
30074,0.76
30075,0.73
30076,0.825
30077,0.755
30078,0.95
30079,0.67
30080,0.945
30081,0.925
30082,0.785
30083,0.485
30084,0.82
30085,0.74
30086,0.79
30087,0.62
30088,0.41
30089,0.355
30090,0.91
30091,0.85
30092,0.375
30093,0.625
30094,0.485
30095,0.59
30096,0.79
30097,0.45
30098,0.79
30099,0.415
30100,0.7
30101,0.945
30102,0.56
30103,0.755
30104,0.715
30105,0.45
30106,0.64
30107,0.84
30108,0.37
30109,0.735
30110,0.72
30111,0.6
30112,0.67
30113,0.9
30114,0.5
30115,0.92
30116,0.41
30117,0.895
30118,0.625
30119,0.895
30120,0.57
30121,0.675
30122,0.99
30123,0.555
30124,0.875
30125,0.35
30126,0.62
30127,0.645
30128,0.815
30129,0.735
30130,0.625
30131,0.52
30132,0.865
30133,0.45
30134,0.88
30135,0.785
30136,0.73
30137,0.865
30138,0.915
30139,0.725
30140,0.875
30141,0.525
30142,0.65
30143,0.885
30144,0.875
30145,0.23
30146,0.71
30147,0.505
30148,0.81
30149,0.85
30150,0.785
30151,0.68
30152,0.95
30153,0.53
30154,0.455
30155,0.365
30156,0.825
30157,0.635
30158,0.72
30159,0.91
30160,0.87
30161,0.835
30162,0.665
30163,0.46
30164,0.69
30165,0.68
30166,0.62
30167,0.37
30168,0.34
30169,0.41
30170,0.785
30171,0.72
30172,0.815
30173,0.635
30174,0.76
30175,0.98
30176,0.84
30177,0.76
30178,0.8
30179,0.295
30180,0.71
30181,0.85
30182,0.515
30183,0.9
30184,0.48
30185,0.735
30186,0.89
30187,0.64
30188,0.595
30189,0.155
30190,0.835
30191,0.775
30192,0.715
30193,0.905
30194,0.72
30195,0.735
30196,0.72
30197,0.935
30198,0.83
30199,0.505
30200,0.57
30201,0.82
30202,0.875
30203,0.75
30204,0.515
30205,0.2
30206,0.695
30207,0.93
30208,0.475
30209,0.69
30210,0.61
30211,0.42
30212,0.97
30213,0.76
30214,0.805
30215,0.73
30216,0.855
30217,0.785
30218,0.9
30219,0.695
30220,0.78
30221,0.795
30222,0.915
30223,0.745
30224,0.43
30225,0.925
30226,0.67
30227,0.69
30228,0.395
30229,0.545
30230,0.705
30231,0.65
30232,0.48
30233,0.585
30234,0.825
30235,0.73
30236,0.81
30237,0.555
30238,0.66
30239,0.86
30240,0.635
30241,0.855
30242,0.47
30243,0.79
30244,0.67
30245,0.225
30246,0.63
30247,0.485
30248,0.93
30249,0.685
30250,0.52
30251,0.69
30252,0.725
30253,0.38
30254,0.78
30255,0.7
30256,0.7
30257,0.875
30258,0.98
30259,0.725
30260,0.71
30261,0.545
30262,0.615
30263,0.81
30264,0.805
30265,0.61
30266,0.875
30267,0.61
30268,0.89
30269,0.87
30270,0.695
30271,0.565
30272,0.92
30273,0.925
30274,0.745
30275,0.915
30276,0.755
30277,0.41
30278,0.645
30279,0.77
30280,0.895
30281,0.745
30282,0.81
30283,0.91
30284,0.765
30285,0.825
30286,0.545
30287,0.73
30288,0.825
30289,0.3
30290,0.295
30291,0.775
30292,0.65
30293,0.335
30294,0.835
30295,0.575
30296,0.71
30297,0.515
30298,0.515
30299,0.615
30300,0.705
30301,0.735
30302,0.645
30303,0.835
30304,0.635
30305,0.57
30306,0.425
30307,0.52
30308,0.925
30309,0.81
30310,0.6
30311,0.64
30312,0.555
30313,0.555
30314,0.445
30315,0.8
30316,0.755
30317,0.615
30318,0.895
30319,0.98
30320,0.78
30321,0.895
30322,0.715
30323,0.805
30324,0.735
30325,0.955
30326,0.975
30327,0.86
30328,0.82
30329,0.93
30330,0.47
30331,0.54
30332,0.93
30333,0.785
30334,0.79
30335,0.465
30336,0.735
30337,0.5
30338,0.78
30339,0.92
30340,0.655
30341,0.94
30342,0.605
30343,0.67
30344,0.72
30345,0.585
30346,0.62
30347,0.405
30348,0.58
30349,0.705
30350,0.925
30351,0.75
30352,0.33
30353,0.665
30354,0.67
30355,0.85
30356,0.815
30357,0.5
30358,0.645
30359,0.475
30360,0.85
30361,0.99
30362,0.85
30363,0.67
30364,0.55
30365,0.645
30366,0.73
30367,0.925
30368,0.485
30369,0.92
30370,0.17
30371,0.645
30372,0.31
30373,0.955
30374,0.82
30375,0.9
30376,0.64
30377,0.815
30378,0.32
30379,0.9
30380,0.855
30381,0.86
30382,0.835
30383,0.61
30384,0.695
30385,0.99
30386,0.685
30387,0.915
30388,0.985
30389,0.775
30390,0.875
30391,0.685
30392,0.72
30393,0.69
30394,0.76
30395,0.74
30396,0.71
30397,0.67
30398,0.77
30399,0.865
30400,0.64
30401,0.765
30402,0.745
30403,0.7
30404,0.775
30405,0.98
30406,0.79
30407,0.785
30408,0.52
30409,0.77
30410,0.355
30411,0.61
30412,0.49
30413,0.475
30414,0.86
30415,0.845
30416,0.665
30417,0.565
30418,0.8
30419,0.85
30420,0.685
30421,0.62
30422,0.73
30423,0.775
30424,0.465
30425,0.96
30426,0.6
30427,0.82
30428,0.615
30429,0.795
30430,0.825
30431,0.885
30432,0.865
30433,0.765
30434,0.685
30435,0.4
30436,0.745
30437,0.95
30438,0.545
30439,0.785
30440,0.665
30441,0.63
30442,0.53
30443,0.95
30444,0.565
30445,0.35
30446,0.39
30447,0.45
30448,0.605
30449,0.59
30450,0.62
30451,0.94
30452,0.8
30453,0.945
30454,0.54
30455,0.925
30456,0.81
30457,0.795
30458,0.935
30459,0.935
30460,0.765
30461,0.95
30462,0.785
30463,0.65
30464,0.665
30465,0.81
30466,0.65
30467,0.675
30468,0.85
30469,0.855
30470,0.91
30471,0.825
30472,0.615
30473,0.74
30474,0.665
30475,0.745
30476,0.68
30477,0.935
30478,0.815
30479,0.665
30480,0.39
30481,0.745
30482,0.865
30483,0.445
30484,0.725
30485,0.755
30486,0.8
30487,0.93
30488,0.605
30489,0.885
30490,0.745
30491,0.985
30492,0.905
30493,0.68
30494,0.65
30495,0.495
30496,0.84
30497,0.985
30498,0.46
30499,0.54
30500,0.86
30501,0.755
30502,0.48
30503,0.67
30504,0.92
30505,0.835
30506,0.63
30507,0.925
30508,0.48
30509,0.76
30510,0.585
30511,0.565
30512,0.835
30513,0.81
30514,0.45
30515,0.86
30516,0.67
30517,0.675
30518,0.275
30519,0.59
30520,0.985
30521,0.74
30522,0.795
30523,0.65
30524,0.735
30525,0.335
30526,0.945
30527,0.555
30528,0.885
30529,0.88
30530,0.2
30531,0.98
30532,0.88
30533,0.875
30534,0.565
30535,0.43
30536,0.815
30537,0.525
30538,0.745
30539,0.535
30540,0.435
30541,0.7
30542,0.925
30543,0.7
30544,0.875
30545,0.54
30546,0.72
30547,0.84
30548,0.66
30549,0.68
30550,0.535
30551,0.97
30552,0.54
30553,0.785
30554,0.09
30555,0.415
30556,0.55
30557,0.665
30558,0.43
30559,0.97
30560,0.47
30561,0.76
30562,0.56
30563,0.715
30564,0.71
30565,0.795
30566,0.545
30567,0.73
30568,0.93
30569,0.645
30570,0.64
30571,0.925
30572,0.69
30573,0.68
30574,0.445
30575,0.815
30576,0.88
30577,0.385
30578,0.45
30579,0.685
30580,0.895
30581,0.575
30582,0.535
30583,0.81
30584,0.68
30585,0.685
30586,0.43
30587,0.785
30588,0.7
30589,0.965
30590,0.69
30591,0.9
30592,0.895
30593,0.75
30594,0.67
30595,0.425
30596,0.95
30597,0.495
30598,0.76
30599,0.9
30600,0.895
30601,0.86
30602,0.655
30603,0.845
30604,0.95
30605,0.68
30606,0.895
30607,0.655
30608,0.86
30609,0.7
30610,0.545
30611,0.93
30612,0.695
30613,0.77
30614,0.865
30615,0.855
30616,0.985
30617,0.72
30618,0.78
30619,0.695
30620,0.56
30621,0.575
30622,0.785
30623,0.83
30624,0.87
30625,0.715
30626,0.68
30627,0.56
30628,0.855
30629,0.88
30630,0.67
30631,0.56
30632,0.64
30633,0.695
30634,0.795
30635,0.795
30636,0.475
30637,0.39
30638,0.92
30639,0.62
30640,0.24
30641,0.165
30642,0.725
30643,0.775
30644,0.645
30645,0.615
30646,0.51
30647,0.92
30648,0.755
30649,0.655
30650,0.505
30651,0.605
30652,0.7
30653,0.77
30654,0.71
30655,0.445
30656,0.785
30657,0.63
30658,0.935
30659,0.65
30660,0.895
30661,0.83
30662,0.72
30663,0.8
30664,0.865
30665,0.775
30666,0.915
30667,0.945
30668,0.865
30669,0.895
30670,0.69
30671,0.705
30672,0.755
30673,0.575
30674,0.6
30675,0.745
30676,0.65
30677,0.795
30678,0.72
30679,0.665
30680,0.615
30681,0.605
30682,0.565
30683,0.615
30684,0.96
30685,0.69
30686,0.365
30687,0.58
30688,0.94
30689,0.935
30690,0.805
30691,0.605
30692,0.74
30693,0.655
30694,0.73
30695,0.8
30696,0.635
30697,0.545
30698,0.785
30699,0.69
30700,0.8
30701,0.475
30702,0.875
30703,0.87
30704,0.625
30705,0.655
30706,0.74
30707,0.88
30708,0.635
30709,0.765
30710,0.66
30711,0.275
30712,0.74
30713,0.635
30714,0.8
30715,0.92
30716,0.56
30717,0.93
30718,0.505
30719,0.865
30720,0.685
30721,0.91
30722,0.78
30723,0.86
30724,0.87
30725,0.725
30726,0.875
30727,0.875
30728,0.805
30729,0.115
30730,0.66
30731,0.76
30732,0.35
30733,0.465
30734,0.915
30735,0.785
30736,0.775
30737,0.695
30738,0.785
30739,0.695
30740,0.655
30741,0.65
30742,0.585
30743,0.635
30744,0.66
30745,0.635
30746,0.6
30747,0.745
30748,0.77
30749,0.93
30750,0.495
30751,0.685
30752,0.805
30753,0.695
30754,0.7
30755,0.77
30756,0.81
30757,0.76
30758,0.86
30759,0.7
30760,0.855
30761,0.805
30762,0.685
30763,0.81
30764,0.53
30765,0.87
30766,0.72
30767,0.425
30768,0.86
30769,0.885
30770,0.685
30771,0.63
30772,0.835
30773,0.595
30774,0.62
30775,0.86
30776,0.59
30777,0.785
30778,0.425
30779,0.62
30780,0.955
30781,0.915
30782,0.73
30783,0.46
30784,0.765
30785,0.42
30786,0.79
30787,0.77
30788,0.31
30789,0.77
30790,0.96
30791,0.29
30792,0.575
30793,0.79
30794,0.725
30795,0.685
30796,0.785
30797,0.475
30798,0.4
30799,0.865
30800,0.645
30801,0.885
30802,0.7
30803,0.565
30804,0.65
30805,0.91
30806,0.885
30807,0.84
30808,0.57
30809,0.875
30810,0.785
30811,0.655
30812,0.935
30813,0.925
30814,0.89
30815,0.62
30816,0.93
30817,0.94
30818,0.8
30819,0.45
30820,0.76
30821,0.675
30822,0.615
30823,0.9
30824,0.97
30825,0.76
30826,0.795
30827,0.855
30828,0.64
30829,0.36
30830,0.785
30831,0.89
30832,0.725
30833,0.55
30834,0.885
30835,0.69
30836,0.81
30837,0.685
30838,0.645
30839,0.96
30840,0.585
30841,0.705
30842,0.905
30843,0.705
30844,0.77
30845,0.805
30846,0.235
30847,0.855
30848,0.745
30849,0.36
30850,0.745
30851,0.77
30852,0.59
30853,0.76
30854,0.95
30855,0.705
30856,0.72
30857,0.96
30858,0.685
30859,0.475
30860,0.495
30861,0.605
30862,0.73
30863,0.87
30864,0.67
30865,0.82
30866,0.835
30867,0.645
30868,0.565
30869,0.785
30870,0.66
30871,0.835
30872,0.555
30873,0.775
30874,0.83
30875,0.74
30876,0.595
30877,0.735
30878,0.66
30879,0.775
30880,0.62
30881,0.905
30882,0.965
30883,0.655
30884,0.67
30885,0.745
30886,0.3
30887,0.95
30888,0.69
30889,0.81
30890,0.725
30891,0.825
30892,0.795
30893,0.705
30894,0.53
30895,0.73
30896,0.78
30897,0.76
30898,0.72
30899,0.975
30900,0.725
30901,0.88
30902,0.55
30903,0.47
30904,0.75
30905,0.475
30906,0.64
30907,0.695
30908,0.865
30909,0.645
30910,0.72
30911,0.455
30912,0.75
30913,0.815
30914,0.57
30915,0.89
30916,0.33
30917,0.95
30918,0.645
30919,0.775
30920,0.9
30921,0.64
30922,0.47
30923,0.95
30924,0.935
30925,0.64
30926,0.475
30927,0.595
30928,0.695
30929,0.725
30930,0.72
30931,0.55
30932,0.755
30933,0.78
30934,0.68
30935,0.795
30936,0.425
30937,0.805
30938,0.64
30939,0.785
30940,0.625
30941,0.335
30942,0.53
30943,0.83
30944,0.785
30945,0.655
30946,0.6
30947,0.675
30948,0.955
30949,0.655
30950,0.5
30951,0.62
30952,0.595
30953,0.25
30954,0.72
30955,0.865
30956,0.57
30957,0.695
30958,0.83
30959,0.805
30960,0.985
30961,0.795
30962,0.66
30963,0.59
30964,0.54
30965,0.7
30966,0.95
30967,0.915
30968,0.87
30969,0.825
30970,0.86
30971,0.545
30972,0.88
30973,0.705
30974,0.715
30975,0.675
30976,0.63
30977,0.95
30978,0.86
30979,0.505
30980,0.87
30981,0.825
30982,0.52
30983,0.555
30984,0.83
30985,0.84
30986,0.86
30987,0.605
30988,0.98
30989,0.935
30990,0.57
30991,0.885
30992,0.62
30993,0.865
30994,0.53
30995,0.715
30996,0.89
30997,0.74
30998,0.77
30999,0.615
31000,0.4
31001,0.69
31002,0.905
31003,0.725
31004,0.86
31005,0.675
31006,0.88
31007,0.565
31008,0.705
31009,0.565
31010,0.72
31011,0.525
31012,0.625
31013,0.665
31014,0.78
31015,0.96
31016,0.5
31017,0.59
31018,0.925
31019,0.765
31020,0.635
31021,0.55
31022,0.88
31023,0.895
31024,0.775
31025,0.285
31026,0.87
31027,0.895
31028,0.46
31029,0.92
31030,0.59
31031,0.785
31032,0.765
31033,0.45
31034,0.615
31035,0.45
31036,0.84
31037,0.865
31038,0.555
31039,0.6
31040,0.92
31041,0.815
31042,0.88
31043,0.77
31044,0.915
31045,0.545
31046,0.7
31047,0.7
31048,0.715
31049,0.935
31050,0.965
31051,0.955
31052,0.65
31053,0.825
31054,0.79
31055,0.705
31056,0.72
31057,0.41
31058,0.62
31059,0.845
31060,0.985
31061,0.66
31062,0.915
31063,0.895
31064,0.945
31065,0.48
31066,0.715
31067,0.915
31068,0.74
31069,0.87
31070,0.84
31071,0.5
31072,0.8
31073,0.95
31074,0.77
31075,0.575
31076,0.52
31077,0.585
31078,0.69
31079,0.82
31080,0.925
31081,0.675
31082,0.775
31083,0.87
31084,0.655
31085,0.425
31086,0.89
31087,0.51
31088,0.745
31089,0.945
31090,0.775
31091,0.245
31092,0.965
31093,0.77
31094,0.71
31095,0.82
31096,0.79
31097,0.755
31098,0.815
31099,0.725
31100,0.69
31101,0.865
31102,0.7
31103,0.895
31104,0.73
31105,0.575
31106,0.685
31107,0.69
31108,0.235
31109,0.365
31110,0.26
31111,0.595
31112,0.67
31113,0.5
31114,0.58
31115,0.325
31116,0.69
31117,0.765
31118,0.85
31119,0.925
31120,0.72
31121,0.81
31122,0.915
31123,0.37
31124,0.695
31125,0.51
31126,0.975
31127,0.48
31128,0.705
31129,0.715
31130,0.755
31131,0.74
31132,0.845
31133,0.425
31134,0.88
31135,0.705
31136,0.805
31137,0.8
31138,0.505
31139,0.705
31140,0.72
31141,0.785
31142,0.965
31143,0.52
31144,0.615
31145,0.71
31146,0.76
31147,0.615
31148,0.585
31149,0.9
31150,0.52
31151,0.71
31152,0.845
31153,0.77
31154,0.54
31155,0.725
31156,0.8
31157,0.77
31158,0.55
31159,0.62
31160,0.735
31161,0.645
31162,0.605
31163,0.8
31164,0.52
31165,0.86
31166,0.22
31167,0.905
31168,0.58
31169,0.725
31170,0.755
31171,0.7
31172,0.67
31173,0.67
31174,0.96
31175,0.535
31176,0.69
31177,0.615
31178,0.97
31179,0.65
31180,0.71
31181,0.66
31182,0.655
31183,0.82
31184,0.55
31185,0.585
31186,0.375
31187,0.485
31188,0.665
31189,0.29
31190,0.705
31191,0.82
31192,0.68
31193,0.745
31194,0.71
31195,0.86
31196,0.925
31197,0.625
31198,0.955
31199,0.785
31200,0.715
31201,0.93
31202,0.82
31203,0.92
31204,0.835
31205,0.51
31206,0.66
31207,0.84
31208,0.765
31209,0.61
31210,0.71
31211,0.745
31212,0.745
31213,0.83
31214,0.81
31215,0.465
31216,0.495
31217,0.49
31218,0.76
31219,0.66
31220,0.585
31221,0.795
31222,0.715
31223,0.71
31224,0.93
31225,0.98
31226,0.665
31227,0.79
31228,0.4
31229,0.71
31230,0.895
31231,0.56
31232,0.595
31233,0.675
31234,0.33
31235,0.82
31236,0.85
31237,0.61
31238,0.86
31239,0.345
31240,0.74
31241,0.715
31242,0.43
31243,0.205
31244,0.28
31245,0.995
31246,0.695
31247,0.555
31248,0.76
31249,0.695
31250,0.795
31251,0.86
31252,0.965
31253,0.735
31254,0.685
31255,0.475
31256,0.68
31257,0.48
31258,0.865
31259,0.605
31260,0.795
31261,0.63
31262,0.775
31263,0.865
31264,0.38
31265,0.86
31266,0.895
31267,0.94
31268,0.67
31269,0.73
31270,0.94
31271,0.895
31272,0.62
31273,0.78
31274,0.925
31275,0.87
31276,0.86
31277,0.555
31278,0.95
31279,0.97
31280,0.95
31281,0.76
31282,0.74
31283,0.565
31284,0.67
31285,0.795
31286,0.48
31287,0.49
31288,0.905
31289,0.87
31290,0.89
31291,0.53
31292,0.925
31293,0.795
31294,0.66
31295,0.78
31296,0.505
31297,0.71
31298,0.59
31299,0.905
31300,0.715
31301,0.535
31302,0.795
31303,0.45
31304,0.62
31305,0.715
31306,0.895
31307,0.505
31308,0.66
31309,0.775
31310,0.52
31311,0.76
31312,0.85
31313,0.965
31314,0.815
31315,0.315
31316,0.83
31317,0.58
31318,0.71
31319,0.875
31320,0.675
31321,0.88
31322,0.94
31323,0.55
31324,0.81
31325,0.66
31326,0.3
31327,0.78
31328,0.915
31329,0.93
31330,0.61
31331,0.575
31332,0.92
31333,0.8
31334,0.94
31335,0.825
31336,0.565
31337,0.71
31338,0.445
31339,0.815
31340,0.795
31341,0.51
31342,0.845
31343,0.655
31344,0.67
31345,0.79
31346,0.55
31347,0.65
31348,0.56
31349,0.53
31350,0.705
31351,0.9
31352,0.785
31353,0.765
31354,0.915
31355,0.59
31356,0.81
31357,0.6
31358,0.705
31359,0.84
31360,0.33
31361,0.71
31362,0.635
31363,0.975
31364,0.61
31365,0.97
31366,0.835
31367,0.765
31368,0.795
31369,0.895
31370,0.82
31371,0.875
31372,0.945
31373,0.855
31374,0.75
31375,0.55
31376,0.67
31377,0.785
31378,0.69
31379,0.765
31380,0.67
31381,0.84
31382,0.78
31383,0.21
31384,0.71
31385,0.615
31386,0.82
31387,0.505
31388,0.775
31389,0.835
31390,0.585
31391,0.63
31392,0.56
31393,0.96
31394,0.47
31395,0.91
31396,0.765
31397,0.735
31398,0.895
31399,0.74
31400,0.42
31401,0.385
31402,0.865
31403,0.855
31404,0.58
31405,0.42
31406,0.49
31407,0.915
31408,0.61
31409,0.68
31410,0.615
31411,0.555
31412,0.84
31413,0.75
31414,0.8
31415,0.89
31416,0.535
31417,0.65
31418,0.865
31419,0.7
31420,0.905
31421,0.485
31422,0.615
31423,0.585
31424,0.94
31425,0.55
31426,0.96
31427,0.855
31428,0.455
31429,0.465
31430,0.595
31431,0.75
31432,0.76
31433,0.65
31434,0.815
31435,0.695
31436,0.86
31437,0.74
31438,0.905
31439,0.88
31440,0.69
31441,0.86
31442,0.745
31443,0.565
31444,0.59
31445,0.68
31446,0.75
31447,0.765
31448,0.67
31449,0.665
31450,0.84
31451,0.375
31452,0.645
31453,0.82
31454,0.785
31455,0.825
31456,0.785
31457,0.675
31458,0.745
31459,0.69
31460,0.355
31461,0.65
31462,0.485
31463,0.85
31464,0.955
31465,0.67
31466,0.22
31467,0.685
31468,0.815
31469,0.765
31470,0.805
31471,0.815
31472,0.74
31473,0.6
31474,0.78
31475,0.82
31476,0.935
31477,0.415
31478,0.96
31479,0.935
31480,0.44
31481,0.86
31482,0.92
31483,0.93
31484,0.87
31485,0.865
31486,0.855
31487,0.965
31488,0.94
31489,0.78
31490,0.635
31491,0.61
31492,0.31
31493,0.415
31494,0.69
31495,0.845
31496,0.965
31497,0.485
31498,0.755
31499,0.74
31500,0.615
31501,0.58
31502,0.475
31503,0.22
31504,0.79
31505,0.925
31506,0.93
31507,0.915
31508,0.78
31509,0.64
31510,0.85
31511,0.795
31512,0.695
31513,0.675
31514,0.25
31515,0.905
31516,0.835
31517,0.65
31518,0.69
31519,0.52
31520,0.66
31521,0.59
31522,0.77
31523,0.87
31524,0.15
31525,0.58
31526,0.625
31527,0.66
31528,0.845
31529,0.55
31530,0.98
31531,0.595
31532,0.725
31533,0.77
31534,0.775
31535,0.765
31536,0.675
31537,0.75
31538,0.545
31539,0.88
31540,0.595
31541,0.81
31542,0.52
31543,0.795
31544,0.975
31545,0.91
31546,0.245
31547,0.74
31548,0.875
31549,0.655
31550,0.815
31551,0.695
31552,0.435
31553,0.595
31554,0.15
31555,0.66
31556,0.675
31557,0.35
31558,0.535
31559,0.795
31560,0.7
31561,0.71
31562,0.97
31563,0.77
31564,0.765
31565,0.82
31566,0.475
31567,0.98
31568,0.7
31569,0.95
31570,0.89
31571,0.795
31572,0.51
31573,0.98
31574,0.93
31575,0.77
31576,0.94
31577,0.815
31578,0.95
31579,0.69
31580,0.495
31581,0.525
31582,0.59
31583,0.89
31584,0.71
31585,0.535
31586,0.58
31587,0.54
31588,0.775
31589,0.775
31590,0.715
31591,0.575
31592,0.39
31593,0.56
31594,0.655
31595,0.3
31596,0.675
31597,0.825
31598,0.46
31599,0.87
31600,0.83
31601,0.95
31602,0.46
31603,0.795
31604,0.735
31605,0.945
31606,0.45
31607,0.83
31608,0.61
31609,0.77
31610,0.71
31611,0.67
31612,0.885
31613,0.705
31614,0.715
31615,0.785
31616,0.695
31617,0.38
31618,0.8
31619,0.53
31620,0.84
31621,0.655
31622,0.705
31623,0.715
31624,0.97
31625,0.64
31626,0.68
31627,0.535
31628,0.805
31629,0.81
31630,0.82
31631,0.9
31632,0.6
31633,0.295
31634,0.93
31635,0.695
31636,0.69
31637,0.945
31638,0.905
31639,0.845
31640,0.505
31641,0.905
31642,0.935
31643,0.8
31644,0.41
31645,0.665
31646,0.515
31647,0.665
31648,0.805
31649,0.885
31650,0.505
31651,0.48
31652,0.615
31653,0.8
31654,0.77
31655,0.795
31656,0.68
31657,0.77
31658,0.83
31659,0.825
31660,0.955
31661,0.695
31662,0.755
31663,0.52
31664,0.55
31665,0.44
31666,0.735
31667,0.935
31668,0.85
31669,0.705
31670,0.58
31671,0.655
31672,0.785
31673,0.64
31674,0.525
31675,0.785
31676,0.74
31677,0.675
31678,0.965
31679,0.73
31680,0.585
31681,0.485
31682,0.295
31683,0.83
31684,0.93
31685,0.945
31686,0.74
31687,0.965
31688,0.805
31689,0.45
31690,0.72
31691,0.95
31692,0.615
31693,0.475
31694,0.65
31695,0.45
31696,0.7
31697,0.885
31698,0.52
31699,0.565
31700,0.92
31701,0.685
31702,0.86
31703,0.61
31704,0.745
31705,0.455
31706,0.76
31707,0.485
31708,0.82
31709,0.35
31710,0.515
31711,0.785
31712,0.775
31713,0.955
31714,0.97
31715,0.76
31716,0.74
31717,0.705
31718,0.73
31719,0.505
31720,0.655
31721,0.695
31722,0.97
31723,0.53
31724,0.525
31725,0.54
31726,0.89
31727,0.46
31728,0.5
31729,0.365
31730,0.655
31731,0.385
31732,0.805
31733,0.75
31734,0.8
31735,0.735
31736,0.99
31737,0.92
31738,0.87
31739,0.895
31740,0.4
31741,0.815
31742,0.505
31743,0.88
31744,0.685
31745,0.395
31746,0.88
31747,0.875
31748,0.905
31749,0.54
31750,0.67
31751,0.885
31752,0.69
31753,0.55
31754,0.91
31755,0.81
31756,0.86
31757,0.515
31758,0.73
31759,0.855
31760,0.705
31761,0.395
31762,0.935
31763,0.48
31764,0.785
31765,0.715
31766,0.485
31767,0.65
31768,0.865
31769,0.875
31770,0.8
31771,0.615
31772,0.865
31773,0.83
31774,0.76
31775,0.315
31776,0.925
31777,0.54
31778,0.865
31779,0.56
31780,0.725
31781,0.715
31782,0.805
31783,0.54
31784,0.925
31785,0.355
31786,0.515
31787,0.445
31788,0.91
31789,0.745
31790,0.725
31791,0.65
31792,0.81
31793,0.65
31794,0.72
31795,0.435
31796,0.84
31797,0.56
31798,0.725
31799,0.73
31800,0.77
31801,0.72
31802,0.91
31803,0.615
31804,0.84
31805,0.365
31806,0.575
31807,0.815
31808,0.595
31809,0.685
31810,0.655
31811,0.865
31812,0.73
31813,0.745
31814,0.52
31815,0.555
31816,0.88
31817,0.885
31818,0.435
31819,0.83
31820,0.32
31821,0.86
31822,0.77
31823,0.585
31824,0.79
31825,0.435
31826,0.175
31827,0.765
31828,0.98
31829,0.725
31830,0.685
31831,0.805
31832,0.575
31833,0.835
31834,0.735
31835,0.725
31836,0.54
31837,0.645
31838,0.845
31839,0.685
31840,0.715
31841,0.49
31842,0.41
31843,0.795
31844,0.99
31845,0.95
31846,0.9
31847,0.915
31848,0.42
31849,0.765
31850,0.45
31851,0.985
31852,0.885
31853,0.66
31854,0.55
31855,0.715
31856,0.865
31857,0.73
31858,0.645
31859,0.705
31860,0.765
31861,0.715
31862,0.58
31863,0.775
31864,0.78
31865,0.32
31866,0.945
31867,0.885
31868,0.62
31869,0.675
31870,0.89
31871,0.865
31872,0.92
31873,0.63
31874,0.845
31875,0.94
31876,0.975
31877,0.695
31878,0.96
31879,0.925
31880,0.775
31881,0.78
31882,0.895
31883,0.825
31884,0.965
31885,0.82
31886,0.655
31887,0.56
31888,0.845
31889,0.69
31890,0.66
31891,0.905
31892,0.965
31893,0.81
31894,0.81
31895,0.875
31896,0.67
31897,0.94
31898,0.495
31899,0.715
31900,0.7
31901,0.745
31902,0.84
31903,0.62
31904,0.785
31905,0.755
31906,0.86
31907,0.725
31908,0.715
31909,0.92
31910,0.86
31911,0.71
31912,0.645
31913,0.5
31914,0.905
31915,0.88
31916,0.755
31917,0.86
31918,0.57
31919,0.83
31920,0.965
31921,0.725
31922,0.925
31923,0.435
31924,0.75
31925,0.48
31926,0.705
31927,0.71
31928,0.745
31929,0.54
31930,0.91
31931,0.78
31932,0.755
31933,0.695
31934,0.745
31935,0.725
31936,0.725
31937,0.83
31938,0.74
31939,0.815
31940,0.48
31941,0.85
31942,0.615
31943,0.745
31944,0.835
31945,0.655
31946,0.985
31947,0.89
31948,0.645
31949,0.79
31950,0.9
31951,0.615
31952,0.72
31953,0.705
31954,0.405
31955,0.655
31956,0.91
31957,0.48
31958,0.73
31959,0.855
31960,0.605
31961,0.585
31962,0.815
31963,0.71
31964,0.565
31965,0.74
31966,0.92
31967,0.665
31968,0.895
31969,0.675
31970,0.245
31971,0.85
31972,0.61
31973,0.79
31974,0.88
31975,0.755
31976,0.495
31977,0.935
31978,0.66
31979,0.835
31980,0.9
31981,0.625
31982,0.53
31983,0.57
31984,0.705
31985,0.825
31986,0.49
31987,0.54
31988,0.6
31989,0.365
31990,0.74
31991,0.725
31992,0.77
31993,0.625
31994,0.515
31995,0.945
31996,0.76
31997,0.82
31998,0.635
31999,0.755
32000,0.785
32001,0.865
32002,0.65
32003,0.625
32004,0.98
32005,0.66
32006,0.625
32007,0.93
32008,0.56
32009,0.685
32010,0.875
32011,0.895
32012,0.73
32013,0.615
32014,0.775
32015,0.585
32016,0.79
32017,0.625
32018,0.855
32019,0.32
32020,0.925
32021,0.49
32022,0.71
32023,0.55
32024,0.77
32025,0.525
32026,0.82
32027,0.69
32028,0.865
32029,0.805
32030,0.895
32031,0.87
32032,0.69
32033,0.61
32034,0.925
32035,0.72
32036,0.775
32037,0.625
32038,0.74
32039,0.84
32040,0.63
32041,0.905
32042,0.73
32043,0.51
32044,0.645
32045,0.965
32046,0.945
32047,0.985
32048,0.955
32049,0.81
32050,0.675
32051,0.51
32052,0.505
32053,0.46
32054,0.745
32055,0.675
32056,0.445
32057,0.785
32058,0.76
32059,0.75
32060,0.67
32061,0.430833
32062,0.525
32063,0.97
32064,0.51
32065,0.845
32066,0.635
32067,0.815
32068,0.705
32069,0.885
32070,0.715
32071,0.685
32072,0.865
32073,0.465
32074,0.915
32075,0.325
32076,0.725
32077,0.53
32078,0.925
32079,0.735
32080,0.415
32081,0.41
32082,0.455
32083,0.72
32084,0.735
32085,0.58
32086,0.635
32087,0.605
32088,0.74
32089,0.17
32090,0.845
32091,0.89
32092,0.75
32093,0.605
32094,0.8
32095,0.525
32096,0.91
32097,0.605
32098,0.62
32099,0.57
32100,0.565
32101,0.82
32102,0.85
32103,0.87
32104,0.885
32105,0.925
32106,0.59
32107,0.81
32108,0.705
32109,0.345
32110,0.465
32111,0.75
32112,0.685
32113,0.72
32114,0.56
32115,0.54
32116,0.735
32117,0.725
32118,0.79
32119,0.675
32120,0.935
32121,0.755
32122,0.705
32123,0.59
32124,0.86
32125,0.585
32126,0.49
32127,0.725
32128,0.72
32129,0.735
32130,0.7
32131,0.695
32132,0.67
32133,0.72
32134,0.64
32135,0.185
32136,0.53
32137,0.685
32138,0.65
32139,0.945
32140,0.65
32141,0.455
32142,0.9
32143,0.46
32144,0.28
32145,0.83
32146,0.675
32147,0.865
32148,0.665
32149,0.665
32150,0.61
32151,0.62
32152,0.865
32153,0.66
32154,0.785
32155,0.2
32156,0.62
32157,0.77
32158,0.225
32159,0.46
32160,0.63
32161,0.73
32162,0.725
32163,0.615
32164,0.645
32165,0.59
32166,0.4
32167,0.72
32168,0.63
32169,0.825
32170,0.735
32171,0.405
32172,0.95
32173,0.9
32174,0.87
32175,0.635
32176,0.785
32177,0.61
32178,0.69
32179,0.49
32180,0.645
32181,0.755
32182,0.86
32183,0.525
32184,0.625
32185,0.875
32186,0.985
32187,0.9
32188,0.625
32189,0.94
32190,0.555
32191,0.59
32192,0.85
32193,0.57
32194,0.665
32195,0.92
32196,0.605
32197,0.7
32198,0.91
32199,0.645
32200,0.475
32201,0.51
32202,0.82
32203,0.57
32204,0.77
32205,0.505
32206,0.935
32207,0.935
32208,0.845
32209,0.385
32210,0.915
32211,0.945
32212,0.595
32213,0.62
32214,0.79
32215,0.97
32216,0.93
32217,0.515
32218,0.59
32219,0.89
32220,0.785
32221,0.85
32222,0.86
32223,0.305
32224,0.755
32225,0.765
32226,0.225
32227,0.735
32228,0.845
32229,0.73
32230,0.785
32231,0.86
32232,0.725
32233,0.65
32234,0.62
32235,0.77
32236,0.625
32237,0.655
32238,0.615
32239,0.61
32240,0.475
32241,0.375
32242,0.885
32243,0.845
32244,0.85
32245,0.8
32246,0.67
32247,0.68
32248,0.875
32249,0.715
32250,0.755
32251,0.93
32252,0.675
32253,0.59
32254,0.865
32255,0.64
32256,0.81
32257,0.79
32258,0.985
32259,0.615
32260,0.83
32261,0.8
32262,0.83
32263,0.715
32264,0.805
32265,0.6
32266,0.94
32267,0.725
32268,0.685
32269,0.705
32270,0.91
32271,0.88
32272,0.525
32273,0.435
32274,0.785
32275,0.95
32276,0.555
32277,0.675
32278,0.775
32279,0.7
32280,0.37
32281,0.535
32282,0.805
32283,0.74
32284,0.965
32285,0.665
32286,0.58
32287,0.755
32288,0.98
32289,0.855
32290,0.82
32291,0.67
32292,0.63
32293,0.75
32294,0.78
32295,0.785
32296,0.82
32297,0.755
32298,0.865
32299,0.54
32300,0.895
32301,0.685
32302,0.71
32303,0.625
32304,0.815
32305,0.505
32306,0.625
32307,0.75
32308,0.76
32309,0.82
32310,0.575
32311,0.86
32312,0.61
32313,0.68
32314,0.875
32315,0.705
32316,0.815
32317,0.455
32318,0.65
32319,0.705
32320,0.695
32321,0.82
32322,0.575
32323,0.47
32324,0.72
32325,0.645
32326,0.93
32327,0.355
32328,0.99
32329,0.77
32330,0.89
32331,0.875
32332,0.88
32333,0.665
32334,0.875
32335,0.675
32336,0.695
32337,0.635
32338,0.81
32339,0.94
32340,0.89
32341,0.8
32342,0.295
32343,0.595
32344,0.705
32345,0.815
32346,0.745
32347,0.47
32348,0.5
32349,0.63
32350,0.67
32351,0.555
32352,0.675
32353,0.86
32354,0.67
32355,0.75
32356,0.695
32357,0.655
32358,0.705
32359,0.82
32360,0.48
32361,0.4
32362,0.97
32363,0.83
32364,0.57
32365,0.94
32366,0.67
32367,0.77
32368,0.965
32369,0.725
32370,0.78
32371,0.915
32372,0.765
32373,0.855
32374,0.455
32375,0.725
32376,0.69
32377,0.7
32378,0.605
32379,0.65
32380,0.605
32381,0.9
32382,0.59
32383,0.83
32384,0.7
32385,0.68
32386,0.585
32387,0.96
32388,0.83
32389,0.6
32390,0.87
32391,0.41
32392,0.71
32393,0.865
32394,0.805
32395,0.725
32396,0.775
32397,0.105
32398,0.63
32399,0.75
32400,0.77
32401,0.925
32402,0.62
32403,0.724444
32404,0.575
32405,0.49
32406,0.805
32407,0.79
32408,0.765
32409,0.845
32410,0.855
32411,0.46
32412,0.83
32413,0.65
32414,0.435
32415,0.785
32416,0.73
32417,0.92
32418,0.92
32419,0.545
32420,0.71
32421,0.93
32422,0.725
32423,0.67
32424,0.735
32425,0.725
32426,0.955
32427,0.48
32428,0.66
32429,0.955
32430,0.785
32431,0.815
32432,0.795
32433,0.815
32434,0.955
32435,0.575
32436,0.79
32437,0.655
32438,0.995
32439,0.66
32440,0.785
32441,0.565
32442,0.975
32443,0.82
32444,0.855
32445,0.51
32446,0.815
32447,0.73
32448,0.735
32449,0.885
32450,0.84
32451,0.655
32452,0.825
32453,0.76
32454,0.825
32455,0.655
32456,0.735
32457,0.74
32458,0.815
32459,0.9
32460,0.69
32461,0.83
32462,0.31
32463,0.75
32464,0.815
32465,0.545
32466,0.96
32467,0.615
32468,0.515
32469,0.42
32470,0.905
32471,0.765
32472,0.68
32473,0.69
32474,0.945
32475,0.415
32476,0.355
32477,0.68
32478,0.455
32479,0.73
32480,0.42
32481,0.78
32482,0.87
32483,0.835
32484,0.865
32485,0.83
32486,0.545
32487,0.61
32488,0.665
32489,0.91
32490,0.89
32491,0.625
32492,0.945
32493,0.78
32494,0.715
32495,0.555
32496,0.745
32497,0.75
32498,0.54
32499,0.82
32500,0.83
32501,0.61
32502,0.835
32503,0.71
32504,0.945
32505,0.75
32506,0.91
32507,0.835
32508,0.675
32509,0.885
32510,0.79
32511,0.79
32512,0.715
32513,0.365
32514,0.565
32515,0.895
32516,0.775
32517,0.725
32518,0.545
32519,0.905
32520,0.72
32521,0.49
32522,0.895
32523,0.89
32524,0.6
32525,0.435
32526,0.765
32527,0.68
32528,0.78
32529,0.62
32530,0.88
32531,0.735
32532,0.68
32533,0.59
32534,0.905
32535,0.845
32536,0.62
32537,0.925
32538,0.85
32539,0.71
32540,0.67
32541,0.91
32542,0.635
32543,0.58
32544,0.81
32545,0.445
32546,0.51
32547,0.84
32548,0.93
32549,0.945
32550,0.78
32551,0.705
32552,0.75
32553,0.75
32554,0.575
32555,0.545
32556,0.815
32557,0.865
32558,0.63
32559,0.645
32560,0.845
32561,0.825
32562,0.965
32563,0.835
32564,0.365
32565,0.66
32566,0.91
32567,0.92
32568,0.755
32569,0.95
32570,0.78
32571,0.48
32572,0.375
32573,0.805
32574,0.915
32575,0.66
32576,0.885
32577,0.55
32578,0.57
32579,0.455
32580,0.97
32581,0.81
32582,0.775
32583,0.735
32584,0.83
32585,0.625
32586,0.68
32587,0.71
32588,0.72
32589,0.775
32590,0.84
32591,0.965
32592,0.725
32593,0.615
32594,0.815
32595,0.725
32596,0.61
32597,0.58
32598,0.725
32599,0.635
32600,0.435
32601,0.545
32602,0.755
32603,0.5
32604,0.63
32605,0.915
32606,0.485
32607,0.665
32608,0.68
32609,0.845
32610,0.665
32611,0.605
32612,0.78
32613,0.845
32614,0.67
32615,0.545
32616,0.975
32617,0.675
32618,0.66
32619,0.535
32620,0.655
32621,0.74
32622,0.905
32623,0.85
32624,0.83
32625,0.695
32626,0.79
32627,0.43
32628,0.735
32629,0.9
32630,0.66
32631,0.83
32632,0.88
32633,0.805
32634,0.96
32635,0.78
32636,0.585
32637,0.82
32638,0.745
32639,0.86
32640,0.705
32641,0.86
32642,0.975
32643,0.705
32644,0.46
32645,0.705
32646,0.89
32647,0.485
32648,0.665
32649,0.815
32650,0.965
32651,0.65
32652,0.875
32653,0.55
32654,0.42
32655,0.77
32656,0.615
32657,0.955
32658,0.44
32659,0.33
32660,0.655
32661,0.66
32662,0.66
32663,0.325
32664,0.975
32665,0.79
32666,0.855
32667,0.645
32668,0.835
32669,0.975
32670,0.99
32671,0.79
32672,0.635
32673,0.68
32674,0.71
32675,0.88
32676,0.71
32677,0.74
32678,0.675
32679,0.95
32680,0.905
32681,0.725
32682,0.505
32683,0.705
32684,0.8
32685,0.515
32686,0.945
32687,0.85
32688,0.92
32689,0.755
32690,0.89
32691,0.565
32692,0.63
32693,0.72
32694,0.89
32695,0.835
32696,0.54
32697,0.565
32698,0.515
32699,0.54
32700,0.79
32701,0.755
32702,0.865
32703,0.855
32704,0.675
32705,0.295
32706,0.705
32707,0.52
32708,0.785
32709,0.655
32710,0.42
32711,0.695
32712,0.725
32713,0.62
32714,0.78
32715,0.82
32716,0.825
32717,0.59
32718,0.975
32719,0.945
32720,0.38
32721,0.65
32722,0.6
32723,0.565
32724,0.94
32725,0.405
32726,0.575
32727,0.82
32728,0.835
32729,0.565
32730,0.61
32731,0.45
32732,0.79
32733,0.825
32734,0.56
32735,0.945
32736,0.825
32737,0.845
32738,0.85
32739,0.74
32740,0.79
32741,0.665
32742,0.455
32743,0.71
32744,0.58
32745,0.495
32746,0.86
32747,0.74
32748,0.4
32749,0.58
32750,0.615
32751,0.73
32752,0.935
32753,0.785
32754,0.83
32755,0.955
32756,0.765
32757,0.905
32758,0.85
32759,0.615
32760,0.61
32761,0.88
32762,0.735
32763,0.7
32764,0.67
32765,0.145
32766,0.55
32767,0.47
32768,0.675
32769,0.97
32770,0.665
32771,0.445
32772,0.475
32773,0.725
32774,0.58
32775,0.89
32776,0.685
32777,0.92
32778,0.695
32779,0.705
32780,0.85
32781,0.64
32782,0.71
32783,0.725
32784,0.965
32785,0.43
32786,0.415
32787,0.68
32788,0.45
32789,0.875
32790,0.705
32791,0.93
32792,0.675
32793,0.63
32794,0.57
32795,0.685
32796,0.59
32797,0.97
32798,0.67
32799,0.82
32800,0.64
32801,0.93
32802,0.66
32803,0.92
32804,0.385
32805,0.905
32806,0.85
32807,0.365
32808,0.795
32809,0.625
32810,0.76
32811,0.65
32812,0.855
32813,0.83
32814,0.9
32815,0.615
32816,0.87
32817,0.725
32818,0.825
32819,0.455
32820,0.69
32821,0.675
32822,0.595
32823,0.895
32824,0.91
32825,0.515
32826,0.75
32827,0.86
32828,0.765
32829,0.87
32830,0.41
32831,0.815
32832,0.77
32833,0.595
32834,0.7
32835,0.795
32836,0.57
32837,0.66
32838,0.905
32839,0.85
32840,0.52
32841,0.7
32842,0.96
32843,0.645
32844,0.68
32845,0.825
32846,0.685
32847,0.895
32848,0.765
32849,0.57
32850,0.82
32851,0.575
32852,0.64
32853,0.835
32854,0.51
32855,0.695
32856,0.945
32857,0.655
32858,0.765
32859,0.825
32860,0.785
32861,0.615
32862,0.815
32863,0.615
32864,0.895
32865,0.55
32866,0.95
32867,0.635
32868,0.61
32869,0.815
32870,0.795
32871,0.645
32872,0.575
32873,0.69
32874,0.785
32875,0.82
32876,0.83
32877,0.885
32878,0.71
32879,0.775
32880,0.62
32881,0.925
32882,0.8
32883,0.93
32884,0.975
32885,0.845
32886,0.935
32887,0.695
32888,0.53
32889,0.695
32890,0.83
32891,0.89
32892,0.74
32893,0.595
32894,0.78
32895,0.805
32896,0.54
32897,0.705
32898,0.845
32899,0.585
32900,0.885
32901,0.615
32902,0.67
32903,0.825
32904,0.375
32905,0.98
32906,0.71
32907,0.89
32908,0.755
32909,0.9
32910,0.695
32911,0.805
32912,0.86
32913,0.99
32914,0.58
32915,0.94
32916,0.605
32917,0.775
32918,0.825
32919,0.855
32920,0.425
32921,0.47
32922,0.59
32923,0.695
32924,0.96
32925,0.705
32926,0.83
32927,0.875
32928,0.31
32929,0.865
32930,0.86
32931,0.78
32932,0.77
32933,0.635
32934,0.99
32935,0.755
32936,0.555
32937,0.955
32938,0.645
32939,0.685
32940,0.785
32941,0.735
32942,0.69
32943,0.815
32944,0.855
32945,0.895
32946,0.795
32947,0.695
32948,0.935
32949,0.6
32950,0.925
32951,0.675
32952,0.62
32953,0.735
32954,0.855
32955,0.59
32956,0.87
32957,0.785
32958,0.425
32959,0.83
32960,0.655
32961,0.83
32962,0.865
32963,0.545
32964,0.68
32965,0.695
32966,0.54
32967,0.625
32968,0.735
32969,0.69
32970,0.9
32971,0.465
32972,0.805
32973,0.63
32974,0.52
32975,0.36
32976,0.58
32977,0.745
32978,0.82
32979,0.665
32980,0.805
32981,0.91
32982,0.62
32983,0.885
32984,0.68
32985,0.715
32986,0.75
32987,0.5
32988,0.665
32989,0.72
32990,0.925
32991,0.815
32992,0.85
32993,0.92
32994,0.62
32995,0.815
32996,0.64
32997,0.69
32998,0.905
32999,0.695
33000,0.635
33001,0.675
33002,0.875
33003,0.82
33004,0.395
33005,0.915
33006,0.51
33007,0.57
33008,0.49
33009,0.865
33010,0.98
33011,0.225
33012,0.51
33013,0.845
33014,0.64
33015,0.995
33016,0.56
33017,0.82
33018,0.505
33019,0.77
33020,0.875
33021,0.71
33022,0.465
33023,0.815
33024,0.57
33025,0.975
33026,0.805
33027,0.49
33028,0.81
33029,0.79
33030,0.81
33031,0.805
33032,0.975
33033,0.92
33034,0.75
33035,0.89
33036,0.73
33037,0.61
33038,0.955
33039,0.45
33040,0.85
33041,0.715
33042,0.56
33043,0.835
33044,0.655
33045,0.71
33046,0.765
33047,0.575
33048,0.83
33049,0.445
33050,0.89
33051,0.24
33052,0.985
33053,0.48
33054,0.93
33055,0.455
33056,0.865
33057,0.67
33058,0.74
33059,0.325
33060,0.635
33061,0.445
33062,0.575
33063,0.885
33064,0.565
33065,0.62
33066,0.485
33067,0.83
33068,0.35
33069,0.925
33070,0.73
33071,0.81
33072,0.685
33073,0.615
33074,0.655
33075,0.12
33076,0.495
33077,0.38
33078,0.66
33079,0.485
33080,0.795
33081,0.875
33082,0.845
33083,0.815
33084,0.695
33085,0.7
33086,0.755
33087,0.575
33088,0.49
33089,0.745
33090,0.825
33091,0.965
33092,0.55
33093,0.615
33094,0.53
33095,0.74
33096,0.68
33097,0.745
33098,0.61
33099,0.385
33100,0.895
33101,0.78
33102,0.935
33103,0.51
33104,0.855
33105,0.725
33106,0.59
33107,0.535
33108,0.78
33109,0.5
33110,0.785
33111,0.65
33112,0.84
33113,0.485
33114,0.84
33115,0.765
33116,0.77
33117,0.73
33118,0.685
33119,0.715
33120,0.81
33121,0.7
33122,0.845
33123,0.695
33124,0.73
33125,0.8
33126,0.735
33127,0.66
33128,0.55
33129,0.725
33130,0.41
33131,0.89
33132,0.665
33133,0.965
33134,0.76
33135,0.77
33136,0.745
33137,0.9
33138,0.75
33139,0.94
33140,0.71
33141,0.48
33142,0.53
33143,0.655
33144,0.655
33145,0.74
33146,0.555
33147,0.655
33148,0.915
33149,0.795
33150,0.53
33151,0.6
33152,0.825
33153,0.805
33154,0.96
33155,0.815
33156,0.905
33157,0.88
33158,0.62
33159,0.635
33160,0.91
33161,0.635
33162,0.86
33163,0.905
33164,0.87
33165,0.85
33166,0.515
33167,0.355
33168,0.885
33169,0.91
33170,0.88
33171,0.965
33172,0.85
33173,0.7
33174,0.505
33175,0.665
33176,0.935
33177,0.915
33178,0.805
33179,0.635
33180,0.92
33181,0.8
33182,0.395
33183,0.775
33184,0.53
33185,0.815
33186,0.55
33187,0.405
33188,0.505
33189,0.815
33190,0.935
33191,0.755
33192,0.455
33193,0.945
33194,0.91
33195,0.865
33196,0.71
33197,0.575
33198,0.865
33199,0.38
33200,0.44
33201,0.7
33202,0.765
33203,0.795
33204,0.54
33205,0.995
33206,0.965
33207,0.555
33208,0.87
33209,0.575
33210,0.76
33211,0.325
33212,0.73
33213,0.66
33214,0.69
33215,0.75
33216,0.505
33217,0.575
33218,0.75
33219,0.92
33220,0.64
33221,0.725
33222,0.59
33223,0.905
33224,0.295
33225,0.525
33226,0.7
33227,0.655
33228,0.88
33229,0.68
33230,0.64
33231,0.765
33232,0.845
33233,0.915
33234,0.595
33235,0.91
33236,0.695
33237,0.565
33238,0.75
33239,0.725
33240,0.48
33241,0.86
33242,0.73
33243,0.525
33244,0.685
33245,0.595
33246,0.55
33247,0.715
33248,0.43
33249,0.73
33250,0.74
33251,0.695
33252,0.45
33253,0.69
33254,0.505
33255,0.715
33256,0.885
33257,0.425
33258,0.925
33259,0.68
33260,0.465
33261,0.63
33262,0.59
33263,0.77
33264,0.545
33265,0.815
33266,0.75
33267,0.83
33268,0.88
33269,0.53
33270,0.63
33271,0.72
33272,0.695
33273,0.725
33274,0.735
33275,0.755
33276,0.8
33277,0.93
33278,0.67
33279,0.89
33280,0.49
33281,0.86
33282,0.635
33283,0.67
33284,0.865
33285,0.435
33286,0.525
33287,0.56
33288,0.68
33289,0.905
33290,0.2
33291,0.66
33292,0.625
33293,0.49
33294,0.68
33295,0.795
33296,0.975
33297,0.94
33298,0.955
33299,0.7
33300,0.215
33301,0.625
33302,0.75
33303,0.445
33304,0.625
33305,0.55
33306,0.695
33307,0.85
33308,0.65
33309,0.68
33310,0.805
33311,0.615
33312,0.91
33313,0.86
33314,0.54
33315,0.96
33316,0.595
33317,0.925
33318,0.755
33319,0.74
33320,0.44
33321,0.805
33322,0.975
33323,0.455
33324,0.67
33325,0.71
33326,0.68
33327,0.76
33328,0.95
33329,0.82
33330,0.9
33331,0.585
33332,0.71
33333,0.645
33334,0.525
33335,0.615
33336,0.71
33337,0.91
33338,0.655
33339,0.67
33340,0.73
33341,0.76
33342,0.7
33343,0.22
33344,0.97
33345,0.635
33346,0.965
33347,0.78
33348,0.89
33349,0.825
33350,0.365
33351,0.935
33352,0.68
33353,0.67
33354,0.265
33355,0.56
33356,0.425
33357,0.835
33358,0.625
33359,0.715
33360,0.8
33361,0.315833
33362,0.785
33363,0.42
33364,0.69
33365,0.695
33366,0.665
33367,0.81
33368,0.645
33369,0.68
33370,0.575
33371,0.795
33372,0.63
33373,0.795
33374,0.82
33375,0.465
33376,0.39
33377,0.455
33378,0.74
33379,0.86
33380,0.83
33381,0.945
33382,0.515
33383,0.365
33384,0.715
33385,0.82
33386,0.765
33387,0.895
33388,0.8
33389,0.975
33390,0.64
33391,0.695
33392,0.45
33393,0.6
33394,0.745
33395,0.675
33396,0.73
33397,0.67
33398,0.575
33399,0.825
33400,0.705
33401,0.765
33402,0.23
33403,0.94
33404,0.44
33405,0.645
33406,0.5
33407,0.885
33408,0.84
33409,0.61
33410,0.645
33411,0.71
33412,0.78
33413,0.56
33414,0.79
33415,0.735
33416,0.78
33417,0.79
33418,0.715
33419,0.685
33420,0.875
33421,0.675
33422,0.555
33423,0.735
33424,0.985
33425,0.955
33426,0.85
33427,0.65
33428,0.91
33429,0.845
33430,0.74
33431,0.545
33432,0.715
33433,0.8
33434,0.64
33435,0.755
33436,0.98
33437,0.745
33438,0.66
33439,0.605
33440,0.865
33441,0.515
33442,0.395
33443,0.41
33444,0.885
33445,0.635
33446,0.63
33447,0.585
33448,0.775
33449,0.81
33450,0.815
33451,0.855
33452,0.335
33453,0.9
33454,0.79
33455,0.81
33456,0.63
33457,0.955
33458,0.625
33459,0.655
33460,0.775
33461,0.72
33462,0.705
33463,0.77
33464,0.755
33465,0.365
33466,0.935
33467,0.705
33468,0.86
33469,0.785
33470,0.915
33471,0.83
33472,0.52
33473,0.675
33474,0.635
33475,0.845
33476,0.89
33477,0.6
33478,0.95
33479,0.37
33480,0.545
33481,0.945
33482,0.73
33483,0.655
33484,0.56
33485,0.665
33486,0.92
33487,0.625
33488,0.64
33489,0.69
33490,0.69
33491,0.515
33492,0.95
33493,0.785
33494,0.865
33495,0.86
33496,0.835
33497,0.895
33498,0.575
33499,0.905
33500,0.905
33501,0.93
33502,0.82
33503,0.855
33504,0.67
33505,0.82
33506,0.83
33507,0.51
33508,0.785
33509,0.85
33510,0.555
33511,0.925
33512,0.875
33513,0.775
33514,0.775
33515,0.695
33516,0.965
33517,0.65
33518,0.8
33519,0.595
33520,0.9
33521,0.68
33522,0.705
33523,0.79
33524,0.92
33525,0.505
33526,0.74
33527,0.825
33528,0.895
33529,0.74
33530,0.845
33531,0.56
33532,0.545
33533,0.615
33534,0.505
33535,0.9
33536,0.89
33537,0.795
33538,0.68
33539,0.78
33540,0.71
33541,0.85
33542,0.93
33543,0.875
33544,0.39
33545,0.8
33546,0.69
33547,0.965
33548,0.78
33549,0.475
33550,0.765
33551,0.665
33552,0.155
33553,0.815
33554,0.495
33555,0.915
33556,0.62
33557,0.725
33558,0.535
33559,0.91
33560,0.89
33561,0.75
33562,0.73
33563,0.96
33564,1.0
33565,0.645
33566,0.96
33567,0.66
33568,0.69
33569,0.77
33570,0.81
33571,0.815
33572,0.705
33573,0.63
33574,0.79
33575,0.745
33576,0.76
33577,0.66
33578,0.765
33579,0.8
33580,0.77
33581,0.765
33582,0.775
33583,0.675
33584,0.79
33585,0.88
33586,0.625
33587,0.905
33588,0.98
33589,0.785
33590,0.74
33591,0.9
33592,0.89
33593,0.87
33594,0.955
33595,0.395
33596,0.735
33597,0.785
33598,0.74
33599,0.78
33600,0.795
33601,0.505
33602,0.67
33603,0.985
33604,0.885
33605,0.995
33606,0.885
33607,0.965
33608,0.555
33609,0.455
33610,0.925
33611,0.625
33612,0.755
33613,0.975
33614,0.715
33615,0.93
33616,0.895
33617,0.92
33618,0.895
33619,0.655
33620,0.785
33621,0.355
33622,0.75
33623,0.995
33624,0.735
33625,0.835
33626,0.705
33627,0.79
33628,0.745
33629,0.71
33630,0.805
33631,0.92
33632,0.645
33633,0.455
33634,0.64
33635,0.77
33636,0.685
33637,0.6
33638,0.875
33639,0.655
33640,0.66
33641,0.835
33642,0.71
33643,0.955
33644,0.605
33645,0.875
33646,0.44
33647,0.885
33648,0.62
33649,0.68
33650,0.59
33651,0.44
33652,0.665
33653,0.585
33654,0.655
33655,0.675
33656,0.59
33657,0.67
33658,0.68
33659,0.965
33660,0.935
33661,0.82
33662,0.61
33663,0.475
33664,0.48
33665,0.89
33666,0.205
33667,0.925
33668,0.815
33669,0.945
33670,0.555
33671,0.715
33672,0.605
33673,0.93
33674,0.915
33675,0.825
33676,0.945
33677,0.665
33678,0.765
33679,0.67
33680,0.505
33681,0.535
33682,0.555
33683,0.695
33684,0.715
33685,0.85
33686,0.705
33687,0.69
33688,0.71
33689,0.68
33690,0.755
33691,0.625
33692,0.62
33693,0.69
33694,0.95
33695,0.505
33696,0.55
33697,0.725
33698,0.835
33699,0.97
33700,0.965
33701,0.615
33702,0.93
33703,0.675
33704,0.74
33705,0.745
33706,0.63
33707,0.64
33708,0.91
33709,0.845
33710,0.74
33711,0.265
33712,0.93
33713,0.595
33714,0.93
33715,0.725
33716,0.625
33717,0.61
33718,0.7
33719,0.72
33720,0.96
33721,0.495
33722,0.795
33723,0.975
33724,0.87
33725,0.855
33726,0.725
33727,0.615
33728,0.845
33729,0.74
33730,0.705
33731,0.735
33732,0.63
33733,0.51
33734,0.755
33735,0.785
33736,0.835
33737,0.86
33738,0.77
33739,0.62
33740,0.875
33741,0.6
33742,0.485
33743,0.645
33744,0.825
33745,0.47
33746,0.49
33747,0.97
33748,0.6
33749,0.785
33750,0.64
33751,0.88
33752,0.93
33753,0.715
33754,0.555
33755,0.865
33756,0.905
33757,0.71
33758,0.915
33759,0.655
33760,0.545
33761,0.85
33762,0.605
33763,0.565
33764,0.53
33765,0.86
33766,0.8
33767,0.375
33768,0.705
33769,0.64
33770,0.545
33771,0.11
33772,0.52
33773,0.885
33774,0.985
33775,0.805
33776,0.605
33777,0.83
33778,0.705
33779,0.825
33780,0.575
33781,0.945
33782,0.765
33783,0.885
33784,0.97
33785,0.79
33786,0.64
33787,0.71
33788,0.75
33789,0.72
33790,0.885
33791,0.615
33792,0.96
33793,0.595
33794,0.55
33795,0.595
33796,0.765
33797,0.79
33798,0.595
33799,0.67
33800,0.92
33801,0.81
33802,0.21
33803,0.755
33804,0.685
33805,0.825
33806,0.185
33807,0.885
33808,0.455
33809,0.56
33810,0.805
33811,0.675
33812,0.955
33813,0.7
33814,0.915
33815,0.74
33816,0.52
33817,0.93
33818,0.68
33819,0.65
33820,0.69
33821,0.685
33822,0.685
33823,0.29
33824,0.675
33825,0.85
33826,0.94
33827,0.205
33828,0.755
33829,0.85
33830,0.955
33831,0.6
33832,0.81
33833,0.945
33834,0.73
33835,0.95
33836,0.735
33837,0.965
33838,0.82
33839,0.915
33840,0.65
33841,0.97
33842,0.81
33843,0.615
33844,0.73
33845,0.685
33846,0.365
33847,0.72
33848,0.88
33849,0.935
33850,0.34
33851,0.975
33852,0.67
33853,0.725
33854,0.63
33855,0.46
33856,0.64
33857,0.655
33858,0.735
33859,0.885
33860,0.555
33861,0.75
33862,0.815
33863,0.595
33864,0.935
33865,0.645
33866,0.535
33867,0.915
33868,0.62
33869,0.9
33870,0.315
33871,0.765
33872,0.51
33873,0.665
33874,0.705
33875,0.795
33876,0.57
33877,0.77
33878,0.83
33879,0.545
33880,0.805
33881,0.825
33882,0.465
33883,0.885
33884,0.875
33885,0.51
33886,0.95
33887,0.795
33888,0.72
33889,0.57
33890,0.705
33891,0.7
33892,0.62
33893,0.895
33894,0.765
33895,0.925
33896,0.855
33897,0.715
33898,0.585
33899,0.635
33900,0.94
33901,0.82
33902,0.49
33903,0.8
33904,0.785
33905,0.635
33906,0.505
33907,0.75
33908,0.98
33909,0.775
33910,0.71
33911,0.935
33912,0.635
33913,0.835
33914,0.67
33915,0.85
33916,0.74
33917,0.88
33918,0.98
33919,0.71
33920,0.645
33921,0.975
33922,0.73
33923,0.55
33924,0.665
33925,0.65
33926,0.46
33927,0.965
33928,0.635
33929,0.955
33930,0.71
33931,0.53
33932,0.815
33933,0.645
33934,0.855
33935,0.67
33936,0.95
33937,0.42
33938,0.44
33939,0.795
33940,0.805
33941,0.7
33942,0.865
33943,0.79
33944,0.705
33945,0.805
33946,0.765
33947,0.585
33948,0.55
33949,0.58
33950,0.89
33951,0.645
33952,0.625
33953,0.82
33954,0.885
33955,0.78
33956,0.845
33957,0.755
33958,0.575
33959,0.81
33960,0.85
33961,0.905
33962,0.7
33963,0.9
33964,0.505
33965,0.63
33966,0.85
33967,0.845
33968,0.575
33969,0.955
33970,0.72
33971,0.59
33972,0.61
33973,0.705
33974,0.71
33975,0.65
33976,0.7
33977,0.78
33978,0.905
33979,0.84
33980,0.955
33981,0.66
33982,0.945
33983,0.82
33984,0.51
33985,0.895
33986,0.725
33987,0.83
33988,0.52
33989,0.725
33990,0.805
33991,0.745
33992,0.555
33993,0.885
33994,0.605
33995,0.83
33996,0.79
33997,0.95
33998,0.625
33999,0.765
34000,0.95
34001,0.81
34002,0.63
34003,0.82
34004,0.755
34005,0.855
34006,0.77
34007,0.655
34008,0.55
34009,0.655
34010,0.53
34011,0.785
34012,0.51
34013,0.895
34014,0.665
34015,0.475
34016,0.62
34017,0.715
34018,0.575
34019,0.815
34020,0.71
34021,0.705
34022,0.6
34023,0.815
34024,0.44
34025,0.585
34026,0.82
34027,0.855
34028,0.68
34029,0.64
34030,0.79
34031,0.65
34032,0.98
34033,0.695
34034,0.94
34035,0.96
34036,0.395
34037,0.76
34038,0.96
34039,0.25
34040,0.645
34041,0.605
34042,0.535
34043,0.88
34044,0.82
34045,0.945
34046,0.515
34047,0.49
34048,0.39
34049,0.725
34050,0.455
34051,0.545
34052,0.78
34053,0.79
34054,0.97
34055,0.885
34056,0.485
34057,0.74
34058,0.555
34059,0.48
34060,0.99
34061,0.86
34062,0.83
34063,0.86
34064,0.625
34065,0.545
34066,0.73
34067,0.84
34068,0.53
34069,0.695
34070,0.845
34071,0.94
34072,0.645
34073,0.505
34074,0.67
34075,0.76
34076,0.74
34077,0.97
34078,0.69
34079,0.87
34080,0.695
34081,0.915
34082,0.785
34083,0.675
34084,0.91
34085,0.805
34086,0.805
34087,0.72
34088,0.66
34089,0.78
34090,0.585
34091,0.92
34092,0.59
34093,0.69
34094,0.095
34095,0.785
34096,0.7
34097,0.95
34098,0.855
34099,0.73
34100,0.74
34101,0.96
34102,0.37
34103,0.81
34104,0.97
34105,0.68
34106,0.73
34107,0.895
34108,0.795
34109,0.825
34110,0.725
34111,0.57
34112,0.8
34113,0.7
34114,0.935
34115,0.91
34116,0.525
34117,0.57
34118,0.85
34119,0.72
34120,0.845
34121,0.77
34122,0.655
34123,0.66
34124,1.0
34125,0.84
34126,0.71
34127,0.755
34128,0.855
34129,0.33
34130,0.975
34131,0.53
34132,0.57
34133,0.97
34134,0.735
34135,0.53
34136,0.88
34137,0.8
34138,0.465
34139,0.705
34140,0.98
34141,0.93
34142,0.72
34143,0.53
34144,0.77
34145,0.77
34146,0.56
34147,0.765
34148,0.765
34149,0.425
34150,0.47
34151,0.89
34152,0.7
34153,0.745
34154,0.845
34155,0.79
34156,0.71
34157,0.285
34158,0.645
34159,0.505
34160,0.565
34161,0.45
34162,0.815
34163,0.805
34164,0.515
34165,0.96
34166,0.665
34167,0.675
34168,0.765
34169,0.485
34170,0.205
34171,0.58
34172,0.735
34173,0.65
34174,0.675
34175,0.38
34176,0.755
34177,0.415
34178,0.545
34179,0.64
34180,0.675
34181,0.935
34182,0.81
34183,0.935
34184,0.765
34185,0.355
34186,0.835
34187,0.64
34188,0.88
34189,0.64
34190,0.87
34191,0.675
34192,0.795
34193,0.465
34194,0.805
34195,0.8
34196,0.55
34197,0.73
34198,0.615
34199,0.38
34200,0.835
34201,0.855
34202,0.555
34203,0.62
34204,0.66
34205,0.74
34206,0.595
34207,0.7
34208,0.95
34209,0.77
34210,0.74
34211,0.425
34212,0.53
34213,0.84
34214,0.96
34215,0.715
34216,0.95
34217,0.845
34218,0.5
34219,0.585
34220,0.68
34221,0.74
34222,0.28
34223,0.675
34224,0.56
34225,0.535
34226,0.77
34227,0.78
34228,0.37
34229,0.965
34230,0.525
34231,0.63
34232,0.755
34233,0.735
34234,0.51
34235,0.465
34236,0.77
34237,0.93
34238,0.825
34239,0.47
34240,0.685
34241,0.67
34242,0.685
34243,0.87
34244,0.605
34245,0.765
34246,0.735
34247,0.465
34248,0.89
34249,0.805
34250,0.665
34251,0.415
34252,0.525
34253,0.65
34254,0.635
34255,0.9
34256,0.825
34257,0.715
34258,0.725
34259,0.91
34260,0.62
34261,0.745
34262,0.615
34263,0.4
34264,0.735
34265,0.35
34266,0.72
34267,0.8
34268,0.51
34269,0.935
34270,0.69
34271,0.985
34272,0.825
34273,0.795
34274,0.615
34275,0.525
34276,0.69
34277,0.605
34278,0.495
34279,0.605
34280,0.505
34281,0.275
34282,0.66
34283,0.63
34284,0.715
34285,0.445
34286,0.795
34287,0.68
34288,0.735
34289,0.665
34290,0.465
34291,0.81
34292,0.49
34293,0.86
34294,0.725
34295,0.765
34296,0.885
34297,0.52
34298,0.95
34299,0.72
34300,0.545
34301,0.805
34302,0.785
34303,0.605
34304,0.945
34305,0.575
34306,0.88
34307,0.675
34308,0.91
34309,0.79
34310,0.65
34311,0.66
34312,0.775
34313,0.66
34314,0.7
34315,0.685
34316,0.765
34317,0.65
34318,0.675
34319,0.745
34320,0.855
34321,0.69
34322,0.785
34323,0.745
34324,0.875
34325,0.36
34326,0.33
34327,0.705
34328,0.375
34329,0.685
34330,0.855
34331,0.94
34332,0.7
34333,0.6
34334,0.945
34335,0.615
34336,0.62
34337,0.855
34338,0.635
34339,0.97
34340,0.945
34341,0.735
34342,0.795
34343,0.785
34344,0.64
34345,0.605
34346,0.665
34347,0.685
34348,0.78
34349,0.71
34350,0.865
34351,0.55
34352,0.58
34353,0.9
34354,0.735
34355,0.63125
34356,0.89
34357,0.655
34358,0.86
34359,0.38
34360,0.765
34361,0.6
34362,0.805
34363,0.84
34364,0.845
34365,0.675
34366,0.645
34367,0.505
34368,0.675
34369,0.635
34370,0.755
34371,0.52
34372,0.88
34373,0.765
34374,0.885
34375,0.745
34376,0.96
34377,0.885
34378,0.58
34379,0.735
34380,0.885
34381,0.79
34382,0.635
34383,0.6
34384,0.695
34385,0.49
34386,0.495
34387,0.745
34388,0.86
34389,0.685
34390,0.61
34391,0.94
34392,0.755
34393,0.685
34394,0.88
34395,0.94
34396,0.68
34397,0.62
34398,0.87
34399,0.75
34400,0.94
34401,0.69
34402,0.62
34403,0.785
34404,0.74
34405,0.705
34406,0.505
34407,0.865
34408,0.615
34409,0.6
34410,0.73
34411,0.76
34412,0.695
34413,0.81
34414,0.625
34415,0.955
34416,0.76
34417,0.905
34418,0.82
34419,0.775
34420,0.66
34421,0.805
34422,0.915
34423,0.765
34424,0.765
34425,0.59
34426,0.61
34427,0.885
34428,0.84
34429,0.64
34430,0.86
34431,0.535
34432,0.795
34433,0.975
34434,0.975
34435,0.67
34436,0.59
34437,0.525
34438,0.76
34439,0.945
34440,0.785
34441,0.985
34442,0.55
34443,0.74
34444,0.71
34445,0.665
34446,0.545
34447,0.67
34448,0.76
34449,0.83
34450,0.9
34451,0.94
34452,0.795
34453,0.845
34454,0.6
34455,0.815
34456,0.815
34457,0.695
34458,0.64
34459,0.9
34460,0.72
34461,0.45
34462,0.74
34463,0.685
34464,0.865
34465,0.74
34466,0.695
34467,0.615
34468,0.115
34469,0.7
34470,0.805
34471,0.776667
34472,0.97
34473,0.61
34474,0.75
34475,0.73
34476,0.835
34477,0.795
34478,0.74
34479,0.78
34480,0.75
34481,0.67
34482,0.85
34483,0.355
34484,0.815
34485,0.545
34486,0.855
34487,0.69
34488,0.74
34489,0.605
34490,0.945
34491,0.82
34492,0.625
34493,0.615
34494,0.555
34495,0.935
34496,0.955
34497,0.495
34498,0.635
34499,0.58
34500,0.555
34501,0.505
34502,0.645
34503,0.55
34504,0.555
34505,0.645
34506,0.575
34507,0.905
34508,0.94
34509,0.62
34510,0.41
34511,0.69
34512,0.35
34513,0.925
34514,0.655
34515,0.545
34516,0.835
34517,0.77
34518,0.995
34519,0.535
34520,0.645
34521,0.815
34522,0.575
34523,0.825
34524,0.905
34525,0.885
34526,0.91
34527,0.955
34528,0.925
34529,0.725
34530,0.42
34531,0.65
34532,0.735
34533,0.445
34534,0.93
34535,0.415
34536,0.795
34537,0.855
34538,0.83
34539,0.69
34540,0.875
34541,0.46
34542,0.69
34543,0.825
34544,0.865
34545,0.97
34546,0.67
34547,0.52
34548,0.77
34549,0.97
34550,0.99
34551,0.485
34552,0.805
34553,0.885
34554,0.495
34555,0.78
34556,0.855
34557,0.89
34558,0.715
34559,0.805
34560,0.74
34561,0.605
34562,0.955
34563,0.95
34564,0.76
34565,0.945
34566,0.76
34567,0.93
34568,0.875
34569,0.885
34570,0.725
34571,0.825
34572,0.375
34573,0.65
34574,0.48
34575,0.7
34576,0.67
34577,0.715
34578,0.73
34579,0.975
34580,0.905
34581,0.915
34582,0.885
34583,0.77
34584,0.78
34585,0.57
34586,0.445
34587,0.25
34588,0.635
34589,0.575
34590,0.705
34591,0.855
34592,0.475
34593,0.65
34594,0.405
34595,0.755
34596,0.84
34597,0.455
34598,0.765
34599,0.68
34600,0.68
34601,0.738
34602,0.885
34603,0.475
34604,0.89
34605,0.755
34606,0.71
34607,0.78
34608,0.925
34609,0.54
34610,0.84
34611,0.595
34612,0.845
34613,0.715
34614,0.495
34615,0.8
34616,0.805
34617,0.575
34618,0.825
34619,0.505
34620,0.68
34621,0.84
34622,0.635
34623,0.925
34624,0.89
34625,0.66
34626,0.735
34627,0.77
34628,0.65
34629,0.685
34630,0.84
34631,0.695
34632,0.64
34633,0.73
34634,0.565
34635,0.81
34636,0.36
34637,0.46
34638,0.49
34639,0.915
34640,0.365
34641,0.635
34642,0.935
34643,0.575
34644,0.59
34645,0.805
34646,0.825
34647,0.855
34648,0.595
34649,0.82
34650,0.79
34651,0.405
34652,0.3
34653,0.765
34654,0.97
34655,0.66
34656,0.965
34657,0.74
34658,0.97
34659,0.81
34660,0.12
34661,0.635
34662,0.575
34663,0.705
34664,0.995
34665,0.765
34666,0.67
34667,0.715
34668,0.575
34669,0.685
34670,0.885
34671,0.725
34672,0.85
34673,0.67
34674,0.785
34675,0.725
34676,0.955
34677,0.655
34678,0.715
34679,0.55
34680,0.735
34681,0.73
34682,0.725
34683,0.695
34684,0.795
34685,0.865
34686,0.53
34687,0.585
34688,0.465
34689,0.715
34690,0.745
34691,0.59
34692,0.7
34693,0.915
34694,0.93
34695,0.535
34696,0.57
34697,0.7
34698,0.74
34699,0.69
34700,0.56
34701,0.67
34702,0.655
34703,0.605
34704,0.835
34705,0.895
34706,0.96
34707,0.86
34708,0.815
34709,0.955
34710,0.675
34711,0.95
34712,0.605
34713,0.67
34714,0.95
34715,0.71
34716,0.68
34717,0.73
34718,0.845
34719,0.975
34720,0.675
34721,0.815
34722,0.885
34723,0.56
34724,0.75
34725,0.865
34726,0.81
34727,0.965
34728,0.795
34729,0.86
34730,0.65
34731,0.82
34732,0.545
34733,0.865
34734,0.725
34735,0.725
34736,0.77
34737,0.855
34738,0.875
34739,0.84
34740,0.73
34741,0.63
34742,0.625
34743,0.65
34744,0.825
34745,0.865
34746,0.77
34747,0.83
34748,0.575
34749,0.575
34750,0.07
34751,0.89
34752,0.48
34753,0.825
34754,0.69
34755,0.96
34756,0.535
34757,0.63
34758,0.535
34759,0.615
34760,0.945
34761,0.635
34762,0.795
34763,0.85
34764,0.735
34765,0.815
34766,0.805
34767,0.845
34768,0.625
34769,0.66
34770,0.54
34771,0.65
34772,0.85
34773,0.945
34774,0.575
34775,0.675
34776,0.765
34777,0.825
34778,0.495
34779,0.94
34780,0.51
34781,0.53
34782,0.965
34783,0.715
34784,0.845
34785,0.8
34786,0.465
34787,0.605
34788,0.375
34789,0.755
34790,0.765
34791,0.615
34792,0.91
34793,0.635
34794,0.725
34795,0.795
34796,0.78
34797,0.77
34798,0.815
34799,0.615
34800,0.875
34801,0.935
34802,0.96
34803,0.62
34804,0.625
34805,0.51
34806,0.85
34807,0.425
34808,0.735
34809,0.505
34810,0.455
34811,0.815
34812,0.785
34813,0.685
34814,0.67
34815,0.905
34816,0.72
34817,0.62
34818,0.865
34819,0.82
34820,0.945
34821,0.58
34822,0.75
34823,0.83
34824,0.815
34825,0.55
34826,0.76
34827,0.83
34828,0.97
34829,0.485
34830,0.805
34831,0.6
34832,0.575
34833,0.865
34834,0.645
34835,0.55
34836,0.85
34837,0.925
34838,0.825
34839,0.795
34840,0.3
34841,0.71
34842,0.65
34843,0.845
34844,0.75
34845,0.775
34846,0.75
34847,0.745
34848,0.57
34849,0.47
34850,0.26
34851,0.395
34852,0.87
34853,0.91
34854,0.435
34855,0.91
34856,0.76
34857,0.94
34858,0.445
34859,0.74
34860,0.535
34861,0.67
34862,0.68
34863,0.765
34864,0.825
34865,0.875
34866,0.96
34867,0.775
34868,0.69
34869,0.61
34870,0.825
34871,0.56
34872,0.815
34873,0.82
34874,0.835
34875,0.685
34876,0.56
34877,0.595
34878,0.92
34879,0.54
34880,0.915
34881,0.755
34882,0.755
34883,0.885
34884,0.605
34885,0.92
34886,0.605
34887,0.715
34888,0.66
34889,0.705
34890,0.885
34891,0.685
34892,0.855
34893,0.875
34894,0.59
34895,0.66
34896,0.56
34897,0.55
34898,0.64125
34899,0.975
34900,0.65
34901,0.845
34902,0.755
34903,0.735
34904,0.49
34905,0.735
34906,0.62
34907,0.925
34908,0.775
34909,0.92
34910,0.225
34911,0.57
34912,0.97
34913,0.84
34914,0.67
34915,0.49
34916,0.465
34917,0.84
34918,0.68
34919,0.79
34920,0.65
34921,0.775
34922,0.455
34923,0.545
34924,0.705
34925,0.92
34926,0.205
34927,0.925
34928,0.72
34929,0.77
34930,0.795
34931,0.595
34932,0.72
34933,0.865
34934,0.225
34935,0.665
34936,0.925
34937,0.805
34938,0.535
34939,0.845
34940,0.89
34941,0.555
34942,0.53
34943,0.41
34944,0.95
34945,0.44
34946,0.84
34947,0.495
34948,0.56
34949,0.955
34950,0.825
34951,0.755
34952,0.745
34953,0.715
34954,0.81
34955,0.945
34956,0.665
34957,0.839444
34958,0.735
34959,0.89
34960,0.73
34961,0.37
34962,0.64
34963,0.945
34964,0.595
34965,0.805
34966,0.9
34967,0.53
34968,0.72
34969,0.565
34970,0.8
34971,0.95
34972,0.66
34973,0.47
34974,0.615
34975,0.75
34976,0.785
34977,0.7
34978,0.725
34979,0.905
34980,0.705
34981,0.835
34982,0.91
34983,0.765
34984,0.415
34985,0.88
34986,0.64
34987,0.675
34988,0.695
34989,0.68
34990,0.875
34991,0.74
34992,0.86
34993,0.83
34994,0.815
34995,0.805
34996,0.865
34997,0.805
34998,0.945
34999,0.6
35000,0.88
35001,0.835
35002,0.96
35003,0.915
35004,0.59
35005,0.925
35006,0.77
35007,0.76
35008,0.73
35009,0.97
35010,0.935
35011,0.855
35012,0.655
35013,0.845
35014,0.82
35015,0.64
35016,0.615
35017,0.455
35018,0.935
35019,0.745
35020,0.4
35021,0.845
35022,0.875
35023,0.775
35024,0.9
35025,0.745
35026,0.645
35027,0.74
35028,0.94
35029,0.99
35030,0.57
35031,0.565
35032,0.67
35033,0.46
35034,0.945
35035,0.635
35036,0.795
35037,0.73
35038,0.5
35039,0.815
35040,0.765
35041,0.69
35042,0.765
35043,0.815
35044,0.52
35045,0.685
35046,0.81
35047,0.88
35048,0.6
35049,0.9
35050,0.675
35051,0.63
35052,0.99
35053,0.695
35054,0.565
35055,0.66
35056,0.645
35057,0.77
35058,0.585
35059,0.555
35060,0.75
35061,0.625
35062,0.445
35063,0.8
35064,0.43
35065,0.68
35066,0.825
35067,0.695
35068,0.835
35069,0.705
35070,0.71
35071,0.495
35072,0.69
35073,0.975
35074,0.79
35075,0.64
35076,0.505
35077,0.64
35078,0.905
35079,0.75
35080,0.705
35081,0.915
35082,0.885
35083,0.845
35084,0.935
35085,0.645
35086,0.585
35087,0.81
35088,0.735
35089,0.795
35090,0.715
35091,0.965
35092,0.79
35093,0.555
35094,0.65
35095,0.645
35096,0.89
35097,0.98
35098,0.6
35099,0.66
35100,0.15
35101,0.61
35102,0.785
35103,0.325
35104,0.885
35105,0.475
35106,0.665
35107,0.65
35108,0.77
35109,0.515
35110,0.7
35111,0.355
35112,0.705
35113,0.875
35114,0.63
35115,0.795
35116,0.82
35117,0.73
35118,0.9
35119,0.805
35120,0.715
35121,0.675
35122,0.635
35123,0.33
35124,0.955
35125,0.685
35126,0.865
35127,0.95
35128,0.885
35129,0.73
35130,0.975
35131,0.94
35132,0.61
35133,0.605
35134,0.795
35135,0.865
35136,0.21
35137,0.855
35138,0.525
35139,0.695
35140,0.665
35141,0.625
35142,0.77
35143,0.92
35144,0.78
35145,0.96
35146,0.875
35147,0.525
35148,0.76
35149,0.895
35150,0.785
35151,0.87
35152,0.645
35153,0.73
35154,0.56
35155,0.845
35156,0.88
35157,0.92
35158,0.53
35159,0.73
35160,0.57
35161,0.94
35162,0.625
35163,0.88
35164,0.855
35165,0.705
35166,0.55
35167,0.66
35168,0.92
35169,0.395
35170,0.645
35171,0.705
35172,0.87
35173,0.445
35174,0.255
35175,0.735
35176,0.975
35177,0.955
35178,0.9
35179,0.875
35180,0.82
35181,0.88
35182,0.97
35183,0.945
35184,0.635
35185,0.95
35186,0.955
35187,0.525
35188,0.875
35189,0.825
35190,0.74
35191,0.785
35192,0.775
35193,0.955
35194,0.875
35195,0.6
35196,0.355
35197,0.42
35198,0.775
35199,0.84
35200,0.47
35201,0.45
35202,0.835
35203,0.6
35204,0.69
35205,0.52
35206,0.5
35207,0.575
35208,0.64
35209,0.855
35210,0.605
35211,0.535
35212,0.815
35213,0.715
35214,0.855
35215,0.97
35216,0.215
35217,0.765
35218,0.85
35219,0.645
35220,0.86
35221,0.99
35222,0.91
35223,0.76
35224,0.675
35225,0.91
35226,0.8
35227,0.85
35228,0.635
35229,0.47
35230,0.635
35231,0.7
35232,0.79
35233,0.765
35234,0.5
35235,0.785
35236,0.65
35237,0.59
35238,0.775
35239,0.72
35240,0.895
35241,0.37
35242,0.795
35243,0.535
35244,0.935
35245,0.84
35246,0.56
35247,0.875
35248,0.955
35249,0.675
35250,0.785
35251,0.95
35252,0.355
35253,0.68
35254,0.57
35255,0.505
35256,0.35
35257,0.53
35258,1.0
35259,0.645
35260,0.585
35261,0.58
35262,0.695
35263,0.94
35264,0.695
35265,0.785
35266,0.68
35267,0.87
35268,0.605
35269,0.675
35270,0.415
35271,0.73
35272,0.855
35273,0.795
35274,0.42
35275,0.59
35276,0.735
35277,0.71
35278,0.555
35279,0.845
35280,0.88
35281,0.77
35282,0.75
35283,0.76
35284,0.95
35285,0.39
35286,0.71
35287,0.75
35288,0.865
35289,0.99
35290,0.655
35291,0.72
35292,0.775
35293,0.955
35294,0.535
35295,0.295
35296,0.745
35297,0.88
35298,0.405
35299,0.68
35300,0.725
35301,0.965
35302,0.32
35303,0.895
35304,0.855
35305,0.765
35306,0.65
35307,0.5
35308,0.615
35309,0.81
35310,0.67
35311,0.905
35312,0.64
35313,0.645
35314,0.975
35315,0.7
35316,0.865
35317,0.48
35318,0.83
35319,0.52
35320,0.57
35321,0.63
35322,0.575
35323,0.885
35324,0.845
35325,0.735
35326,0.56
35327,0.925
35328,0.79
35329,0.65
35330,0.815
35331,0.815
35332,0.66
35333,0.87
35334,0.415
35335,0.79
35336,0.83
35337,0.945
35338,0.815
35339,0.65
35340,0.895
35341,0.34
35342,0.68
35343,0.735
35344,0.945
35345,0.825
35346,0.885
35347,0.695
35348,0.98
35349,0.65
35350,0.67
35351,0.375
35352,0.915
35353,0.745
35354,0.615
35355,0.865
35356,0.375
35357,0.58
35358,0.605
35359,0.68
35360,0.415
35361,0.61
35362,0.57
35363,0.635
35364,0.78
35365,0.855
35366,0.605
35367,0.86
35368,0.755
35369,0.835
35370,0.895
35371,0.92
35372,0.63
35373,0.7
35374,0.49
35375,0.65
35376,0.44
35377,0.81
35378,0.91
35379,0.825
35380,0.755
35381,0.62
35382,0.935
35383,0.97
35384,0.505
35385,0.765
35386,0.425
35387,0.285
35388,0.865
35389,0.92
35390,0.54
35391,0.83
35392,0.635
35393,0.64
35394,0.535
35395,0.75
35396,0.605
35397,0.55
35398,0.83
35399,0.76
35400,0.845
35401,0.52
35402,0.845
35403,0.76
35404,0.515
35405,0.745
35406,0.49
35407,0.77
35408,0.88
35409,0.685
35410,0.925
35411,0.755
35412,0.445
35413,0.94
35414,0.78
35415,0.8
35416,0.57
35417,0.65
35418,0.66
35419,0.69
35420,0.5
35421,0.845
35422,0.38
35423,0.965
35424,0.54
35425,0.305
35426,0.68
35427,0.885
35428,0.78
35429,0.885
35430,0.555
35431,0.685
35432,0.77
35433,0.72
35434,0.485
35435,0.475
35436,0.57
35437,0.585
35438,0.87
35439,0.72
35440,0.51
35441,0.925
35442,0.365
35443,0.765
35444,0.71
35445,1.0
35446,0.61
35447,0.87
35448,0.665
35449,0.87
35450,0.945
35451,0.835
35452,0.63
35453,0.54
35454,0.93
35455,0.745
35456,0.79
35457,0.66
35458,0.715
35459,0.66
35460,0.605
35461,0.575
35462,0.585
35463,0.53
35464,0.77
35465,0.955
35466,0.81
35467,0.6
35468,0.875
35469,0.77
35470,0.77
35471,0.575
35472,0.345
35473,0.46
35474,0.815
35475,0.35
35476,0.925
35477,0.74
35478,0.815
35479,0.71
35480,0.86
35481,0.92
35482,0.27
35483,0.56
35484,0.905
35485,0.735
35486,0.665
35487,0.885
35488,0.93
35489,0.875
35490,0.79
35491,0.585
35492,0.495
35493,0.83
35494,0.79
35495,0.8
35496,0.765
35497,0.42
35498,0.88
35499,0.655
35500,0.645
35501,0.865
35502,0.74
35503,0.595
35504,0.715
35505,0.385
35506,0.57
35507,0.88
35508,0.88
35509,0.885
35510,0.735
35511,0.54
35512,0.92
35513,0.73
35514,0.92
35515,0.815
35516,0.84
35517,0.885
35518,0.715
35519,0.88
35520,0.925
35521,0.96
35522,0.535
35523,0.655
35524,0.82
35525,0.93
35526,0.905
35527,0.78
35528,0.795
35529,0.74
35530,0.725
35531,0.72
35532,0.74
35533,0.63
35534,0.45
35535,0.645
35536,0.65
35537,0.825
35538,0.53
35539,0.655
35540,0.655
35541,0.81
35542,0.9
35543,0.635
35544,0.52
35545,0.86
35546,0.91
35547,0.765
35548,0.91
35549,0.735
35550,0.92
35551,0.575
35552,0.765
35553,0.815
35554,0.14
35555,0.495
35556,0.59
35557,0.865
35558,0.88
35559,0.52
35560,0.735
35561,0.55
35562,0.585
35563,0.705
35564,0.835
35565,0.78
35566,0.875
35567,0.49
35568,0.965
35569,0.795
35570,0.39
35571,0.81
35572,0.41
35573,0.515
35574,0.605
35575,0.35
35576,0.69
35577,0.69
35578,0.71
35579,0.725
35580,0.725
35581,0.755
35582,0.81
35583,0.285
35584,0.51
35585,0.775
35586,0.82
35587,0.64
35588,0.6
35589,0.46
35590,0.89
35591,0.915
35592,0.645
35593,0.655
35594,0.745
35595,0.555
35596,0.94
35597,0.89
35598,0.91
35599,0.76
35600,0.96
35601,0.565
35602,0.845
35603,0.98
35604,0.955
35605,0.365
35606,0.765
35607,0.825
35608,0.91
35609,0.73
35610,0.755
35611,0.565
35612,0.325
35613,0.535
35614,0.89
35615,0.575
35616,0.71
35617,0.845
35618,0.755
35619,0.805
35620,0.62
35621,0.84
35622,0.84
35623,0.635
35624,0.885
35625,0.865
35626,0.82
35627,0.825
35628,0.655
35629,0.76
35630,0.89
35631,0.475
35632,0.54
35633,0.27
35634,0.63
35635,0.735
35636,0.97
35637,0.75
35638,0.45
35639,0.875
35640,0.795
35641,0.765
35642,0.88
35643,0.935
35644,0.9
35645,0.73
35646,0.52
35647,0.985
35648,0.71
35649,0.565
35650,0.73
35651,0.715
35652,0.765
35653,0.705
35654,0.645
35655,0.6
35656,0.81
35657,0.705
35658,0.885
35659,0.81
35660,0.895
35661,0.51
35662,0.685
35663,0.665
35664,0.63
35665,0.555
35666,0.62
35667,0.75
35668,0.915
35669,0.66
35670,0.81
35671,0.805
35672,0.7
35673,0.79
35674,0.49
35675,0.795
35676,0.62
35677,0.935
35678,0.825
35679,0.8
35680,0.765
35681,0.64
35682,0.745
35683,0.895
35684,0.815
35685,0.655
35686,0.665
35687,0.43
35688,0.855
35689,0.3
35690,0.93
35691,0.845
35692,0.81
35693,0.685
35694,0.735
35695,0.735
35696,0.36
35697,0.915
35698,0.445
35699,0.59
35700,0.825
35701,0.575
35702,0.685
35703,0.63
35704,0.68
35705,0.725
35706,0.82
35707,0.5
35708,0.93
35709,0.885
35710,0.83
35711,0.845
35712,0.665
35713,0.505
35714,0.65
35715,0.785
35716,0.675
35717,0.71
35718,0.555
35719,0.605
35720,0.81
35721,0.395
35722,0.865
35723,0.575
35724,0.795
35725,0.77
35726,0.745
35727,0.875
35728,0.81
35729,0.965
35730,0.695
35731,0.67
35732,0.76
35733,0.595
35734,0.625
35735,0.675
35736,0.775
35737,0.77
35738,0.405
35739,0.9
35740,0.775
35741,0.835
35742,0.325
35743,0.585
35744,0.7
35745,0.565
35746,0.895
35747,0.54
35748,0.81
35749,0.665
35750,0.845
35751,0.69
35752,0.955
35753,0.585
35754,0.65
35755,0.82
35756,0.7
35757,0.96
35758,0.935
35759,0.63
35760,0.97
35761,0.635
35762,0.575
35763,0.8
35764,0.68
35765,0.57
35766,0.4
35767,0.87
35768,0.825
35769,0.635
35770,0.82
35771,0.685
35772,0.92
35773,0.64
35774,0.85
35775,0.58
35776,0.365
35777,0.92
35778,0.715
35779,0.59
35780,0.92
35781,0.385
35782,0.88
35783,0.93
35784,0.8
35785,0.77
35786,0.68
35787,0.92
35788,0.945
35789,0.935
35790,0.62
35791,0.685
35792,0.885
35793,0.725
35794,0.705
35795,0.94
35796,0.365
35797,0.67
35798,0.795
35799,0.46
35800,0.9
35801,0.96
35802,0.71
35803,0.445
35804,0.265
35805,0.685
35806,0.825
35807,0.67
35808,0.915
35809,0.925
35810,0.92
35811,0.785
35812,0.79
35813,0.58
35814,0.625
35815,0.86
35816,0.915
35817,0.765
35818,0.41
35819,0.665
35820,0.855
35821,0.63
35822,0.615
35823,0.67
35824,0.595
35825,0.855
35826,0.495
35827,0.64
35828,0.72
35829,0.905
35830,0.825
35831,0.925
35832,0.72
35833,0.68
35834,0.56
35835,0.51
35836,0.945
35837,0.58
35838,0.89
35839,0.405
35840,0.455
35841,0.8
35842,0.77
35843,0.88
35844,0.89
35845,0.685
35846,0.93
35847,0.685
35848,0.315
35849,0.38
35850,0.83
35851,0.69
35852,0.66
35853,0.35
35854,0.61
35855,0.925
35856,0.16
35857,0.78
35858,0.41
35859,0.81
35860,0.58
35861,0.76
35862,0.655
35863,0.9
35864,0.88
35865,0.54
35866,0.905
35867,0.715
35868,0.855
35869,0.435
35870,0.835
35871,0.715
35872,0.675
35873,0.745
35874,0.495
35875,0.69
35876,0.73
35877,0.66
35878,0.7
35879,0.41
35880,0.53
35881,0.56
35882,0.58
35883,0.85
35884,0.65
35885,0.945
35886,0.5
35887,0.76
35888,0.735
35889,0.515
35890,0.73
35891,0.905
35892,0.735
35893,0.89
35894,0.785
35895,0.595
35896,0.9
35897,0.805
35898,0.685
35899,0.92
35900,0.68
35901,0.43
35902,0.82
35903,0.72
35904,0.665
35905,0.7
35906,0.38
35907,0.72
35908,0.875
35909,0.65
35910,0.89
35911,0.525
35912,0.585
35913,0.745
35914,0.5
35915,0.945
35916,0.37
35917,0.155
35918,0.665
35919,0.47
35920,0.715
35921,0.625
35922,0.745
35923,0.74
35924,0.47
35925,0.69
35926,0.485
35927,0.735
35928,0.765
35929,0.885
35930,0.785
35931,0.935
35932,0.43
35933,0.895
35934,0.61
35935,0.745
35936,0.755
35937,0.645
35938,0.935
35939,0.72
35940,0.84
35941,0.625
35942,0.345
35943,0.75
35944,0.835
35945,0.43
35946,0.825
35947,0.31
35948,0.65
35949,0.595
35950,0.8
35951,0.97
35952,0.695
35953,0.775
35954,0.82
35955,0.71
35956,0.94
35957,0.115
35958,0.705
35959,0.49
35960,0.75
35961,0.635
35962,0.88
35963,0.55
35964,0.745
35965,0.82
35966,0.73
35967,0.26
35968,0.98
35969,0.57
35970,0.76
35971,0.74
35972,0.91
35973,0.725
35974,0.605
35975,0.73
35976,0.3
35977,0.83
35978,0.885
35979,0.525
35980,0.805
35981,0.525
35982,0.855
35983,0.835
35984,0.46
35985,0.455
35986,0.69
35987,0.76
35988,0.855
35989,0.79
35990,0.475
35991,0.825
35992,0.575
35993,0.565
35994,0.84
35995,0.795
35996,0.88
35997,0.71
35998,0.785
35999,0.545
36000,0.75
36001,0.725
36002,0.69
36003,0.53
36004,0.68
36005,0.795
36006,0.86
36007,0.39
36008,0.76
36009,0.755
36010,0.795
36011,0.935
36012,0.935
36013,0.775
36014,0.72
36015,0.815
36016,0.905
36017,0.455
36018,0.55
36019,0.165
36020,0.88
36021,0.745
36022,0.915
36023,0.865
36024,0.835
36025,0.74
36026,0.81
36027,0.825
36028,0.825
36029,0.955
36030,0.705
36031,0.745
36032,0.595
36033,0.775
36034,0.89
36035,0.775
36036,0.86
36037,0.735
36038,0.665
36039,0.7
36040,0.345
36041,0.465
36042,0.725
36043,0.83
36044,0.86
36045,0.575
36046,0.98
36047,0.66
36048,0.87
36049,0.605
36050,0.9
36051,0.945
36052,0.615
36053,0.49
36054,0.93
36055,0.545
36056,0.695
36057,0.55
36058,0.825
36059,0.58
36060,0.725
36061,0.91
36062,0.43
36063,0.695
36064,0.735
36065,0.815
36066,0.85
36067,0.525
36068,0.745
36069,0.605
36070,0.68
36071,0.595
36072,0.915
36073,0.905
36074,0.745
36075,0.66
36076,0.54
36077,0.955
36078,0.575
36079,0.675
36080,0.735
36081,0.735
36082,0.545
36083,0.6
36084,0.665
36085,0.78
36086,0.905
36087,0.58
36088,0.455
36089,0.585
36090,0.81
36091,0.725
36092,0.635
36093,0.725
36094,0.79
36095,0.95
36096,0.55
36097,0.535
36098,0.125
36099,0.915
36100,0.645
36101,0.98
36102,0.745
36103,0.585
36104,0.8
36105,0.67
36106,0.88
36107,0.61
36108,0.61
36109,0.645
36110,0.72
36111,0.675
36112,0.7
36113,0.635
36114,0.71
36115,0.81
36116,0.715
36117,0.96
36118,0.92
36119,0.86
36120,0.91
36121,0.71
36122,0.77
36123,0.87
36124,0.705
36125,0.765
36126,0.28
36127,0.595
36128,0.495
36129,0.645
36130,0.78
36131,0.835
36132,0.57
36133,0.9
36134,0.67
36135,0.79
36136,0.76
36137,0.67
36138,0.57
36139,0.69
36140,0.965
36141,0.815
36142,0.89
36143,0.7
36144,0.7
36145,0.685
36146,0.935
36147,0.82
36148,0.665
36149,0.615
36150,0.52
36151,0.915
36152,0.69
36153,0.265
36154,0.89
36155,0.93
36156,0.87
36157,0.815
36158,0.87
36159,0.74
36160,0.46
36161,0.94
36162,0.675
36163,0.51
36164,0.805
36165,0.61
36166,0.815
36167,0.68
36168,0.8
36169,0.665
36170,0.69
36171,0.97
36172,0.23
36173,0.72
36174,0.565
36175,0.85
36176,0.895
36177,0.755
36178,0.64
36179,0.905
36180,0.785
36181,0.86
36182,0.71
36183,0.67
36184,0.89
36185,0.615
36186,0.9
36187,0.785
36188,0.705
36189,0.915
36190,0.63
36191,0.535
36192,0.97
36193,0.47
36194,0.53
36195,0.81
36196,0.665
36197,0.905
36198,0.945
36199,0.885
36200,0.795
36201,0.905
36202,0.775
36203,0.85
36204,0.68
36205,0.94
36206,0.64
36207,0.545
36208,0.765
36209,0.795
36210,0.6
36211,0.905
36212,0.7
36213,0.765
36214,0.885
36215,0.53
36216,0.635
36217,0.18
36218,0.575
36219,0.86
36220,0.435
36221,0.91
36222,0.88
36223,0.935
36224,0.585
36225,0.685
36226,0.84
36227,0.825
36228,0.59
36229,0.74
36230,0.6
36231,0.285
36232,0.97
36233,0.665
36234,0.825
36235,0.785
36236,0.615
36237,0.595
36238,0.66
36239,0.59
36240,0.78
36241,0.71
36242,0.75
36243,0.91
36244,0.82
36245,0.73
36246,0.62
36247,0.64
36248,0.845
36249,0.65
36250,0.72
36251,0.7
36252,0.8
36253,0.595
36254,0.48
36255,0.78
36256,0.925
36257,0.59
36258,0.97
36259,0.64
36260,0.57
36261,0.91
36262,0.69
36263,0.735
36264,0.85
36265,0.63
36266,0.725
36267,0.38
36268,0.825
36269,0.75
36270,0.85
36271,0.76
36272,0.61
36273,0.72
36274,0.6
36275,0.53
36276,0.735
36277,0.75
36278,0.8
36279,0.765
36280,0.98
36281,0.8
36282,0.47
36283,0.625
36284,0.895
36285,0.565
36286,0.805
36287,0.795
36288,0.795
36289,0.965
36290,0.345
36291,0.59
36292,0.84
36293,0.66
36294,0.795
36295,0.83
36296,0.825
36297,0.745
36298,0.78
36299,0.59
36300,0.525
36301,0.595
36302,0.905
36303,0.94
36304,0.7
36305,0.91
36306,0.815
36307,0.845
36308,0.96
36309,0.68
36310,0.82
36311,0.905
36312,0.645
36313,0.87
36314,0.645
36315,0.865
36316,0.815
36317,0.84
36318,0.7
36319,0.88
36320,0.8
36321,0.88
36322,0.695
36323,0.495
36324,0.805
36325,0.66
36326,0.81
36327,0.955
36328,0.775
36329,0.775
36330,0.95
36331,0.695
36332,0.615
36333,0.625
36334,0.735
36335,0.685
36336,0.915
36337,0.975
36338,0.215
36339,0.91
36340,0.715
36341,0.925
36342,0.765
36343,0.65
36344,0.84
36345,0.785
36346,0.89
36347,0.745
36348,0.83
36349,0.68
36350,0.98
36351,0.63
36352,0.76
36353,0.555
36354,0.37
36355,0.885
36356,0.63
36357,0.885
36358,0.805
36359,0.93
36360,0.92
36361,0.69
36362,0.725
36363,0.545
36364,0.59
36365,0.515
36366,0.885
36367,0.505
36368,0.82
36369,0.56
36370,0.665
36371,0.87
36372,0.8
36373,0.58
36374,0.545
36375,0.76
36376,0.555
36377,0.79
36378,0.795
36379,0.755
36380,0.545
36381,0.4
36382,0.925
36383,0.655
36384,0.9
36385,0.84
36386,0.935
36387,0.59
36388,0.9
36389,0.655
36390,0.83
36391,0.735
36392,0.97
36393,0.89
36394,0.785
36395,0.725
36396,0.6
36397,0.375
36398,0.945
36399,0.85
36400,0.845
36401,0.705
36402,0.72
36403,0.895
36404,0.605
36405,0.57
36406,0.795
36407,0.785
36408,0.605
36409,0.79
36410,0.83
36411,0.6
36412,0.665
36413,0.335
36414,0.955
36415,0.89
36416,0.79
36417,0.795
36418,0.755
36419,0.835
36420,0.855
36421,0.92
36422,0.515
36423,0.79
36424,0.635
36425,0.715
36426,0.43
36427,0.46
36428,0.875
36429,0.93
36430,0.595
36431,0.815
36432,0.78
36433,0.76
36434,0.755
36435,0.515
36436,0.855
36437,0.565
36438,0.895
36439,0.445
36440,0.825
36441,0.585
36442,0.775
36443,0.705
36444,0.68
36445,0.965
36446,0.935
36447,0.31
36448,0.7
36449,0.815
36450,0.805
36451,0.87
36452,0.61
36453,0.545
36454,0.59
36455,0.57
36456,0.785
36457,0.855
36458,0.835
36459,0.735
36460,0.625
36461,0.735
36462,0.48
36463,0.345
36464,0.085
36465,0.85
36466,0.715
36467,0.72
36468,0.91
36469,0.58
36470,0.815
36471,0.82
36472,0.19
36473,0.925
36474,0.59
36475,0.72
36476,0.635
36477,0.58
36478,0.75
36479,0.74
36480,0.575
36481,0.485
36482,0.855
36483,0.94
36484,0.72
36485,0.885
36486,0.675
36487,0.88
36488,0.705
36489,0.955
36490,0.88
36491,0.605
36492,0.515
36493,0.625
36494,0.43
36495,0.665
36496,0.685
36497,0.5
36498,0.925
36499,0.86
36500,0.68
36501,0.61
36502,0.75
36503,0.685
36504,0.52
36505,0.795
36506,0.625
36507,0.965
36508,0.735
36509,0.57
36510,0.955
36511,0.545
36512,0.845
36513,0.62
36514,0.75
36515,0.495
36516,0.535
36517,0.345
36518,0.455
36519,0.91
36520,0.705
36521,0.65
36522,0.845
36523,0.76
36524,0.68
36525,0.885
36526,0.665
36527,0.555
36528,0.905
36529,0.595
36530,0.75
36531,0.825
36532,0.44
36533,0.705
36534,0.72
36535,0.5
36536,0.505
36537,0.94
36538,0.635
36539,0.72
36540,0.73
36541,0.92
36542,0.62
36543,0.64
36544,0.905
36545,0.935
36546,0.695
36547,0.805
36548,0.63
36549,0.61
36550,0.645
36551,0.705
36552,0.86
36553,0.31
36554,0.83
36555,0.745
36556,0.77
36557,0.72
36558,0.85
36559,0.91
36560,0.615
36561,0.96
36562,0.575
36563,0.78
36564,0.69
36565,0.685
36566,0.785
36567,0.44
36568,0.72
36569,0.68
36570,0.525
36571,0.77
36572,0.62
36573,0.955
36574,0.235
36575,0.905
36576,0.595
36577,0.96
36578,0.815
36579,0.905
36580,0.745
36581,0.97
36582,0.82
36583,0.7
36584,0.955
36585,0.635
36586,0.795
36587,0.525
36588,0.64
36589,0.895
36590,0.405
36591,0.745
36592,0.69
36593,0.785
36594,0.915
36595,0.705
36596,0.645
36597,0.6
36598,0.62
36599,0.705
36600,0.86
36601,0.9
36602,0.86
36603,0.405
36604,0.58
36605,0.595
36606,0.75
36607,0.635
36608,0.59
36609,0.765
36610,0.55
36611,0.795
36612,0.745
36613,0.835
36614,0.975
36615,0.895
36616,0.715
36617,0.905
36618,0.78
36619,0.44
36620,0.58
36621,0.69
36622,0.755
36623,0.765
36624,0.95
36625,0.685
36626,0.685
36627,0.695
36628,0.695
36629,0.965
36630,0.605
36631,0.335
36632,0.765
36633,0.71
36634,0.765
36635,0.815
36636,0.615
36637,0.72
36638,0.885
36639,0.6
36640,0.875
36641,0.435
36642,0.44
36643,0.785
36644,0.945
36645,0.74
36646,0.535
36647,0.805
36648,0.675
36649,0.88
36650,0.745
36651,0.865
36652,0.705
36653,0.98
36654,0.89
36655,0.75
36656,0.775
36657,0.785
36658,0.49
36659,0.905
36660,0.665
36661,0.97
36662,0.585
36663,0.91
36664,0.785
36665,0.615
36666,0.5
36667,0.92
36668,0.945
36669,0.675
36670,0.915
36671,0.605
36672,0.775
36673,0.82
36674,0.665
36675,0.57
36676,0.91
36677,0.96
36678,0.75
36679,0.665
36680,0.775
36681,0.855
36682,0.975
36683,0.235
36684,0.545
36685,0.765
36686,0.92
36687,0.525
36688,0.89
36689,0.625
36690,0.795
36691,0.65
36692,0.85
36693,0.765
36694,0.7
36695,0.775
36696,0.575
36697,0.705
36698,0.59
36699,0.505
36700,0.54
36701,0.75
36702,0.695
36703,0.535
36704,0.72
36705,0.58
36706,0.655
36707,0.815
36708,0.675
36709,0.54
36710,0.865
36711,0.655
36712,0.775
36713,0.76
36714,0.675
36715,0.71
36716,0.615
36717,0.575
36718,0.66
36719,0.55
36720,0.695
36721,0.87
36722,0.63
36723,0.845
36724,0.585
36725,0.92
36726,0.685
36727,0.485
36728,0.655
36729,0.635
36730,0.865
36731,0.765
36732,0.845
36733,0.905
36734,0.63
36735,0.505
36736,0.75
36737,0.665
36738,0.625
36739,0.755
36740,0.41
36741,0.895
36742,0.695
36743,0.575
36744,0.86
36745,0.66
36746,0.81
36747,0.575
36748,0.94
36749,0.88
36750,0.72
36751,0.85
36752,0.54
36753,0.725
36754,0.61
36755,0.775
36756,0.855
36757,0.83
36758,0.595
36759,0.655
36760,0.535
36761,0.84
36762,0.87
36763,0.81
36764,0.755
36765,0.755
36766,0.46
36767,0.635
36768,0.93
36769,0.605
36770,0.12
36771,0.91
36772,0.785
36773,0.82
36774,0.535
36775,0.83
36776,0.745
36777,0.46
36778,0.835
36779,0.93
36780,0.835
36781,0.685
36782,0.925
36783,0.92
36784,0.44
36785,0.67
36786,0.83
36787,0.75
36788,0.97
36789,0.685
36790,0.4
36791,0.78
36792,0.935
36793,0.36
36794,0.74
36795,0.865
36796,0.74
36797,0.695
36798,0.605
36799,0.825
36800,0.76
36801,0.96
36802,0.705
36803,0.865
36804,0.76
36805,0.62
36806,0.68
36807,0.82
36808,0.595
36809,0.58
36810,0.585
36811,0.62
36812,0.795
36813,0.86
36814,0.39
36815,0.865
36816,0.74
36817,0.65
36818,0.705
36819,0.535
36820,0.375
36821,0.54
36822,0.855
36823,0.525
36824,0.95
36825,0.6
36826,0.675
36827,0.655
36828,0.715
36829,0.69
36830,0.74
36831,0.85
36832,0.74
36833,0.535
36834,0.61
36835,0.435
36836,0.795
36837,0.605
36838,0.73
36839,0.455
36840,0.71
36841,0.525
36842,0.76
36843,0.84
36844,0.88
36845,0.885
36846,0.55
36847,0.67
36848,0.97
36849,0.745
36850,0.745
36851,0.95
36852,0.77
36853,0.83
36854,0.475
36855,0.35
36856,0.89
36857,0.955
36858,0.89
36859,0.75
36860,0.795
36861,0.845
36862,0.695
36863,0.835
36864,0.895
36865,0.87
36866,0.52
36867,0.875
36868,0.775
36869,0.6
36870,0.57
36871,0.87
36872,0.825
36873,0.915
36874,0.905
36875,0.525
36876,0.74
36877,0.6
36878,0.74
36879,0.495
36880,0.65
36881,0.815
36882,0.57
36883,0.875
36884,0.71
36885,0.595
36886,0.48
36887,0.91
36888,0.695
36889,0.615
36890,0.825
36891,0.92
36892,0.585
36893,0.465
36894,0.43
36895,0.71
36896,0.665
36897,0.885
36898,0.935
36899,0.71
36900,0.685
36901,0.84
36902,0.205
36903,0.945
36904,0.82
36905,0.425
36906,0.76
36907,0.495
36908,0.355
36909,0.84
36910,0.685
36911,0.65
36912,0.695
36913,0.765
36914,0.615
36915,0.57
36916,0.985
36917,0.595
36918,0.85
36919,0.885
36920,0.83
36921,0.365
36922,0.64
36923,0.485
36924,0.505
36925,0.655
36926,0.75
36927,0.605
36928,0.84
36929,0.845
36930,0.735
36931,0.62
36932,0.73
36933,0.895
36934,0.815
36935,0.93
36936,0.85
36937,0.695
36938,0.73
36939,0.595
36940,0.92
36941,0.835
36942,0.62
36943,0.875
36944,0.87
36945,0.625
36946,0.925
36947,0.89
36948,0.435
36949,0.87
36950,0.66
36951,0.955
36952,0.88
36953,0.575
36954,0.4
36955,0.945
36956,0.91
36957,0.74
36958,0.93
36959,0.82
36960,0.675
36961,0.705
36962,0.83
36963,0.755
36964,0.79
36965,0.905
36966,0.93
36967,0.755
36968,0.89
36969,0.815
36970,0.765
36971,0.885
36972,0.86
36973,0.75
36974,0.61
36975,0.66
36976,0.82
36977,0.535
36978,0.46
36979,0.645
36980,0.53
36981,0.9
36982,0.92
36983,0.615
36984,0.68
36985,0.86
36986,0.745
36987,0.595
36988,0.6
36989,0.69
36990,0.755
36991,0.52
36992,0.635
36993,0.565
36994,0.84
36995,0.82
36996,0.255
36997,0.485
36998,0.515
36999,0.48
37000,0.745
37001,0.69
37002,0.54
37003,0.72
37004,0.745
37005,0.845
37006,0.725
37007,0.71
37008,0.715
37009,0.315
37010,0.655
37011,0.89
37012,0.545
37013,0.925
37014,0.605
37015,0.62
37016,0.26
37017,0.975
37018,0.575
37019,0.89
37020,0.715
37021,0.89
37022,0.475
37023,0.655
37024,0.55
37025,0.8
37026,0.755
37027,0.68
37028,0.37
37029,0.83
37030,0.93
37031,0.555
37032,0.59
37033,0.42
37034,0.615
37035,0.545
37036,0.9
37037,0.875
37038,0.56
37039,0.62
37040,0.785
37041,0.615
37042,0.53
37043,0.205
37044,0.985
37045,0.77
37046,0.27
37047,0.905
37048,0.685
37049,0.645
37050,0.94
37051,0.395
37052,0.135
37053,0.915
37054,0.765
37055,0.755
37056,0.49
37057,0.655
37058,0.635
37059,0.76
37060,0.63
37061,0.85
37062,0.725
37063,0.755
37064,0.275
37065,0.91
37066,0.745
37067,0.795
37068,0.76
37069,0.555
37070,0.445
37071,0.44
37072,0.815
37073,0.81
37074,0.53
37075,0.815
37076,0.915
37077,0.6
37078,0.47
37079,0.74
37080,0.885
37081,0.855
37082,0.775
37083,0.7
37084,0.89
37085,0.64
37086,0.945
37087,0.735
37088,0.685
37089,0.925
37090,0.595
37091,0.76
37092,0.755
37093,0.725
37094,0.935
37095,0.985
37096,0.835
37097,0.73
37098,0.48
37099,0.61
37100,0.91
37101,0.48
37102,0.835
37103,0.645
37104,0.485
37105,0.77
37106,0.67
37107,0.68
37108,0.865
37109,0.91
37110,0.57
37111,0.645
37112,0.635
37113,0.645
37114,0.95
37115,0.69
37116,0.485
37117,0.945
37118,0.97
37119,0.59
37120,0.65
37121,0.57
37122,0.535
37123,0.925
37124,0.985
37125,0.84
37126,0.4
37127,0.61
37128,0.59
37129,0.68
37130,0.49
37131,0.78
37132,0.69
37133,0.645
37134,0.65
37135,0.735
37136,0.71
37137,0.65
37138,0.375
37139,0.78
37140,0.44
37141,0.675
37142,0.62
37143,0.67
37144,0.85
37145,0.825
37146,0.965
37147,0.555
37148,0.365
37149,0.375
37150,0.77
37151,0.76
37152,0.815
37153,0.775
37154,0.66
37155,0.65
37156,0.54
37157,0.6
37158,0.935
37159,0.505
37160,0.72
37161,0.825
37162,0.875
37163,0.855
37164,0.65
37165,0.845
37166,0.77
37167,0.58
37168,0.86
37169,0.68
37170,0.885
37171,0.325
37172,0.465
37173,0.78
37174,0.875
37175,0.59
37176,0.975
37177,0.68
37178,0.965
37179,0.695
37180,0.705
37181,0.92
37182,0.655
37183,0.64
37184,0.655
37185,0.485
37186,0.835
37187,0.69
37188,0.545
37189,0.835
37190,0.7
37191,0.745
37192,0.415
37193,0.79
37194,0.76
37195,0.965
37196,0.755
37197,0.455
37198,0.68
37199,0.64
37200,0.835
37201,0.615
37202,0.755
37203,0.515
37204,0.99
37205,0.9
37206,0.365
37207,0.96
37208,0.58
37209,0.74
37210,0.89
37211,0.84
37212,0.64
37213,0.87
37214,0.565
37215,0.755
37216,0.975
37217,0.595
37218,0.465
37219,0.755
37220,0.93
37221,0.57
37222,0.59
37223,0.82
37224,0.72
37225,0.935
37226,0.64
37227,0.77
37228,0.67
37229,0.57
37230,0.795
37231,0.845
37232,0.675
37233,0.745
37234,0.825
37235,0.72
37236,0.92
37237,0.66
37238,0.945
37239,0.585
37240,0.565
37241,0.69
37242,0.515
37243,0.61
37244,0.725
37245,0.765
37246,0.655
37247,0.905
37248,0.81
37249,0.735
37250,0.69
37251,0.965
37252,0.71
37253,0.68
37254,0.5
37255,0.905
37256,0.79
37257,0.745
37258,0.795
37259,0.935
37260,0.875
37261,0.7
37262,0.345
37263,0.685
37264,0.71
37265,0.635
37266,0.89
37267,0.715
37268,0.96
37269,0.72
37270,0.67
37271,0.785
37272,0.85
37273,0.655
37274,0.655
37275,0.89
37276,0.76
37277,0.53
37278,0.815
37279,0.5
37280,0.9
37281,0.775
37282,0.82
37283,0.905
37284,0.9
37285,0.9
37286,0.855
37287,0.325
37288,0.93
37289,0.635
37290,0.855
37291,0.83
37292,0.815
37293,0.645
37294,0.875
37295,0.51
37296,0.855
37297,0.91
37298,0.64
37299,0.44
37300,0.415
37301,0.94
37302,0.87
37303,0.98
37304,0.665
37305,0.74
37306,0.72
37307,0.3
37308,0.84
37309,0.56
37310,0.88
37311,0.625
37312,0.765
37313,0.345
37314,0.435
37315,0.96
37316,0.62
37317,0.675
37318,0.735
37319,0.85
37320,0.67
37321,0.84
37322,0.955
37323,0.715
37324,0.82
37325,0.975
37326,0.675
37327,0.66
37328,0.69
37329,0.765
37330,0.535
37331,0.22
37332,0.87
37333,0.685
37334,0.33
37335,0.545
37336,0.84
37337,0.84
37338,0.615
37339,0.385
37340,0.64
37341,0.86
37342,0.97
37343,0.77
37344,0.69
37345,0.41
37346,0.825
37347,0.62
37348,0.765
37349,0.69
37350,0.68
37351,0.675
37352,0.545
37353,0.735
37354,0.7
37355,0.83
37356,0.92
37357,0.685
37358,0.775
37359,0.7
37360,0.75
37361,0.875
37362,0.87
37363,0.93
37364,0.985
37365,0.575
37366,0.685
37367,0.855
37368,0.78
37369,0.67
37370,0.58
37371,0.75
37372,0.32
37373,0.92
37374,0.915
37375,0.68
37376,0.845
37377,0.965
37378,0.63
37379,0.66
37380,0.875
37381,0.6
37382,0.93
37383,0.885
37384,0.62
37385,0.835
37386,0.945
37387,0.87
37388,0.555
37389,0.515
37390,0.765
37391,0.765
37392,0.905
37393,0.54
37394,0.68
37395,0.695
37396,0.655
37397,0.375
37398,0.98
37399,0.875
37400,0.82
37401,0.775
37402,0.615
37403,0.74
37404,0.755
37405,0.585
37406,0.675
37407,0.62
37408,0.71
37409,0.705
37410,0.735
37411,0.9
37412,0.975
37413,0.62
37414,0.905
37415,0.94
37416,0.83
37417,0.79
37418,0.675
37419,0.505
37420,0.93
37421,0.68
37422,0.825
37423,0.845
37424,0.92
37425,0.455
37426,0.695
37427,0.685
37428,0.845
37429,0.565
37430,0.89
37431,0.645
37432,0.805
37433,0.61
37434,0.61
37435,0.6
37436,0.55
37437,0.755
37438,0.975
37439,0.915
37440,0.71
37441,0.2
37442,0.375
37443,0.575
37444,0.93
37445,0.77
37446,0.745
37447,0.555
37448,0.185
37449,0.755
37450,0.82
37451,0.71
37452,0.865
37453,0.51
37454,0.9
37455,0.39
37456,0.775
37457,0.68
37458,0.74
37459,0.535
37460,0.51
37461,0.73
37462,0.87
37463,0.91
37464,0.665
37465,0.515
37466,0.99
37467,0.64
37468,0.72
37469,0.555
37470,0.635
37471,0.78
37472,0.815
37473,0.575
37474,0.97
37475,0.945
37476,0.525
37477,0.89
37478,0.65
37479,0.665
37480,0.105
37481,0.675
37482,0.91
37483,0.355
37484,0.765
37485,0.63
37486,0.815
37487,0.815
37488,0.78
37489,0.465
37490,0.94
37491,0.66
37492,0.56
37493,0.59
37494,0.8
37495,0.875
37496,0.68
37497,0.57
37498,0.625
37499,0.6
37500,0.465
37501,0.63
37502,0.815
37503,0.495
37504,0.41
37505,0.69
37506,0.455
37507,0.46
37508,0.965
37509,0.65
37510,0.545
37511,0.815
37512,0.58
37513,0.685
37514,0.94
37515,0.81
37516,0.64
37517,0.725
37518,0.485
37519,0.585
37520,0.71
37521,0.57
37522,0.62
37523,0.9
37524,0.825
37525,0.605
37526,0.675
37527,0.705
37528,0.735
37529,0.6
37530,0.675
37531,0.785
37532,0.9
37533,0.69
37534,0.495
37535,0.855
37536,0.555
37537,0.73
37538,0.72
37539,0.74
37540,0.875
37541,0.47
37542,0.635
37543,0.61
37544,0.645
37545,0.895
37546,0.855
37547,0.705
37548,0.93
37549,0.915
37550,0.685
37551,0.345
37552,0.75
37553,0.67
37554,0.785
37555,0.93
37556,0.695
37557,0.94
37558,0.82
37559,0.77
37560,0.365
37561,0.675
37562,0.745
37563,0.815
37564,0.68
37565,0.585
37566,0.585
37567,0.57
37568,0.84
37569,0.77
37570,0.67
37571,0.605
37572,0.565
37573,0.945
37574,0.575
37575,0.885
37576,0.69
37577,0.885
37578,0.775
37579,0.71
37580,0.785
37581,0.74
37582,0.42
37583,0.605
37584,0.97
37585,0.62
37586,0.99
37587,0.855
37588,0.945
37589,0.575
37590,0.675
37591,0.81
37592,0.635
37593,0.765
37594,0.88
37595,0.905
37596,0.685
37597,0.67
37598,0.58
37599,0.79
37600,0.745
37601,0.74
37602,0.68
37603,0.59
37604,0.59
37605,0.62
37606,0.77
37607,0.66
37608,0.5
37609,0.645
37610,0.715
37611,0.76
37612,0.585
37613,0.52
37614,0.775
37615,0.88
37616,0.575
37617,0.655
37618,0.835
37619,0.43
37620,0.915
37621,0.87
37622,0.705
37623,0.92
37624,0.58
37625,0.95
37626,0.73
37627,0.64
37628,0.855
37629,0.715
37630,0.635
37631,0.805
37632,0.54
37633,0.735
37634,0.485
37635,0.77
37636,0.66
37637,0.875
37638,0.705
37639,0.71
37640,0.18
37641,0.765
37642,0.65
37643,0.725
37644,0.72
37645,0.56
37646,0.285
37647,0.555
37648,0.425
37649,0.72
37650,0.9
37651,0.655
37652,0.655
37653,0.62
37654,0.815
37655,0.86
37656,0.875
37657,0.68
37658,0.555
37659,0.42
37660,0.305
37661,0.555
37662,0.855
37663,0.685
37664,0.9
37665,0.685
37666,0.2
37667,0.96
37668,0.405
37669,0.55
37670,0.525
37671,0.61
37672,0.435
37673,0.82
37674,0.725
37675,0.39
37676,0.895
37677,0.83
37678,0.39
37679,0.96
37680,0.675
37681,0.63
37682,0.905
37683,0.375
37684,0.825
37685,0.82
37686,0.83
37687,0.765
37688,0.585
37689,0.665
37690,0.955
37691,0.91
37692,0.635
37693,0.865
37694,0.705
37695,0.855
37696,0.65
37697,0.735
37698,0.87
37699,0.605
37700,0.235
37701,0.88
37702,0.46
37703,0.49
37704,0.79
37705,0.615
37706,0.545
37707,0.7
37708,0.68
37709,0.825
37710,0.81
37711,0.71
37712,0.645
37713,0.515
37714,0.605
37715,0.69
37716,0.49
37717,0.615
37718,0.625
37719,0.98
37720,0.545
37721,0.725
37722,0.825
37723,0.695
37724,0.805
37725,0.75
37726,0.74
37727,0.895
37728,0.74
37729,0.905
37730,0.73
37731,0.735
37732,0.71
37733,0.835
37734,0.74
37735,0.845
37736,0.765
37737,0.855
37738,0.985
37739,0.9
37740,0.73
37741,0.885
37742,0.785
37743,0.82
37744,0.94
37745,0.775
37746,0.475
37747,0.725
37748,0.845
37749,0.725
37750,0.845
37751,0.845
37752,0.875
37753,0.595
37754,0.8
37755,0.675
37756,0.89
37757,0.665
37758,0.79
37759,0.815
37760,0.87
37761,0.785
37762,0.44
37763,0.405
37764,0.75
37765,0.775
37766,0.98
37767,0.73
37768,0.915
37769,0.545
37770,0.855
37771,0.655
37772,0.41
37773,0.52
37774,0.545
37775,0.85
37776,0.89
37777,0.835
37778,0.775
37779,0.96
37780,0.775
37781,0.81
37782,0.6
37783,0.94
37784,0.91
37785,0.82
37786,0.51
37787,0.905
37788,0.66
37789,0.73
37790,0.715
37791,0.915
37792,0.8
37793,0.605
37794,0.655
37795,0.875
37796,0.725
37797,0.515
37798,0.74
37799,0.795
37800,0.84
37801,0.705
37802,0.555
37803,0.73
37804,0.595
37805,0.665
37806,0.82
37807,0.66
37808,0.735
37809,0.26
37810,0.23
37811,0.855
37812,0.635
37813,0.51
37814,0.64
37815,0.75
37816,0.81
37817,0.895
37818,0.735
37819,0.465
37820,0.615
37821,0.6
37822,0.945
37823,0.9
37824,0.88
37825,0.73
37826,0.825
37827,0.805
37828,0.855
37829,0.735
37830,0.63
37831,0.665
37832,0.655
37833,0.795
37834,0.715
37835,0.815
37836,0.85
37837,0.525
37838,0.66
37839,0.775
37840,0.76
37841,0.935
37842,0.905
37843,0.51
37844,0.7
37845,0.51
37846,0.68
37847,0.965
37848,0.87
37849,0.955
37850,0.505
37851,0.81
37852,0.61
37853,0.63
37854,0.645
37855,0.745
37856,0.955
37857,0.76
37858,0.945
37859,0.755
37860,0.72
37861,0.815
37862,0.525
37863,0.85
37864,0.67
37865,0.645
37866,0.74
37867,0.895
37868,0.66
37869,0.535
37870,0.56
37871,0.64
37872,0.63
37873,0.77
37874,0.755
37875,0.71
37876,0.575
37877,0.7
37878,0.835
37879,0.795
37880,0.49
37881,0.55
37882,0.905
37883,0.86
37884,0.765
37885,0.67
37886,0.63
37887,0.885
37888,0.645
37889,0.64
37890,0.66
37891,0.48
37892,0.94
37893,0.93
37894,0.51
37895,0.895
37896,0.855
37897,0.45
37898,0.98
37899,0.775
37900,0.835
37901,0.785
37902,0.86
37903,0.8
37904,0.505
37905,0.73
37906,0.35
37907,0.49
37908,0.955
37909,0.805
37910,0.58
37911,0.92
37912,0.805
37913,0.285
37914,0.855
37915,0.9
37916,0.82
37917,0.685
37918,0.415
37919,0.97
37920,0.73
37921,0.735
37922,0.875
37923,0.785
37924,0.395
37925,0.695
37926,0.395
37927,0.875
37928,0.615
37929,0.74
37930,0.61
37931,0.95
37932,0.83
37933,0.98
37934,0.62
37935,0.685
37936,0.62
37937,0.625
37938,0.585
37939,0.66
37940,0.745
37941,0.795
37942,0.54
37943,0.9
37944,0.895
37945,0.83
37946,0.665
37947,0.825
37948,0.21
37949,0.51
37950,0.9
37951,0.865
37952,0.63
37953,0.87
37954,0.815
37955,0.56
37956,0.46
37957,0.715
37958,0.875
37959,0.7
37960,0.975
37961,0.675
37962,0.88
37963,0.86
37964,0.63
37965,0.7
37966,0.605
37967,0.91
37968,0.855
37969,0.49
37970,0.675
37971,0.89
37972,0.915
37973,0.71
37974,0.525
37975,0.51
37976,0.605
37977,0.955
37978,0.68
37979,0.67
37980,0.755
37981,0.755
37982,0.915
37983,0.81
37984,0.555
37985,0.87
37986,0.665
37987,0.685
37988,0.645
37989,0.535
37990,0.845
37991,0.735
37992,0.595
37993,0.805
37994,0.675
37995,0.96
37996,0.825
37997,0.85
37998,0.965
37999,0.535
38000,0.69
38001,0.5
38002,0.745
38003,0.425
38004,0.64
38005,0.645
38006,0.8
38007,0.91
38008,0.67
38009,0.52
38010,0.715
38011,0.815
38012,0.87
38013,0.785
38014,0.59
38015,0.54
38016,0.66
38017,0.285
38018,0.96
38019,0.895
38020,0.895
38021,0.56
38022,0.56
38023,0.715
38024,0.945
38025,0.7
38026,0.87
38027,0.995
38028,0.805
38029,0.96
38030,0.73
38031,0.415
38032,0.95
38033,0.915
38034,0.705
38035,0.735
38036,0.805
38037,0.9
38038,0.675
38039,0.83
38040,0.5
38041,0.77
38042,0.715
38043,0.725
38044,0.85
38045,0.825
38046,0.59
38047,0.365
38048,0.455
38049,0.94
38050,0.825
38051,0.965
38052,0.86
38053,0.685
38054,0.795
38055,0.92
38056,0.63
38057,0.78
38058,0.66
38059,0.865
38060,0.715
38061,0.86
38062,0.765
38063,0.435
38064,0.68
38065,0.795
38066,0.72
38067,0.445
38068,0.315
38069,0.825
38070,0.62
38071,0.8
38072,0.955
38073,0.875
38074,0.88
38075,0.98
38076,0.65
38077,0.93
38078,0.83
38079,0.56
38080,0.95
38081,0.49
38082,0.745
38083,0.92
38084,0.875
38085,0.44
38086,0.895
38087,0.75
38088,0.735
38089,0.945
38090,0.92
38091,0.62
38092,0.57
38093,0.72
38094,0.81
38095,0.555
38096,0.755
38097,0.79
38098,0.575
38099,0.845
38100,0.785
38101,0.86
38102,0.97
38103,0.82
38104,0.91
38105,0.615
38106,0.84
38107,0.665
38108,0.64
38109,0.405
38110,0.41
38111,0.845
38112,0.745
38113,0.66
38114,0.85
38115,0.615
38116,0.86
38117,0.78
38118,0.875
38119,0.59
38120,0.65
38121,0.49
38122,0.885
38123,0.825
38124,0.715
38125,0.87
38126,0.69
38127,0.73
38128,0.75
38129,0.705
38130,0.865
38131,0.415
38132,0.6
38133,0.825
38134,0.71
38135,0.635
38136,0.905
38137,0.585
38138,0.805
38139,0.375
38140,0.565
38141,0.95
38142,0.97
38143,0.745
38144,0.73
38145,0.525
38146,0.675
38147,0.685
38148,0.85
38149,0.605
38150,0.66
38151,0.835
38152,0.545
38153,0.725
38154,0.745
38155,0.455
38156,0.565
38157,0.74
38158,0.62
38159,0.76
38160,0.85
38161,0.71
38162,0.93
38163,0.625
38164,0.935
38165,0.405
38166,0.71
38167,0.855
38168,0.905
38169,0.755
38170,0.805
38171,0.365
38172,0.575
38173,0.685
38174,0.8
38175,0.515
38176,0.77
38177,0.775
38178,0.595
38179,0.94
38180,0.985
38181,0.825
38182,0.63
38183,0.595
38184,0.63
38185,0.86
38186,0.96
38187,0.76
38188,0.935
38189,0.88
38190,0.785
38191,0.94
38192,0.845
38193,0.75
38194,0.795
38195,0.705
38196,0.86
38197,0.97
38198,0.965
38199,0.835
38200,0.505
38201,0.81
38202,0.495
38203,0.675
38204,0.93
38205,0.42
38206,0.37
38207,0.44
38208,0.895
38209,0.74
38210,0.895
38211,0.92
38212,0.75
38213,0.41
38214,0.5
38215,0.835
38216,0.325
38217,0.625
38218,0.625
38219,0.88
38220,0.59
38221,0.735
38222,0.62
38223,0.77
38224,0.865
38225,0.815
38226,0.715
38227,0.58
38228,0.415
38229,0.645
38230,0.445
38231,0.83
38232,0.635
38233,0.765
38234,0.895
38235,0.56
38236,0.955
38237,0.59
38238,0.755
38239,0.75
38240,0.69
38241,0.845
38242,0.665
38243,0.735
38244,0.665
38245,0.81
38246,0.755
38247,0.77
38248,0.375
38249,0.92
38250,0.89
38251,0.67
38252,0.825
38253,0.87
38254,0.905
38255,0.755
38256,0.55
38257,0.765
38258,0.76
38259,0.615
38260,0.805
38261,0.6
38262,0.565
38263,0.65
38264,0.43
38265,0.67
38266,0.73
38267,0.805
38268,0.93
38269,0.59
38270,0.905
38271,0.36
38272,0.88
38273,0.84
38274,0.715
38275,0.915
38276,0.87
38277,0.835
38278,0.955
38279,0.49
38280,0.83
38281,0.77
38282,0.415
38283,0.8
38284,0.67
38285,0.665
38286,0.755
38287,0.55
38288,0.94
38289,0.485
38290,0.705
38291,0.91
38292,0.805
38293,0.96
38294,0.965
38295,0.85
38296,0.85
38297,0.625
38298,0.485
38299,0.55
38300,0.815
38301,0.625
38302,0.93
38303,0.59
38304,0.525
38305,0.78
38306,0.72
38307,0.81
38308,0.725
38309,0.565
38310,0.765
38311,0.695
38312,0.785
38313,0.53
38314,0.655
38315,0.79
38316,0.93
38317,0.81
38318,0.665
38319,0.84
38320,0.905
38321,0.84
38322,0.85
38323,0.87
38324,0.855
38325,0.485
38326,0.89
38327,0.72
38328,0.615
38329,0.825
38330,0.775
38331,0.755
38332,0.62
38333,0.77
38334,0.545
38335,0.33
38336,0.67
38337,0.625
38338,0.815
38339,0.5
38340,0.625
38341,0.67
38342,0.815
38343,0.655
38344,0.945
38345,0.765
38346,0.98
38347,0.8
38348,0.93
38349,0.58
38350,0.85
38351,0.695
38352,0.575
38353,0.635
38354,0.725
38355,0.685
38356,0.75
38357,0.665
38358,0.74
38359,0.91
38360,0.985
38361,0.575
38362,0.66
38363,0.545
38364,0.4
38365,0.545
38366,0.925
38367,0.62
38368,0.74
38369,0.595
38370,0.655
38371,0.915
38372,0.57
38373,0.94
38374,0.83
38375,0.975
38376,0.955
38377,0.93
38378,0.46
38379,0.765
38380,0.825
38381,0.675
38382,0.725
38383,0.95
38384,0.54
38385,0.565
38386,0.55
38387,0.59
38388,0.79
38389,0.92
38390,0.695
38391,0.74
38392,0.785
38393,0.635
38394,0.51
38395,0.53
38396,0.92
38397,0.795
38398,0.74
38399,0.89
38400,0.615
38401,0.92
38402,0.9
38403,0.77
38404,0.895
38405,0.64
38406,0.66
38407,0.785
38408,0.54
38409,0.93
38410,0.635
38411,0.935
38412,0.795
38413,0.62
38414,0.595
38415,0.975
38416,0.84
38417,0.445
38418,0.775
38419,0.775
38420,0.775
38421,0.96
38422,0.76
38423,0.815
38424,0.775
38425,0.945
38426,0.615
38427,0.625
38428,0.45
38429,0.915
38430,0.685
38431,0.68
38432,0.585
38433,0.52
38434,0.445
38435,0.76
38436,0.49
38437,0.885
38438,0.6
38439,0.51
38440,0.88
38441,0.89
38442,0.91
38443,0.965
38444,0.77
38445,0.905
38446,0.835
38447,0.45
38448,0.99
38449,0.76
38450,0.58
38451,0.665
38452,0.625
38453,0.915
38454,0.385
38455,0.245
38456,0.885
38457,0.705
38458,0.775
38459,0.49
38460,0.785
38461,0.985
38462,0.675
38463,0.765
38464,0.69
38465,0.77
38466,0.84
38467,0.735
38468,0.165
38469,0.715
38470,0.495
38471,0.61
38472,0.555
38473,0.73
38474,0.49
38475,0.685
38476,0.75
38477,0.56
38478,0.975
38479,0.615
38480,0.825
38481,0.57
38482,0.95
38483,0.465
38484,0.875
38485,0.575
38486,0.665
38487,0.535
38488,0.915
38489,0.855
38490,0.865
38491,0.805
38492,0.82
38493,0.505
38494,0.745
38495,0.515
38496,0.8
38497,0.615
38498,0.93
38499,0.695
38500,0.315833
38501,0.835
38502,0.695
38503,0.765
38504,0.875
38505,0.495
38506,0.66
38507,0.52
38508,0.79
38509,0.73
38510,0.88
38511,0.62
38512,0.77
38513,0.75
38514,0.83
38515,0.91
38516,0.685
38517,0.6
38518,0.82
38519,0.84
38520,0.795
38521,0.19
38522,0.9
38523,0.885
38524,0.61
38525,0.59
38526,0.875
38527,0.47
38528,0.615
38529,0.45
38530,0.77
38531,0.79
38532,0.62
38533,0.79
38534,0.56
38535,0.575
38536,0.815
38537,0.305
38538,0.645
38539,0.65
38540,0.52
38541,0.785
38542,0.77
38543,0.965
38544,0.59
38545,0.585
38546,0.705
38547,0.93
38548,0.77
38549,0.545
38550,0.675
38551,0.62
38552,0.78
38553,0.635
38554,0.67
38555,0.67
38556,0.965
38557,0.62
38558,0.615
38559,0.58
38560,0.8
38561,0.835
38562,0.67
38563,0.79
38564,0.465
38565,0.82
38566,0.82
38567,0.375
38568,0.675
38569,0.885
38570,0.725
38571,0.41
38572,0.485
38573,0.6
38574,0.975
38575,0.875
38576,0.79
38577,0.87
38578,0.635
38579,0.84
38580,0.93
38581,0.99
38582,0.78
38583,0.55
38584,0.76
38585,0.755
38586,0.53
38587,0.835
38588,0.515
38589,0.71
38590,0.85
38591,0.845
38592,0.65
38593,0.82
38594,0.92
38595,0.735
38596,0.905
38597,0.515
38598,0.53
38599,0.955
38600,0.67
38601,0.725
38602,0.42
38603,0.69
38604,0.765
38605,0.755
38606,0.73
38607,0.64
38608,0.53
38609,0.475
38610,0.72
38611,0.815
38612,0.69
38613,0.85
38614,0.755
38615,0.59
38616,0.355
38617,0.64
38618,0.5
38619,0.74
38620,0.67
38621,0.845
38622,0.795
38623,0.975
38624,0.505
38625,0.92
38626,0.785
38627,0.69
38628,0.715
38629,0.595
38630,0.595
38631,0.48
38632,0.875
38633,0.645
38634,0.87
38635,0.975
38636,0.88
38637,0.725
38638,0.415
38639,0.945
38640,0.88
38641,0.675
38642,0.705
38643,0.88
38644,0.68
38645,0.59
38646,0.8
38647,0.81
38648,0.82
38649,0.52
38650,0.72
38651,0.675
38652,0.88
38653,0.46
38654,0.98
38655,0.96
38656,0.71
38657,0.705
38658,0.83
38659,0.645
38660,0.83
38661,0.71
38662,0.485
38663,0.88
38664,0.34
38665,0.97
38666,0.91
38667,0.94
38668,0.805
38669,0.26
38670,0.955
38671,0.27
38672,0.52
38673,0.52
38674,0.695
38675,0.62
38676,0.815
38677,0.89
38678,0.41
38679,0.875
38680,0.755
38681,0.885
38682,0.69
38683,0.755
38684,0.745
38685,0.54
38686,0.785
38687,0.81
38688,0.7
38689,0.87
38690,0.425
38691,0.61
38692,0.81
38693,0.815
38694,0.8
38695,0.615
38696,0.95
38697,0.655
38698,0.795
38699,0.34
38700,0.82
38701,0.635
38702,0.745
38703,0.83
38704,0.9
38705,0.395
38706,0.38
38707,0.845
38708,0.89
38709,0.405
38710,0.865
38711,0.475
38712,0.5
38713,0.805
38714,0.785
38715,0.68
38716,0.705
38717,0.565
38718,0.705
38719,0.82
38720,0.89
38721,0.615
38722,0.895
38723,0.585
38724,0.88
38725,0.875
38726,0.7
38727,0.845
38728,0.575
38729,0.655
38730,0.73
38731,0.61
38732,0.705
38733,0.84
38734,0.945
38735,0.955
38736,0.855
38737,0.85
38738,0.525
38739,0.685
38740,0.67
38741,0.895
38742,0.875
38743,0.725
38744,0.615
38745,0.335
38746,0.575
38747,0.98
38748,0.88
38749,0.625
38750,0.93
38751,0.7
38752,0.8
38753,0.715
38754,0.81
38755,0.635
38756,0.535
38757,0.87
38758,0.87
38759,0.635
38760,0.595
38761,0.59
38762,0.33
38763,0.92
38764,0.895
38765,0.895
38766,0.7
38767,0.625
38768,0.91
38769,0.92
38770,0.785
38771,0.555
38772,0.825
38773,0.7
38774,0.695
38775,0.47
38776,0.6
38777,0.755
38778,0.76
38779,0.855
38780,0.62
38781,0.95
38782,0.67
38783,0.475
38784,0.92
38785,0.445
38786,0.515
38787,0.695
38788,0.815
38789,0.855
38790,0.89
38791,0.51
38792,0.935
38793,0.65
38794,0.975
38795,0.665
38796,0.69
38797,0.825
38798,0.635
38799,0.935
38800,0.565
38801,0.95
38802,0.755
38803,0.655
38804,0.665
38805,0.44
38806,0.975
38807,0.74
38808,0.765
38809,0.94
38810,0.865
38811,0.64
38812,0.92
38813,0.88
38814,0.835
38815,0.965
38816,0.84
38817,0.555
38818,0.73
38819,0.605
38820,0.33
38821,0.95
38822,0.445
38823,0.79
38824,0.435
38825,0.845
38826,0.81
38827,0.98
38828,0.88
38829,0.38
38830,0.895
38831,0.535
38832,0.785
38833,0.96
38834,0.715
38835,0.96
38836,0.64
38837,0.685
38838,0.82
38839,0.51
38840,0.84
38841,0.805
38842,0.92
38843,0.855
38844,0.6
38845,0.925
38846,0.505
38847,0.595
38848,0.465
38849,0.815
38850,0.725
38851,0.505
38852,0.825
38853,0.69
38854,0.8
38855,0.95
38856,0.765
38857,0.855
38858,0.645
38859,0.585
38860,0.96
38861,0.45
38862,0.615
38863,0.8
38864,0.9
38865,0.63
38866,0.96
38867,0.72
38868,0.7
38869,0.61
38870,0.795
38871,0.835
38872,0.83
38873,0.62
38874,0.98
38875,0.865
38876,0.925
38877,0.625
38878,0.505
38879,0.945
38880,0.84
38881,0.59
38882,0.705
38883,0.58
38884,0.8
38885,0.86
38886,0.97
38887,0.7
38888,0.74
38889,0.64
38890,0.595
38891,0.775
38892,0.665
38893,0.43
38894,0.845
38895,0.665
38896,0.91
38897,0.885
38898,0.785
38899,0.605
38900,0.41
38901,0.67
38902,0.37
38903,0.565
38904,0.705
38905,0.66
38906,0.82
38907,0.715
38908,0.765
38909,0.74
38910,0.655
38911,0.835
38912,0.585
38913,0.88
38914,0.695
38915,0.925
38916,0.675
38917,0.78
38918,0.53
38919,0.78
38920,0.865
38921,0.935
38922,0.805
38923,0.775
38924,0.58
38925,0.79
38926,0.605
38927,0.655
38928,0.625
38929,0.775
38930,0.625
38931,0.83
38932,0.815
38933,0.91
38934,0.875
38935,0.87
38936,0.505
38937,0.76
38938,0.64
38939,0.835
38940,0.685
38941,0.715
38942,0.935
38943,0.67
38944,0.425
38945,0.85
38946,0.835
38947,0.92
38948,0.605
38949,0.52
38950,0.92
38951,0.795
38952,0.43
38953,0.95
38954,0.9
38955,0.505
38956,0.645
38957,0.83
38958,0.945
38959,0.475
38960,0.94
38961,0.79
38962,0.8
38963,0.435
38964,0.455
38965,0.4
38966,0.675
38967,0.625
38968,0.805
38969,0.385
38970,0.495
38971,0.945
38972,0.815
38973,0.605
38974,0.6
38975,0.815
38976,0.845
38977,0.895
38978,0.855
38979,0.375
38980,0.635
38981,0.64
38982,0.85
38983,0.695
38984,0.885
38985,0.7
38986,0.625
38987,0.83
38988,0.4
38989,0.645
38990,0.69
38991,0.625
38992,0.835
38993,0.7
38994,0.86
38995,0.96
38996,0.575
38997,0.625
38998,0.92
38999,0.72
39000,0.68
39001,0.77
39002,0.92
39003,0.895
39004,0.935
39005,0.655
39006,0.67
39007,0.795
39008,0.76
39009,0.91
39010,0.455
39011,0.605
39012,0.82
39013,0.585
39014,0.81
39015,0.68
39016,0.86
39017,0.555
39018,0.755
39019,0.74
39020,0.725
39021,0.705
39022,0.66
39023,0.885
39024,0.805
39025,0.825
39026,0.765
39027,0.45
39028,0.895
39029,0.85
39030,0.715
39031,0.74
39032,0.73
39033,0.695
39034,0.625
39035,0.945
39036,0.96
39037,0.685
39038,0.55
39039,0.525
39040,0.74
39041,0.74
39042,0.92
39043,0.955
39044,0.615
39045,0.155
39046,0.675
39047,0.675
39048,0.67
39049,0.99
39050,0.61
39051,0.815
39052,0.625
39053,0.89
39054,0.93
39055,0.935
39056,0.74
39057,0.835
39058,0.69
39059,0.35
39060,0.895
39061,0.64
39062,0.48
39063,0.94
39064,0.705
39065,0.86
39066,0.66
39067,0.36
39068,0.97
39069,0.1
39070,0.945
39071,0.765
39072,0.855
39073,0.825
39074,0.795
39075,0.155
39076,0.84
39077,0.875
39078,0.815
39079,0.98
39080,0.75
39081,0.795
39082,0.93
39083,0.88
39084,0.625
39085,0.68
39086,0.72
39087,0.89
39088,0.675
39089,0.445
39090,0.825
39091,0.99
39092,0.575
39093,0.735
39094,0.805
39095,0.59
39096,0.7
39097,0.44
39098,0.685
39099,0.83
39100,0.68
39101,0.405
39102,0.72
39103,0.88
39104,0.715
39105,0.765
39106,0.91
39107,0.83
39108,0.41
39109,0.67
39110,0.525
39111,0.945
39112,0.815
39113,0.845
39114,0.875
39115,0.925
39116,0.87
39117,0.82
39118,0.725
39119,0.805
39120,0.76
39121,0.485
39122,0.875
39123,0.12
39124,0.555
39125,0.43
39126,0.71
39127,0.63
39128,0.555
39129,0.445
39130,0.97
39131,0.61
39132,0.915
39133,0.42
39134,0.825
39135,0.58
39136,0.635
39137,0.475
39138,0.955
39139,0.72
39140,0.955
39141,0.68
39142,0.82
39143,0.96
39144,0.655
39145,0.255
39146,0.625
39147,0.795
39148,0.925
39149,0.81
39150,0.8
39151,0.905
39152,0.94
39153,0.87
39154,0.755
39155,0.91
39156,0.425
39157,0.49
39158,0.56
39159,0.435
39160,0.81
39161,0.82
39162,0.475
39163,0.745
39164,0.58
39165,0.65
39166,0.735
39167,0.595
39168,0.96
39169,0.8
39170,0.675
39171,0.885
39172,0.85
39173,0.935
39174,0.58
39175,0.585
39176,0.81
39177,0.675
39178,0.32
39179,0.71
39180,0.66
39181,0.86
39182,0.405
39183,0.4
39184,0.89
39185,0.57
39186,0.71
39187,0.715
39188,0.83
39189,0.91
39190,0.795
39191,0.82
39192,0.5
39193,0.89
39194,0.765
39195,0.74
39196,0.585
39197,0.795
39198,0.41
39199,0.585
39200,0.53
39201,0.855
39202,0.605
39203,0.54
39204,0.7
39205,0.565
39206,0.49
39207,0.675
39208,0.88
39209,0.79
39210,0.785
39211,0.89
39212,0.82
39213,0.995
39214,0.61
39215,0.64
39216,0.465
39217,0.445
39218,0.665
39219,0.45
39220,0.96
39221,0.96
39222,0.655
39223,0.79
39224,0.985
39225,0.595
39226,0.855
39227,0.915
39228,0.82
39229,0.775
39230,0.775
39231,0.6
39232,0.845
39233,0.68
39234,0.3
39235,0.625
39236,0.895
39237,0.66
39238,0.395
39239,0.92
39240,0.48
39241,0.64
39242,0.755
39243,0.95
39244,0.725
39245,0.66
39246,0.595
39247,0.94
39248,0.765
39249,0.755
39250,0.875
39251,0.5
39252,0.675
39253,0.81
39254,0.6
39255,0.78
39256,0.73
39257,0.38
39258,0.665
39259,0.93
39260,0.485
39261,0.48
39262,0.475
39263,0.78
39264,0.635
39265,0.735
39266,0.95
39267,0.85
39268,0.71
39269,0.805
39270,0.74
39271,0.57
39272,0.845
39273,0.485
39274,0.635
39275,0.575
39276,0.535
39277,0.675
39278,0.575
39279,0.8
39280,0.675
39281,0.87
39282,0.56
39283,0.76
39284,0.76
39285,0.555
39286,0.785
39287,0.505
39288,0.77
39289,0.825
39290,0.905
39291,0.665
39292,0.685
39293,0.65
39294,0.705
39295,0.89
39296,0.445
39297,0.96
39298,0.7
39299,0.675
39300,0.895
39301,0.94
39302,0.63
39303,0.54
39304,0.585
39305,0.69
39306,0.965
39307,0.845
39308,0.93
39309,0.465
39310,0.86
39311,0.845
39312,0.565
39313,0.5
39314,0.77
39315,0.745
39316,0.905
39317,0.555
39318,0.945
39319,0.915
39320,0.895
39321,0.78
39322,0.965
39323,0.81
39324,0.945
39325,0.795
39326,0.79
39327,0.43
39328,0.725
39329,0.67
39330,0.52
39331,0.795
39332,0.375
39333,0.5
39334,0.89
39335,0.585
39336,0.865
39337,0.775
39338,0.67
39339,0.91
39340,0.35
39341,0.89
39342,0.85
39343,0.61
39344,0.585
39345,0.355
39346,0.725
39347,0.665
39348,0.58
39349,0.66
39350,0.79
39351,0.715
39352,0.85
39353,0.61
39354,0.92
39355,0.61
39356,0.93
39357,0.84
39358,0.68
39359,0.7
39360,0.645
39361,0.765
39362,0.89
39363,0.83
39364,0.585
39365,0.62
39366,0.935
39367,0.37
39368,0.42
39369,0.755
39370,0.77
39371,0.795
39372,0.715
39373,0.61
39374,0.765
39375,0.565
39376,0.77
39377,0.79
39378,0.74
39379,0.84
39380,0.865
39381,0.76
39382,0.905
39383,0.935
39384,0.47
39385,0.59
39386,0.85
39387,0.765
39388,0.47
39389,0.755
39390,0.97
39391,0.72
39392,0.82
39393,0.88
39394,0.785
39395,0.675
39396,0.72
39397,0.125
39398,0.585
39399,0.845
39400,1.0
39401,0.445
39402,0.66
39403,0.82
39404,0.795
39405,0.885
39406,0.79
39407,0.685
39408,0.595
39409,0.765
39410,0.7
39411,0.81
39412,0.985
39413,0.8
39414,0.82
39415,0.235
39416,0.495
39417,0.82
39418,0.9
39419,0.61
39420,0.725
39421,0.91
39422,0.81
39423,0.87
39424,0.705
39425,0.57
39426,0.935
39427,0.65
39428,0.67
39429,0.94
39430,0.415
39431,0.52
39432,0.645
39433,0.84
39434,0.32
39435,0.73
39436,0.545
39437,0.635
39438,0.64
39439,0.53
39440,0.905
39441,0.58
39442,0.79
39443,0.85
39444,0.61
39445,0.815
39446,0.815
39447,0.73
39448,0.955
39449,0.635
39450,0.96
39451,0.89
39452,0.55
39453,0.555
39454,0.83
39455,0.675
39456,0.89
39457,0.745
39458,0.585
39459,0.725
39460,0.84
39461,0.655
39462,0.925
39463,0.715
39464,0.61
39465,0.695
39466,0.92
39467,0.695
39468,0.475
39469,0.725
39470,0.735
39471,0.88
39472,0.865
39473,0.51
39474,0.47
39475,0.87
39476,0.805
39477,0.61
39478,0.555
39479,0.45
39480,0.465
39481,0.72
39482,0.94
39483,0.95
39484,0.95
39485,0.515
39486,0.525
39487,0.635
39488,0.475
39489,0.545
39490,0.715
39491,0.935
39492,0.695
39493,0.635
39494,0.635
39495,0.68
39496,0.76
39497,0.86
39498,0.545
39499,0.23
39500,0.755
39501,0.63
39502,0.55
39503,0.655
39504,0.97
39505,0.945
39506,0.855
39507,0.7
39508,0.48
39509,0.685
39510,0.91
39511,0.63
39512,0.74
39513,0.97
39514,0.68
39515,0.655
39516,0.715
39517,0.695
39518,0.825
39519,0.915
39520,0.545
39521,0.795
39522,0.71
39523,0.885
39524,0.555
39525,0.655
39526,0.925
39527,0.875
39528,0.785
39529,0.685
39530,0.715
39531,0.585
39532,0.685
39533,0.635
39534,0.511667
39535,0.82
39536,0.84
39537,0.81
39538,0.64
39539,0.75
39540,0.865
39541,0.965
39542,0.495
39543,0.52
39544,0.665
39545,0.695
39546,0.82
39547,0.73
39548,0.71
39549,0.94
39550,0.85
39551,0.89
39552,0.885
39553,0.665
39554,0.92
39555,0.63
39556,0.68
39557,0.635
39558,0.6
39559,0.67
39560,0.765
39561,0.875
39562,0.58
39563,0.545
39564,0.765
39565,0.84
39566,0.78
39567,0.7
39568,0.245
39569,0.94
39570,0.855
39571,0.915
39572,0.655
39573,0.83
39574,0.85
39575,0.945
39576,0.57
39577,0.805
39578,0.905
39579,0.62
39580,0.95
39581,0.54
39582,0.408333
39583,0.775
39584,0.485
39585,0.91
39586,0.82
39587,0.895
39588,0.51
39589,0.74
39590,0.755
39591,0.63
39592,0.96
39593,0.96
39594,0.775
39595,0.485
39596,0.695
39597,0.72
39598,0.58
39599,0.925
39600,0.94
39601,0.785
39602,0.365
39603,0.54
39604,0.795
39605,0.655
39606,0.735
39607,0.895
39608,0.67
39609,0.175
39610,0.86
39611,0.84
39612,0.865
39613,0.69
39614,0.74
39615,0.91
39616,0.715
39617,0.765
39618,0.83
39619,0.905
39620,0.79
39621,0.67
39622,0.995
39623,0.48
39624,0.825
39625,0.905
39626,0.89
39627,0.86
39628,0.875
39629,0.565
39630,0.935
39631,0.61
39632,0.68
39633,0.56
39634,0.49
39635,0.67
39636,0.745
39637,0.71
39638,0.71
39639,0.79
39640,0.78
39641,0.62
39642,0.37
39643,0.835
39644,0.92
39645,0.81
39646,0.835
39647,0.815
39648,0.82
39649,0.785
39650,0.86
39651,0.605
39652,0.53
39653,0.855
39654,0.62
39655,0.86
39656,0.87
39657,0.89
39658,0.69
39659,0.58
39660,0.695
39661,0.96
39662,0.33
39663,0.88
39664,0.96
39665,0.545
39666,0.445
39667,0.89
39668,0.59
39669,0.61
39670,0.62
39671,0.855
39672,0.675
39673,0.765
39674,0.925
39675,0.8
39676,0.61
39677,0.955
39678,0.84
39679,0.91
39680,0.56
39681,0.64
39682,0.86
39683,0.74
39684,0.61
39685,0.84
39686,0.585
39687,0.805
39688,0.9
39689,0.94
39690,0.805
39691,0.74
39692,0.505
39693,0.815
39694,0.59
39695,0.855
39696,0.51
39697,0.81
39698,0.64
39699,0.585
39700,0.68
39701,0.435
39702,0.225
39703,0.48
39704,0.61
39705,0.38
39706,0.455
39707,0.59
39708,0.845
39709,0.86
39710,0.725
39711,0.645
39712,0.345
39713,0.955
39714,0.845
39715,0.87
39716,0.79
39717,0.475
39718,0.615
39719,0.15
39720,0.965
39721,0.58
39722,0.81
39723,0.92
39724,0.795
39725,0.945
39726,0.615
39727,0.81
39728,0.73
39729,0.87
39730,0.795
39731,0.445
39732,0.61
39733,0.625
39734,0.68
39735,0.89
39736,0.82
39737,0.765
39738,0.235
39739,0.74
39740,0.86
39741,0.935
39742,0.85
39743,0.74
39744,0.965
39745,0.885
39746,0.69
39747,0.81
39748,0.78
39749,0.84
39750,0.81
39751,0.72
39752,0.765
39753,0.725
39754,0.83
39755,0.635
39756,0.795
39757,0.66
39758,0.835
39759,0.66
39760,0.905
39761,0.795
39762,0.565
39763,0.425
39764,0.57
39765,0.47
39766,0.45
39767,0.615
39768,0.9
39769,0.585
39770,0.785
39771,0.545
39772,0.92
39773,0.555
39774,0.77
39775,0.72
39776,0.715
39777,0.85
39778,0.825
39779,0.715
39780,0.895
39781,0.935
39782,0.845
39783,0.72
39784,0.805
39785,0.9
39786,0.8
39787,0.89
39788,0.75
39789,0.845
39790,0.37
39791,0.78
39792,0.48
39793,0.785
39794,0.53
39795,0.93
39796,0.53
39797,0.845
39798,0.89
39799,0.585
39800,0.29
39801,0.48
39802,0.81
39803,0.62
39804,0.96
39805,0.485
39806,0.82
39807,0.73
39808,0.68
39809,0.97
39810,0.75
39811,0.555
39812,0.795
39813,0.795
39814,0.87
39815,0.735
39816,0.96
39817,0.665
39818,0.77
39819,0.635
39820,0.715
39821,0.86
39822,0.58
39823,0.585
39824,0.595
39825,0.665
39826,0.255
39827,0.395
39828,0.63
39829,0.625
39830,0.595
39831,0.85
39832,0.9
39833,0.6
39834,0.65
39835,0.815
39836,0.94
39837,0.88
39838,0.855
39839,0.8
39840,0.795
39841,0.965
39842,0.44
39843,0.64
39844,0.92
39845,0.985
39846,0.88
39847,0.895
39848,0.435
39849,0.89
39850,0.615
39851,0.57
39852,0.785
39853,0.635
39854,0.805
39855,0.495
39856,0.785
39857,0.885
39858,0.615
39859,0.88
39860,0.7
39861,0.72
39862,0.74
39863,0.87
39864,0.94
39865,0.48
39866,0.585
39867,0.795
39868,0.85
39869,0.595
39870,0.915
39871,0.575
39872,0.855
39873,0.56
39874,0.72
39875,0.66
39876,0.935
39877,0.775
39878,0.725
39879,0.4
39880,0.455
39881,0.945
39882,0.63
39883,0.58
39884,0.955
39885,0.61
39886,0.985
39887,0.68
39888,0.93
39889,0.765
39890,0.57
39891,0.555
39892,0.705
39893,0.845
39894,0.85
39895,0.605
39896,0.685
39897,0.545
39898,0.665
39899,0.61
39900,0.635
39901,0.775
39902,0.65
39903,0.96
39904,0.975
39905,0.53
39906,0.735
39907,0.085
39908,0.78
39909,0.9
39910,0.855
39911,0.71
39912,0.755
39913,0.695
39914,0.645
39915,0.935
39916,0.92
39917,0.985
39918,0.79
39919,0.86
39920,0.715
39921,0.57
39922,0.955
39923,0.61
39924,0.37
39925,0.855
39926,0.94
39927,0.81
39928,0.75
39929,0.62
39930,0.545
39931,0.33
39932,0.725
39933,0.91
39934,0.475
39935,0.625
39936,0.585
39937,0.81
39938,0.645
39939,0.765
39940,0.865
39941,0.71
39942,0.63
39943,0.525
39944,0.465
39945,0.745
39946,0.7
39947,0.665
39948,0.71
39949,0.92
39950,0.825
39951,0.535
39952,0.825
39953,0.6
39954,0.87
39955,0.48
39956,0.89
39957,0.945
39958,0.715
39959,0.9
39960,0.735
39961,0.93
39962,0.65
39963,0.655
39964,0.745
39965,0.645
39966,0.83
39967,0.98
39968,0.81
39969,0.64
39970,0.855
39971,0.465
39972,0.95
39973,0.96
39974,0.62
39975,0.495
39976,0.72
39977,0.75
39978,0.705
39979,0.74
39980,0.75
39981,0.865
39982,0.935
39983,0.965
39984,0.87
39985,0.755
39986,0.81
39987,0.39
39988,0.63
39989,0.605
39990,0.61
39991,0.895
39992,0.385
39993,0.38
39994,0.65
39995,0.44
39996,0.5
39997,0.775
39998,0.825
39999,0.595
