id,pred
0,0.840612
1,0.610108
2,0.838526
3,0.668014
4,0.959238
5,0.776676
6,0.778577
7,0.981249
8,0.667387
9,0.789841
10,0.77198
11,0.854055
12,0.46332
13,0.598612
14,0.869598
15,0.652776
16,0.677841
17,0.599907
18,0.711097
19,0.627824
20,0.367602
21,0.930787
22,0.796984
23,0.13106
24,0.541329
25,0.908382
26,0.313609
27,0.592808
28,0.983364
29,0.900539
30,0.79838
31,0.986078
32,0.719676
33,0.736522
34,0.98096
35,0.621637
36,0.689327
37,0.778158
38,0.664499
39,0.541966
40,0.602612
41,0.802016
42,0.892693
43,0.916
44,0.685643
45,0.934358
46,0.428362
47,0.708989
48,0.697331
49,0.681026
50,0.659496
51,0.117485
52,0.841609
53,0.966664
54,0.98265
55,0.911229
56,0.065191
57,0.837331
58,0.735082
59,0.937312
60,0.63382
61,0.911442
62,0.54881
63,0.819987
64,0.821916
65,0.566561
66,0.747885
67,0.657232
68,0.157076
69,0.946004
70,0.691794
71,0.798198
72,0.758235
73,0.663054
74,0.969993
75,0.648034
76,0.962717
77,0.982383
78,0.991232
79,0.886026
80,0.858382
81,0.519546
82,0.052878
83,0.77623
84,0.873727
85,0.605157
86,0.838877
87,0.827336
88,0.963693
89,0.869017
90,0.888371
91,0.825481
92,0.972534
93,0.670648
94,0.961852
95,0.938851
96,0.850857
97,0.793825
98,0.693005
99,0.971955
100,0.739741
101,0.138512
102,0.624512
103,0.938141
104,0.361307
105,0.857752
106,0.311266
107,0.855054
108,0.696846
109,0.488092
110,0.732453
111,0.508382
112,0.639602
113,0.804159
114,0.740591
115,0.578305
116,0.748275
117,0.922032
118,0.761123
119,0.927428
120,0.848782
121,0.976435
122,0.471412
123,0.876723
124,0.879293
125,0.593418
126,0.516177
127,0.805744
128,0.701493
129,0.476962
130,0.650143
131,0.108702
132,0.776498
133,0.837316
134,0.546074
135,0.77404
136,0.559287
137,0.716688
138,0.727723
139,0.470787
140,0.871082
141,0.963981
142,0.496814
143,0.791823
144,0.938109
145,0.807695
146,0.826944
147,0.829358
148,0.79189
149,0.876585
150,0.708667
151,0.681367
152,0.767968
153,0.060316
154,0.992142
155,0.966379
156,0.811086
157,0.65205
158,0.973957
159,0.988318
160,0.698678
161,0.952663
162,0.866297
163,0.73482
164,0.534374
165,0.557506
166,0.68561
167,0.978365
168,0.761558
169,0.8646
170,0.78897
171,0.542401
172,0.857129
173,0.869137
174,0.808786
175,0.940656
176,0.950038
177,0.038146
178,0.193097
179,0.589213
180,0.798481
181,0.582453
182,0.706256
183,0.143806
184,0.892427
185,0.908046
186,0.771182
187,0.57246
188,0.923019
189,0.816178
190,0.958727
191,0.655436
192,0.639397
193,0.883514
194,0.836692
195,0.802695
196,0.526505
197,0.622391
198,0.841999
199,0.747282
200,0.630568
201,0.867274
202,0.565134
203,0.958918
204,0.778527
205,0.740151
206,0.873452
207,0.666589
208,0.578428
209,0.431501
210,0.442083
211,0.767436
212,0.260317
213,0.608127
214,0.606737
215,0.60634
216,0.845985
217,0.853868
218,0.293384
219,0.819016
220,0.77661
221,0.752978
222,0.729894
223,0.821633
224,0.687239
225,0.723148
226,0.61359
227,0.468315
228,0.465664
229,0.87089
230,0.707955
231,0.783488
232,0.865125
233,0.874688
234,0.826702
235,0.072721
236,0.618319
237,0.482619
238,0.963199
239,0.792049
240,0.881397
241,0.977333
242,0.833373
243,0.558044
244,0.153427
245,0.837973
246,0.653845
247,0.539586
248,0.639503
249,0.644792
250,0.621834
251,0.85982
252,0.97986
253,0.912793
254,0.376662
255,0.94298
256,0.687313
257,0.898897
258,0.758605
259,0.529384
260,0.568126
261,0.629136
262,0.908751
263,0.988623
264,0.956633
265,0.666075
266,0.703576
267,0.589002
268,0.821897
269,0.709386
270,0.803241
271,0.814972
272,0.843076
273,0.974135
274,0.443537
275,0.377515
276,0.738135
277,0.771639
278,0.645217
279,0.52793
280,0.983235
281,0.957791
282,0.941217
283,0.594975
284,0.693149
285,0.835501
286,0.831352
287,0.836006
288,0.457737
289,0.836868
290,0.969089
291,0.829577
292,0.626633
293,0.600327
294,0.429435
295,0.974208
296,0.96179
297,0.570846
298,0.660884
299,0.696252
300,0.914938
301,0.713466
302,0.786789
303,0.531425
304,0.912992
305,0.869814
306,0.743667
307,0.481876
308,0.503945
309,0.556183
310,0.84918
311,0.983148
312,0.717397
313,0.559357
314,0.807141
315,0.622324
316,0.672063
317,0.900881
318,0.947675
319,0.570132
320,0.710323
321,0.696195
322,0.77786
323,0.95671
324,0.966072
325,0.254891
326,0.592843
327,0.741516
328,0.203353
329,0.880745
330,0.734868
331,0.408761
332,0.701643
333,0.744356
334,0.801528
335,0.739317
336,0.811552
337,0.842469
338,0.723381
339,0.680565
340,0.534169
341,0.874863
342,0.479406
343,0.689426
344,0.656299
345,0.356102
346,0.920695
347,0.538183
348,0.636427
349,0.387104
350,0.63323
351,0.961288
352,0.948267
353,0.737175
354,0.981852
355,0.889005
356,0.750335
357,0.715669
358,0.90591
359,0.54768
360,0.728018
361,0.525017
362,0.621117
363,0.838153
364,0.883374
365,0.938067
366,0.920901
367,0.451927
368,0.931074
369,0.906589
370,0.50759
371,0.884809
372,0.900084
373,0.928771
374,0.472323
375,0.92465
376,0.615316
377,0.9504
378,0.626403
379,0.823809
380,0.0608
381,0.892484
382,0.679984
383,0.307704
384,0.81295
385,0.898346
386,0.707263
387,0.856081
388,0.366236
389,0.076938
390,0.638486
391,0.724546
392,0.962896
393,0.494862
394,0.415424
395,0.663436
396,0.742311
397,0.027052
398,0.557572
399,0.855063
400,0.893166
401,0.783165
402,0.740582
403,0.961164
404,0.856826
405,0.967854
406,0.935559
407,0.823691
408,0.950053
409,0.675224
410,0.695941
411,0.492195
412,0.849942
413,0.749543
414,0.642217
415,0.604908
416,0.565328
417,0.724682
418,0.980605
419,0.887537
420,0.918208
421,0.823948
422,0.794194
423,0.786418
424,0.589933
425,0.882212
426,0.608133
427,0.983677
428,0.499735
429,0.696781
430,0.464471
431,0.594184
432,0.554465
433,0.718582
434,0.886693
435,0.784935
436,0.849431
437,0.977254
438,0.878032
439,0.623285
440,0.821088
441,0.724508
442,0.803252
443,0.700172
444,0.34273
445,0.977813
446,0.861762
447,0.636854
448,0.857704
449,0.813193
450,0.757314
451,0.777359
452,0.551965
453,0.976076
454,0.706267
455,0.665424
456,0.803092
457,0.601793
458,0.875822
459,0.986635
460,0.431687
461,0.864316
462,0.777996
463,0.759012
464,0.876502
465,0.811258
466,0.815805
467,0.986026
468,0.837743
469,0.724181
470,0.636016
471,0.596403
472,0.774627
473,0.585588
474,0.801381
475,0.868428
476,0.601136
477,0.697408
478,0.951888
479,0.757846
480,0.794121
481,0.708601
482,0.788096
483,0.72673
484,0.968947
485,0.704581
486,0.921291
487,0.488433
488,0.598555
489,0.510082
490,0.737089
491,0.967626
492,0.129348
493,0.906113
494,0.717837
495,0.725232
496,0.954681
497,0.079651
498,0.854077
499,0.420845
500,0.702968
501,0.320993
502,0.854802
503,0.918452
504,0.741382
505,0.905988
506,0.862871
507,0.740339
508,0.566354
509,0.645208
510,0.833337
511,0.911283
512,0.651028
513,0.858004
514,0.440943
515,0.528552
516,0.475086
517,0.743062
518,0.639049
519,0.802663
520,0.839781
521,0.606537
522,0.715292
523,0.561825
524,0.855533
525,0.862868
526,0.690754
527,0.87232
528,0.596972
529,0.94172
530,0.699451
531,0.840678
532,0.648094
533,0.950914
534,0.734761
535,0.446172
536,0.819015
537,0.069714
538,0.974813
539,0.89211
540,0.822816
541,0.87299
542,0.724683
543,0.466802
544,0.809202
545,0.535768
546,0.637818
547,0.824988
548,0.977323
549,0.977482
550,0.519142
551,0.735592
552,0.791247
553,0.773649
554,0.639103
555,0.819365
556,0.75988
557,0.897585
558,0.728884
559,0.948642
560,0.842854
561,0.894237
562,0.853364
563,0.774482
564,0.711382
565,0.629301
566,0.92098
567,0.818265
568,0.761812
569,0.71886
570,0.815928
571,0.778476
572,0.588884
573,0.605237
574,0.796164
575,0.93669
576,0.741491
577,0.208649
578,0.794898
579,0.452226
580,0.98114
581,0.6651
582,0.530182
583,0.705557
584,0.731706
585,0.812383
586,0.924337
587,0.699912
588,0.951413
589,0.420645
590,0.77246
591,0.582206
592,0.798326
593,0.869545
594,0.803795
595,0.878796
596,0.983434
597,0.708813
598,0.462541
599,0.72376
600,0.864528
601,0.435577
602,0.717826
603,0.258364
604,0.542178
605,0.368076
606,0.345276
607,0.885636
608,0.741931
609,0.985406
610,0.64077
611,0.962086
612,0.605846
613,0.706157
614,0.78475
615,0.470317
616,0.95352
617,0.916758
618,0.95015
619,0.770598
620,0.081391
621,0.892861
622,0.460886
623,0.95881
624,0.876107
625,0.794645
626,0.69363
627,0.947857
628,0.733752
629,0.939868
630,0.919372
631,0.918371
632,0.602487
633,0.879309
634,0.62129
635,0.915205
636,0.972304
637,0.862347
638,0.843326
639,0.705851
640,0.556043
641,0.926522
642,0.779139
643,0.800245
644,0.909244
645,0.767944
646,0.671097
647,0.7612
648,0.23497
649,0.660179
650,0.906987
651,0.537178
652,0.620099
653,0.865425
654,0.822426
655,0.730202
656,0.762303
657,0.653789
658,0.502027
659,0.60728
660,0.486447
661,0.902081
662,0.860268
663,0.891597
664,0.42213
665,0.68844
666,0.867729
667,0.770496
668,0.730936
669,0.828204
670,0.652969
671,0.802699
672,0.715957
673,0.186742
674,0.877763
675,0.709957
676,0.744931
677,0.975786
678,0.688806
679,0.911298
680,0.46566
681,0.902161
682,0.814359
683,0.96839
684,0.868185
685,0.835034
686,0.933924
687,0.838176
688,0.745366
689,0.741266
690,0.683415
691,0.570895
692,0.907975
693,0.86881
694,0.614807
695,0.75484
696,0.755712
697,0.299676
698,0.611241
699,0.64436
700,0.598583
701,0.86583
702,0.414631
703,0.340026
704,0.736009
705,0.8806
706,0.656108
707,0.970567
708,0.425135
709,0.481127
710,0.755817
711,0.72048
712,0.996734
713,0.675024
714,0.430941
715,0.750158
716,0.854641
717,0.815146
718,0.688126
719,0.474423
720,0.580853
721,0.339399
722,0.944025
723,0.953335
724,0.914398
725,0.687746
726,0.86736
727,0.63393
728,0.448959
729,0.391123
730,0.545425
731,0.8041
732,0.027855
733,0.750292
734,0.908097
735,0.792278
736,0.984788
737,0.717362
738,0.44973
739,0.79957
740,0.76495
741,0.913924
742,0.892868
743,0.910675
744,0.923423
745,0.597366
746,0.866019
747,0.456617
748,0.914974
749,0.568818
750,0.968056
751,0.892832
752,0.71374
753,0.831602
754,0.473833
755,0.761999
756,0.755391
757,0.590373
758,0.888978
759,0.839583
760,0.843658
761,0.48719
762,0.927495
763,0.672518
764,0.982
765,0.965438
766,0.938927
767,0.918229
768,0.734547
769,0.805826
770,0.98269
771,0.690135
772,0.301851
773,0.577637
774,0.777571
775,0.906479
776,0.716789
777,0.968426
778,0.714776
779,0.985417
780,0.677693
781,0.796008
782,0.655765
783,0.853186
784,0.73936
785,0.818173
786,0.652726
787,0.623395
788,0.757808
789,0.976535
790,0.683261
791,0.648773
792,0.718735
793,0.852056
794,0.818692
795,0.905854
796,0.942829
797,0.779372
798,0.756044
799,0.583262
800,0.219818
801,0.853762
802,0.766518
803,0.805608
804,0.501077
805,0.845089
806,0.465678
807,0.669794
808,0.92489
809,0.822871
810,0.680792
811,0.950398
812,0.975704
813,0.800399
814,0.822548
815,0.764523
816,0.50987
817,0.816372
818,0.778277
819,0.48095
820,0.667
821,0.827162
822,0.535171
823,0.733894
824,0.03781
825,0.967437
826,0.623958
827,0.905981
828,0.974982
829,0.728861
830,0.636435
831,0.931601
832,0.838826
833,0.443576
834,0.989011
835,0.756533
836,0.816436
837,0.74848
838,0.883948
839,0.196979
840,0.857399
841,0.879632
842,0.945694
843,0.803314
844,0.670723
845,0.845647
846,0.880581
847,0.488886
848,0.81823
849,0.954207
850,0.726729
851,0.90177
852,0.787853
853,0.454515
854,0.890651
855,0.73432
856,0.781178
857,0.843534
858,0.81039
859,0.568315
860,0.633124
861,0.862389
862,0.87318
863,0.782042
864,0.9708
865,0.517922
866,0.687976
867,0.80725
868,0.415184
869,0.89427
870,0.698891
871,0.89424
872,0.641275
873,0.670143
874,0.562321
875,0.751405
876,0.683344
877,0.81391
878,0.815758
879,0.609034
880,0.742607
881,0.96875
882,0.757418
883,0.911158
884,0.970861
885,0.933912
886,0.983848
887,0.777922
888,0.981313
889,0.856408
890,0.718432
891,0.475915
892,0.739129
893,0.39192
894,0.041218
895,0.04655
896,0.963556
897,0.751932
898,0.879316
899,0.970445
900,0.805935
901,0.820764
902,0.923216
903,0.681341
904,0.758751
905,0.550557
906,0.598355
907,0.789094
908,0.974033
909,0.555673
910,0.779103
911,0.933423
912,0.725563
913,0.683673
914,0.759453
915,0.811191
916,0.978899
917,0.840548
918,0.693347
919,0.133556
920,0.466885
921,0.953346
922,0.789588
923,0.756793
924,0.923436
925,0.827891
926,0.631845
927,0.782858
928,0.735295
929,0.713782
930,0.446909
931,0.912085
932,0.552107
933,0.988487
934,0.964447
935,0.604712
936,0.925739
937,0.613626
938,0.595347
939,0.981168
940,0.927916
941,0.774053
942,0.983173
943,0.699521
944,0.878734
945,0.40868
946,0.605726
947,0.580743
948,0.643318
949,0.739711
950,0.627247
951,0.845446
952,0.970805
953,0.729813
954,0.944536
955,0.571994
956,0.795828
957,0.770216
958,0.836986
959,0.816988
960,0.583515
961,0.321177
962,0.267702
963,0.66963
964,0.878354
965,0.782899
966,0.971978
967,0.963731
968,0.586231
969,0.629105
970,0.882131
971,0.522548
972,0.701224
973,0.924321
974,0.603224
975,0.771666
976,0.674756
977,0.248231
978,0.511061
979,0.88663
980,0.90785
981,0.668277
982,0.804288
983,0.570261
984,0.624606
985,0.505201
986,0.216274
987,0.878686
988,0.660228
989,0.913846
990,0.85775
991,0.955263
992,0.909545
993,0.497478
994,0.661509
995,0.947683
996,0.465901
997,0.673392
998,0.607149
999,0.613535
1000,0.91021
1001,0.804782
1002,0.822201
1003,0.750532
1004,0.927342
1005,0.668963
1006,0.726136
1007,0.74408
1008,0.948516
1009,0.960905
1010,0.950312
1011,0.811705
1012,0.965954
1013,0.890243
1014,0.420164
1015,0.862541
1016,0.580687
1017,0.865229
1018,0.476841
1019,0.743497
1020,0.754204
1021,0.86868
1022,0.570291
1023,0.433186
1024,0.803536
1025,0.982249
1026,0.679644
1027,0.867889
1028,0.59193
1029,0.77913
1030,0.462189
1031,0.790496
1032,0.867023
1033,0.748572
1034,0.815566
1035,0.706929
1036,0.82515
1037,0.588486
1038,0.714853
1039,0.73329
1040,0.772905
1041,0.659062
1042,0.76786
1043,0.778803
1044,0.758073
1045,0.957452
1046,0.887207
1047,0.225566
1048,0.858051
1049,0.967882
1050,0.966661
1051,0.768828
1052,0.575497
1053,0.880748
1054,0.807043
1055,0.768776
1056,0.900785
1057,0.57242
1058,0.447643
1059,0.963281
1060,0.993559
1061,0.485048
1062,0.550564
1063,0.783995
1064,0.810953
1065,0.634862
1066,0.055061
1067,0.942754
1068,0.882444
1069,0.559878
1070,0.808448
1071,0.886027
1072,0.909782
1073,0.98492
1074,0.651807
1075,0.970221
1076,0.038204
1077,0.332724
1078,0.756198
1079,0.027361
1080,0.626409
1081,0.705217
1082,0.945645
1083,0.838417
1084,0.932707
1085,0.830318
1086,0.842457
1087,0.894979
1088,0.868249
1089,0.717827
1090,0.941386
1091,0.736477
1092,0.887477
1093,0.599012
1094,0.556709
1095,0.861924
1096,0.855142
1097,0.725551
1098,0.735251
1099,0.740864
1100,0.967301
1101,0.573696
1102,0.612342
1103,0.733842
1104,0.583043
1105,0.66741
1106,0.834322
1107,0.488251
1108,0.981575
1109,0.633604
1110,0.472075
1111,0.061454
1112,0.023244
1113,0.793523
1114,0.872077
1115,0.433665
1116,0.700895
1117,0.826473
1118,0.941791
1119,0.572008
1120,0.994603
1121,0.386712
1122,0.829208
1123,0.926056
1124,0.627511
1125,0.396624
1126,0.619249
1127,0.786731
1128,0.621231
1129,0.645308
1130,0.81596
1131,0.926353
1132,0.912465
1133,0.530334
1134,0.876814
1135,0.83455
1136,0.795283
1137,0.882606
1138,0.671592
1139,0.328421
1140,0.173535
1141,0.915735
1142,0.575251
1143,0.709945
1144,0.846512
1145,0.374481
1146,0.534839
1147,0.886712
1148,0.975482
1149,0.554418
1150,0.938587
1151,0.37234
1152,0.750478
1153,0.967267
1154,0.93115
1155,0.794988
1156,0.656847
1157,0.725108
1158,0.742074
1159,0.686329
1160,0.907945
1161,0.611912
1162,0.750075
1163,0.973793
1164,0.815389
1165,0.465563
1166,0.674759
1167,0.831638
1168,0.974104
1169,0.97878
1170,0.640715
1171,0.702159
1172,0.857066
1173,0.631882
1174,0.684818
1175,0.966845
1176,0.652938
1177,0.664894
1178,0.984121
1179,0.757076
1180,0.648068
1181,0.955105
1182,0.300267
1183,0.72466
1184,0.612457
1185,0.513533
1186,0.14077
1187,0.924749
1188,0.611709
1189,0.388691
1190,0.919621
1191,0.805165
1192,0.93219
1193,0.83173
1194,0.937423
1195,0.48804
1196,0.97693
1197,0.804762
1198,0.714507
1199,0.618721
1200,0.583054
1201,0.880015
1202,0.963107
1203,0.862736
1204,0.861062
1205,0.599132
1206,0.697138
1207,0.68386
1208,0.66711
1209,0.722483
1210,0.659842
1211,0.919457
1212,0.631256
1213,0.9216
1214,0.791479
1215,0.671562
1216,0.930114
1217,0.752376
1218,0.816757
1219,0.787727
1220,0.448389
1221,0.735142
1222,0.593339
1223,0.871429
1224,0.855006
1225,0.892546
1226,0.979183
1227,0.615815
1228,0.894241
1229,0.826987
1230,0.778635
1231,0.024675
1232,0.81103
1233,0.784235
1234,0.947916
1235,0.840492
1236,0.425881
1237,0.652241
1238,0.774263
1239,0.705096
1240,0.559634
1241,0.525111
1242,0.778904
1243,0.739309
1244,0.827793
1245,0.77969
1246,0.795648
1247,0.046135
1248,0.913399
1249,0.785921
1250,0.066813
1251,0.830922
1252,0.749265
1253,0.794893
1254,0.573829
1255,0.673037
1256,0.977597
1257,0.695243
1258,0.932453
1259,0.70326
1260,0.618612
1261,0.722158
1262,0.627598
1263,0.941066
1264,0.731584
1265,0.561909
1266,0.703359
1267,0.931468
1268,0.921679
1269,0.95962
1270,0.685837
1271,0.794394
1272,0.528271
1273,0.935507
1274,0.895884
1275,0.938254
1276,0.691834
1277,0.675097
1278,0.934257
1279,0.680572
1280,0.908881
1281,0.645062
1282,0.760662
1283,0.637882
1284,0.940515
1285,0.942036
1286,0.761013
1287,0.826089
1288,0.985187
1289,0.982639
1290,0.813033
1291,0.903347
1292,0.788665
1293,0.730569
1294,0.806816
1295,0.637307
1296,0.851576
1297,0.29829
1298,0.768509
1299,0.911608
1300,0.829222
1301,0.771304
1302,0.734071
1303,0.800607
1304,0.658825
1305,0.771721
1306,0.751081
1307,0.633787
1308,0.905526
1309,0.043426
1310,0.540271
1311,0.928955
1312,0.867575
1313,0.933393
1314,0.894215
1315,0.628016
1316,0.446105
1317,0.885177
1318,0.279633
1319,0.639769
1320,0.823042
1321,0.710586
1322,0.777021
1323,0.564166
1324,0.753675
1325,0.830294
1326,0.672309
1327,0.657273
1328,0.316274
1329,0.977124
1330,0.516314
1331,0.559785
1332,0.876657
1333,0.963334
1334,0.955119
1335,0.544419
1336,0.889512
1337,0.702753
1338,0.866543
1339,0.835422
1340,0.8288
1341,0.754598
1342,0.737775
1343,0.804136
1344,0.885819
1345,0.806416
1346,0.666798
1347,0.540278
1348,0.770873
1349,0.755425
1350,0.943545
1351,0.886186
1352,0.92317
1353,0.797005
1354,0.743753
1355,0.653372
1356,0.559522
1357,0.805418
1358,0.559654
1359,0.790572
1360,0.276179
1361,0.650339
1362,0.163256
1363,0.841506
1364,0.538423
1365,0.465098
1366,0.985304
1367,0.767879
1368,0.92753
1369,0.92116
1370,0.941915
1371,0.888892
1372,0.704521
1373,0.901883
1374,0.740626
1375,0.750449
1376,0.885915
1377,0.778373
1378,0.417824
1379,0.877073
1380,0.673799
1381,0.852528
1382,0.904498
1383,0.946217
1384,0.151841
1385,0.877885
1386,0.738299
1387,0.654214
1388,0.857204
1389,0.762759
1390,0.852819
1391,0.453094
1392,0.708859
1393,0.0426
1394,0.972141
1395,0.914963
1396,0.797879
1397,0.892801
1398,0.628911
1399,0.075261
1400,0.949695
1401,0.673944
1402,0.893596
1403,0.799418
1404,0.87846
1405,0.696554
1406,0.657647
1407,0.833815
1408,0.821836
1409,0.8439
1410,0.929166
1411,0.949424
1412,0.800838
1413,0.765696
1414,0.657683
1415,0.877276
1416,0.579351
1417,0.839783
1418,0.762535
1419,0.87022
1420,0.506513
1421,0.586199
1422,0.826237
1423,0.703432
1424,0.869066
1425,0.469579
1426,0.385744
1427,0.953864
1428,0.946772
1429,0.532383
1430,0.856987
1431,0.839645
1432,0.664949
1433,0.426613
1434,0.704604
1435,0.751077
1436,0.637623
1437,0.563851
1438,0.632272
1439,0.94337
1440,0.571256
1441,0.587363
1442,0.474626
1443,0.648283
1444,0.74527
1445,0.954102
1446,0.780217
1447,0.711401
1448,0.708021
1449,0.885661
1450,0.792595
1451,0.858763
1452,0.743161
1453,0.851915
1454,0.856637
1455,0.786523
1456,0.669136
1457,0.823244
1458,0.686283
1459,0.551583
1460,0.709714
1461,0.810617
1462,0.496959
1463,0.725161
1464,0.956789
1465,0.52226
1466,0.864231
1467,0.835638
1468,0.621436
1469,0.702224
1470,0.694272
1471,0.328722
1472,0.829756
1473,0.507312
1474,0.844202
1475,0.853816
1476,0.671642
1477,0.953532
1478,0.73229
1479,0.975334
1480,0.772364
1481,0.777933
1482,0.038674
1483,0.359488
1484,0.991233
1485,0.861657
1486,0.897035
1487,0.805673
1488,0.523807
1489,0.49586
1490,0.702821
1491,0.681399
1492,0.913995
1493,0.493213
1494,0.802079
1495,0.691918
1496,0.866688
1497,0.612267
1498,0.838752
1499,0.972894
1500,0.978451
1501,0.681039
1502,0.96075
1503,0.468934
1504,0.842017
1505,0.936828
1506,0.90038
1507,0.981366
1508,0.566579
1509,0.779072
1510,0.990704
1511,0.805132
1512,0.846821
1513,0.980292
1514,0.705063
1515,0.687749
1516,0.611302
1517,0.731947
1518,0.880583
1519,0.810218
1520,0.932993
1521,0.726625
1522,0.593017
1523,0.985092
1524,0.86768
1525,0.768478
1526,0.846752
1527,0.960578
1528,0.793638
1529,0.980567
1530,0.984162
1531,0.592203
1532,0.98306
1533,0.764827
1534,0.727203
1535,0.826354
1536,0.688503
1537,0.667639
1538,0.857475
1539,0.983144
1540,0.839662
1541,0.697154
1542,0.742942
1543,0.466307
1544,0.860909
1545,0.909896
1546,0.715009
1547,0.444954
1548,0.9318
1549,0.705265
1550,0.762521
1551,0.370684
1552,0.983577
1553,0.898958
1554,0.83526
1555,0.654922
1556,0.538874
1557,0.897137
1558,0.612254
1559,0.751855
1560,0.858071
1561,0.886492
1562,0.919486
1563,0.855998
1564,0.945581
1565,0.927062
1566,0.454718
1567,0.619148
1568,0.692576
1569,0.970286
1570,0.481002
1571,0.768786
1572,0.894495
1573,0.698432
1574,0.865286
1575,0.689399
1576,0.80335
1577,0.859526
1578,0.912608
1579,0.838047
1580,0.707989
1581,0.424357
1582,0.528417
1583,0.772901
1584,0.991292
1585,0.91415
1586,0.763398
1587,0.697743
1588,0.918105
1589,0.938943
1590,0.91062
1591,0.026686
1592,0.36646
1593,0.579748
1594,0.794849
1595,0.745824
1596,0.86906
1597,0.686966
1598,0.844997
1599,0.816933
1600,0.732
1601,0.717565
1602,0.670976
1603,0.607812
1604,0.50668
1605,0.637436
1606,0.750063
1607,0.693698
1608,0.868336
1609,0.871246
1610,0.855683
1611,0.593288
1612,0.917174
1613,0.475113
1614,0.774698
1615,0.927845
1616,0.929137
1617,0.598573
1618,0.338784
1619,0.767197
1620,0.815457
1621,0.77838
1622,0.084032
1623,0.901745
1624,0.837111
1625,0.981134
1626,0.944139
1627,0.839063
1628,0.920279
1629,0.611561
1630,0.737103
1631,0.702917
1632,0.945056
1633,0.835148
1634,0.844514
1635,0.139017
1636,0.473997
1637,0.755586
1638,0.696584
1639,0.587923
1640,0.778888
1641,0.652914
1642,0.816625
1643,0.765592
1644,0.577922
1645,0.602216
1646,0.664532
1647,0.681389
1648,0.684302
1649,0.731708
1650,0.983906
1651,0.390957
1652,0.6442
1653,0.851552
1654,0.81672
1655,0.913834
1656,0.803199
1657,0.758636
1658,0.680716
1659,0.892776
1660,0.671924
1661,0.364693
1662,0.539108
1663,0.916373
1664,0.568154
1665,0.77623
1666,0.7069
1667,0.826496
1668,0.925455
1669,0.687173
1670,0.992203
1671,0.58164
1672,0.853512
1673,0.249998
1674,0.95166
1675,0.932339
1676,0.974545
1677,0.091157
1678,0.86702
1679,0.796195
1680,0.7167
1681,0.559184
1682,0.754037
1683,0.917723
1684,0.95819
1685,0.7996
1686,0.884185
1687,0.754568
1688,0.983153
1689,0.659694
1690,0.732196
1691,0.837401
1692,0.658407
1693,0.66824
1694,0.914614
1695,0.486232
1696,0.884732
1697,0.89038
1698,0.852802
1699,0.679201
1700,0.826594
1701,0.726459
1702,0.878477
1703,0.682345
1704,0.757664
1705,0.535977
1706,0.708926
1707,0.943672
1708,0.625245
1709,0.828443
1710,0.847086
1711,0.905547
1712,0.957723
1713,0.548285
1714,0.64945
1715,0.471369
1716,0.685691
1717,0.708217
1718,0.69097
1719,0.960153
1720,0.83871
1721,0.85642
1722,0.927956
1723,0.44347
1724,0.650262
1725,0.76867
1726,0.982788
1727,0.660015
1728,0.691862
1729,0.68587
1730,0.869536
1731,0.87238
1732,0.82863
1733,0.846124
1734,0.791879
1735,0.709342
1736,0.593554
1737,0.920667
1738,0.582259
1739,0.700268
1740,0.603832
1741,0.635353
1742,0.422628
1743,0.824236
1744,0.888354
1745,0.766328
1746,0.698399
1747,0.364685
1748,0.89179
1749,0.836126
1750,0.962492
1751,0.935784
1752,0.711849
1753,0.895676
1754,0.877655
1755,0.751772
1756,0.862255
1757,0.712895
1758,0.033888
1759,0.544086
1760,0.696722
1761,0.847373
1762,0.730208
1763,0.788883
1764,0.967771
1765,0.75631
1766,0.778572
1767,0.991055
1768,0.733256
1769,0.477854
1770,0.894098
1771,0.631994
1772,0.508458
1773,0.950213
1774,0.903543
1775,0.626274
1776,0.919957
1777,0.092002
1778,0.504079
1779,0.650473
1780,0.932503
1781,0.48287
1782,0.786468
1783,0.962713
1784,0.71809
1785,0.038662
1786,0.704051
1787,0.44085
1788,0.677128
1789,0.747608
1790,0.818194
1791,0.608491
1792,0.827473
1793,0.406134
1794,0.975628
1795,0.827788
1796,0.463453
1797,0.739879
1798,0.930324
1799,0.394443
1800,0.789047
1801,0.041873
1802,0.861777
1803,0.87913
1804,0.363577
1805,0.521453
1806,0.527344
1807,0.460947
1808,0.86621
1809,0.663142
1810,0.894022
1811,0.643168
1812,0.799795
1813,0.986329
1814,0.949136
1815,0.628413
1816,0.902397
1817,0.027968
1818,0.931545
1819,0.540009
1820,0.732165
1821,0.84845
1822,0.418309
1823,0.79873
1824,0.537398
1825,0.404669
1826,0.976249
1827,0.790436
1828,0.712034
1829,0.649472
1830,0.458077
1831,0.781583
1832,0.776147
1833,0.910401
1834,0.625742
1835,0.690856
1836,0.894351
1837,0.953366
1838,0.903796
1839,0.766856
1840,0.834813
1841,0.744486
1842,0.745511
1843,0.943262
1844,0.911678
1845,0.572906
1846,0.549037
1847,0.873959
1848,0.925423
1849,0.698775
1850,0.911124
1851,0.748255
1852,0.802467
1853,0.733295
1854,0.940705
1855,0.784591
1856,0.944907
1857,0.81575
1858,0.712906
1859,0.970785
1860,0.949563
1861,0.389236
1862,0.663466
1863,0.641449
1864,0.94996
1865,0.811974
1866,0.860622
1867,0.447907
1868,0.610264
1869,0.866409
1870,0.840458
1871,0.936656
1872,0.659666
1873,0.808733
1874,0.505404
1875,0.033905
1876,0.415308
1877,0.487205
1878,0.397117
1879,0.674641
1880,0.930988
1881,0.587755
1882,0.870522
1883,0.940365
1884,0.987943
1885,0.731131
1886,0.842725
1887,0.744777
1888,0.517596
1889,0.816611
1890,0.730688
1891,0.697632
1892,0.721385
1893,0.599813
1894,0.696137
1895,0.886077
1896,0.987621
1897,0.702079
1898,0.572502
1899,0.843376
1900,0.658707
1901,0.795602
1902,0.752165
1903,0.782464
1904,0.898486
1905,0.641734
1906,0.798991
1907,0.655506
1908,0.914946
1909,0.930236
1910,0.940286
1911,0.979228
1912,0.421771
1913,0.865257
1914,0.509786
1915,0.856515
1916,0.686922
1917,0.782012
1918,0.946871
1919,0.369758
1920,0.48826
1921,0.783325
1922,0.856258
1923,0.976796
1924,0.797398
1925,0.906439
1926,0.967547
1927,0.349251
1928,0.797896
1929,0.464633
1930,0.884598
1931,0.674771
1932,0.962622
1933,0.750481
1934,0.627028
1935,0.823298
1936,0.784472
1937,0.635622
1938,0.690598
1939,0.897619
1940,0.978547
1941,0.753381
1942,0.815495
1943,0.910049
1944,0.721345
1945,0.926396
1946,0.689445
1947,0.923043
1948,0.723669
1949,0.037709
1950,0.907464
1951,0.615378
1952,0.733578
1953,0.536412
1954,0.568086
1955,0.649607
1956,0.80113
1957,0.459118
1958,0.928024
1959,0.985149
1960,0.95948
1961,0.42132
1962,0.946355
1963,0.533037
1964,0.568676
1965,0.722062
1966,0.387872
1967,0.815501
1968,0.968842
1969,0.620788
1970,0.073958
1971,0.666838
1972,0.381528
1973,0.769077
1974,0.736079
1975,0.641953
1976,0.640941
1977,0.886031
1978,0.893122
1979,0.828446
1980,0.782863
1981,0.863264
1982,0.648975
1983,0.58673
1984,0.972372
1985,0.555967
1986,0.879677
1987,0.965239
1988,0.693033
1989,0.777205
1990,0.608522
1991,0.418118
1992,0.655835
1993,0.822423
1994,0.779983
1995,0.971058
1996,0.900506
1997,0.693595
1998,0.945126
1999,0.746213
2000,0.883697
2001,0.813858
2002,0.807726
2003,0.115029
2004,0.366485
2005,0.987727
2006,0.899561
2007,0.700081
2008,0.185386
2009,0.298665
2010,0.140899
2011,0.441533
2012,0.932048
2013,0.453117
2014,0.360461
2015,0.364296
2016,0.181621
2017,0.826185
2018,0.792496
2019,0.820652
2020,0.885138
2021,0.709572
2022,0.465138
2023,0.818634
2024,0.482352
2025,0.382074
2026,0.720239
2027,0.787043
2028,0.611401
2029,0.941011
2030,0.840621
2031,0.908657
2032,0.479055
2033,0.766154
2034,0.641606
2035,0.712972
2036,0.670805
2037,0.790454
2038,0.844281
2039,0.916105
2040,0.835129
2041,0.576738
2042,0.761829
2043,0.945286
2044,0.979786
2045,0.74734
2046,0.671807
2047,0.714469
2048,0.673344
2049,0.52725
2050,0.455145
2051,0.720113
2052,0.858584
2053,0.787183
2054,0.835075
2055,0.966816
2056,0.564048
2057,0.731812
2058,0.882972
2059,0.724501
2060,0.987422
2061,0.649597
2062,0.749266
2063,0.441928
2064,0.756319
2065,0.849418
2066,0.664521
2067,0.767837
2068,0.649281
2069,0.949345
2070,0.759586
2071,0.797377
2072,0.919744
2073,0.563426
2074,0.538843
2075,0.916247
2076,0.340741
2077,0.795894
2078,0.578431
2079,0.820367
2080,0.78654
2081,0.973783
2082,0.772582
2083,0.837267
2084,0.620389
2085,0.888429
2086,0.996352
2087,0.832856
2088,0.741228
2089,0.556486
2090,0.735927
2091,0.527594
2092,0.985821
2093,0.804622
2094,0.625253
2095,0.98297
2096,0.744038
2097,0.813337
2098,0.743311
2099,0.901359
2100,0.564435
2101,0.616948
2102,0.579038
2103,0.884472
2104,0.683572
2105,0.72814
2106,0.608315
2107,0.949472
2108,0.106422
2109,0.699342
2110,0.46486
2111,0.89302
2112,0.823397
2113,0.976612
2114,0.519861
2115,0.860309
2116,0.892803
2117,0.615828
2118,0.989351
2119,0.634292
2120,0.961734
2121,0.924661
2122,0.945052
2123,0.913115
2124,0.817764
2125,0.521921
2126,0.839645
2127,0.443968
2128,0.069126
2129,0.98461
2130,0.693984
2131,0.03566
2132,0.769282
2133,0.876302
2134,0.983948
2135,0.730006
2136,0.928088
2137,0.606172
2138,0.935648
2139,0.679459
2140,0.981172
2141,0.525354
2142,0.765458
2143,0.765059
2144,0.869954
2145,0.613652
2146,0.44508
2147,0.980453
2148,0.683097
2149,0.653125
2150,0.733305
2151,0.982114
2152,0.754336
2153,0.930348
2154,0.584488
2155,0.708053
2156,0.51731
2157,0.745718
2158,0.410352
2159,0.759376
2160,0.665837
2161,0.49736
2162,0.024005
2163,0.540694
2164,0.691566
2165,0.572064
2166,0.617794
2167,0.616921
2168,0.939695
2169,0.750157
2170,0.623567
2171,0.787085
2172,0.780003
2173,0.662701
2174,0.588472
2175,0.942899
2176,0.030924
2177,0.862914
2178,0.966308
2179,0.941813
2180,0.914497
2181,0.144908
2182,0.829614
2183,0.75114
2184,0.28335
2185,0.896366
2186,0.933098
2187,0.69237
2188,0.624438
2189,0.824204
2190,0.592923
2191,0.737185
2192,0.395126
2193,0.830314
2194,0.723407
2195,0.717532
2196,0.977124
2197,0.687639
2198,0.830551
2199,0.969394
2200,0.854507
2201,0.606124
2202,0.804921
2203,0.848867
2204,0.340259
2205,0.860026
2206,0.901146
2207,0.553817
2208,0.645072
2209,0.749284
2210,0.748017
2211,0.955366
2212,0.675002
2213,0.87313
2214,0.981635
2215,0.740895
2216,0.708327
2217,0.963317
2218,0.796686
2219,0.668897
2220,0.69814
2221,0.374253
2222,0.579497
2223,0.794211
2224,0.902386
2225,0.831598
2226,0.790104
2227,0.774582
2228,0.489076
2229,0.415651
2230,0.669179
2231,0.690967
2232,0.514263
2233,0.348314
2234,0.164565
2235,0.449987
2236,0.972911
2237,0.764358
2238,0.738874
2239,0.569553
2240,0.699641
2241,0.878022
2242,0.67675
2243,0.818868
2244,0.820781
2245,0.877015
2246,0.650887
2247,0.73257
2248,0.882093
2249,0.875797
2250,0.707627
2251,0.61045
2252,0.925473
2253,0.105128
2254,0.885956
2255,0.673342
2256,0.291214
2257,0.599864
2258,0.673771
2259,0.86366
2260,0.736597
2261,0.034443
2262,0.29912
2263,0.477776
2264,0.901659
2265,0.470212
2266,0.590973
2267,0.661119
2268,0.545025
2269,0.823177
2270,0.761469
2271,0.955244
2272,0.561353
2273,0.793054
2274,0.710148
2275,0.904725
2276,0.833541
2277,0.857624
2278,0.050748
2279,0.746126
2280,0.75003
2281,0.735781
2282,0.793421
2283,0.950652
2284,0.656973
2285,0.588355
2286,0.060686
2287,0.961406
2288,0.574567
2289,0.550586
2290,0.664497
2291,0.86328
2292,0.712548
2293,0.857609
2294,0.050534
2295,0.342463
2296,0.715915
2297,0.487636
2298,0.783434
2299,0.512619
2300,0.802099
2301,0.967628
2302,0.978113
2303,0.788613
2304,0.860535
2305,0.380534
2306,0.49361
2307,0.286855
2308,0.581477
2309,0.830306
2310,0.865781
2311,0.044882
2312,0.915027
2313,0.055305
2314,0.945257
2315,0.652171
2316,0.972873
2317,0.392752
2318,0.938738
2319,0.883702
2320,0.548131
2321,0.949885
2322,0.902526
2323,0.694369
2324,0.848726
2325,0.442474
2326,0.920692
2327,0.359354
2328,0.710675
2329,0.973645
2330,0.954512
2331,0.706119
2332,0.798885
2333,0.902567
2334,0.723831
2335,0.671816
2336,0.989607
2337,0.859536
2338,0.043656
2339,0.90931
2340,0.830588
2341,0.641302
2342,0.731472
2343,0.514537
2344,0.77444
2345,0.8052
2346,0.846581
2347,0.838011
2348,0.89057
2349,0.483213
2350,0.413566
2351,0.945932
2352,0.900463
2353,0.859237
2354,0.863009
2355,0.491281
2356,0.740282
2357,0.632878
2358,0.851746
2359,0.931958
2360,0.489894
2361,0.77051
2362,0.743363
2363,0.478414
2364,0.832357
2365,0.789411
2366,0.635715
2367,0.559628
2368,0.79236
2369,0.754905
2370,0.740039
2371,0.689683
2372,0.806652
2373,0.852631
2374,0.617168
2375,0.830151
2376,0.074427
2377,0.497198
2378,0.212356
2379,0.614729
2380,0.435264
2381,0.284022
2382,0.97647
2383,0.924133
2384,0.7805
2385,0.945756
2386,0.741299
2387,0.83586
2388,0.928521
2389,0.963494
2390,0.545557
2391,0.913559
2392,0.783201
2393,0.887673
2394,0.774776
2395,0.806495
2396,0.833282
2397,0.714285
2398,0.893687
2399,0.499971
2400,0.872446
2401,0.88515
2402,0.681145
2403,0.809155
2404,0.865627
2405,0.943302
2406,0.820957
2407,0.663124
2408,0.429785
2409,0.813165
2410,0.976233
2411,0.833221
2412,0.531366
2413,0.557287
2414,0.611582
2415,0.893675
2416,0.946762
2417,0.838248
2418,0.415677
2419,0.786806
2420,0.826176
2421,0.867074
2422,0.824805
2423,0.643336
2424,0.63562
2425,0.936529
2426,0.735243
2427,0.473974
2428,0.844078
2429,0.842757
2430,0.900705
2431,0.592632
2432,0.952252
2433,0.610206
2434,0.863297
2435,0.581362
2436,0.516221
2437,0.58764
2438,0.766939
2439,0.884007
2440,0.764159
2441,0.882073
2442,0.704678
2443,0.971039
2444,0.842456
2445,0.594141
2446,0.779955
2447,0.852593
2448,0.807622
2449,0.776083
2450,0.883721
2451,0.598315
2452,0.867811
2453,0.703354
2454,0.912797
2455,0.618131
2456,0.918984
2457,0.967082
2458,0.929315
2459,0.749735
2460,0.580259
2461,0.600596
2462,0.465248
2463,0.220943
2464,0.879852
2465,0.669104
2466,0.576491
2467,0.787994
2468,0.535012
2469,0.647472
2470,0.967099
2471,0.676084
2472,0.952114
2473,0.54734
2474,0.340625
2475,0.646091
2476,0.935737
2477,0.909912
2478,0.390514
2479,0.767663
2480,0.599441
2481,0.493787
2482,0.897268
2483,0.817299
2484,0.716558
2485,0.834035
2486,0.920929
2487,0.687286
2488,0.889216
2489,0.654498
2490,0.767062
2491,0.656096
2492,0.53957
2493,0.943057
2494,0.712012
2495,0.95409
2496,0.802461
2497,0.908686
2498,0.561906
2499,0.961674
2500,0.741681
2501,0.42581
2502,0.510763
2503,0.907148
2504,0.336864
2505,0.564607
2506,0.777388
2507,0.475203
2508,0.444278
2509,0.357617
2510,0.686281
2511,0.77874
2512,0.630183
2513,0.688688
2514,0.436474
2515,0.739634
2516,0.774478
2517,0.740872
2518,0.648866
2519,0.916239
2520,0.306623
2521,0.638072
2522,0.380739
2523,0.926992
2524,0.920546
2525,0.506677
2526,0.73231
2527,0.759295
2528,0.386408
2529,0.681381
2530,0.440784
2531,0.844026
2532,0.817453
2533,0.74326
2534,0.541673
2535,0.643589
2536,0.83301
2537,0.586439
2538,0.699387
2539,0.702673
2540,0.445761
2541,0.563576
2542,0.710779
2543,0.765276
2544,0.838507
2545,0.568164
2546,0.530729
2547,0.68469
2548,0.488167
2549,0.951896
2550,0.532321
2551,0.83028
2552,0.794774
2553,0.891692
2554,0.974088
2555,0.710487
2556,0.768797
2557,0.597276
2558,0.756301
2559,0.816844
2560,0.735114
2561,0.816589
2562,0.20311
2563,0.871076
2564,0.638784
2565,0.956713
2566,0.666067
2567,0.69821
2568,0.648933
2569,0.722969
2570,0.816852
2571,0.618048
2572,0.844811
2573,0.4885
2574,0.293263
2575,0.743925
2576,0.608016
2577,0.754487
2578,0.439707
2579,0.736798
2580,0.631491
2581,0.872235
2582,0.782658
2583,0.838069
2584,0.365646
2585,0.936083
2586,0.949447
2587,0.852643
2588,0.625607
2589,0.896297
2590,0.688865
2591,0.697249
2592,0.387517
2593,0.443393
2594,0.934503
2595,0.896806
2596,0.560743
2597,0.579679
2598,0.831773
2599,0.934368
2600,0.862385
2601,0.608263
2602,0.532036
2603,0.845242
2604,0.749565
2605,0.705896
2606,0.674194
2607,0.745421
2608,0.450396
2609,0.924119
2610,0.037456
2611,0.858794
2612,0.400908
2613,0.711417
2614,0.607817
2615,0.738419
2616,0.836519
2617,0.659228
2618,0.775691
2619,0.82293
2620,0.927604
2621,0.50252
2622,0.877657
2623,0.766604
2624,0.462851
2625,0.553672
2626,0.344423
2627,0.755748
2628,0.977674
2629,0.852916
2630,0.661021
2631,0.718448
2632,0.933024
2633,0.81956
2634,0.62147
2635,0.034677
2636,0.560661
2637,0.795722
2638,0.655547
2639,0.980096
2640,0.668392
2641,0.547876
2642,0.854937
2643,0.757566
2644,0.493847
2645,0.968091
2646,0.867915
2647,0.619511
2648,0.622383
2649,0.740578
2650,0.797286
2651,0.807215
2652,0.590459
2653,0.9887
2654,0.805994
2655,0.867323
2656,0.643688
2657,0.487125
2658,0.788732
2659,0.838452
2660,0.574262
2661,0.805877
2662,0.61302
2663,0.814498
2664,0.577628
2665,0.91996
2666,0.993082
2667,0.521786
2668,0.084804
2669,0.842809
2670,0.555134
2671,0.950318
2672,0.849988
2673,0.08071
2674,0.700921
2675,0.819036
2676,0.715643
2677,0.926743
2678,0.977768
2679,0.690276
2680,0.76601
2681,0.772115
2682,0.548796
2683,0.947669
2684,0.812341
2685,0.797925
2686,0.733025
2687,0.797961
2688,0.709585
2689,0.837647
2690,0.854261
2691,0.768848
2692,0.424562
2693,0.819703
2694,0.521925
2695,0.792036
2696,0.421684
2697,0.842155
2698,0.925957
2699,0.917264
2700,0.865367
2701,0.645729
2702,0.646735
2703,0.946238
2704,0.511489
2705,0.895814
2706,0.85863
2707,0.974672
2708,0.884123
2709,0.796534
2710,0.9256
2711,0.829407
2712,0.720596
2713,0.709512
2714,0.979586
2715,0.684332
2716,0.598248
2717,0.159606
2718,0.11948
2719,0.853918
2720,0.407554
2721,0.902498
2722,0.894184
2723,0.793714
2724,0.960132
2725,0.720907
2726,0.884655
2727,0.902418
2728,0.611919
2729,0.671543
2730,0.36362
2731,0.861435
2732,0.773082
2733,0.809231
2734,0.917746
2735,0.772838
2736,0.852669
2737,0.57447
2738,0.963449
2739,0.176063
2740,0.956816
2741,0.507635
2742,0.430808
2743,0.836685
2744,0.960756
2745,0.935011
2746,0.966074
2747,0.858772
2748,0.978153
2749,0.634379
2750,0.75989
2751,0.906803
2752,0.878445
2753,0.438359
2754,0.755024
2755,0.517773
2756,0.660332
2757,0.656709
2758,0.905008
2759,0.569791
2760,0.461201
2761,0.810852
2762,0.519389
2763,0.758253
2764,0.775148
2765,0.128495
2766,0.933381
2767,0.631262
2768,0.701807
2769,0.663852
2770,0.570395
2771,0.696693
2772,0.663771
2773,0.926149
2774,0.945089
2775,0.923562
2776,0.983789
2777,0.946958
2778,0.67966
2779,0.721398
2780,0.813954
2781,0.603043
2782,0.73934
2783,0.846631
2784,0.746504
2785,0.860323
2786,0.852676
2787,0.922621
2788,0.6187
2789,0.77749
2790,0.568381
2791,0.173744
2792,0.938395
2793,0.66836
2794,0.427191
2795,0.934985
2796,0.544678
2797,0.8638
2798,0.936723
2799,0.985985
2800,0.705223
2801,0.564873
2802,0.565642
2803,0.923353
2804,0.481765
2805,0.906589
2806,0.936344
2807,0.851155
2808,0.994776
2809,0.904043
2810,0.885128
2811,0.694
2812,0.790497
2813,0.983979
2814,0.989867
2815,0.621518
2816,0.639574
2817,0.623591
2818,0.929103
2819,0.539749
2820,0.299062
2821,0.471123
2822,0.570597
2823,0.887197
2824,0.864187
2825,0.679609
2826,0.639614
2827,0.984185
2828,0.971294
2829,0.479876
2830,0.714139
2831,0.969255
2832,0.852645
2833,0.710061
2834,0.648146
2835,0.727905
2836,0.939955
2837,0.678358
2838,0.907343
2839,0.901855
2840,0.979657
2841,0.928152
2842,0.86634
2843,0.089059
2844,0.797762
2845,0.339906
2846,0.785695
2847,0.848544
2848,0.686986
2849,0.936088
2850,0.658922
2851,0.381465
2852,0.810031
2853,0.953672
2854,0.920815
2855,0.590661
2856,0.804508
2857,0.792139
2858,0.692427
2859,0.599924
2860,0.916509
2861,0.726104
2862,0.477915
2863,0.704254
2864,0.868606
2865,0.687616
2866,0.807523
2867,0.851635
2868,0.965715
2869,0.690911
2870,0.712171
2871,0.361437
2872,0.642894
2873,0.833501
2874,0.881014
2875,0.737205
2876,0.666803
2877,0.946603
2878,0.979889
2879,0.570203
2880,0.737675
2881,0.719329
2882,0.793084
2883,0.84841
2884,0.897948
2885,0.71447
2886,0.88852
2887,0.776775
2888,0.278244
2889,0.542668
2890,0.863271
2891,0.842757
2892,0.898961
2893,0.640195
2894,0.732304
2895,0.86081
2896,0.735551
2897,0.781457
2898,0.832896
2899,0.984302
2900,0.921429
2901,0.807045
2902,0.794894
2903,0.552962
2904,0.749051
2905,0.913599
2906,0.62409
2907,0.769841
2908,0.809921
2909,0.705527
2910,0.725677
2911,0.425083
2912,0.647057
2913,0.988477
2914,0.403693
2915,0.666286
2916,0.865302
2917,0.74199
2918,0.734272
2919,0.97313
2920,0.621217
2921,0.857871
2922,0.384989
2923,0.664569
2924,0.333045
2925,0.920027
2926,0.729825
2927,0.743957
2928,0.638747
2929,0.570651
2930,0.648944
2931,0.659664
2932,0.56896
2933,0.666348
2934,0.814447
2935,0.478127
2936,0.978617
2937,0.833068
2938,0.467588
2939,0.754556
2940,0.988609
2941,0.964876
2942,0.561687
2943,0.768633
2944,0.815766
2945,0.845563
2946,0.818362
2947,0.611606
2948,0.878274
2949,0.58129
2950,0.824822
2951,0.717976
2952,0.812986
2953,0.802099
2954,0.886395
2955,0.830144
2956,0.973323
2957,0.867111
2958,0.561953
2959,0.772295
2960,0.897905
2961,0.804817
2962,0.579762
2963,0.797605
2964,0.3578
2965,0.959565
2966,0.730166
2967,0.745473
2968,0.794214
2969,0.671511
2970,0.546192
2971,0.761217
2972,0.785404
2973,0.740948
2974,0.618606
2975,0.846446
2976,0.578213
2977,0.800928
2978,0.713416
2979,0.771858
2980,0.904681
2981,0.932857
2982,0.968024
2983,0.716396
2984,0.633217
2985,0.707862
2986,0.938161
2987,0.968176
2988,0.821893
2989,0.457849
2990,0.790682
2991,0.755826
2992,0.928222
2993,0.703511
2994,0.81605
2995,0.817981
2996,0.881377
2997,0.604172
2998,0.829162
2999,0.883049
3000,0.789448
3001,0.737015
3002,0.734317
3003,0.502204
3004,0.70218
3005,0.959555
3006,0.678823
3007,0.951984
3008,0.84763
3009,0.768717
3010,0.981791
3011,0.744876
3012,0.796397
3013,0.750365
3014,0.899961
3015,0.896173
3016,0.063517
3017,0.937011
3018,0.555649
3019,0.983192
3020,0.642859
3021,0.874874
3022,0.96116
3023,0.710619
3024,0.78594
3025,0.737566
3026,0.907356
3027,0.921074
3028,0.855589
3029,0.546932
3030,0.841641
3031,0.926776
3032,0.461427
3033,0.800947
3034,0.609046
3035,0.858983
3036,0.659827
3037,0.192412
3038,0.605167
3039,0.713507
3040,0.683401
3041,0.671786
3042,0.667235
3043,0.640194
3044,0.696227
3045,0.72684
3046,0.805121
3047,0.616303
3048,0.778355
3049,0.573524
3050,0.438241
3051,0.56499
3052,0.781664
3053,0.87122
3054,0.682624
3055,0.984979
3056,0.959341
3057,0.769943
3058,0.621212
3059,0.637967
3060,0.879032
3061,0.695291
3062,0.875102
3063,0.590736
3064,0.677221
3065,0.944389
3066,0.74196
3067,0.929343
3068,0.962696
3069,0.822052
3070,0.509823
3071,0.962237
3072,0.79391
3073,0.872452
3074,0.696344
3075,0.410057
3076,0.849703
3077,0.698387
3078,0.877585
3079,0.901395
3080,0.151374
3081,0.088331
3082,0.622704
3083,0.782113
3084,0.919979
3085,0.704133
3086,0.967762
3087,0.688602
3088,0.70179
3089,0.449018
3090,0.874432
3091,0.698137
3092,0.628502
3093,0.370085
3094,0.778023
3095,0.433812
3096,0.027264
3097,0.713237
3098,0.900991
3099,0.608201
3100,0.640657
3101,0.326142
3102,0.95834
3103,0.731565
3104,0.956934
3105,0.851797
3106,0.662617
3107,0.723702
3108,0.612811
3109,0.664934
3110,0.490013
3111,0.720807
3112,0.555003
3113,0.882064
3114,0.972088
3115,0.641103
3116,0.789401
3117,0.825641
3118,0.666129
3119,0.732789
3120,0.557564
3121,0.747771
3122,0.475042
3123,0.73752
3124,0.357039
3125,0.827966
3126,0.898722
3127,0.821644
3128,0.918927
3129,0.984683
3130,0.938406
3131,0.758812
3132,0.698227
3133,0.529071
3134,0.881514
3135,0.889943
3136,0.648452
3137,0.343733
3138,0.871531
3139,0.962967
3140,0.616545
3141,0.678017
3142,0.39421
3143,0.679083
3144,0.618793
3145,0.683786
3146,0.863001
3147,0.871647
3148,0.984881
3149,0.664411
3150,0.962718
3151,0.0294
3152,0.818562
3153,0.871051
3154,0.898407
3155,0.911939
3156,0.97647
3157,0.920689
3158,0.872948
3159,0.573915
3160,0.939682
3161,0.600426
3162,0.855577
3163,0.988902
3164,0.46031
3165,0.962662
3166,0.813989
3167,0.979925
3168,0.806768
3169,0.908368
3170,0.660096
3171,0.91134
3172,0.662165
3173,0.863382
3174,0.698638
3175,0.219713
3176,0.795763
3177,0.488857
3178,0.438621
3179,0.867154
3180,0.286911
3181,0.578325
3182,0.029978
3183,0.982508
3184,0.958385
3185,0.79253
3186,0.834006
3187,0.960208
3188,0.852138
3189,0.484743
3190,0.625099
3191,0.804342
3192,0.954575
3193,0.844713
3194,0.63862
3195,0.98946
3196,0.747542
3197,0.50075
3198,0.775892
3199,0.940154
3200,0.881289
3201,0.402413
3202,0.804934
3203,0.958252
3204,0.941277
3205,0.947118
3206,0.391813
3207,0.784153
3208,0.722888
3209,0.907095
3210,0.833577
3211,0.893979
3212,0.677008
3213,0.579554
3214,0.669408
3215,0.573015
3216,0.649847
3217,0.50884
3218,0.650352
3219,0.982233
3220,0.414064
3221,0.863734
3222,0.505008
3223,0.604171
3224,0.770613
3225,0.974048
3226,0.53406
3227,0.814385
3228,0.902391
3229,0.838713
3230,0.835393
3231,0.575977
3232,0.895588
3233,0.553963
3234,0.851905
3235,0.994215
3236,0.620957
3237,0.841806
3238,0.943373
3239,0.733116
3240,0.622712
3241,0.472826
3242,0.601638
3243,0.804021
3244,0.679881
3245,0.577143
3246,0.793758
3247,0.812523
3248,0.747361
3249,0.698426
3250,0.876522
3251,0.956782
3252,0.633359
3253,0.534905
3254,0.927644
3255,0.989867
3256,0.811771
3257,0.649003
3258,0.898367
3259,0.555471
3260,0.577836
3261,0.794325
3262,0.531328
3263,0.98578
3264,0.874001
3265,0.872266
3266,0.352782
3267,0.908713
3268,0.87131
3269,0.644219
3270,0.977683
3271,0.838949
3272,0.988594
3273,0.43531
3274,0.735346
3275,0.579065
3276,0.774665
3277,0.034587
3278,0.85694
3279,0.451942
3280,0.687437
3281,0.634799
3282,0.985586
3283,0.618258
3284,0.352079
3285,0.744211
3286,0.970755
3287,0.988901
3288,0.709626
3289,0.555321
3290,0.394354
3291,0.95347
3292,0.843491
3293,0.348932
3294,0.612577
3295,0.89139
3296,0.749141
3297,0.964934
3298,0.559768
3299,0.953318
3300,0.713746
3301,0.602344
3302,0.579616
3303,0.593524
3304,0.778254
3305,0.875245
3306,0.898803
3307,0.100963
3308,0.767322
3309,0.736282
3310,0.767816
3311,0.543673
3312,0.749609
3313,0.829072
3314,0.557559
3315,0.06421
3316,0.757289
3317,0.858385
3318,0.606332
3319,0.585198
3320,0.772724
3321,0.865184
3322,0.607613
3323,0.928769
3324,0.934074
3325,0.719271
3326,0.847227
3327,0.659437
3328,0.795802
3329,0.691746
3330,0.735207
3331,0.925491
3332,0.606145
3333,0.069372
3334,0.917898
3335,0.768197
3336,0.73765
3337,0.630999
3338,0.649011
3339,0.913807
3340,0.424351
3341,0.981123
3342,0.946251
3343,0.95354
3344,0.775521
3345,0.897419
3346,0.897946
3347,0.614616
3348,0.960905
3349,0.703896
3350,0.970954
3351,0.615498
3352,0.642025
3353,0.946426
3354,0.783634
3355,0.863991
3356,0.799591
3357,0.672956
3358,0.726984
3359,0.886048
3360,0.615621
3361,0.974928
3362,0.62523
3363,0.989415
3364,0.967378
3365,0.521774
3366,0.664201
3367,0.830715
3368,0.728529
3369,0.986605
3370,0.704019
3371,0.732891
3372,0.068911
3373,0.913068
3374,0.794213
3375,0.686918
3376,0.756099
3377,0.819566
3378,0.613647
3379,0.746078
3380,0.775797
3381,0.186964
3382,0.670237
3383,0.926761
3384,0.801679
3385,0.67653
3386,0.817295
3387,0.49997
3388,0.889141
3389,0.354294
3390,0.393283
3391,0.90966
3392,0.993047
3393,0.940524
3394,0.844112
3395,0.699781
3396,0.89326
3397,0.781722
3398,0.880193
3399,0.954684
3400,0.973648
3401,0.780095
3402,0.720643
3403,0.703492
3404,0.906566
3405,0.89544
3406,0.853504
3407,0.430373
3408,0.72656
3409,0.703557
3410,0.654212
3411,0.75275
3412,0.664176
3413,0.851965
3414,0.903079
3415,0.721057
3416,0.673441
3417,0.853565
3418,0.769342
3419,0.835094
3420,0.370957
3421,0.719038
3422,0.926272
3423,0.833206
3424,0.900057
3425,0.54514
3426,0.800956
3427,0.810654
3428,0.038703
3429,0.784239
3430,0.501741
3431,0.534702
3432,0.835275
3433,0.805838
3434,0.880634
3435,0.781267
3436,0.807848
3437,0.51255
3438,0.463584
3439,0.791357
3440,0.868549
3441,0.30973
3442,0.723764
3443,0.574076
3444,0.515799
3445,0.593389
3446,0.799478
3447,0.780506
3448,0.573583
3449,0.597718
3450,0.843698
3451,0.911867
3452,0.567982
3453,0.953312
3454,0.595051
3455,0.550446
3456,0.707078
3457,0.877319
3458,0.981774
3459,0.928938
3460,0.635196
3461,0.672153
3462,0.041047
3463,0.823341
3464,0.75457
3465,0.870442
3466,0.96485
3467,0.069301
3468,0.890084
3469,0.852437
3470,0.662288
3471,0.685717
3472,0.873058
3473,0.732954
3474,0.908927
3475,0.56573
3476,0.915317
3477,0.797791
3478,0.897975
3479,0.583822
3480,0.675236
3481,0.760828
3482,0.790523
3483,0.58963
3484,0.870175
3485,0.802801
3486,0.517214
3487,0.70467
3488,0.803989
3489,0.896009
3490,0.660683
3491,0.539395
3492,0.442057
3493,0.625783
3494,0.582344
3495,0.966008
3496,0.725049
3497,0.96579
3498,0.952044
3499,0.889075
3500,0.956604
3501,0.582192
3502,0.864614
3503,0.946616
3504,0.704309
3505,0.377356
3506,0.971774
3507,0.836719
3508,0.782626
3509,0.598102
3510,0.98048
3511,0.69754
3512,0.559834
3513,0.894407
3514,0.749229
3515,0.881707
3516,0.948355
3517,0.58532
3518,0.604088
3519,0.423116
3520,0.855005
3521,0.792395
3522,0.981573
3523,0.907108
3524,0.610672
3525,0.590639
3526,0.918003
3527,0.765306
3528,0.825355
3529,0.830932
3530,0.900219
3531,0.587298
3532,0.958821
3533,0.858529
3534,0.687942
3535,0.399545
3536,0.873455
3537,0.948195
3538,0.542621
3539,0.089663
3540,0.94467
3541,0.435855
3542,0.950815
3543,0.700292
3544,0.831924
3545,0.874053
3546,0.283996
3547,0.960101
3548,0.938421
3549,0.957996
3550,0.798519
3551,0.856888
3552,0.85678
3553,0.437962
3554,0.931663
3555,0.963284
3556,0.886959
3557,0.768748
3558,0.54131
3559,0.824412
3560,0.46716
3561,0.605681
3562,0.90984
3563,0.740216
3564,0.8003
3565,0.619484
3566,0.962376
3567,0.861012
3568,0.755381
3569,0.824209
3570,0.657821
3571,0.628222
3572,0.712544
3573,0.096247
3574,0.744294
3575,0.946459
3576,0.797512
3577,0.918648
3578,0.543237
3579,0.598999
3580,0.942617
3581,0.958661
3582,0.773106
3583,0.794892
3584,0.430097
3585,0.980648
3586,0.406854
3587,0.932048
3588,0.640744
3589,0.261926
3590,0.693271
3591,0.83978
3592,0.100495
3593,0.83526
3594,0.093787
3595,0.90552
3596,0.947804
3597,0.463635
3598,0.727204
3599,0.807013
3600,0.931717
3601,0.934649
3602,0.667304
3603,0.638591
3604,0.381669
3605,0.804348
3606,0.85511
3607,0.823026
3608,0.483898
3609,0.604988
3610,0.844848
3611,0.979519
3612,0.803552
3613,0.620965
3614,0.699406
3615,0.702744
3616,0.565115
3617,0.333991
3618,0.762686
3619,0.826004
3620,0.854173
3621,0.983202
3622,0.95805
3623,0.67715
3624,0.787217
3625,0.751538
3626,0.836787
3627,0.790909
3628,0.73973
3629,0.027863
3630,0.925408
3631,0.92198
3632,0.405082
3633,0.86248
3634,0.657621
3635,0.856485
3636,0.903507
3637,0.880203
3638,0.967783
3639,0.765933
3640,0.72252
3641,0.836168
3642,0.841594
3643,0.766545
3644,0.152235
3645,0.970764
3646,0.895628
3647,0.710378
3648,0.715065
3649,0.947367
3650,0.56982
3651,0.932214
3652,0.932051
3653,0.446828
3654,0.948631
3655,0.59444
3656,0.48444
3657,0.956919
3658,0.873021
3659,0.830597
3660,0.960473
3661,0.730088
3662,0.863664
3663,0.773456
3664,0.061141
3665,0.181679
3666,0.80638
3667,0.668882
3668,0.943484
3669,0.877941
3670,0.698429
3671,0.042083
3672,0.807064
3673,0.33435
3674,0.521564
3675,0.680624
3676,0.81296
3677,0.882209
3678,0.61265
3679,0.530542
3680,0.842317
3681,0.944916
3682,0.584195
3683,0.668318
3684,0.938657
3685,0.626093
3686,0.617966
3687,0.805514
3688,0.860335
3689,0.134114
3690,0.575983
3691,0.987943
3692,0.536414
3693,0.804218
3694,0.436412
3695,0.728516
3696,0.909548
3697,0.637474
3698,0.897568
3699,0.895678
3700,0.839095
3701,0.469801
3702,0.984431
3703,0.6095
3704,0.550891
3705,0.73385
3706,0.661854
3707,0.92197
3708,0.654275
3709,0.924432
3710,0.306678
3711,0.235947
3712,0.823718
3713,0.685373
3714,0.811384
3715,0.972025
3716,0.89134
3717,0.641567
3718,0.919892
3719,0.88845
3720,0.613541
3721,0.521148
3722,0.844596
3723,0.739704
3724,0.862649
3725,0.916303
3726,0.832691
3727,0.742329
3728,0.757736
3729,0.659516
3730,0.798241
3731,0.814016
3732,0.925555
3733,0.906886
3734,0.874103
3735,0.799855
3736,0.529907
3737,0.985619
3738,0.55347
3739,0.679042
3740,0.90201
3741,0.587152
3742,0.662172
3743,0.931749
3744,0.50576
3745,0.666622
3746,0.965072
3747,0.720129
3748,0.60222
3749,0.892187
3750,0.870428
3751,0.67468
3752,0.871978
3753,0.613605
3754,0.716125
3755,0.560557
3756,0.866857
3757,0.72599
3758,0.851032
3759,0.802147
3760,0.759447
3761,0.768957
3762,0.421378
3763,0.947989
3764,0.590024
3765,0.931449
3766,0.62056
3767,0.927898
3768,0.941389
3769,0.669489
3770,0.598631
3771,0.60585
3772,0.952001
3773,0.720306
3774,0.962413
3775,0.899565
3776,0.96759
3777,0.73385
3778,0.688995
3779,0.427373
3780,0.924021
3781,0.294073
3782,0.566725
3783,0.854736
3784,0.729772
3785,0.808829
3786,0.623782
3787,0.836708
3788,0.617136
3789,0.891438
3790,0.467581
3791,0.954957
3792,0.734195
3793,0.628827
3794,0.742525
3795,0.949941
3796,0.827581
3797,0.567817
3798,0.547348
3799,0.668315
3800,0.756384
3801,0.698997
3802,0.761121
3803,0.534783
3804,0.270554
3805,0.580836
3806,0.552419
3807,0.907649
3808,0.831022
3809,0.714756
3810,0.92653
3811,0.754782
3812,0.724451
3813,0.586497
3814,0.477761
3815,0.901594
3816,0.071872
3817,0.114541
3818,0.956814
3819,0.622689
3820,0.76544
3821,0.742962
3822,0.651215
3823,0.772466
3824,0.463474
3825,0.827756
3826,0.760942
3827,0.812179
3828,0.902949
3829,0.943088
3830,0.967803
3831,0.732211
3832,0.857543
3833,0.881854
3834,0.6875
3835,0.872179
3836,0.900259
3837,0.631109
3838,0.972947
3839,0.774348
3840,0.888995
3841,0.885127
3842,0.474625
3843,0.577998
3844,0.766931
3845,0.714986
3846,0.740631
3847,0.935753
3848,0.480099
3849,0.962153
3850,0.801288
3851,0.515055
3852,0.960187
3853,0.671077
3854,0.690541
3855,0.555364
3856,0.953156
3857,0.913984
3858,0.501785
3859,0.750472
3860,0.741127
3861,0.458766
3862,0.481033
3863,0.731074
3864,0.881778
3865,0.985449
3866,0.456223
3867,0.993926
3868,0.720922
3869,0.642426
3870,0.741603
3871,0.666267
3872,0.472083
3873,0.585599
3874,0.738752
3875,0.297234
3876,0.674754
3877,0.523246
3878,0.986817
3879,0.755786
3880,0.819845
3881,0.711092
3882,0.445482
3883,0.816657
3884,0.421213
3885,0.67292
3886,0.893371
3887,0.724349
3888,0.548662
3889,0.9787
3890,0.793853
3891,0.589421
3892,0.814099
3893,0.831753
3894,0.39591
3895,0.868199
3896,0.495203
3897,0.884477
3898,0.868181
3899,0.811337
3900,0.857889
3901,0.914558
3902,0.837882
3903,0.562131
3904,0.422112
3905,0.894282
3906,0.719053
3907,0.537753
3908,0.982964
3909,0.949715
3910,0.840691
3911,0.711391
3912,0.69753
3913,0.745567
3914,0.026525
3915,0.542835
3916,0.805462
3917,0.816457
3918,0.692824
3919,0.796856
3920,0.596445
3921,0.895335
3922,0.172007
3923,0.829013
3924,0.642842
3925,0.726537
3926,0.737477
3927,0.754126
3928,0.879233
3929,0.788535
3930,0.675478
3931,0.567269
3932,0.42615
3933,0.95873
3934,0.766029
3935,0.660427
3936,0.675514
3937,0.951465
3938,0.917656
3939,0.842637
3940,0.663899
3941,0.985108
3942,0.879039
3943,0.513842
3944,0.884463
3945,0.9436
3946,0.859812
3947,0.713723
3948,0.809603
3949,0.983105
3950,0.404084
3951,0.794532
3952,0.740229
3953,0.778378
3954,0.490205
3955,0.906721
3956,0.498015
3957,0.197033
3958,0.754009
3959,0.794715
3960,0.709435
3961,0.948892
3962,0.752029
3963,0.721278
3964,0.969336
3965,0.6997
3966,0.608544
3967,0.96678
3968,0.802064
3969,0.614324
3970,0.513767
3971,0.458755
3972,0.722491
3973,0.720904
3974,0.917534
3975,0.838944
3976,0.931296
3977,0.855363
3978,0.760551
3979,0.963474
3980,0.763153
3981,0.772455
3982,0.29692
3983,0.706108
3984,0.572291
3985,0.952099
3986,0.945942
3987,0.92827
3988,0.776533
3989,0.887859
3990,0.660212
3991,0.793741
3992,0.478692
3993,0.954638
3994,0.720674
3995,0.962958
3996,0.638759
3997,0.786722
3998,0.064064
3999,0.705933
4000,0.657228
4001,0.582397
4002,0.875401
4003,0.578514
4004,0.919522
4005,0.694898
4006,0.157441
4007,0.765727
4008,0.740534
4009,0.345034
4010,0.972971
4011,0.92613
4012,0.730322
4013,0.451252
4014,0.565083
4015,0.988104
4016,0.677978
4017,0.524229
4018,0.652363
4019,0.832952
4020,0.819678
4021,0.879196
4022,0.817674
4023,0.675379
4024,0.953202
4025,0.471571
4026,0.973679
4027,0.886213
4028,0.736746
4029,0.595322
4030,0.766218
4031,0.517904
4032,0.911233
4033,0.966105
4034,0.576296
4035,0.812408
4036,0.440782
4037,0.851675
4038,0.967606
4039,0.539421
4040,0.743774
4041,0.712636
4042,0.611261
4043,0.686263
4044,0.78469
4045,0.324109
4046,0.827401
4047,0.797505
4048,0.76329
4049,0.818031
4050,0.792251
4051,0.847098
4052,0.51469
4053,0.852483
4054,0.969605
4055,0.929561
4056,0.047655
4057,0.332562
4058,0.444293
4059,0.302077
4060,0.852171
4061,0.956766
4062,0.754852
4063,0.533944
4064,0.68461
4065,0.650702
4066,0.820465
4067,0.105612
4068,0.919161
4069,0.650137
4070,0.966063
4071,0.975233
4072,0.626549
4073,0.556057
4074,0.151439
4075,0.216988
4076,0.728064
4077,0.857513
4078,0.89216
4079,0.613253
4080,0.381547
4081,0.890537
4082,0.043244
4083,0.951037
4084,0.964299
4085,0.632907
4086,0.54529
4087,0.456775
4088,0.738822
4089,0.913924
4090,0.973623
4091,0.426728
4092,0.70034
4093,0.906574
4094,0.987324
4095,0.806884
4096,0.862506
4097,0.710406
4098,0.651953
4099,0.794083
4100,0.894574
4101,0.739247
4102,0.790395
4103,0.656104
4104,0.73456
4105,0.971164
4106,0.906304
4107,0.909784
4108,0.901569
4109,0.464724
4110,0.840395
4111,0.89926
4112,0.951014
4113,0.688825
4114,0.944721
4115,0.745746
4116,0.855851
4117,0.737009
4118,0.883681
4119,0.709021
4120,0.397138
4121,0.617186
4122,0.650736
4123,0.613224
4124,0.027433
4125,0.855893
4126,0.704375
4127,0.821466
4128,0.559
4129,0.783772
4130,0.888206
4131,0.437617
4132,0.820027
4133,0.604187
4134,0.736541
4135,0.449418
4136,0.907269
4137,0.663774
4138,0.752481
4139,0.705629
4140,0.873901
4141,0.748006
4142,0.823288
4143,0.599904
4144,0.763911
4145,0.807722
4146,0.479947
4147,0.880921
4148,0.683078
4149,0.526475
4150,0.981755
4151,0.982609
4152,0.447459
4153,0.954638
4154,0.746359
4155,0.752838
4156,0.683425
4157,0.707242
4158,0.738868
4159,0.374027
4160,0.876
4161,0.994547
4162,0.896338
4163,0.735958
4164,0.680435
4165,0.590934
4166,0.617638
4167,0.931588
4168,0.696353
4169,0.486591
4170,0.858769
4171,0.828137
4172,0.921472
4173,0.789633
4174,0.977589
4175,0.556721
4176,0.520152
4177,0.773418
4178,0.890668
4179,0.859103
4180,0.973979
4181,0.543087
4182,0.816242
4183,0.359141
4184,0.983643
4185,0.963561
4186,0.869797
4187,0.980491
4188,0.776279
4189,0.714119
4190,0.781199
4191,0.961546
4192,0.44714
4193,0.952408
4194,0.479415
4195,0.847401
4196,0.941523
4197,0.04303
4198,0.714535
4199,0.808999
4200,0.950552
4201,0.529772
4202,0.502496
4203,0.991333
4204,0.857844
4205,0.702709
4206,0.952758
4207,0.855344
4208,0.912133
4209,0.763891
4210,0.760814
4211,0.866482
4212,0.576312
4213,0.855917
4214,0.943438
4215,0.743152
4216,0.864467
4217,0.630918
4218,0.869381
4219,0.828141
4220,0.899419
4221,0.719077
4222,0.947043
4223,0.316896
4224,0.691532
4225,0.656252
4226,0.736336
4227,0.554378
4228,0.971962
4229,0.42683
4230,0.802405
4231,0.927787
4232,0.89449
4233,0.865412
4234,0.608326
4235,0.982345
4236,0.818024
4237,0.867206
4238,0.990794
4239,0.845026
4240,0.854592
4241,0.678025
4242,0.812441
4243,0.532279
4244,0.626293
4245,0.68392
4246,0.725009
4247,0.67019
4248,0.914857
4249,0.306267
4250,0.838679
4251,0.640927
4252,0.361448
4253,0.927284
4254,0.744477
4255,0.960306
4256,0.691231
4257,0.819378
4258,0.978653
4259,0.734239
4260,0.92755
4261,0.445006
4262,0.718465
4263,0.895969
4264,0.604659
4265,0.977804
4266,0.603327
4267,0.041873
4268,0.877898
4269,0.973962
4270,0.758724
4271,0.638212
4272,0.558792
4273,0.873
4274,0.69493
4275,0.845926
4276,0.902735
4277,0.714096
4278,0.696217
4279,0.466021
4280,0.85802
4281,0.843854
4282,0.934078
4283,0.908543
4284,0.927499
4285,0.380439
4286,0.687754
4287,0.774309
4288,0.776231
4289,0.92472
4290,0.840266
4291,0.906733
4292,0.629207
4293,0.513812
4294,0.796004
4295,0.896394
4296,0.645101
4297,0.969183
4298,0.819465
4299,0.893598
4300,0.673759
4301,0.951969
4302,0.286455
4303,0.723502
4304,0.886
4305,0.82958
4306,0.896645
4307,0.583238
4308,0.625668
4309,0.940531
4310,0.86398
4311,0.895547
4312,0.802497
4313,0.818648
4314,0.926219
4315,0.632328
4316,0.920421
4317,0.827839
4318,0.808913
4319,0.872343
4320,0.591791
4321,0.893751
4322,0.947247
4323,0.793796
4324,0.934389
4325,0.961359
4326,0.892279
4327,0.163498
4328,0.85117
4329,0.795216
4330,0.832634
4331,0.674408
4332,0.98012
4333,0.601121
4334,0.855947
4335,0.649111
4336,0.840573
4337,0.022767
4338,0.978348
4339,0.982875
4340,0.548535
4341,0.759878
4342,0.951193
4343,0.966922
4344,0.729562
4345,0.65404
4346,0.579264
4347,0.58367
4348,0.872875
4349,0.792444
4350,0.871002
4351,0.712802
4352,0.904041
4353,0.049986
4354,0.708365
4355,0.45611
4356,0.49879
4357,0.754995
4358,0.844367
4359,0.926756
4360,0.727087
4361,0.83672
4362,0.118147
4363,0.71531
4364,0.89397
4365,0.655213
4366,0.45817
4367,0.98684
4368,0.734025
4369,0.838266
4370,0.643401
4371,0.876276
4372,0.752045
4373,0.980139
4374,0.864098
4375,0.975868
4376,0.70391
4377,0.373888
4378,0.566676
4379,0.961479
4380,0.87593
4381,0.517883
4382,0.412791
4383,0.884554
4384,0.780166
4385,0.687182
4386,0.701178
4387,0.958099
4388,0.77085
4389,0.88851
4390,0.965061
4391,0.844611
4392,0.629564
4393,0.593426
4394,0.910755
4395,0.872012
4396,0.699158
4397,0.764928
4398,0.761633
4399,0.77218
4400,0.657621
4401,0.748797
4402,0.538509
4403,0.876906
4404,0.98379
4405,0.340487
4406,0.866875
4407,0.942811
4408,0.433402
4409,0.633348
4410,0.710487
4411,0.975278
4412,0.78875
4413,0.602831
4414,0.963327
4415,0.536809
4416,0.904386
4417,0.727286
4418,0.937164
4419,0.706173
4420,0.067854
4421,0.56859
4422,0.858851
4423,0.943716
4424,0.921564
4425,0.694862
4426,0.973143
4427,0.927813
4428,0.382961
4429,0.749991
4430,0.848688
4431,0.649436
4432,0.175507
4433,0.894128
4434,0.648699
4435,0.762624
4436,0.881037
4437,0.751686
4438,0.419786
4439,0.726091
4440,0.956755
4441,0.596722
4442,0.5539
4443,0.950088
4444,0.915426
4445,0.769529
4446,0.772255
4447,0.796817
4448,0.975378
4449,0.508892
4450,0.884959
4451,0.738465
4452,0.920245
4453,0.589827
4454,0.556423
4455,0.829691
4456,0.744337
4457,0.892072
4458,0.453582
4459,0.961608
4460,0.882115
4461,0.577231
4462,0.939418
4463,0.794681
4464,0.78733
4465,0.829789
4466,0.867958
4467,0.901888
4468,0.872774
4469,0.185849
4470,0.759195
4471,0.963986
4472,0.684278
4473,0.891735
4474,0.541284
4475,0.9225
4476,0.863015
4477,0.715551
4478,0.702192
4479,0.845115
4480,0.081158
4481,0.596459
4482,0.49827
4483,0.532433
4484,0.67294
4485,0.945537
4486,0.759196
4487,0.58923
4488,0.71185
4489,0.745375
4490,0.770557
4491,0.917801
4492,0.671485
4493,0.603307
4494,0.912823
4495,0.72731
4496,0.864566
4497,0.982951
4498,0.68263
4499,0.527426
4500,0.933222
4501,0.299372
4502,0.84056
4503,0.895032
4504,0.658432
4505,0.350792
4506,0.524087
4507,0.916177
4508,0.851566
4509,0.970097
4510,0.820552
4511,0.581788
4512,0.730467
4513,0.713046
4514,0.524447
4515,0.547115
4516,0.770758
4517,0.792083
4518,0.786348
4519,0.565549
4520,0.647992
4521,0.932479
4522,0.549829
4523,0.735598
4524,0.675158
4525,0.759928
4526,0.96668
4527,0.989502
4528,0.846721
4529,0.576217
4530,0.633025
4531,0.741639
4532,0.979759
4533,0.957008
4534,0.600943
4535,0.768485
4536,0.755722
4537,0.98458
4538,0.474339
4539,0.927604
4540,0.795155
4541,0.723137
4542,0.61654
4543,0.901933
4544,0.71411
4545,0.741429
4546,0.956677
4547,0.856535
4548,0.617543
4549,0.920977
4550,0.907893
4551,0.647631
4552,0.448098
4553,0.956924
4554,0.676728
4555,0.991008
4556,0.546104
4557,0.660737
4558,0.685837
4559,0.968508
4560,0.949947
4561,0.750064
4562,0.88942
4563,0.905366
4564,0.750395
4565,0.774242
4566,0.621243
4567,0.735076
4568,0.759194
4569,0.857216
4570,0.975576
4571,0.050666
4572,0.763519
4573,0.909148
4574,0.989878
4575,0.710696
4576,0.724611
4577,0.865759
4578,0.985339
4579,0.82626
4580,0.721246
4581,0.744974
4582,0.910242
4583,0.676087
4584,0.766728
4585,0.763066
4586,0.926751
4587,0.888111
4588,0.881801
4589,0.565081
4590,0.774183
4591,0.991782
4592,0.646404
4593,0.919311
4594,0.664851
4595,0.57943
4596,0.767938
4597,0.893084
4598,0.405669
4599,0.993457
4600,0.673853
4601,0.591572
4602,0.031804
4603,0.909944
4604,0.942277
4605,0.522966
4606,0.832833
4607,0.833959
4608,0.70542
4609,0.957335
4610,0.977041
4611,0.594276
4612,0.907411
4613,0.806084
4614,0.72191
4615,0.892754
4616,0.700294
4617,0.985802
4618,0.713886
4619,0.863875
4620,0.954915
4621,0.494798
4622,0.395278
4623,0.50841
4624,0.938
4625,0.901499
4626,0.849833
4627,0.979672
4628,0.61797
4629,0.994744
4630,0.79663
4631,0.702059
4632,0.505796
4633,0.833277
4634,0.982436
4635,0.613625
4636,0.954505
4637,0.072805
4638,0.697164
4639,0.958672
4640,0.467563
4641,0.978317
4642,0.734516
4643,0.538819
4644,0.238202
4645,0.600906
4646,0.716225
4647,0.61091
4648,0.758672
4649,0.881532
4650,0.519611
4651,0.948793
4652,0.908022
4653,0.070975
4654,0.438648
4655,0.573008
4656,0.611093
4657,0.751773
4658,0.70161
4659,0.981864
4660,0.615389
4661,0.661263
4662,0.566287
4663,0.562745
4664,0.914156
4665,0.896905
4666,0.88023
4667,0.799261
4668,0.860781
4669,0.733368
4670,0.672364
4671,0.058508
4672,0.504388
4673,0.720462
4674,0.762205
4675,0.676512
4676,0.971075
4677,0.572915
4678,0.870733
4679,0.938339
4680,0.784403
4681,0.891906
4682,0.71916
4683,0.866264
4684,0.976151
4685,0.96213
4686,0.869462
4687,0.588895
4688,0.671786
4689,0.475566
4690,0.700266
4691,0.51151
4692,0.917448
4693,0.876134
4694,0.792339
4695,0.729364
4696,0.879599
4697,0.148313
4698,0.842632
4699,0.979578
4700,0.592245
4701,0.646703
4702,0.864629
4703,0.671691
4704,0.80156
4705,0.623871
4706,0.971493
4707,0.88225
4708,0.83404
4709,0.790843
4710,0.957047
4711,0.6428
4712,0.958863
4713,0.752482
4714,0.786575
4715,0.350169
4716,0.698849
4717,0.454683
4718,0.818983
4719,0.511355
4720,0.578104
4721,0.226671
4722,0.826684
4723,0.823194
4724,0.516774
4725,0.033374
4726,0.925728
4727,0.892255
4728,0.628306
4729,0.927557
4730,0.452669
4731,0.707647
4732,0.909479
4733,0.945656
4734,0.879082
4735,0.714457
4736,0.678365
4737,0.641757
4738,0.761004
4739,0.645547
4740,0.462428
4741,0.842491
4742,0.964601
4743,0.712593
4744,0.955715
4745,0.689098
4746,0.986539
4747,0.909112
4748,0.932501
4749,0.958141
4750,0.667444
4751,0.974475
4752,0.791673
4753,0.683087
4754,0.985495
4755,0.410741
4756,0.65652
4757,0.962228
4758,0.99119
4759,0.036517
4760,0.574974
4761,0.892167
4762,0.909001
4763,0.787834
4764,0.804581
4765,0.561967
4766,0.975513
4767,0.064321
4768,0.790327
4769,0.702718
4770,0.92222
4771,0.78463
4772,0.986758
4773,0.945628
4774,0.654138
4775,0.700775
4776,0.952857
4777,0.640787
4778,0.860604
4779,0.8772
4780,0.840307
4781,0.824337
4782,0.574381
4783,0.395994
4784,0.296335
4785,0.887864
4786,0.706743
4787,0.95394
4788,0.898021
4789,0.826717
4790,0.967669
4791,0.908813
4792,0.488061
4793,0.75604
4794,0.332838
4795,0.833209
4796,0.860868
4797,0.98072
4798,0.730845
4799,0.602993
4800,0.906532
4801,0.54994
4802,0.92618
4803,0.650019
4804,0.969296
4805,0.94139
4806,0.867986
4807,0.504918
4808,0.835835
4809,0.866525
4810,0.981847
4811,0.660199
4812,0.744188
4813,0.351796
4814,0.725909
4815,0.917802
4816,0.696325
4817,0.897994
4818,0.820319
4819,0.78338
4820,0.547764
4821,0.755365
4822,0.609229
4823,0.424222
4824,0.934295
4825,0.742086
4826,0.934332
4827,0.481584
4828,0.873205
4829,0.471009
4830,0.891892
4831,0.764877
4832,0.937959
4833,0.908549
4834,0.526962
4835,0.862009
4836,0.861576
4837,0.960841
4838,0.573835
4839,0.785729
4840,0.955149
4841,0.654533
4842,0.797556
4843,0.951448
4844,0.705484
4845,0.723993
4846,0.907661
4847,0.577072
4848,0.380011
4849,0.793232
4850,0.525013
4851,0.733673
4852,0.888329
4853,0.724814
4854,0.047949
4855,0.878486
4856,0.491121
4857,0.035649
4858,0.58683
4859,0.984575
4860,0.248838
4861,0.951185
4862,0.720194
4863,0.897343
4864,0.760048
4865,0.733488
4866,0.624939
4867,0.510401
4868,0.829293
4869,0.838232
4870,0.769058
4871,0.984119
4872,0.852085
4873,0.510952
4874,0.808612
4875,0.944667
4876,0.467144
4877,0.595299
4878,0.769625
4879,0.813245
4880,0.76203
4881,0.832474
4882,0.876482
4883,0.670763
4884,0.075685
4885,0.939272
4886,0.906868
4887,0.894846
4888,0.966889
4889,0.526164
4890,0.628365
4891,0.562028
4892,0.654658
4893,0.87013
4894,0.692523
4895,0.693743
4896,0.83141
4897,0.945776
4898,0.533867
4899,0.325103
4900,0.660617
4901,0.763729
4902,0.689348
4903,0.5796
4904,0.75005
4905,0.77799
4906,0.656967
4907,0.631265
4908,0.733627
4909,0.644419
4910,0.915237
4911,0.988362
4912,0.873676
4913,0.521284
4914,0.535935
4915,0.828354
4916,0.869512
4917,0.628288
4918,0.879474
4919,0.963922
4920,0.694078
4921,0.808242
4922,0.910417
4923,0.781217
4924,0.877997
4925,0.835477
4926,0.76637
4927,0.676337
4928,0.781999
4929,0.826672
4930,0.717632
4931,0.762464
4932,0.800582
4933,0.676406
4934,0.031907
4935,0.581777
4936,0.739864
4937,0.578827
4938,0.963326
4939,0.881504
4940,0.981474
4941,0.65576
4942,0.508703
4943,0.492212
4944,0.556687
4945,0.651881
4946,0.235922
4947,0.614298
4948,0.942077
4949,0.69264
4950,0.816898
4951,0.725627
4952,0.749188
4953,0.516544
4954,0.96238
4955,0.786082
4956,0.839757
4957,0.469778
4958,0.976199
4959,0.896846
4960,0.843127
4961,0.899334
4962,0.770696
4963,0.756088
4964,0.560843
4965,0.509415
4966,0.969675
4967,0.893465
4968,0.944828
4969,0.833435
4970,0.972418
4971,0.98242
4972,0.603771
4973,0.626352
4974,0.885199
4975,0.83222
4976,0.514738
4977,0.840247
4978,0.638701
4979,0.93245
4980,0.705787
4981,0.908573
4982,0.438109
4983,0.970227
4984,0.883295
4985,0.990348
4986,0.658944
4987,0.412431
4988,0.7584
4989,0.974688
4990,0.989602
4991,0.739984
4992,0.825388
4993,0.888226
4994,0.791918
4995,0.93449
4996,0.532084
4997,0.77859
4998,0.83067
4999,0.911486
5000,0.622816
5001,0.691508
5002,0.671091
5003,0.533713
5004,0.131692
5005,0.940316
5006,0.665648
5007,0.550156
5008,0.728566
5009,0.624305
5010,0.926043
5011,0.71022
5012,0.83678
5013,0.79482
5014,0.544642
5015,0.779685
5016,0.922248
5017,0.780806
5018,0.612875
5019,0.983993
5020,0.921692
5021,0.941731
5022,0.451401
5023,0.408087
5024,0.873597
5025,0.753085
5026,0.937926
5027,0.947766
5028,0.042052
5029,0.596316
5030,0.659899
5031,0.825251
5032,0.133021
5033,0.61711
5034,0.656686
5035,0.212771
5036,0.931474
5037,0.647397
5038,0.849556
5039,0.796336
5040,0.896024
5041,0.711965
5042,0.890906
5043,0.825481
5044,0.896817
5045,0.696062
5046,0.514683
5047,0.639869
5048,0.957513
5049,0.389171
5050,0.749233
5051,0.741447
5052,0.456848
5053,0.466487
5054,0.909889
5055,0.914096
5056,0.733119
5057,0.951746
5058,0.697446
5059,0.851617
5060,0.777604
5061,0.749256
5062,0.643917
5063,0.512753
5064,0.95875
5065,0.904591
5066,0.904552
5067,0.91606
5068,0.70435
5069,0.404143
5070,0.695081
5071,0.593912
5072,0.87157
5073,0.491426
5074,0.532933
5075,0.814658
5076,0.637845
5077,0.789245
5078,0.410899
5079,0.974755
5080,0.56802
5081,0.840104
5082,0.87302
5083,0.56282
5084,0.637698
5085,0.980957
5086,0.857497
5087,0.828637
5088,0.581169
5089,0.71304
5090,0.974771
5091,0.819216
5092,0.455955
5093,0.985053
5094,0.846961
5095,0.572648
5096,0.938554
5097,0.904553
5098,0.933897
5099,0.970564
5100,0.817108
5101,0.646226
5102,0.724006
5103,0.849322
5104,0.926585
5105,0.528204
5106,0.849742
5107,0.898604
5108,0.67312
5109,0.67684
5110,0.795139
5111,0.898525
5112,0.82884
5113,0.687468
5114,0.926918
5115,0.935615
5116,0.764516
5117,0.615481
5118,0.49494
5119,0.978887
5120,0.53779
5121,0.545467
5122,0.98454
5123,0.991163
5124,0.966486
5125,0.680059
5126,0.44148
5127,0.82967
5128,0.880901
5129,0.868474
5130,0.807951
5131,0.784108
5132,0.503524
5133,0.659078
5134,0.771291
5135,0.811694
5136,0.805435
5137,0.930666
5138,0.772735
5139,0.949782
5140,0.911011
5141,0.836845
5142,0.72387
5143,0.52737
5144,0.722944
5145,0.699836
5146,0.974907
5147,0.705721
5148,0.869817
5149,0.47036
5150,0.988597
5151,0.880838
5152,0.965196
5153,0.830791
5154,0.819016
5155,0.851487
5156,0.611897
5157,0.780393
5158,0.938893
5159,0.861817
5160,0.689626
5161,0.409593
5162,0.671149
5163,0.879693
5164,0.044189
5165,0.648146
5166,0.650255
5167,0.707436
5168,0.690781
5169,0.531307
5170,0.653969
5171,0.754354
5172,0.737449
5173,0.836839
5174,0.750465
5175,0.654446
5176,0.716729
5177,0.981291
5178,0.939742
5179,0.730836
5180,0.566086
5181,0.740807
5182,0.635261
5183,0.994113
5184,0.047989
5185,0.720414
5186,0.980522
5187,0.722134
5188,0.934377
5189,0.866169
5190,0.934015
5191,0.760681
5192,0.64236
5193,0.869367
5194,0.701701
5195,0.808174
5196,0.519112
5197,0.879908
5198,0.045955
5199,0.853238
5200,0.747625
5201,0.720621
5202,0.988635
5203,0.900624
5204,0.98487
5205,0.815062
5206,0.43362
5207,0.799176
5208,0.568519
5209,0.138484
5210,0.630225
5211,0.975405
5212,0.946955
5213,0.57609
5214,0.7867
5215,0.690115
5216,0.306972
5217,0.744577
5218,0.897312
5219,0.54504
5220,0.568871
5221,0.768164
5222,0.823444
5223,0.45277
5224,0.336276
5225,0.77325
5226,0.556189
5227,0.066488
5228,0.621129
5229,0.844071
5230,0.455902
5231,0.696851
5232,0.508903
5233,0.960713
5234,0.909309
5235,0.940511
5236,0.762565
5237,0.741593
5238,0.960417
5239,0.736419
5240,0.879027
5241,0.904457
5242,0.977609
5243,0.864558
5244,0.733946
5245,0.628688
5246,0.533056
5247,0.829123
5248,0.887723
5249,0.737787
5250,0.89159
5251,0.377022
5252,0.774557
5253,0.643865
5254,0.426267
5255,0.621378
5256,0.814725
5257,0.787711
5258,0.934435
5259,0.899914
5260,0.932966
5261,0.855086
5262,0.828529
5263,0.827757
5264,0.544545
5265,0.674106
5266,0.938861
5267,0.695511
5268,0.581451
5269,0.686124
5270,0.985546
5271,0.952698
5272,0.89841
5273,0.668251
5274,0.749807
5275,0.720149
5276,0.927761
5277,0.606057
5278,0.226037
5279,0.633294
5280,0.916978
5281,0.784164
5282,0.803422
5283,0.622139
5284,0.892733
5285,0.767741
5286,0.82462
5287,0.844489
5288,0.934026
5289,0.93301
5290,0.832425
5291,0.026179
5292,0.791442
5293,0.791194
5294,0.947319
5295,0.879331
5296,0.694877
5297,0.270927
5298,0.830315
5299,0.982582
5300,0.841551
5301,0.747225
5302,0.899655
5303,0.209849
5304,0.613932
5305,0.913064
5306,0.557581
5307,0.938394
5308,0.860257
5309,0.86894
5310,0.547991
5311,0.641568
5312,0.357003
5313,0.32054
5314,0.845424
5315,0.512235
5316,0.62063
5317,0.86435
5318,0.400732
5319,0.874138
5320,0.90491
5321,0.404403
5322,0.774415
5323,0.790649
5324,0.606733
5325,0.571155
5326,0.981507
5327,0.961531
5328,0.910312
5329,0.987307
5330,0.143325
5331,0.636744
5332,0.041476
5333,0.678595
5334,0.468215
5335,0.793747
5336,0.697442
5337,0.878213
5338,0.767746
5339,0.955192
5340,0.515429
5341,0.626702
5342,0.926184
5343,0.803822
5344,0.622165
5345,0.208799
5346,0.818949
5347,0.454776
5348,0.977999
5349,0.327661
5350,0.834614
5351,0.891458
5352,0.825446
5353,0.948105
5354,0.798971
5355,0.886301
5356,0.864736
5357,0.596408
5358,0.972239
5359,0.787222
5360,0.689126
5361,0.753448
5362,0.678528
5363,0.547455
5364,0.691736
5365,0.847427
5366,0.959615
5367,0.892864
5368,0.807682
5369,0.88948
5370,0.753328
5371,0.782905
5372,0.696506
5373,0.801901
5374,0.845335
5375,0.629274
5376,0.2911
5377,0.791459
5378,0.767751
5379,0.48269
5380,0.75748
5381,0.69256
5382,0.595393
5383,0.609147
5384,0.583505
5385,0.632702
5386,0.782258
5387,0.630044
5388,0.76457
5389,0.109481
5390,0.569251
5391,0.782454
5392,0.913536
5393,0.81629
5394,0.227868
5395,0.910679
5396,0.618364
5397,0.848025
5398,0.691746
5399,0.9325
5400,0.538877
5401,0.954813
5402,0.843397
5403,0.948254
5404,0.463693
5405,0.587878
5406,0.643551
5407,0.558019
5408,0.341503
5409,0.93862
5410,0.951856
5411,0.867527
5412,0.870395
5413,0.838654
5414,0.744942
5415,0.793124
5416,0.712323
5417,0.679358
5418,0.82366
5419,0.724823
5420,0.92917
5421,0.686489
5422,0.680773
5423,0.081885
5424,0.786547
5425,0.810744
5426,0.923314
5427,0.92536
5428,0.876178
5429,0.893657
5430,0.552514
5431,0.617267
5432,0.655414
5433,0.913335
5434,0.606134
5435,0.713594
5436,0.976313
5437,0.836269
5438,0.806834
5439,0.176778
5440,0.757248
5441,0.844046
5442,0.301816
5443,0.689539
5444,0.862885
5445,0.838318
5446,0.791536
5447,0.616439
5448,0.813309
5449,0.899672
5450,0.771608
5451,0.921444
5452,0.647691
5453,0.889635
5454,0.828721
5455,0.950484
5456,0.741429
5457,0.712189
5458,0.620736
5459,0.66463
5460,0.828768
5461,0.809626
5462,0.764334
5463,0.9364
5464,0.210779
5465,0.857421
5466,0.932908
5467,0.757946
5468,0.574348
5469,0.928114
5470,0.547736
5471,0.794514
5472,0.027906
5473,0.721991
5474,0.54666
5475,0.590765
5476,0.515619
5477,0.940107
5478,0.518274
5479,0.801314
5480,0.660856
5481,0.842025
5482,0.7768
5483,0.847725
5484,0.634791
5485,0.601963
5486,0.481649
5487,0.027598
5488,0.570206
5489,0.575505
5490,0.661993
5491,0.956797
5492,0.736444
5493,0.351302
5494,0.41897
5495,0.765045
5496,0.602128
5497,0.927444
5498,0.878976
5499,0.448234
5500,0.971206
5501,0.923607
5502,0.602818
5503,0.79196
5504,0.632375
5505,0.709238
5506,0.814982
5507,0.969598
5508,0.69996
5509,0.926469
5510,0.764359
5511,0.854724
5512,0.913835
5513,0.53109
5514,0.756724
5515,0.189492
5516,0.853246
5517,0.548886
5518,0.443602
5519,0.643033
5520,0.967315
5521,0.796536
5522,0.936681
5523,0.048177
5524,0.462266
5525,0.643276
5526,0.501741
5527,0.887635
5528,0.782435
5529,0.837807
5530,0.971386
5531,0.91418
5532,0.730745
5533,0.768196
5534,0.785014
5535,0.553038
5536,0.76409
5537,0.688506
5538,0.81005
5539,0.491323
5540,0.666069
5541,0.715834
5542,0.712471
5543,0.863083
5544,0.808656
5545,0.655998
5546,0.895308
5547,0.971269
5548,0.121493
5549,0.636823
5550,0.62533
5551,0.75678
5552,0.682942
5553,0.623073
5554,0.767404
5555,0.781961
5556,0.636996
5557,0.75423
5558,0.981506
5559,0.692415
5560,0.635277
5561,0.643948
5562,0.498644
5563,0.769185
5564,0.418027
5565,0.900637
5566,0.812007
5567,0.717975
5568,0.984947
5569,0.58944
5570,0.858049
5571,0.899926
5572,0.434113
5573,0.495658
5574,0.979664
5575,0.506749
5576,0.737354
5577,0.988921
5578,0.698981
5579,0.841063
5580,0.881567
5581,0.902169
5582,0.731539
5583,0.774514
5584,0.478548
5585,0.302876
5586,0.851019
5587,0.826309
5588,0.539372
5589,0.0302
5590,0.393356
5591,0.949026
5592,0.667847
5593,0.737949
5594,0.578127
5595,0.712696
5596,0.942595
5597,0.766594
5598,0.029489
5599,0.638825
5600,0.766677
5601,0.959003
5602,0.735752
5603,0.564224
5604,0.841634
5605,0.81809
5606,0.756282
5607,0.976233
5608,0.636727
5609,0.478335
5610,0.732929
5611,0.491925
5612,0.84363
5613,0.866069
5614,0.95856
5615,0.624907
5616,0.68728
5617,0.843503
5618,0.707119
5619,0.515618
5620,0.789117
5621,0.90134
5622,0.905235
5623,0.737482
5624,0.106243
5625,0.16393
5626,0.819891
5627,0.714119
5628,0.772018
5629,0.469102
5630,0.939995
5631,0.854503
5632,0.904717
5633,0.610398
5634,0.649902
5635,0.974452
5636,0.86455
5637,0.492821
5638,0.990374
5639,0.784341
5640,0.675951
5641,0.280453
5642,0.748512
5643,0.815667
5644,0.87214
5645,0.976244
5646,0.87044
5647,0.729429
5648,0.709544
5649,0.690139
5650,0.510757
5651,0.495981
5652,0.785482
5653,0.99094
5654,0.638169
5655,0.549231
5656,0.711587
5657,0.97883
5658,0.739824
5659,0.678392
5660,0.899166
5661,0.538272
5662,0.541591
5663,0.799644
5664,0.753681
5665,0.90722
5666,0.440213
5667,0.883376
5668,0.872932
5669,0.748484
5670,0.549493
5671,0.968712
5672,0.796139
5673,0.586954
5674,0.914955
5675,0.867603
5676,0.758913
5677,0.852958
5678,0.925912
5679,0.667056
5680,0.940091
5681,0.957007
5682,0.842348
5683,0.930059
5684,0.929022
5685,0.283903
5686,0.934141
5687,0.668954
5688,0.958577
5689,0.968928
5690,0.841718
5691,0.902106
5692,0.882258
5693,0.546674
5694,0.584119
5695,0.976059
5696,0.253711
5697,0.747124
5698,0.53621
5699,0.949783
5700,0.835563
5701,0.781883
5702,0.5372
5703,0.831567
5704,0.836463
5705,0.698173
5706,0.677721
5707,0.798417
5708,0.458195
5709,0.701324
5710,0.916613
5711,0.177152
5712,0.594304
5713,0.346017
5714,0.524529
5715,0.503368
5716,0.678392
5717,0.775944
5718,0.980955
5719,0.77882
5720,0.82637
5721,0.818666
5722,0.84337
5723,0.837296
5724,0.424581
5725,0.803844
5726,0.801565
5727,0.933867
5728,0.690031
5729,0.882958
5730,0.795069
5731,0.827686
5732,0.85538
5733,0.515001
5734,0.87441
5735,0.691761
5736,0.776371
5737,0.876864
5738,0.281309
5739,0.932147
5740,0.69728
5741,0.524301
5742,0.991564
5743,0.598821
5744,0.676979
5745,0.86769
5746,0.976068
5747,0.31842
5748,0.797552
5749,0.912983
5750,0.801032
5751,0.836581
5752,0.936465
5753,0.919724
5754,0.742543
5755,0.889785
5756,0.691192
5757,0.718348
5758,0.398942
5759,0.738132
5760,0.602921
5761,0.893802
5762,0.627193
5763,0.968374
5764,0.462985
5765,0.740034
5766,0.534175
5767,0.280554
5768,0.843556
5769,0.603916
5770,0.917195
5771,0.628158
5772,0.693743
5773,0.612732
5774,0.854896
5775,0.13743
5776,0.785286
5777,0.899907
5778,0.874048
5779,0.615541
5780,0.646265
5781,0.886434
5782,0.511507
5783,0.927069
5784,0.709751
5785,0.566353
5786,0.912767
5787,0.17295
5788,0.958879
5789,0.589464
5790,0.874261
5791,0.861898
5792,0.81723
5793,0.052857
5794,0.61305
5795,0.658524
5796,0.692406
5797,0.396597
5798,0.74663
5799,0.537114
5800,0.94696
5801,0.822098
5802,0.846028
5803,0.83424
5804,0.39312
5805,0.501746
5806,0.542716
5807,0.851584
5808,0.733837
5809,0.848643
5810,0.776522
5811,0.939113
5812,0.489243
5813,0.973179
5814,0.625829
5815,0.745996
5816,0.568471
5817,0.548864
5818,0.748132
5819,0.649438
5820,0.215424
5821,0.695633
5822,0.515873
5823,0.657991
5824,0.758353
5825,0.789768
5826,0.405734
5827,0.422308
5828,0.804148
5829,0.841858
5830,0.62037
5831,0.817646
5832,0.985295
5833,0.754571
5834,0.975032
5835,0.767455
5836,0.677907
5837,0.875529
5838,0.926104
5839,0.702532
5840,0.754959
5841,0.4585
5842,0.736432
5843,0.156903
5844,0.500498
5845,0.393955
5846,0.767004
5847,0.824417
5848,0.986552
5849,0.852791
5850,0.795763
5851,0.684314
5852,0.805299
5853,0.847814
5854,0.824881
5855,0.84267
5856,0.794603
5857,0.563077
5858,0.641827
5859,0.632656
5860,0.894773
5861,0.133358
5862,0.85754
5863,0.948904
5864,0.97697
5865,0.604301
5866,0.978499
5867,0.723577
5868,0.831173
5869,0.673173
5870,0.694857
5871,0.676322
5872,0.657067
5873,0.994861
5874,0.817282
5875,0.75299
5876,0.633405
5877,0.734701
5878,0.611543
5879,0.175365
5880,0.603629
5881,0.600739
5882,0.398224
5883,0.775023
5884,0.662549
5885,0.896888
5886,0.899054
5887,0.028657
5888,0.678759
5889,0.583304
5890,0.392463
5891,0.777376
5892,0.617053
5893,0.541438
5894,0.868432
5895,0.841451
5896,0.986934
5897,0.897071
5898,0.783804
5899,0.396804
5900,0.66282
5901,0.869468
5902,0.521367
5903,0.962425
5904,0.481277
5905,0.850037
5906,0.859806
5907,0.964308
5908,0.893027
5909,0.792286
5910,0.575958
5911,0.647261
5912,0.617908
5913,0.941432
5914,0.552128
5915,0.85314
5916,0.941907
5917,0.197348
5918,0.941254
5919,0.910095
5920,0.981493
5921,0.887244
5922,0.908502
5923,0.862187
5924,0.576813
5925,0.801002
5926,0.727359
5927,0.877872
5928,0.73973
5929,0.769561
5930,0.620249
5931,0.932162
5932,0.959384
5933,0.677914
5934,0.414747
5935,0.827356
5936,0.981797
5937,0.806384
5938,0.764662
5939,0.990059
5940,0.413582
5941,0.731411
5942,0.809828
5943,0.495264
5944,0.773235
5945,0.841618
5946,0.69888
5947,0.825953
5948,0.450033
5949,0.93025
5950,0.687921
5951,0.908682
5952,0.462573
5953,0.713159
5954,0.973148
5955,0.866599
5956,0.63567
5957,0.619103
5958,0.840395
5959,0.856808
5960,0.581758
5961,0.843455
5962,0.902642
5963,0.933581
5964,0.950942
5965,0.837206
5966,0.942743
5967,0.757273
5968,0.956116
5969,0.710975
5970,0.587983
5971,0.68827
5972,0.537858
5973,0.502189
5974,0.975447
5975,0.941488
5976,0.704261
5977,0.714595
5978,0.936727
5979,0.736595
5980,0.883355
5981,0.836799
5982,0.429109
5983,0.800457
5984,0.727924
5985,0.101114
5986,0.795036
5987,0.845983
5988,0.691343
5989,0.599316
5990,0.889514
5991,0.696139
5992,0.827782
5993,0.557748
5994,0.698473
5995,0.656718
5996,0.948807
5997,0.855654
5998,0.717467
5999,0.698433
6000,0.909839
6001,0.462871
6002,0.958641
6003,0.703841
6004,0.641674
6005,0.455785
6006,0.771223
6007,0.791266
6008,0.950829
6009,0.854985
6010,0.889704
6011,0.798324
6012,0.805155
6013,0.910669
6014,0.574523
6015,0.45206
6016,0.898421
6017,0.985863
6018,0.970561
6019,0.771232
6020,0.724701
6021,0.654597
6022,0.948431
6023,0.821826
6024,0.744965
6025,0.922983
6026,0.768356
6027,0.637065
6028,0.57085
6029,0.867524
6030,0.824133
6031,0.872951
6032,0.672442
6033,0.639341
6034,0.942496
6035,0.64029
6036,0.889602
6037,0.428942
6038,0.512796
6039,0.400817
6040,0.795439
6041,0.793033
6042,0.76265
6043,0.961768
6044,0.740609
6045,0.75304
6046,0.907499
6047,0.704817
6048,0.799443
6049,0.755457
6050,0.948339
6051,0.492973
6052,0.530863
6053,0.70674
6054,0.503241
6055,0.488666
6056,0.579028
6057,0.824685
6058,0.507604
6059,0.864454
6060,0.573751
6061,0.966812
6062,0.050767
6063,0.784711
6064,0.784315
6065,0.786498
6066,0.139025
6067,0.201563
6068,0.541682
6069,0.715172
6070,0.986076
6071,0.529573
6072,0.106459
6073,0.549866
6074,0.790011
6075,0.850157
6076,0.804729
6077,0.184324
6078,0.784493
6079,0.937521
6080,0.753889
6081,0.798319
6082,0.603427
6083,0.753374
6084,0.38938
6085,0.805183
6086,0.529635
6087,0.978098
6088,0.909556
6089,0.868097
6090,0.781123
6091,0.677992
6092,0.75098
6093,0.791434
6094,0.056729
6095,0.627974
6096,0.930734
6097,0.452573
6098,0.984331
6099,0.970568
6100,0.733511
6101,0.59776
6102,0.614508
6103,0.708434
6104,0.949704
6105,0.790242
6106,0.863285
6107,0.024066
6108,0.737248
6109,0.672886
6110,0.688958
6111,0.341447
6112,0.838778
6113,0.788904
6114,0.823275
6115,0.945812
6116,0.98283
6117,0.970105
6118,0.789412
6119,0.591373
6120,0.430347
6121,0.978835
6122,0.813361
6123,0.718895
6124,0.639897
6125,0.658198
6126,0.798335
6127,0.74406
6128,0.411305
6129,0.721363
6130,0.622964
6131,0.815108
6132,0.713871
6133,0.500208
6134,0.674823
6135,0.792071
6136,0.598134
6137,0.857446
6138,0.635465
6139,0.868212
6140,0.867852
6141,0.793343
6142,0.239756
6143,0.834004
6144,0.907539
6145,0.901814
6146,0.611864
6147,0.74523
6148,0.675829
6149,0.992569
6150,0.492145
6151,0.988886
6152,0.498238
6153,0.98741
6154,0.722849
6155,0.875232
6156,0.664472
6157,0.748658
6158,0.100223
6159,0.901374
6160,0.749708
6161,0.388422
6162,0.983151
6163,0.851383
6164,0.980731
6165,0.808475
6166,0.988478
6167,0.713311
6168,0.830743
6169,0.498701
6170,0.772077
6171,0.035651
6172,0.673113
6173,0.822605
6174,0.620005
6175,0.233613
6176,0.925843
6177,0.602392
6178,0.346656
6179,0.878572
6180,0.814658
6181,0.763547
6182,0.985193
6183,0.648131
6184,0.030089
6185,0.726678
6186,0.40931
6187,0.987908
6188,0.240858
6189,0.727977
6190,0.989124
6191,0.845692
6192,0.521371
6193,0.921359
6194,0.763962
6195,0.902988
6196,0.974776
6197,0.848441
6198,0.85793
6199,0.488307
6200,0.774755
6201,0.406447
6202,0.753672
6203,0.846291
6204,0.889566
6205,0.960538
6206,0.621891
6207,0.667783
6208,0.914526
6209,0.695097
6210,0.487498
6211,0.938865
6212,0.765739
6213,0.563421
6214,0.885653
6215,0.679648
6216,0.839487
6217,0.663617
6218,0.838287
6219,0.679893
6220,0.960912
6221,0.713713
6222,0.916051
6223,0.855931
6224,0.86264
6225,0.590609
6226,0.765444
6227,0.631583
6228,0.764483
6229,0.049644
6230,0.696541
6231,0.803494
6232,0.876994
6233,0.778181
6234,0.434407
6235,0.660074
6236,0.98418
6237,0.803717
6238,0.637282
6239,0.946942
6240,0.578773
6241,0.547451
6242,0.793774
6243,0.857858
6244,0.853967
6245,0.588406
6246,0.890178
6247,0.602116
6248,0.438306
6249,0.654125
6250,0.90113
6251,0.68712
6252,0.585141
6253,0.77728
6254,0.881946
6255,0.447288
6256,0.96044
6257,0.593628
6258,0.858423
6259,0.752879
6260,0.679224
6261,0.847661
6262,0.689023
6263,0.728581
6264,0.532138
6265,0.620686
6266,0.061848
6267,0.831775
6268,0.843533
6269,0.759356
6270,0.63726
6271,0.863023
6272,0.981959
6273,0.79969
6274,0.592028
6275,0.782359
6276,0.495511
6277,0.921585
6278,0.732317
6279,0.856027
6280,0.980355
6281,0.856281
6282,0.618196
6283,0.911791
6284,0.903079
6285,0.269156
6286,0.695946
6287,0.71727
6288,0.444742
6289,0.904852
6290,0.475895
6291,0.817432
6292,0.029359
6293,0.648382
6294,0.826156
6295,0.840078
6296,0.52838
6297,0.906236
6298,0.731255
6299,0.031927
6300,0.666652
6301,0.541088
6302,0.449819
6303,0.658617
6304,0.651076
6305,0.702428
6306,0.314128
6307,0.777122
6308,0.662506
6309,0.820701
6310,0.752545
6311,0.717206
6312,0.732821
6313,0.518761
6314,0.90288
6315,0.987666
6316,0.985691
6317,0.712279
6318,0.751755
6319,0.682481
6320,0.687523
6321,0.878294
6322,0.661267
6323,0.724326
6324,0.777268
6325,0.646457
6326,0.169961
6327,0.809554
6328,0.874362
6329,0.925704
6330,0.796902
6331,0.055669
6332,0.928953
6333,0.682599
6334,0.70553
6335,0.906663
6336,0.689296
6337,0.481112
6338,0.780007
6339,0.783663
6340,0.789884
6341,0.795514
6342,0.991677
6343,0.889924
6344,0.96337
6345,0.040236
6346,0.460715
6347,0.032549
6348,0.902666
6349,0.708603
6350,0.9769
6351,0.864626
6352,0.990967
6353,0.745994
6354,0.988324
6355,0.983928
6356,0.821421
6357,0.713654
6358,0.83189
6359,0.69403
6360,0.425416
6361,0.900911
6362,0.864698
6363,0.582533
6364,0.728955
6365,0.65642
6366,0.387314
6367,0.652968
6368,0.868073
6369,0.774189
6370,0.592702
6371,0.411616
6372,0.433236
6373,0.864852
6374,0.957161
6375,0.708452
6376,0.431405
6377,0.688133
6378,0.901522
6379,0.691515
6380,0.854442
6381,0.972033
6382,0.641936
6383,0.73496
6384,0.853965
6385,0.815765
6386,0.775989
6387,0.743189
6388,0.688581
6389,0.991198
6390,0.774496
6391,0.951934
6392,0.786896
6393,0.387544
6394,0.36906
6395,0.677262
6396,0.532012
6397,0.481077
6398,0.908764
6399,0.926462
6400,0.40886
6401,0.737647
6402,0.811132
6403,0.879975
6404,0.840963
6405,0.676963
6406,0.808185
6407,0.985963
6408,0.813024
6409,0.357553
6410,0.482212
6411,0.811355
6412,0.656051
6413,0.732199
6414,0.79917
6415,0.788871
6416,0.92461
6417,0.592806
6418,0.936754
6419,0.719252
6420,0.991598
6421,0.826635
6422,0.857871
6423,0.717935
6424,0.871473
6425,0.739686
6426,0.940195
6427,0.648526
6428,0.976652
6429,0.712317
6430,0.918678
6431,0.916018
6432,0.905896
6433,0.780927
6434,0.985788
6435,0.765954
6436,0.972224
6437,0.664539
6438,0.845478
6439,0.56048
6440,0.559681
6441,0.887516
6442,0.832522
6443,0.603456
6444,0.985072
6445,0.348542
6446,0.881813
6447,0.873421
6448,0.783909
6449,0.562398
6450,0.962455
6451,0.882653
6452,0.683007
6453,0.858699
6454,0.803523
6455,0.715295
6456,0.037222
6457,0.624663
6458,0.550124
6459,0.993691
6460,0.720523
6461,0.770875
6462,0.656628
6463,0.614134
6464,0.804547
6465,0.91458
6466,0.595926
6467,0.977516
6468,0.843609
6469,0.991792
6470,0.711865
6471,0.651762
6472,0.893856
6473,0.557997
6474,0.94992
6475,0.832745
6476,0.903884
6477,0.753059
6478,0.610508
6479,0.685554
6480,0.719153
6481,0.887439
6482,0.988868
6483,0.618241
6484,0.686105
6485,0.649936
6486,0.824491
6487,0.890981
6488,0.870358
6489,0.750647
6490,0.856198
6491,0.935039
6492,0.716155
6493,0.927661
6494,0.830438
6495,0.880948
6496,0.961087
6497,0.952159
6498,0.221843
6499,0.633589
6500,0.852029
6501,0.46313
6502,0.052092
6503,0.377422
6504,0.866765
6505,0.769844
6506,0.54206
6507,0.402276
6508,0.972481
6509,0.823211
6510,0.902012
6511,0.767435
6512,0.822277
6513,0.812765
6514,0.30281
6515,0.308412
6516,0.986666
6517,0.514743
6518,0.963442
6519,0.684725
6520,0.762951
6521,0.728824
6522,0.875409
6523,0.919687
6524,0.639791
6525,0.597685
6526,0.280275
6527,0.868932
6528,0.979788
6529,0.677978
6530,0.024995
6531,0.70749
6532,0.752094
6533,0.910912
6534,0.681138
6535,0.720328
6536,0.87699
6537,0.60633
6538,0.059065
6539,0.805273
6540,0.952373
6541,0.030385
6542,0.863321
6543,0.83443
6544,0.678966
6545,0.624513
6546,0.85632
6547,0.908621
6548,0.490648
6549,0.806552
6550,0.895091
6551,0.844061
6552,0.616199
6553,0.660827
6554,0.975085
6555,0.859675
6556,0.439843
6557,0.891559
6558,0.662413
6559,0.178379
6560,0.694749
6561,0.878489
6562,0.733049
6563,0.928561
6564,0.59188
6565,0.544817
6566,0.898958
6567,0.944926
6568,0.874062
6569,0.616715
6570,0.748989
6571,0.935053
6572,0.912346
6573,0.865133
6574,0.744797
6575,0.711041
6576,0.761106
6577,0.733592
6578,0.96342
6579,0.79872
6580,0.65568
6581,0.939917
6582,0.974354
6583,0.946269
6584,0.967116
6585,0.880503
6586,0.621061
6587,0.933143
6588,0.907689
6589,0.82563
6590,0.749731
6591,0.45847
6592,0.861629
6593,0.909401
6594,0.094042
6595,0.708133
6596,0.770873
6597,0.605143
6598,0.698845
6599,0.92812
6600,0.797994
6601,0.71049
6602,0.821094
6603,0.696782
6604,0.735469
6605,0.798507
6606,0.926931
6607,0.837319
6608,0.819953
6609,0.614218
6610,0.742249
6611,0.087397
6612,0.56895
6613,0.91662
6614,0.668775
6615,0.375769
6616,0.591627
6617,0.953355
6618,0.589159
6619,0.796628
6620,0.564808
6621,0.433299
6622,0.90399
6623,0.441041
6624,0.748487
6625,0.787118
6626,0.976841
6627,0.85843
6628,0.982759
6629,0.917049
6630,0.85099
6631,0.777261
6632,0.806558
6633,0.771808
6634,0.695461
6635,0.593814
6636,0.98599
6637,0.813848
6638,0.984258
6639,0.848071
6640,0.56145
6641,0.369283
6642,0.581076
6643,0.86298
6644,0.508757
6645,0.913648
6646,0.539964
6647,0.856914
6648,0.950717
6649,0.707476
6650,0.505932
6651,0.73228
6652,0.38878
6653,0.678112
6654,0.728418
6655,0.763776
6656,0.494096
6657,0.501177
6658,0.726757
6659,0.955092
6660,0.9515
6661,0.867659
6662,0.560839
6663,0.610507
6664,0.848914
6665,0.721603
6666,0.74667
6667,0.438506
6668,0.975357
6669,0.962489
6670,0.758339
6671,0.716871
6672,0.98071
6673,0.700757
6674,0.900632
6675,0.812819
6676,0.719708
6677,0.646821
6678,0.521749
6679,0.416371
6680,0.798036
6681,0.7807
6682,0.382191
6683,0.031683
6684,0.930384
6685,0.99058
6686,0.664684
6687,0.969185
6688,0.974431
6689,0.770733
6690,0.58219
6691,0.716179
6692,0.694991
6693,0.795991
6694,0.895974
6695,0.786729
6696,0.96106
6697,0.578406
6698,0.592231
6699,0.928685
6700,0.737983
6701,0.907823
6702,0.95489
6703,0.689848
6704,0.398286
6705,0.694682
6706,0.188949
6707,0.738847
6708,0.686775
6709,0.607519
6710,0.684337
6711,0.626551
6712,0.727207
6713,0.832275
6714,0.792397
6715,0.92635
6716,0.485771
6717,0.52366
6718,0.783921
6719,0.745232
6720,0.52255
6721,0.798132
6722,0.920727
6723,0.801701
6724,0.556337
6725,0.753381
6726,0.925726
6727,0.549251
6728,0.423323
6729,0.978266
6730,0.983226
6731,0.685098
6732,0.885266
6733,0.980913
6734,0.526952
6735,0.679553
6736,0.965835
6737,0.475895
6738,0.903911
6739,0.808728
6740,0.869302
6741,0.778085
6742,0.916942
6743,0.879718
6744,0.465741
6745,0.701699
6746,0.458507
6747,0.742942
6748,0.785505
6749,0.900466
6750,0.719303
6751,0.886656
6752,0.886547
6753,0.761673
6754,0.762308
6755,0.785139
6756,0.567122
6757,0.973539
6758,0.545297
6759,0.906586
6760,0.5218
6761,0.952992
6762,0.97925
6763,0.912661
6764,0.791474
6765,0.697809
6766,0.844821
6767,0.542217
6768,0.624052
6769,0.779366
6770,0.662791
6771,0.689334
6772,0.951445
6773,0.685245
6774,0.944134
6775,0.78581
6776,0.804588
6777,0.396423
6778,0.956883
6779,0.649677
6780,0.863191
6781,0.787012
6782,0.972308
6783,0.795959
6784,0.753762
6785,0.954143
6786,0.86051
6787,0.698033
6788,0.591425
6789,0.906284
6790,0.715891
6791,0.834079
6792,0.393115
6793,0.557816
6794,0.410466
6795,0.775642
6796,0.860892
6797,0.654676
6798,0.417739
6799,0.968051
6800,0.832913
6801,0.910186
6802,0.59035
6803,0.929614
6804,0.918052
6805,0.990951
6806,0.873782
6807,0.761249
6808,0.616996
6809,0.62935
6810,0.428491
6811,0.829861
6812,0.551036
6813,0.988415
6814,0.769438
6815,0.566525
6816,0.697566
6817,0.949346
6818,0.758974
6819,0.674631
6820,0.862728
6821,0.503222
6822,0.767898
6823,0.974905
6824,0.607313
6825,0.820193
6826,0.608624
6827,0.805348
6828,0.372116
6829,0.673872
6830,0.717962
6831,0.644849
6832,0.899932
6833,0.593576
6834,0.754649
6835,0.713111
6836,0.83655
6837,0.761943
6838,0.967152
6839,0.547714
6840,0.843895
6841,0.978438
6842,0.582043
6843,0.841068
6844,0.801989
6845,0.959224
6846,0.897584
6847,0.730444
6848,0.330959
6849,0.975967
6850,0.937539
6851,0.649721
6852,0.90761
6853,0.888621
6854,0.554708
6855,0.555711
6856,0.884018
6857,0.789507
6858,0.791281
6859,0.936939
6860,0.626402
6861,0.919441
6862,0.444033
6863,0.914881
6864,0.713269
6865,0.904074
6866,0.474712
6867,0.835548
6868,0.961301
6869,0.919918
6870,0.77814
6871,0.647505
6872,0.522934
6873,0.880745
6874,0.851161
6875,0.420547
6876,0.563859
6877,0.908976
6878,0.152494
6879,0.469419
6880,0.866036
6881,0.618198
6882,0.379709
6883,0.467489
6884,0.9783
6885,0.785948
6886,0.718605
6887,0.922121
6888,0.52216
6889,0.807908
6890,0.673018
6891,0.930103
6892,0.907133
6893,0.784454
6894,0.833602
6895,0.80399
6896,0.576539
6897,0.644341
6898,0.956689
6899,0.985477
6900,0.942204
6901,0.973663
6902,0.926801
6903,0.736542
6904,0.105596
6905,0.971291
6906,0.821363
6907,0.714232
6908,0.926077
6909,0.410599
6910,0.890015
6911,0.942481
6912,0.82414
6913,0.434954
6914,0.709058
6915,0.784799
6916,0.938709
6917,0.554568
6918,0.928068
6919,0.583496
6920,0.773206
6921,0.694981
6922,0.7703
6923,0.604001
6924,0.90027
6925,0.780914
6926,0.740121
6927,0.790371
6928,0.519869
6929,0.967842
6930,0.977786
6931,0.885439
6932,0.095297
6933,0.825568
6934,0.731868
6935,0.775839
6936,0.978797
6937,0.75145
6938,0.963236
6939,0.798938
6940,0.614885
6941,0.656782
6942,0.814769
6943,0.814861
6944,0.513012
6945,0.848518
6946,0.952834
6947,0.658875
6948,0.698578
6949,0.942305
6950,0.983546
6951,0.858927
6952,0.935048
6953,0.243216
6954,0.817991
6955,0.918206
6956,0.67758
6957,0.658796
6958,0.491889
6959,0.952927
6960,0.785702
6961,0.769492
6962,0.777673
6963,0.832514
6964,0.935278
6965,0.835408
6966,0.765471
6967,0.702393
6968,0.934206
6969,0.718901
6970,0.906076
6971,0.960903
6972,0.841887
6973,0.905339
6974,0.960898
6975,0.691082
6976,0.614983
6977,0.61376
6978,0.616635
6979,0.87687
6980,0.780007
6981,0.950213
6982,0.625896
6983,0.814522
6984,0.889584
6985,0.615244
6986,0.564017
6987,0.880725
6988,0.541078
6989,0.463606
6990,0.98294
6991,0.893983
6992,0.487486
6993,0.627099
6994,0.923879
6995,0.211523
6996,0.750653
6997,0.6357
6998,0.609784
6999,0.370959
7000,0.619807
7001,0.887385
7002,0.869204
7003,0.491465
7004,0.733914
7005,0.774599
7006,0.832327
7007,0.690079
7008,0.753803
7009,0.781249
7010,0.80772
7011,0.740055
7012,0.905079
7013,0.657452
7014,0.955816
7015,0.880499
7016,0.551449
7017,0.040698
7018,0.493983
7019,0.699034
7020,0.947079
7021,0.828106
7022,0.650904
7023,0.90822
7024,0.888497
7025,0.826658
7026,0.830768
7027,0.867748
7028,0.522632
7029,0.776413
7030,0.786366
7031,0.699598
7032,0.104394
7033,0.562694
7034,0.666788
7035,0.773072
7036,0.651787
7037,0.650745
7038,0.734087
7039,0.444818
7040,0.7812
7041,0.896863
7042,0.93582
7043,0.704236
7044,0.823207
7045,0.800749
7046,0.58359
7047,0.515332
7048,0.821269
7049,0.867666
7050,0.821606
7051,0.948589
7052,0.894657
7053,0.466058
7054,0.857275
7055,0.915867
7056,0.969851
7057,0.527507
7058,0.945269
7059,0.322578
7060,0.826412
7061,0.912922
7062,0.92347
7063,0.949905
7064,0.693461
7065,0.349925
7066,0.802498
7067,0.609235
7068,0.847712
7069,0.481418
7070,0.913189
7071,0.863878
7072,0.732236
7073,0.630038
7074,0.913673
7075,0.98235
7076,0.578113
7077,0.540371
7078,0.838839
7079,0.610673
7080,0.720573
7081,0.701028
7082,0.987604
7083,0.897404
7084,0.796994
7085,0.775808
7086,0.706197
7087,0.98444
7088,0.796349
7089,0.925327
7090,0.489215
7091,0.630511
7092,0.896406
7093,0.916898
7094,0.774474
7095,0.880487
7096,0.779027
7097,0.721599
7098,0.749297
7099,0.932215
7100,0.978507
7101,0.804466
7102,0.600733
7103,0.900281
7104,0.972122
7105,0.629978
7106,0.67618
7107,0.523857
7108,0.98821
7109,0.56606
7110,0.644779
7111,0.87094
7112,0.873942
7113,0.780904
7114,0.776707
7115,0.96788
7116,0.90676
7117,0.75838
7118,0.878166
7119,0.889403
7120,0.70868
7121,0.895757
7122,0.036165
7123,0.738875
7124,0.876655
7125,0.75672
7126,0.253505
7127,0.724934
7128,0.717026
7129,0.030726
7130,0.932384
7131,0.883043
7132,0.613468
7133,0.43101
7134,0.739476
7135,0.537192
7136,0.680032
7137,0.748348
7138,0.713159
7139,0.922084
7140,0.90515
7141,0.698699
7142,0.236686
7143,0.953088
7144,0.822545
7145,0.69801
7146,0.725156
7147,0.612433
7148,0.947944
7149,0.577752
7150,0.9285
7151,0.828069
7152,0.702264
7153,0.9031
7154,0.479378
7155,0.40444
7156,0.316497
7157,0.924763
7158,0.802614
7159,0.936216
7160,0.397338
7161,0.771745
7162,0.417541
7163,0.80012
7164,0.512126
7165,0.894413
7166,0.698474
7167,0.719904
7168,0.90228
7169,0.711145
7170,0.552799
7171,0.545525
7172,0.662711
7173,0.641373
7174,0.826949
7175,0.341133
7176,0.5772
7177,0.579245
7178,0.897917
7179,0.689128
7180,0.391784
7181,0.929478
7182,0.12941
7183,0.886513
7184,0.818747
7185,0.710849
7186,0.715116
7187,0.789275
7188,0.518682
7189,0.653408
7190,0.706
7191,0.927245
7192,0.748093
7193,0.575486
7194,0.985029
7195,0.837295
7196,0.970937
7197,0.923163
7198,0.930702
7199,0.965838
7200,0.955719
7201,0.6293
7202,0.697033
7203,0.888652
7204,0.750453
7205,0.472368
7206,0.944633
7207,0.76137
7208,0.770425
7209,0.686894
7210,0.947574
7211,0.735653
7212,0.456509
7213,0.425552
7214,0.311695
7215,0.765943
7216,0.846769
7217,0.46986
7218,0.626454
7219,0.457675
7220,0.917739
7221,0.74753
7222,0.836924
7223,0.796436
7224,0.729172
7225,0.577465
7226,0.660342
7227,0.668291
7228,0.866127
7229,0.871731
7230,0.472228
7231,0.555239
7232,0.858677
7233,0.907505
7234,0.961412
7235,0.706081
7236,0.963062
7237,0.760216
7238,0.478604
7239,0.596001
7240,0.58031
7241,0.576683
7242,0.180294
7243,0.970082
7244,0.73082
7245,0.636955
7246,0.661095
7247,0.967659
7248,0.88367
7249,0.959829
7250,0.475953
7251,0.861477
7252,0.674907
7253,0.38831
7254,0.937268
7255,0.833055
7256,0.980401
7257,0.898444
7258,0.537451
7259,0.723728
7260,0.892485
7261,0.848401
7262,0.621976
7263,0.828796
7264,0.751137
7265,0.769442
7266,0.521718
7267,0.818471
7268,0.731701
7269,0.555488
7270,0.893791
7271,0.567765
7272,0.966387
7273,0.701176
7274,0.659431
7275,0.812423
7276,0.749484
7277,0.818092
7278,0.488313
7279,0.399342
7280,0.73072
7281,0.847302
7282,0.789501
7283,0.781017
7284,0.718929
7285,0.642585
7286,0.701779
7287,0.945378
7288,0.976241
7289,0.649717
7290,0.975071
7291,0.955319
7292,0.800385
7293,0.641465
7294,0.874267
7295,0.636004
7296,0.834452
7297,0.814791
7298,0.838417
7299,0.677752
7300,0.660896
7301,0.876869
7302,0.897541
7303,0.813518
7304,0.859738
7305,0.77271
7306,0.746119
7307,0.931658
7308,0.945383
7309,0.953872
7310,0.988557
7311,0.911578
7312,0.653364
7313,0.89758
7314,0.928482
7315,0.897638
7316,0.237922
7317,0.755731
7318,0.860571
7319,0.710719
7320,0.809233
7321,0.884759
7322,0.978299
7323,0.844105
7324,0.665745
7325,0.774714
7326,0.773556
7327,0.568999
7328,0.944417
7329,0.599559
7330,0.984238
7331,0.654783
7332,0.770823
7333,0.857359
7334,0.041389
7335,0.578848
7336,0.718844
7337,0.886044
7338,0.807807
7339,0.70801
7340,0.606656
7341,0.691858
7342,0.601156
7343,0.571987
7344,0.913133
7345,0.747983
7346,0.353924
7347,0.897575
7348,0.773064
7349,0.477238
7350,0.88279
7351,0.898606
7352,0.682035
7353,0.850938
7354,0.767482
7355,0.869342
7356,0.664592
7357,0.667873
7358,0.599237
7359,0.841382
7360,0.662406
7361,0.780678
7362,0.367679
7363,0.170061
7364,0.962539
7365,0.688781
7366,0.650918
7367,0.605911
7368,0.834401
7369,0.924519
7370,0.399971
7371,0.722289
7372,0.928894
7373,0.971156
7374,0.910208
7375,0.743075
7376,0.509029
7377,0.573857
7378,0.848962
7379,0.865581
7380,0.978293
7381,0.922446
7382,0.559471
7383,0.058997
7384,0.92558
7385,0.703004
7386,0.646773
7387,0.926005
7388,0.286678
7389,0.72036
7390,0.820454
7391,0.762307
7392,0.647702
7393,0.514402
7394,0.874735
7395,0.937238
7396,0.035813
7397,0.644696
7398,0.977132
7399,0.967147
7400,0.986338
7401,0.956152
7402,0.738714
7403,0.263506
7404,0.506581
7405,0.662889
7406,0.618912
7407,0.195763
7408,0.936973
7409,0.768343
7410,0.725333
7411,0.775978
7412,0.986859
7413,0.769404
7414,0.827272
7415,0.709614
7416,0.521201
7417,0.980168
7418,0.773165
7419,0.872872
7420,0.873903
7421,0.75272
7422,0.759362
7423,0.925051
7424,0.930062
7425,0.898722
7426,0.484459
7427,0.89167
7428,0.644784
7429,0.64517
7430,0.703162
7431,0.988072
7432,0.850717
7433,0.98323
7434,0.891095
7435,0.924636
7436,0.984408
7437,0.656534
7438,0.91891
7439,0.924648
7440,0.491155
7441,0.802948
7442,0.962022
7443,0.226614
7444,0.855757
7445,0.15515
7446,0.516388
7447,0.827903
7448,0.611481
7449,0.975676
7450,0.983503
7451,0.815223
7452,0.199948
7453,0.983983
7454,0.593396
7455,0.787322
7456,0.310098
7457,0.819521
7458,0.72092
7459,0.857453
7460,0.945265
7461,0.833539
7462,0.635889
7463,0.837497
7464,0.983818
7465,0.928182
7466,0.58198
7467,0.711088
7468,0.113014
7469,0.91756
7470,0.966359
7471,0.645456
7472,0.613494
7473,0.825682
7474,0.848823
7475,0.990661
7476,0.709377
7477,0.56772
7478,0.385871
7479,0.977593
7480,0.803251
7481,0.595766
7482,0.771308
7483,0.989886
7484,0.445184
7485,0.395281
7486,0.807875
7487,0.531004
7488,0.959617
7489,0.922545
7490,0.537121
7491,0.937677
7492,0.712119
7493,0.555999
7494,0.922761
7495,0.440318
7496,0.908652
7497,0.69814
7498,0.792909
7499,0.467021
7500,0.901079
7501,0.592977
7502,0.927505
7503,0.89176
7504,0.870798
7505,0.76091
7506,0.934511
7507,0.879746
7508,0.499852
7509,0.051718
7510,0.483895
7511,0.535128
7512,0.797092
7513,0.903151
7514,0.546366
7515,0.605833
7516,0.930669
7517,0.681181
7518,0.576721
7519,0.923107
7520,0.897976
7521,0.609456
7522,0.823272
7523,0.612323
7524,0.778174
7525,0.723748
7526,0.806219
7527,0.745228
7528,0.719192
7529,0.694208
7530,0.761784
7531,0.694062
7532,0.050766
7533,0.970173
7534,0.684172
7535,0.903464
7536,0.638024
7537,0.952658
7538,0.972685
7539,0.46039
7540,0.486759
7541,0.734299
7542,0.599534
7543,0.84276
7544,0.982853
7545,0.5771
7546,0.620499
7547,0.836279
7548,0.854875
7549,0.845941
7550,0.869053
7551,0.528142
7552,0.707427
7553,0.834353
7554,0.888279
7555,0.764375
7556,0.410189
7557,0.681615
7558,0.933443
7559,0.76436
7560,0.177748
7561,0.951727
7562,0.880251
7563,0.982453
7564,0.509755
7565,0.979661
7566,0.642818
7567,0.698637
7568,0.93949
7569,0.711059
7570,0.770864
7571,0.466971
7572,0.626311
7573,0.81832
7574,0.50222
7575,0.610186
7576,0.188013
7577,0.582589
7578,0.895374
7579,0.811443
7580,0.686816
7581,0.929703
7582,0.379639
7583,0.760633
7584,0.590253
7585,0.801837
7586,0.706469
7587,0.973931
7588,0.86512
7589,0.702874
7590,0.989112
7591,0.705615
7592,0.845168
7593,0.812971
7594,0.688652
7595,0.40849
7596,0.578082
7597,0.474673
7598,0.6105
7599,0.79237
7600,0.68044
7601,0.736011
7602,0.951041
7603,0.852231
7604,0.829148
7605,0.542312
7606,0.487031
7607,0.936269
7608,0.837365
7609,0.884262
7610,0.66295
7611,0.829543
7612,0.713074
7613,0.840728
7614,0.623836
7615,0.586406
7616,0.568117
7617,0.709796
7618,0.807886
7619,0.694922
7620,0.686513
7621,0.831991
7622,0.479937
7623,0.929127
7624,0.657423
7625,0.056717
7626,0.868588
7627,0.549369
7628,0.448709
7629,0.860711
7630,0.914703
7631,0.972619
7632,0.656737
7633,0.792372
7634,0.935784
7635,0.592446
7636,0.688653
7637,0.837181
7638,0.893657
7639,0.036423
7640,0.559285
7641,0.698433
7642,0.300361
7643,0.032063
7644,0.927388
7645,0.81757
7646,0.867568
7647,0.380513
7648,0.681105
7649,0.717679
7650,0.859181
7651,0.852963
7652,0.937254
7653,0.644542
7654,0.702368
7655,0.985059
7656,0.386631
7657,0.884307
7658,0.877374
7659,0.860392
7660,0.786499
7661,0.984005
7662,0.532176
7663,0.57787
7664,0.768201
7665,0.676382
7666,0.667619
7667,0.188192
7668,0.918018
7669,0.806454
7670,0.895513
7671,0.723211
7672,0.266058
7673,0.783972
7674,0.926596
7675,0.666894
7676,0.724302
7677,0.941964
7678,0.440435
7679,0.616143
7680,0.802186
7681,0.763409
7682,0.643277
7683,0.809299
7684,0.52416
7685,0.510661
7686,0.919103
7687,0.659994
7688,0.876827
7689,0.777109
7690,0.789409
7691,0.702648
7692,0.195901
7693,0.93924
7694,0.93887
7695,0.897645
7696,0.857624
7697,0.987038
7698,0.932948
7699,0.521049
7700,0.855701
7701,0.057207
7702,0.806499
7703,0.635284
7704,0.736531
7705,0.685777
7706,0.703852
7707,0.865589
7708,0.897713
7709,0.60749
7710,0.513385
7711,0.315245
7712,0.716715
7713,0.959539
7714,0.738603
7715,0.23109
7716,0.738762
7717,0.509399
7718,0.511273
7719,0.576753
7720,0.744156
7721,0.577209
7722,0.503859
7723,0.561889
7724,0.938966
7725,0.818618
7726,0.935154
7727,0.946718
7728,0.971961
7729,0.755844
7730,0.873462
7731,0.559332
7732,0.689225
7733,0.602393
7734,0.639523
7735,0.88046
7736,0.702461
7737,0.926827
7738,0.842599
7739,0.785707
7740,0.824956
7741,0.575712
7742,0.918956
7743,0.683312
7744,0.569807
7745,0.781356
7746,0.444871
7747,0.88835
7748,0.960662
7749,0.40369
7750,0.354713
7751,0.79051
7752,0.741698
7753,0.749256
7754,0.059769
7755,0.842422
7756,0.757512
7757,0.656727
7758,0.574612
7759,0.972049
7760,0.670879
7761,0.766041
7762,0.954898
7763,0.97407
7764,0.753009
7765,0.183863
7766,0.68756
7767,0.56249
7768,0.638852
7769,0.788685
7770,0.727642
7771,0.531059
7772,0.424548
7773,0.862411
7774,0.94524
7775,0.895768
7776,0.934964
7777,0.929915
7778,0.786435
7779,0.915745
7780,0.84714
7781,0.807146
7782,0.66698
7783,0.912045
7784,0.64085
7785,0.733485
7786,0.834376
7787,0.756
7788,0.898923
7789,0.955811
7790,0.711691
7791,0.817151
7792,0.867051
7793,0.877604
7794,0.692672
7795,0.577719
7796,0.943351
7797,0.363532
7798,0.934703
7799,0.912779
7800,0.628017
7801,0.609892
7802,0.725022
7803,0.844682
7804,0.800108
7805,0.684135
7806,0.712861
7807,0.762192
7808,0.072634
7809,0.222921
7810,0.75619
7811,0.843098
7812,0.517204
7813,0.53408
7814,0.713036
7815,0.944253
7816,0.74041
7817,0.851
7818,0.955243
7819,0.755269
7820,0.667179
7821,0.658871
7822,0.593138
7823,0.627287
7824,0.712873
7825,0.59841
7826,0.921297
7827,0.485345
7828,0.840261
7829,0.646121
7830,0.702917
7831,0.874402
7832,0.982905
7833,0.766609
7834,0.633313
7835,0.380669
7836,0.887412
7837,0.681782
7838,0.635154
7839,0.793905
7840,0.758544
7841,0.602079
7842,0.774985
7843,0.737883
7844,0.891137
7845,0.88988
7846,0.967106
7847,0.937282
7848,0.588859
7849,0.224843
7850,0.780171
7851,0.777814
7852,0.622415
7853,0.83298
7854,0.432891
7855,0.960178
7856,0.680553
7857,0.671105
7858,0.802343
7859,0.839647
7860,0.797682
7861,0.883828
7862,0.882024
7863,0.139004
7864,0.399112
7865,0.64553
7866,0.679412
7867,0.874978
7868,0.836111
7869,0.688849
7870,0.77574
7871,0.919819
7872,0.652095
7873,0.031241
7874,0.988631
7875,0.167558
7876,0.963593
7877,0.650468
7878,0.543682
7879,0.570851
7880,0.981871
7881,0.861335
7882,0.683782
7883,0.578929
7884,0.842304
7885,0.768293
7886,0.95889
7887,0.478605
7888,0.778131
7889,0.764171
7890,0.775115
7891,0.563593
7892,0.985038
7893,0.89607
7894,0.665113
7895,0.388406
7896,0.668868
7897,0.451974
7898,0.043766
7899,0.879891
7900,0.848414
7901,0.954422
7902,0.92785
7903,0.816537
7904,0.623473
7905,0.798081
7906,0.567984
7907,0.074653
7908,0.649971
7909,0.753691
7910,0.657245
7911,0.975989
7912,0.868624
7913,0.547485
7914,0.696201
7915,0.585681
7916,0.817039
7917,0.644329
7918,0.575662
7919,0.656399
7920,0.928564
7921,0.657798
7922,0.667801
7923,0.808034
7924,0.48885
7925,0.469567
7926,0.759371
7927,0.654541
7928,0.697154
7929,0.783922
7930,0.062943
7931,0.551743
7932,0.575436
7933,0.913236
7934,0.956605
7935,0.611632
7936,0.686949
7937,0.622016
7938,0.578464
7939,0.548058
7940,0.91888
7941,0.745824
7942,0.393826
7943,0.946603
7944,0.77524
7945,0.65464
7946,0.851713
7947,0.754455
7948,0.503968
7949,0.932588
7950,0.988243
7951,0.958934
7952,0.041873
7953,0.790669
7954,0.312483
7955,0.613898
7956,0.441039
7957,0.981472
7958,0.949814
7959,0.482393
7960,0.883271
7961,0.968338
7962,0.677888
7963,0.92399
7964,0.906286
7965,0.815226
7966,0.904005
7967,0.870133
7968,0.725152
7969,0.80632
7970,0.683432
7971,0.747982
7972,0.864083
7973,0.54651
7974,0.435201
7975,0.902955
7976,0.709486
7977,0.720284
7978,0.837393
7979,0.598951
7980,0.708937
7981,0.990964
7982,0.730369
7983,0.809354
7984,0.981425
7985,0.932692
7986,0.649108
7987,0.860897
7988,0.963338
7989,0.609896
7990,0.824714
7991,0.775668
7992,0.71181
7993,0.805073
7994,0.056284
7995,0.035884
7996,0.910117
7997,0.753841
7998,0.659218
7999,0.576998
8000,0.757439
8001,0.831076
8002,0.73775
8003,0.841577
8004,0.629389
8005,0.864714
8006,0.905842
8007,0.742093
8008,0.768295
8009,0.760078
8010,0.845697
8011,0.936994
8012,0.704049
8013,0.7414
8014,0.477235
8015,0.905446
8016,0.699519
8017,0.930818
8018,0.752292
8019,0.329708
8020,0.859095
8021,0.370958
8022,0.697434
8023,0.89845
8024,0.056819
8025,0.455642
8026,0.849827
8027,0.986763
8028,0.712393
8029,0.937518
8030,0.949546
8031,0.808954
8032,0.377511
8033,0.499536
8034,0.584212
8035,0.707456
8036,0.699686
8037,0.78682
8038,0.794652
8039,0.896582
8040,0.984296
8041,0.889083
8042,0.646198
8043,0.631801
8044,0.957617
8045,0.716216
8046,0.879661
8047,0.830098
8048,0.718009
8049,0.320382
8050,0.724239
8051,0.531691
8052,0.717173
8053,0.634677
8054,0.727598
8055,0.451211
8056,0.684262
8057,0.814273
8058,0.746984
8059,0.652959
8060,0.346948
8061,0.863463
8062,0.561729
8063,0.902449
8064,0.890219
8065,0.397575
8066,0.946468
8067,0.327916
8068,0.159752
8069,0.70014
8070,0.700703
8071,0.964219
8072,0.802794
8073,0.989066
8074,0.860975
8075,0.902785
8076,0.432336
8077,0.940084
8078,0.951131
8079,0.783755
8080,0.7413
8081,0.853039
8082,0.934829
8083,0.907864
8084,0.55363
8085,0.741495
8086,0.730533
8087,0.987534
8088,0.059904
8089,0.808122
8090,0.724483
8091,0.615185
8092,0.581834
8093,0.676786
8094,0.88863
8095,0.928221
8096,0.767532
8097,0.981796
8098,0.92812
8099,0.729982
8100,0.695183
8101,0.679908
8102,0.661063
8103,0.83811
8104,0.548853
8105,0.977152
8106,0.576234
8107,0.542244
8108,0.542977
8109,0.913174
8110,0.857975
8111,0.218231
8112,0.590558
8113,0.53526
8114,0.983001
8115,0.940219
8116,0.740392
8117,0.988401
8118,0.769055
8119,0.726416
8120,0.990169
8121,0.979635
8122,0.879504
8123,0.925064
8124,0.401719
8125,0.50494
8126,0.456694
8127,0.461265
8128,0.242219
8129,0.828103
8130,0.774029
8131,0.878102
8132,0.634168
8133,0.676969
8134,0.836609
8135,0.878721
8136,0.366517
8137,0.659686
8138,0.639587
8139,0.490204
8140,0.934788
8141,0.769468
8142,0.54937
8143,0.547135
8144,0.909654
8145,0.416613
8146,0.640972
8147,0.812554
8148,0.978838
8149,0.854063
8150,0.371889
8151,0.763409
8152,0.960715
8153,0.740459
8154,0.979621
8155,0.938137
8156,0.936137
8157,0.845363
8158,0.948961
8159,0.548888
8160,0.693293
8161,0.951311
8162,0.834576
8163,0.850743
8164,0.562924
8165,0.580743
8166,0.661042
8167,0.200353
8168,0.696121
8169,0.964491
8170,0.871454
8171,0.816021
8172,0.985632
8173,0.41951
8174,0.69016
8175,0.467167
8176,0.389344
8177,0.575231
8178,0.754016
8179,0.634059
8180,0.921792
8181,0.978002
8182,0.965994
8183,0.537955
8184,0.780762
8185,0.782732
8186,0.614655
8187,0.864185
8188,0.721843
8189,0.429377
8190,0.866929
8191,0.844366
8192,0.866027
8193,0.905425
8194,0.448797
8195,0.733508
8196,0.807602
8197,0.592299
8198,0.750162
8199,0.559316
8200,0.544664
8201,0.773556
8202,0.883926
8203,0.594112
8204,0.967265
8205,0.797301
8206,0.031972
8207,0.480171
8208,0.75437
8209,0.973668
8210,0.074273
8211,0.7921
8212,0.81587
8213,0.780018
8214,0.77785
8215,0.95835
8216,0.666416
8217,0.818072
8218,0.523325
8219,0.857347
8220,0.896844
8221,0.944378
8222,0.586624
8223,0.858496
8224,0.58002
8225,0.849382
8226,0.779536
8227,0.878603
8228,0.533149
8229,0.824079
8230,0.607693
8231,0.745182
8232,0.870902
8233,0.945138
8234,0.971465
8235,0.946507
8236,0.970847
8237,0.481255
8238,0.724303
8239,0.961573
8240,0.749024
8241,0.510233
8242,0.398488
8243,0.910495
8244,0.972898
8245,0.886821
8246,0.969996
8247,0.5984
8248,0.992254
8249,0.262086
8250,0.871287
8251,0.983261
8252,0.446427
8253,0.61285
8254,0.427008
8255,0.333786
8256,0.663424
8257,0.841883
8258,0.738706
8259,0.380279
8260,0.916581
8261,0.890956
8262,0.80516
8263,0.701791
8264,0.628432
8265,0.284547
8266,0.520458
8267,0.488971
8268,0.866742
8269,0.871922
8270,0.71198
8271,0.983392
8272,0.676913
8273,0.911933
8274,0.864876
8275,0.789854
8276,0.964756
8277,0.565841
8278,0.71242
8279,0.724
8280,0.756914
8281,0.741846
8282,0.915266
8283,0.769498
8284,0.596066
8285,0.820449
8286,0.605239
8287,0.823312
8288,0.192309
8289,0.983813
8290,0.751334
8291,0.763049
8292,0.137182
8293,0.654123
8294,0.820907
8295,0.053861
8296,0.964162
8297,0.674346
8298,0.676221
8299,0.772648
8300,0.880602
8301,0.619532
8302,0.739075
8303,0.411678
8304,0.976268
8305,0.749703
8306,0.768177
8307,0.777478
8308,0.598662
8309,0.977065
8310,0.787565
8311,0.742641
8312,0.83234
8313,0.921797
8314,0.887767
8315,0.398372
8316,0.90361
8317,0.975959
8318,0.85643
8319,0.559381
8320,0.488294
8321,0.976587
8322,0.941504
8323,0.884643
8324,0.764009
8325,0.505994
8326,0.653691
8327,0.54999
8328,0.064549
8329,0.680503
8330,0.993373
8331,0.937307
8332,0.717019
8333,0.989433
8334,0.799267
8335,0.647203
8336,0.683885
8337,0.729789
8338,0.605696
8339,0.962778
8340,0.646885
8341,0.94768
8342,0.954219
8343,0.514998
8344,0.787026
8345,0.809969
8346,0.710357
8347,0.798862
8348,0.822915
8349,0.9379
8350,0.440439
8351,0.742084
8352,0.610621
8353,0.553249
8354,0.919162
8355,0.607174
8356,0.592475
8357,0.247883
8358,0.831086
8359,0.72417
8360,0.801377
8361,0.969076
8362,0.616064
8363,0.511877
8364,0.469043
8365,0.866772
8366,0.851292
8367,0.434035
8368,0.435246
8369,0.772807
8370,0.805198
8371,0.400837
8372,0.793706
8373,0.767464
8374,0.642493
8375,0.690784
8376,0.954515
8377,0.884786
8378,0.875343
8379,0.74592
8380,0.673734
8381,0.766432
8382,0.640556
8383,0.854695
8384,0.827375
8385,0.925298
8386,0.863143
8387,0.380571
8388,0.859827
8389,0.58205
8390,0.98033
8391,0.922329
8392,0.763944
8393,0.745475
8394,0.688231
8395,0.675425
8396,0.975252
8397,0.701429
8398,0.859882
8399,0.887398
8400,0.823258
8401,0.879271
8402,0.913823
8403,0.642104
8404,0.992081
8405,0.382242
8406,0.883168
8407,0.563116
8408,0.963755
8409,0.705863
8410,0.773111
8411,0.82018
8412,0.817657
8413,0.392982
8414,0.961981
8415,0.725946
8416,0.879929
8417,0.197696
8418,0.800687
8419,0.693373
8420,0.826794
8421,0.72511
8422,0.598679
8423,0.885403
8424,0.448237
8425,0.951977
8426,0.694565
8427,0.582864
8428,0.442277
8429,0.74839
8430,0.640059
8431,0.745385
8432,0.835614
8433,0.834728
8434,0.805574
8435,0.786488
8436,0.756027
8437,0.49388
8438,0.810402
8439,0.289307
8440,0.755597
8441,0.825315
8442,0.811609
8443,0.911787
8444,0.938654
8445,0.550043
8446,0.865908
8447,0.852715
8448,0.868724
8449,0.487364
8450,0.223887
8451,0.691463
8452,0.516314
8453,0.742906
8454,0.824089
8455,0.836128
8456,0.752079
8457,0.522979
8458,0.836743
8459,0.873094
8460,0.755965
8461,0.915763
8462,0.897116
8463,0.783808
8464,0.944638
8465,0.850283
8466,0.449489
8467,0.969301
8468,0.984301
8469,0.637653
8470,0.513601
8471,0.988614
8472,0.627773
8473,0.87349
8474,0.931409
8475,0.754209
8476,0.646119
8477,0.825183
8478,0.824615
8479,0.542683
8480,0.618079
8481,0.683919
8482,0.480003
8483,0.512964
8484,0.632659
8485,0.694989
8486,0.98657
8487,0.948342
8488,0.14921
8489,0.768476
8490,0.797005
8491,0.951378
8492,0.435073
8493,0.676803
8494,0.529987
8495,0.870065
8496,0.572994
8497,0.668958
8498,0.465392
8499,0.577809
8500,0.472718
8501,0.653812
8502,0.885635
8503,0.710759
8504,0.583555
8505,0.921775
8506,0.272393
8507,0.950987
8508,0.737045
8509,0.988092
8510,0.669334
8511,0.046059
8512,0.909501
8513,0.756264
8514,0.425733
8515,0.886598
8516,0.767961
8517,0.460113
8518,0.626804
8519,0.732872
8520,0.792631
8521,0.715864
8522,0.757115
8523,0.159195
8524,0.683161
8525,0.993631
8526,0.068044
8527,0.691381
8528,0.638885
8529,0.835139
8530,0.390917
8531,0.476564
8532,0.771126
8533,0.780399
8534,0.873999
8535,0.850667
8536,0.757103
8537,0.502249
8538,0.670605
8539,0.70615
8540,0.788925
8541,0.042553
8542,0.986729
8543,0.867802
8544,0.802997
8545,0.960779
8546,0.861793
8547,0.623939
8548,0.638988
8549,0.792226
8550,0.794044
8551,0.753
8552,0.597111
8553,0.159914
8554,0.91826
8555,0.752672
8556,0.617818
8557,0.657095
8558,0.800368
8559,0.427517
8560,0.95875
8561,0.775374
8562,0.87099
8563,0.945355
8564,0.836884
8565,0.136193
8566,0.993405
8567,0.678255
8568,0.922555
8569,0.917583
8570,0.916505
8571,0.836705
8572,0.929606
8573,0.726616
8574,0.715668
8575,0.811817
8576,0.637565
8577,0.662893
8578,0.910136
8579,0.79651
8580,0.664551
8581,0.882612
8582,0.736935
8583,0.84257
8584,0.720194
8585,0.921283
8586,0.437088
8587,0.775832
8588,0.57734
8589,0.689635
8590,0.917239
8591,0.905129
8592,0.988215
8593,0.981736
8594,0.834234
8595,0.934023
8596,0.853927
8597,0.982435
8598,0.601359
8599,0.89948
8600,0.782709
8601,0.623985
8602,0.055184
8603,0.726763
8604,0.922598
8605,0.849108
8606,0.436133
8607,0.489989
8608,0.583391
8609,0.933881
8610,0.879381
8611,0.62353
8612,0.733496
8613,0.691567
8614,0.88533
8615,0.799118
8616,0.543786
8617,0.571696
8618,0.834454
8619,0.86576
8620,0.648519
8621,0.630423
8622,0.620199
8623,0.82296
8624,0.646462
8625,0.715504
8626,0.800429
8627,0.770526
8628,0.592961
8629,0.737051
8630,0.775272
8631,0.824546
8632,0.965762
8633,0.555114
8634,0.640351
8635,0.748378
8636,0.740551
8637,0.834572
8638,0.973033
8639,0.540408
8640,0.474197
8641,0.862206
8642,0.729646
8643,0.975875
8644,0.792474
8645,0.807093
8646,0.564973
8647,0.85768
8648,0.654837
8649,0.809263
8650,0.99017
8651,0.881798
8652,0.604607
8653,0.845576
8654,0.929586
8655,0.965453
8656,0.440954
8657,0.6965
8658,0.707908
8659,0.923436
8660,0.973904
8661,0.878286
8662,0.850754
8663,0.911675
8664,0.474682
8665,0.826848
8666,0.551131
8667,0.714964
8668,0.309652
8669,0.894771
8670,0.749493
8671,0.977228
8672,0.787025
8673,0.810867
8674,0.691339
8675,0.688038
8676,0.033609
8677,0.708062
8678,0.035705
8679,0.372771
8680,0.916415
8681,0.746863
8682,0.970321
8683,0.913626
8684,0.820653
8685,0.743389
8686,0.553283
8687,0.938997
8688,0.788142
8689,0.550391
8690,0.845998
8691,0.981019
8692,0.714257
8693,0.880557
8694,0.767612
8695,0.668507
8696,0.928873
8697,0.870805
8698,0.973888
8699,0.714428
8700,0.903128
8701,0.888862
8702,0.898349
8703,0.501205
8704,0.675291
8705,0.876802
8706,0.276199
8707,0.855802
8708,0.540166
8709,0.371914
8710,0.9096
8711,0.826847
8712,0.661913
8713,0.934593
8714,0.99115
8715,0.626994
8716,0.613977
8717,0.767621
8718,0.323242
8719,0.950392
8720,0.83711
8721,0.591919
8722,0.89707
8723,0.888102
8724,0.978944
8725,0.887024
8726,0.614104
8727,0.772719
8728,0.548197
8729,0.932084
8730,0.821275
8731,0.974151
8732,0.824391
8733,0.910226
8734,0.25232
8735,0.97016
8736,0.63833
8737,0.919852
8738,0.783678
8739,0.728892
8740,0.808391
8741,0.679951
8742,0.865094
8743,0.838404
8744,0.69809
8745,0.974315
8746,0.757722
8747,0.909842
8748,0.625164
8749,0.141309
8750,0.988358
8751,0.85381
8752,0.908653
8753,0.723802
8754,0.816105
8755,0.137253
8756,0.943628
8757,0.608057
8758,0.655839
8759,0.925799
8760,0.907731
8761,0.729836
8762,0.599019
8763,0.800718
8764,0.813772
8765,0.401583
8766,0.735991
8767,0.483918
8768,0.601543
8769,0.605655
8770,0.803323
8771,0.627206
8772,0.990038
8773,0.932091
8774,0.794998
8775,0.704636
8776,0.560509
8777,0.654995
8778,0.611683
8779,0.37353
8780,0.325475
8781,0.549275
8782,0.694446
8783,0.855812
8784,0.553576
8785,0.480408
8786,0.923589
8787,0.87526
8788,0.809659
8789,0.854359
8790,0.598476
8791,0.823927
8792,0.755488
8793,0.800599
8794,0.783548
8795,0.672891
8796,0.524128
8797,0.81504
8798,0.88496
8799,0.534856
8800,0.808988
8801,0.839761
8802,0.72896
8803,0.928311
8804,0.954001
8805,0.972202
8806,0.727774
8807,0.484736
8808,0.794067
8809,0.822679
8810,0.452592
8811,0.609699
8812,0.95258
8813,0.951914
8814,0.789557
8815,0.946156
8816,0.98585
8817,0.948736
8818,0.688486
8819,0.920348
8820,0.918099
8821,0.794354
8822,0.972429
8823,0.791627
8824,0.945747
8825,0.850094
8826,0.753599
8827,0.952714
8828,0.651885
8829,0.950869
8830,0.971123
8831,0.735129
8832,0.495661
8833,0.485388
8834,0.981498
8835,0.794471
8836,0.876727
8837,0.482647
8838,0.77607
8839,0.975968
8840,0.635207
8841,0.874512
8842,0.888309
8843,0.670186
8844,0.724474
8845,0.731628
8846,0.911957
8847,0.709095
8848,0.652053
8849,0.825784
8850,0.987724
8851,0.621942
8852,0.857593
8853,0.644096
8854,0.53907
8855,0.035696
8856,0.639975
8857,0.815752
8858,0.667086
8859,0.382586
8860,0.326969
8861,0.673788
8862,0.866486
8863,0.962018
8864,0.985901
8865,0.906661
8866,0.437831
8867,0.369998
8868,0.635791
8869,0.800069
8870,0.761421
8871,0.932401
8872,0.715189
8873,0.772864
8874,0.796859
8875,0.575304
8876,0.035825
8877,0.769742
8878,0.673797
8879,0.913872
8880,0.546159
8881,0.951934
8882,0.967084
8883,0.642798
8884,0.502315
8885,0.540326
8886,0.713109
8887,0.860893
8888,0.675499
8889,0.637591
8890,0.720129
8891,0.707293
8892,0.651918
8893,0.585187
8894,0.450486
8895,0.922363
8896,0.738735
8897,0.980638
8898,0.826359
8899,0.733377
8900,0.885766
8901,0.198227
8902,0.039441
8903,0.842463
8904,0.921637
8905,0.464596
8906,0.858867
8907,0.710456
8908,0.849162
8909,0.912297
8910,0.892177
8911,0.670008
8912,0.834645
8913,0.729615
8914,0.520875
8915,0.820451
8916,0.845639
8917,0.583221
8918,0.56144
8919,0.630849
8920,0.526853
8921,0.504726
8922,0.382176
8923,0.692775
8924,0.678596
8925,0.49374
8926,0.937484
8927,0.766804
8928,0.911141
8929,0.627663
8930,0.608436
8931,0.231266
8932,0.774925
8933,0.668484
8934,0.7569
8935,0.924398
8936,0.971065
8937,0.583129
8938,0.808226
8939,0.665985
8940,0.984411
8941,0.97051
8942,0.676355
8943,0.758448
8944,0.933922
8945,0.737751
8946,0.854573
8947,0.947885
8948,0.699181
8949,0.838608
8950,0.990426
8951,0.987472
8952,0.721481
8953,0.648773
8954,0.972793
8955,0.549137
8956,0.439521
8957,0.589453
8958,0.732906
8959,0.694137
8960,0.656353
8961,0.909245
8962,0.776996
8963,0.969589
8964,0.556678
8965,0.72635
8966,0.952265
8967,0.2682
8968,0.813181
8969,0.832601
8970,0.733633
8971,0.529437
8972,0.887321
8973,0.889092
8974,0.467655
8975,0.930779
8976,0.675689
8977,0.157849
8978,0.764733
8979,0.704709
8980,0.629372
8981,0.669446
8982,0.882846
8983,0.788918
8984,0.763651
8985,0.790459
8986,0.886919
8987,0.733507
8988,0.597917
8989,0.680906
8990,0.802075
8991,0.826622
8992,0.906996
8993,0.730351
8994,0.713378
8995,0.645497
8996,0.7407
8997,0.209723
8998,0.983192
8999,0.778705
9000,0.559124
9001,0.873363
9002,0.867253
9003,0.862342
9004,0.963236
9005,0.327287
9006,0.935854
9007,0.912828
9008,0.511403
9009,0.795208
9010,0.647965
9011,0.807122
9012,0.334196
9013,0.745996
9014,0.507093
9015,0.732708
9016,0.982133
9017,0.826076
9018,0.770453
9019,0.313722
9020,0.698921
9021,0.795501
9022,0.654949
9023,0.779126
9024,0.845075
9025,0.749786
9026,0.939223
9027,0.083389
9028,0.911139
9029,0.026585
9030,0.950866
9031,0.772598
9032,0.713524
9033,0.901931
9034,0.931457
9035,0.855959
9036,0.132904
9037,0.563978
9038,0.778806
9039,0.970122
9040,0.573597
9041,0.952322
9042,0.969567
9043,0.76913
9044,0.608691
9045,0.818907
9046,0.761094
9047,0.702812
9048,0.846127
9049,0.668913
9050,0.88169
9051,0.870451
9052,0.792122
9053,0.779059
9054,0.735394
9055,0.419801
9056,0.946765
9057,0.764186
9058,0.704796
9059,0.679028
9060,0.72908
9061,0.836383
9062,0.985263
9063,0.856526
9064,0.893469
9065,0.843107
9066,0.694601
9067,0.02477
9068,0.771452
9069,0.675587
9070,0.990551
9071,0.478744
9072,0.54381
9073,0.746731
9074,0.4791
9075,0.956359
9076,0.455677
9077,0.555761
9078,0.782901
9079,0.510697
9080,0.547697
9081,0.860102
9082,0.630213
9083,0.798087
9084,0.784092
9085,0.660661
9086,0.635979
9087,0.942497
9088,0.851493
9089,0.824704
9090,0.974309
9091,0.029629
9092,0.086549
9093,0.613983
9094,0.846743
9095,0.993169
9096,0.689183
9097,0.518764
9098,0.888357
9099,0.430098
9100,0.771536
9101,0.983511
9102,0.819332
9103,0.520188
9104,0.835074
9105,0.029391
9106,0.894482
9107,0.892696
9108,0.868902
9109,0.73699
9110,0.587871
9111,0.671351
9112,0.400014
9113,0.820386
9114,0.731686
9115,0.073792
9116,0.756977
9117,0.761982
9118,0.953429
9119,0.69028
9120,0.588451
9121,0.940175
9122,0.628472
9123,0.988805
9124,0.970465
9125,0.994277
9126,0.988679
9127,0.566178
9128,0.842457
9129,0.920329
9130,0.856437
9131,0.523807
9132,0.534787
9133,0.852696
9134,0.958718
9135,0.928995
9136,0.693019
9137,0.905056
9138,0.933397
9139,0.731648
9140,0.893749
9141,0.654809
9142,0.57706
9143,0.747914
9144,0.953406
9145,0.812059
9146,0.577133
9147,0.786988
9148,0.12072
9149,0.909806
9150,0.990756
9151,0.576803
9152,0.775496
9153,0.962341
9154,0.927098
9155,0.561989
9156,0.721827
9157,0.776749
9158,0.955887
9159,0.802309
9160,0.977065
9161,0.598519
9162,0.573426
9163,0.766744
9164,0.983911
9165,0.365881
9166,0.750874
9167,0.520789
9168,0.890346
9169,0.894201
9170,0.529819
9171,0.825411
9172,0.68598
9173,0.78132
9174,0.805334
9175,0.885742
9176,0.915666
9177,0.768578
9178,0.788811
9179,0.586207
9180,0.793072
9181,0.765557
9182,0.787251
9183,0.976253
9184,0.953189
9185,0.59688
9186,0.742625
9187,0.871661
9188,0.812271
9189,0.731535
9190,0.691105
9191,0.296244
9192,0.608822
9193,0.245705
9194,0.896196
9195,0.749083
9196,0.838612
9197,0.347163
9198,0.410595
9199,0.66913
9200,0.874259
9201,0.670616
9202,0.87254
9203,0.872501
9204,0.826242
9205,0.563889
9206,0.404665
9207,0.87447
9208,0.808496
9209,0.915307
9210,0.716305
9211,0.677154
9212,0.954132
9213,0.30868
9214,0.696407
9215,0.916221
9216,0.621917
9217,0.819568
9218,0.404957
9219,0.484255
9220,0.666853
9221,0.570269
9222,0.692134
9223,0.934558
9224,0.54225
9225,0.843414
9226,0.852791
9227,0.450495
9228,0.708994
9229,0.969429
9230,0.903819
9231,0.874748
9232,0.98104
9233,0.035985
9234,0.822061
9235,0.727719
9236,0.825234
9237,0.474651
9238,0.697187
9239,0.716338
9240,0.530511
9241,0.964026
9242,0.502297
9243,0.975029
9244,0.783873
9245,0.580322
9246,0.848227
9247,0.585819
9248,0.488228
9249,0.687964
9250,0.861305
9251,0.324376
9252,0.770903
9253,0.852316
9254,0.918339
9255,0.94086
9256,0.986441
9257,0.408379
9258,0.961282
9259,0.981167
9260,0.424892
9261,0.795079
9262,0.683643
9263,0.945821
9264,0.47227
9265,0.41617
9266,0.871947
9267,0.729238
9268,0.813428
9269,0.674584
9270,0.988957
9271,0.893111
9272,0.985867
9273,0.604555
9274,0.810702
9275,0.619263
9276,0.532519
9277,0.906636
9278,0.814063
9279,0.924057
9280,0.785515
9281,0.965206
9282,0.613527
9283,0.919579
9284,0.913487
9285,0.925685
9286,0.851052
9287,0.03771
9288,0.379664
9289,0.951499
9290,0.889278
9291,0.593513
9292,0.692261
9293,0.875
9294,0.766007
9295,0.886504
9296,0.817664
9297,0.668266
9298,0.907808
9299,0.545673
9300,0.980362
9301,0.542045
9302,0.362858
9303,0.615984
9304,0.605783
9305,0.135549
9306,0.909028
9307,0.07601
9308,0.80535
9309,0.857461
9310,0.375974
9311,0.777431
9312,0.625436
9313,0.896822
9314,0.861179
9315,0.864386
9316,0.73115
9317,0.685455
9318,0.691318
9319,0.884381
9320,0.709959
9321,0.948891
9322,0.800705
9323,0.514394
9324,0.742816
9325,0.765625
9326,0.91002
9327,0.809104
9328,0.703489
9329,0.973561
9330,0.735735
9331,0.625416
9332,0.687023
9333,0.727927
9334,0.452155
9335,0.819813
9336,0.631792
9337,0.620359
9338,0.87295
9339,0.795576
9340,0.862716
9341,0.79048
9342,0.802773
9343,0.656668
9344,0.364013
9345,0.649059
9346,0.59027
9347,0.597827
9348,0.833934
9349,0.760677
9350,0.726654
9351,0.606476
9352,0.72822
9353,0.709628
9354,0.937811
9355,0.727734
9356,0.780366
9357,0.935302
9358,0.887666
9359,0.689911
9360,0.552634
9361,0.562517
9362,0.743836
9363,0.472143
9364,0.738811
9365,0.78821
9366,0.83415
9367,0.725994
9368,0.76498
9369,0.788806
9370,0.79895
9371,0.751051
9372,0.583755
9373,0.631937
9374,0.839376
9375,0.866481
9376,0.787923
9377,0.815468
9378,0.967216
9379,0.947038
9380,0.475641
9381,0.950209
9382,0.862326
9383,0.575605
9384,0.817582
9385,0.942761
9386,0.690892
9387,0.957602
9388,0.973763
9389,0.365755
9390,0.419255
9391,0.646014
9392,0.818205
9393,0.973954
9394,0.973981
9395,0.595916
9396,0.368347
9397,0.791571
9398,0.109424
9399,0.750235
9400,0.960291
9401,0.849426
9402,0.975077
9403,0.191516
9404,0.990158
9405,0.850208
9406,0.749755
9407,0.882223
9408,0.871932
9409,0.758746
9410,0.948942
9411,0.678119
9412,0.987972
9413,0.935832
9414,0.585885
9415,0.983367
9416,0.847446
9417,0.635389
9418,0.820453
9419,0.793684
9420,0.958894
9421,0.816207
9422,0.517164
9423,0.901012
9424,0.748384
9425,0.716047
9426,0.869833
9427,0.884844
9428,0.974365
9429,0.943707
9430,0.973857
9431,0.927816
9432,0.857508
9433,0.762469
9434,0.737619
9435,0.356888
9436,0.703245
9437,0.429166
9438,0.857574
9439,0.745325
9440,0.77869
9441,0.731843
9442,0.859672
9443,0.815822
9444,0.860861
9445,0.558411
9446,0.729637
9447,0.88356
9448,0.655505
9449,0.653161
9450,0.979239
9451,0.955453
9452,0.041497
9453,0.974088
9454,0.652092
9455,0.975616
9456,0.964622
9457,0.941277
9458,0.97392
9459,0.83185
9460,0.816779
9461,0.605308
9462,0.780107
9463,0.673109
9464,0.761406
9465,0.79718
9466,0.939293
9467,0.766137
9468,0.696989
9469,0.962858
9470,0.93046
9471,0.029812
9472,0.779809
9473,0.718991
9474,0.648312
9475,0.963509
9476,0.846411
9477,0.771693
9478,0.954909
9479,0.977008
9480,0.520157
9481,0.767235
9482,0.907869
9483,0.563547
9484,0.615568
9485,0.828068
9486,0.168082
9487,0.708521
9488,0.968599
9489,0.71264
9490,0.619541
9491,0.94004
9492,0.487205
9493,0.850761
9494,0.736955
9495,0.778231
9496,0.432798
9497,0.738625
9498,0.602619
9499,0.750033
9500,0.981363
9501,0.898557
9502,0.359227
9503,0.728638
9504,0.644622
9505,0.559878
9506,0.745117
9507,0.657995
9508,0.983912
9509,0.46735
9510,0.714342
9511,0.717366
9512,0.673919
9513,0.930052
9514,0.918835
9515,0.671259
9516,0.605498
9517,0.40308
9518,0.902175
9519,0.608146
9520,0.919895
9521,0.835906
9522,0.676894
9523,0.608638
9524,0.577043
9525,0.845302
9526,0.572229
9527,0.945041
9528,0.906443
9529,0.925872
9530,0.907488
9531,0.65808
9532,0.884329
9533,0.495045
9534,0.643795
9535,0.53373
9536,0.495154
9537,0.76063
9538,0.890153
9539,0.786254
9540,0.984881
9541,0.697079
9542,0.798443
9543,0.694864
9544,0.578465
9545,0.896233
9546,0.885795
9547,0.753901
9548,0.88964
9549,0.506456
9550,0.704997
9551,0.936163
9552,0.986642
9553,0.763768
9554,0.728053
9555,0.967137
9556,0.589818
9557,0.813341
9558,0.645345
9559,0.746951
9560,0.839646
9561,0.744208
9562,0.580988
9563,0.938449
9564,0.648598
9565,0.715431
9566,0.963187
9567,0.864455
9568,0.850437
9569,0.890519
9570,0.694796
9571,0.943501
9572,0.88654
9573,0.816758
9574,0.79236
9575,0.657059
9576,0.758632
9577,0.822069
9578,0.9243
9579,0.877763
9580,0.534374
9581,0.869739
9582,0.836658
9583,0.636213
9584,0.985586
9585,0.819594
9586,0.479944
9587,0.684917
9588,0.975326
9589,0.836462
9590,0.405329
9591,0.953988
9592,0.519325
9593,0.563757
9594,0.905473
9595,0.518804
9596,0.509131
9597,0.20501
9598,0.815377
9599,0.863262
9600,0.674606
9601,0.753572
9602,0.536938
9603,0.72832
9604,0.555792
9605,0.886279
9606,0.69587
9607,0.429525
9608,0.779772
9609,0.720766
9610,0.772902
9611,0.516279
9612,0.987802
9613,0.750407
9614,0.740682
9615,0.800755
9616,0.926004
9617,0.872951
9618,0.950584
9619,0.661454
9620,0.62152
9621,0.407483
9622,0.880426
9623,0.897583
9624,0.869161
9625,0.652569
9626,0.982548
9627,0.805291
9628,0.941959
9629,0.318683
9630,0.408148
9631,0.95177
9632,0.757524
9633,0.891845
9634,0.776367
9635,0.821273
9636,0.94235
9637,0.762387
9638,0.856404
9639,0.508866
9640,0.576747
9641,0.677856
9642,0.6283
9643,0.631072
9644,0.697089
9645,0.827287
9646,0.59364
9647,0.794532
9648,0.667742
9649,0.974417
9650,0.535256
9651,0.974668
9652,0.903797
9653,0.635387
9654,0.96455
9655,0.632221
9656,0.945768
9657,0.725305
9658,0.638049
9659,0.63774
9660,0.743478
9661,0.469648
9662,0.981841
9663,0.570737
9664,0.984529
9665,0.709553
9666,0.858243
9667,0.891539
9668,0.542397
9669,0.397328
9670,0.905175
9671,0.800194
9672,0.761763
9673,0.891072
9674,0.780581
9675,0.4715
9676,0.764836
9677,0.98916
9678,0.923397
9679,0.507083
9680,0.07646
9681,0.476642
9682,0.827907
9683,0.686829
9684,0.648172
9685,0.845362
9686,0.67572
9687,0.841894
9688,0.94119
9689,0.03313
9690,0.848498
9691,0.794444
9692,0.904503
9693,0.829639
9694,0.887881
9695,0.842724
9696,0.661821
9697,0.534019
9698,0.781115
9699,0.85022
9700,0.722692
9701,0.161142
9702,0.717138
9703,0.914266
9704,0.497648
9705,0.962803
9706,0.514187
9707,0.38456
9708,0.607601
9709,0.816558
9710,0.842451
9711,0.956923
9712,0.842822
9713,0.923666
9714,0.994445
9715,0.503965
9716,0.963728
9717,0.557456
9718,0.932351
9719,0.699502
9720,0.766682
9721,0.895555
9722,0.91166
9723,0.455409
9724,0.769711
9725,0.981996
9726,0.863841
9727,0.399523
9728,0.922781
9729,0.389023
9730,0.863947
9731,0.713319
9732,0.911498
9733,0.977616
9734,0.90039
9735,0.750222
9736,0.025546
9737,0.050734
9738,0.101375
9739,0.445754
9740,0.975735
9741,0.564231
9742,0.470219
9743,0.723001
9744,0.844037
9745,0.590946
9746,0.94912
9747,0.644175
9748,0.914597
9749,0.727761
9750,0.661793
9751,0.141269
9752,0.827308
9753,0.911838
9754,0.401187
9755,0.773637
9756,0.611537
9757,0.822689
9758,0.674826
9759,0.794759
9760,0.976954
9761,0.780549
9762,0.612101
9763,0.564297
9764,0.483735
9765,0.843893
9766,0.585003
9767,0.767803
9768,0.982614
9769,0.745992
9770,0.548346
9771,0.609527
9772,0.639034
9773,0.407152
9774,0.841448
9775,0.971178
9776,0.80545
9777,0.616002
9778,0.613261
9779,0.171426
9780,0.61441
9781,0.669805
9782,0.38867
9783,0.797638
9784,0.561279
9785,0.056183
9786,0.898314
9787,0.876722
9788,0.988815
9789,0.687657
9790,0.77316
9791,0.061693
9792,0.956315
9793,0.873013
9794,0.841783
9795,0.838813
9796,0.912061
9797,0.75918
9798,0.38292
9799,0.726779
9800,0.586671
9801,0.611506
9802,0.029984
9803,0.932021
9804,0.675394
9805,0.423667
9806,0.897133
9807,0.739644
9808,0.485925
9809,0.68018
9810,0.984235
9811,0.887962
9812,0.886866
9813,0.05848
9814,0.540802
9815,0.9132
9816,0.678805
9817,0.593342
9818,0.935443
9819,0.892795
9820,0.863059
9821,0.026048
9822,0.935472
9823,0.599798
9824,0.801677
9825,0.892442
9826,0.539318
9827,0.842672
9828,0.508262
9829,0.712689
9830,0.840206
9831,0.659976
9832,0.595985
9833,0.953457
9834,0.945026
9835,0.477888
9836,0.832889
9837,0.557197
9838,0.637192
9839,0.490805
9840,0.716106
9841,0.832812
9842,0.051584
9843,0.984131
9844,0.987751
9845,0.701544
9846,0.945963
9847,0.912784
9848,0.629914
9849,0.813125
9850,0.684107
9851,0.716471
9852,0.79933
9853,0.57271
9854,0.926771
9855,0.878216
9856,0.902516
9857,0.878495
9858,0.771566
9859,0.128422
9860,0.686261
9861,0.813603
9862,0.686495
9863,0.971478
9864,0.821917
9865,0.702518
9866,0.732059
9867,0.680552
9868,0.965232
9869,0.8149
9870,0.823578
9871,0.810843
9872,0.747727
9873,0.975704
9874,0.878474
9875,0.617545
9876,0.09699
9877,0.791313
9878,0.72097
9879,0.670904
9880,0.898971
9881,0.796662
9882,0.411146
9883,0.708475
9884,0.641966
9885,0.854693
9886,0.844585
9887,0.728128
9888,0.689026
9889,0.898033
9890,0.814064
9891,0.808835
9892,0.835387
9893,0.693993
9894,0.831546
9895,0.558284
9896,0.714222
9897,0.746536
9898,0.762382
9899,0.6776
9900,0.7298
9901,0.293608
9902,0.595323
9903,0.990269
9904,0.841146
9905,0.062289
9906,0.81424
9907,0.824206
9908,0.574631
9909,0.598101
9910,0.525667
9911,0.863277
9912,0.98425
9913,0.604596
9914,0.939715
9915,0.644134
9916,0.926386
9917,0.555469
9918,0.742637
9919,0.754272
9920,0.127166
9921,0.51
9922,0.762309
9923,0.627487
9924,0.625908
9925,0.808071
9926,0.914666
9927,0.931688
9928,0.183943
9929,0.556661
9930,0.777222
9931,0.974705
9932,0.909616
9933,0.771223
9934,0.440803
9935,0.583637
9936,0.789122
9937,0.486241
9938,0.438456
9939,0.500627
9940,0.751092
9941,0.905505
9942,0.637375
9943,0.61
9944,0.642142
9945,0.782096
9946,0.849668
9947,0.969195
9948,0.946079
9949,0.768466
9950,0.554725
9951,0.615953
9952,0.929487
9953,0.973684
9954,0.101088
9955,0.529341
9956,0.824081
9957,0.737464
9958,0.788448
9959,0.790186
9960,0.935033
9961,0.594255
9962,0.630565
9963,0.580763
9964,0.753254
9965,0.858336
9966,0.894135
9967,0.888978
9968,0.959474
9969,0.943479
9970,0.355626
9971,0.818273
9972,0.608536
9973,0.644329
9974,0.641743
9975,0.623527
9976,0.935739
9977,0.026182
9978,0.733867
9979,0.941804
9980,0.817707
9981,0.658717
9982,0.641221
9983,0.711795
9984,0.68111
9985,0.802244
9986,0.656677
9987,0.451818
9988,0.683528
9989,0.665858
9990,0.715181
9991,0.657859
9992,0.677425
9993,0.531614
9994,0.659788
9995,0.761918
9996,0.867612
9997,0.729284
9998,0.520467
9999,0.372574
10000,0.957493
10001,0.915654
10002,0.672173
10003,0.487843
10004,0.837339
10005,0.824743
10006,0.854625
10007,0.746711
10008,0.273151
10009,0.771794
10010,0.791836
10011,0.799339
10012,0.841611
10013,0.323615
10014,0.762477
10015,0.57635
10016,0.733358
10017,0.834537
10018,0.767051
10019,0.846614
10020,0.638695
10021,0.09321
10022,0.937013
10023,0.316094
10024,0.826304
10025,0.980334
10026,0.699354
10027,0.720747
10028,0.685369
10029,0.989343
10030,0.878618
10031,0.741574
10032,0.842647
10033,0.811909
10034,0.681792
10035,0.937581
10036,0.627707
10037,0.594276
10038,0.582025
10039,0.590546
10040,0.927161
10041,0.977732
10042,0.905173
10043,0.757546
10044,0.925582
10045,0.570901
10046,0.97079
10047,0.777053
10048,0.934963
10049,0.681285
10050,0.941096
10051,0.52833
10052,0.77969
10053,0.772079
10054,0.714677
10055,0.370429
10056,0.755242
10057,0.613543
10058,0.789318
10059,0.874154
10060,0.98515
10061,0.785655
10062,0.435674
10063,0.697975
10064,0.84316
10065,0.950488
10066,0.694946
10067,0.954098
10068,0.790152
10069,0.583087
10070,0.721936
10071,0.810988
10072,0.855549
10073,0.939698
10074,0.376725
10075,0.836357
10076,0.971272
10077,0.358474
10078,0.769997
10079,0.216351
10080,0.806853
10081,0.978779
10082,0.754726
10083,0.783116
10084,0.900853
10085,0.771339
10086,0.915119
10087,0.76409
10088,0.46516
10089,0.872902
10090,0.854413
10091,0.872268
10092,0.766979
10093,0.649359
10094,0.737007
10095,0.912788
10096,0.80047
10097,0.543508
10098,0.878492
10099,0.769626
10100,0.58579
10101,0.813758
10102,0.820702
10103,0.482012
10104,0.746753
10105,0.883311
10106,0.88043
10107,0.855906
10108,0.986833
10109,0.562578
10110,0.888872
10111,0.981311
10112,0.751138
10113,0.935039
10114,0.840622
10115,0.141815
10116,0.699297
10117,0.734195
10118,0.934496
10119,0.930738
10120,0.848246
10121,0.968132
10122,0.124405
10123,0.435151
10124,0.977491
10125,0.909131
10126,0.867192
10127,0.815327
10128,0.893196
10129,0.786537
10130,0.626572
10131,0.848428
10132,0.766669
10133,0.717613
10134,0.772876
10135,0.891809
10136,0.938393
10137,0.785294
10138,0.813038
10139,0.559876
10140,0.746236
10141,0.692308
10142,0.870501
10143,0.970993
10144,0.734667
10145,0.836551
10146,0.857987
10147,0.958305
10148,0.526168
10149,0.791705
10150,0.921746
10151,0.366918
10152,0.697143
10153,0.450959
10154,0.606535
10155,0.444276
10156,0.47161
10157,0.877841
10158,0.595874
10159,0.717208
10160,0.505126
10161,0.864622
10162,0.761027
10163,0.94097
10164,0.964661
10165,0.471057
10166,0.728259
10167,0.917661
10168,0.932667
10169,0.688596
10170,0.52265
10171,0.865627
10172,0.474177
10173,0.958314
10174,0.652185
10175,0.764136
10176,0.809937
10177,0.919083
10178,0.701165
10179,0.698428
10180,0.870954
10181,0.488332
10182,0.943287
10183,0.980241
10184,0.562024
10185,0.778122
10186,0.867826
10187,0.57613
10188,0.783438
10189,0.845226
10190,0.807132
10191,0.676324
10192,0.949447
10193,0.954275
10194,0.540726
10195,0.494392
10196,0.809722
10197,0.773603
10198,0.933176
10199,0.980016
10200,0.769485
10201,0.709848
10202,0.833496
10203,0.860518
10204,0.982482
10205,0.598563
10206,0.800353
10207,0.870343
10208,0.875631
10209,0.762026
10210,0.717166
10211,0.683259
10212,0.663817
10213,0.7978
10214,0.889134
10215,0.726198
10216,0.648631
10217,0.868856
10218,0.493908
10219,0.453738
10220,0.920562
10221,0.797163
10222,0.749157
10223,0.62606
10224,0.724934
10225,0.911889
10226,0.713771
10227,0.778912
10228,0.516697
10229,0.647638
10230,0.584014
10231,0.745589
10232,0.751374
10233,0.892863
10234,0.664283
10235,0.724067
10236,0.749832
10237,0.216927
10238,0.81321
10239,0.780759
10240,0.745209
10241,0.860695
10242,0.429129
10243,0.646501
10244,0.637566
10245,0.119767
10246,0.628223
10247,0.845161
10248,0.291645
10249,0.635842
10250,0.690218
10251,0.636471
10252,0.417425
10253,0.887825
10254,0.727338
10255,0.923042
10256,0.712621
10257,0.739598
10258,0.562751
10259,0.82301
10260,0.759138
10261,0.987369
10262,0.92871
10263,0.985781
10264,0.84847
10265,0.776417
10266,0.588822
10267,0.875407
10268,0.851873
10269,0.479364
10270,0.867975
10271,0.714317
10272,0.988504
10273,0.249657
10274,0.892501
10275,0.856964
10276,0.764908
10277,0.757713
10278,0.648966
10279,0.861805
10280,0.959574
10281,0.77667
10282,0.951214
10283,0.879199
10284,0.73648
10285,0.748608
10286,0.663773
10287,0.858637
10288,0.743685
10289,0.574028
10290,0.551089
10291,0.632299
10292,0.947533
10293,0.689779
10294,0.880735
10295,0.5424
10296,0.870778
10297,0.797974
10298,0.737042
10299,0.04
10300,0.516089
10301,0.519539
10302,0.96167
10303,0.882233
10304,0.557317
10305,0.783454
10306,0.696602
10307,0.02888
10308,0.836077
10309,0.929799
10310,0.906887
10311,0.642081
10312,0.856314
10313,0.521405
10314,0.872402
10315,0.901412
10316,0.347462
10317,0.88899
10318,0.436349
10319,0.9225
10320,0.412903
10321,0.567887
10322,0.669381
10323,0.978685
10324,0.633529
10325,0.739347
10326,0.117781
10327,0.708417
10328,0.884944
10329,0.926078
10330,0.793861
10331,0.806195
10332,0.97321
10333,0.616611
10334,0.963759
10335,0.793603
10336,0.796088
10337,0.400578
10338,0.73716
10339,0.034118
10340,0.835148
10341,0.943964
10342,0.965791
10343,0.479296
10344,0.886093
10345,0.843622
10346,0.758997
10347,0.776666
10348,0.407524
10349,0.86676
10350,0.630774
10351,0.64831
10352,0.774174
10353,0.791431
10354,0.673281
10355,0.992737
10356,0.523
10357,0.79151
10358,0.840843
10359,0.895305
10360,0.762023
10361,0.913346
10362,0.432186
10363,0.953977
10364,0.630617
10365,0.40384
10366,0.552081
10367,0.975984
10368,0.787403
10369,0.815602
10370,0.849932
10371,0.693989
10372,0.969107
10373,0.52523
10374,0.955573
10375,0.719752
10376,0.483746
10377,0.715475
10378,0.793727
10379,0.762475
10380,0.649813
10381,0.870154
10382,0.817825
10383,0.699061
10384,0.740531
10385,0.703111
10386,0.687522
10387,0.980012
10388,0.098124
10389,0.887683
10390,0.82194
10391,0.499973
10392,0.548101
10393,0.839011
10394,0.431174
10395,0.891981
10396,0.622202
10397,0.907107
10398,0.86113
10399,0.955193
10400,0.724375
10401,0.731211
10402,0.797623
10403,0.63385
10404,0.409939
10405,0.557436
10406,0.814052
10407,0.558499
10408,0.622265
10409,0.960168
10410,0.391365
10411,0.803839
10412,0.690265
10413,0.891818
10414,0.955719
10415,0.498093
10416,0.783621
10417,0.805586
10418,0.55794
10419,0.89548
10420,0.768824
10421,0.658881
10422,0.923943
10423,0.929997
10424,0.826807
10425,0.989199
10426,0.455977
10427,0.665655
10428,0.541575
10429,0.698529
10430,0.985733
10431,0.77363
10432,0.832092
10433,0.763589
10434,0.963691
10435,0.865158
10436,0.556861
10437,0.8132
10438,0.93038
10439,0.945639
10440,0.467672
10441,0.702044
10442,0.91579
10443,0.698843
10444,0.702797
10445,0.803156
10446,0.839405
10447,0.840373
10448,0.573627
10449,0.875297
10450,0.85381
10451,0.656646
10452,0.251094
10453,0.440365
10454,0.956969
10455,0.649007
10456,0.676006
10457,0.587476
10458,0.847198
10459,0.986291
10460,0.518724
10461,0.946559
10462,0.639225
10463,0.137681
10464,0.841747
10465,0.906541
10466,0.449976
10467,0.033728
10468,0.976481
10469,0.724052
10470,0.917818
10471,0.96564
10472,0.533551
10473,0.584752
10474,0.868966
10475,0.885212
10476,0.782278
10477,0.946212
10478,0.895857
10479,0.52019
10480,0.810771
10481,0.697224
10482,0.649223
10483,0.735401
10484,0.836254
10485,0.938212
10486,0.993247
10487,0.569807
10488,0.960146
10489,0.841317
10490,0.857469
10491,0.834939
10492,0.736241
10493,0.794829
10494,0.56322
10495,0.844707
10496,0.806385
10497,0.592716
10498,0.703136
10499,0.16248
10500,0.572762
10501,0.429097
10502,0.559142
10503,0.750243
10504,0.590637
10505,0.593354
10506,0.944473
10507,0.682547
10508,0.681093
10509,0.769229
10510,0.664602
10511,0.594849
10512,0.532418
10513,0.938752
10514,0.529104
10515,0.95266
10516,0.70665
10517,0.975808
10518,0.986664
10519,0.785837
10520,0.649604
10521,0.563842
10522,0.754472
10523,0.766066
10524,0.734208
10525,0.963307
10526,0.889805
10527,0.98811
10528,0.672551
10529,0.530578
10530,0.862013
10531,0.983246
10532,0.937525
10533,0.888444
10534,0.873256
10535,0.933292
10536,0.832247
10537,0.890512
10538,0.850301
10539,0.803141
10540,0.964903
10541,0.833595
10542,0.325824
10543,0.879322
10544,0.744593
10545,0.560779
10546,0.978313
10547,0.395621
10548,0.62876
10549,0.81285
10550,0.629928
10551,0.850683
10552,0.912282
10553,0.65734
10554,0.816613
10555,0.430559
10556,0.637724
10557,0.643139
10558,0.556857
10559,0.516823
10560,0.033805
10561,0.7959
10562,0.970546
10563,0.820996
10564,0.384806
10565,0.965545
10566,0.781572
10567,0.845835
10568,0.826384
10569,0.564518
10570,0.901983
10571,0.874604
10572,0.498808
10573,0.975618
10574,0.973107
10575,0.785523
10576,0.449402
10577,0.689816
10578,0.968805
10579,0.951205
10580,0.716487
10581,0.697938
10582,0.753886
10583,0.881003
10584,0.961282
10585,0.930393
10586,0.7306
10587,0.693619
10588,0.68784
10589,0.783996
10590,0.660603
10591,0.741228
10592,0.916872
10593,0.868341
10594,0.861928
10595,0.605284
10596,0.8132
10597,0.465798
10598,0.950943
10599,0.693962
10600,0.050901
10601,0.705096
10602,0.744432
10603,0.914137
10604,0.670357
10605,0.939669
10606,0.480228
10607,0.805567
10608,0.802988
10609,0.53859
10610,0.801004
10611,0.891919
10612,0.458313
10613,0.889466
10614,0.839748
10615,0.302032
10616,0.74051
10617,0.352835
10618,0.810667
10619,0.903518
10620,0.572734
10621,0.790974
10622,0.715075
10623,0.757765
10624,0.031469
10625,0.631975
10626,0.590426
10627,0.891495
10628,0.836899
10629,0.8928
10630,0.930261
10631,0.739799
10632,0.646265
10633,0.827064
10634,0.925266
10635,0.799409
10636,0.990065
10637,0.474461
10638,0.583811
10639,0.798061
10640,0.796727
10641,0.682508
10642,0.07882
10643,0.832795
10644,0.986509
10645,0.077188
10646,0.83093
10647,0.224216
10648,0.546455
10649,0.711289
10650,0.628476
10651,0.556168
10652,0.975929
10653,0.757573
10654,0.548567
10655,0.562972
10656,0.416218
10657,0.467561
10658,0.898896
10659,0.129602
10660,0.491492
10661,0.744619
10662,0.802178
10663,0.175692
10664,0.792659
10665,0.801971
10666,0.653362
10667,0.419856
10668,0.824335
10669,0.571855
10670,0.736843
10671,0.958015
10672,0.673658
10673,0.739938
10674,0.647592
10675,0.851787
10676,0.985258
10677,0.508942
10678,0.902529
10679,0.986588
10680,0.334653
10681,0.662718
10682,0.413689
10683,0.790982
10684,0.821863
10685,0.9514
10686,0.919063
10687,0.687226
10688,0.660238
10689,0.961732
10690,0.168078
10691,0.040454
10692,0.688093
10693,0.737112
10694,0.663616
10695,0.528334
10696,0.79102
10697,0.944946
10698,0.625505
10699,0.701243
10700,0.700993
10701,0.973097
10702,0.859361
10703,0.715192
10704,0.729762
10705,0.671641
10706,0.684959
10707,0.79624
10708,0.663607
10709,0.773143
10710,0.57515
10711,0.937427
10712,0.631579
10713,0.652918
10714,0.61283
10715,0.491231
10716,0.979077
10717,0.758824
10718,0.729765
10719,0.6741
10720,0.725354
10721,0.893643
10722,0.985914
10723,0.801889
10724,0.878978
10725,0.708288
10726,0.722934
10727,0.78695
10728,0.563266
10729,0.836493
10730,0.944493
10731,0.966178
10732,0.802162
10733,0.331717
10734,0.602442
10735,0.99035
10736,0.891076
10737,0.502659
10738,0.718842
10739,0.947738
10740,0.829136
10741,0.961342
10742,0.692318
10743,0.983177
10744,0.675259
10745,0.543022
10746,0.518698
10747,0.590709
10748,0.686223
10749,0.701476
10750,0.863103
10751,0.751095
10752,0.701791
10753,0.56051
10754,0.77756
10755,0.995528
10756,0.500842
10757,0.652673
10758,0.678549
10759,0.918754
10760,0.688517
10761,0.714942
10762,0.680755
10763,0.814138
10764,0.501131
10765,0.959616
10766,0.834048
10767,0.722131
10768,0.874213
10769,0.752573
10770,0.986727
10771,0.92382
10772,0.913631
10773,0.572898
10774,0.882485
10775,0.979703
10776,0.734219
10777,0.979099
10778,0.903218
10779,0.551596
10780,0.391624
10781,0.66761
10782,0.5286
10783,0.921109
10784,0.826544
10785,0.875562
10786,0.795361
10787,0.938901
10788,0.6699
10789,0.841048
10790,0.791644
10791,0.616093
10792,0.462424
10793,0.621043
10794,0.942413
10795,0.916685
10796,0.76599
10797,0.909683
10798,0.969104
10799,0.742405
10800,0.952889
10801,0.845746
10802,0.570847
10803,0.938222
10804,0.969257
10805,0.665388
10806,0.944016
10807,0.452612
10808,0.98783
10809,0.985313
10810,0.679469
10811,0.873354
10812,0.718856
10813,0.615275
10814,0.957863
10815,0.522706
10816,0.604618
10817,0.680348
10818,0.908725
10819,0.849647
10820,0.51239
10821,0.951567
10822,0.800916
10823,0.985933
10824,0.759345
10825,0.769417
10826,0.954481
10827,0.83969
10828,0.894643
10829,0.420537
10830,0.756643
10831,0.816637
10832,0.749562
10833,0.941255
10834,0.664245
10835,0.567787
10836,0.722624
10837,0.610841
10838,0.493869
10839,0.779741
10840,0.736509
10841,0.941061
10842,0.760023
10843,0.590215
10844,0.655931
10845,0.509627
10846,0.819416
10847,0.802395
10848,0.90608
10849,0.932281
10850,0.902091
10851,0.403695
10852,0.646707
10853,0.833117
10854,0.512099
10855,0.669361
10856,0.725633
10857,0.891695
10858,0.706524
10859,0.658216
10860,0.798
10861,0.976551
10862,0.547713
10863,0.849101
10864,0.65549
10865,0.626649
10866,0.904489
10867,0.917403
10868,0.842622
10869,0.823624
10870,0.600021
10871,0.472443
10872,0.800014
10873,0.24164
10874,0.803739
10875,0.766181
10876,0.643017
10877,0.835279
10878,0.713743
10879,0.980294
10880,0.631387
10881,0.95885
10882,0.606296
10883,0.855333
10884,0.857325
10885,0.648537
10886,0.983518
10887,0.738059
10888,0.83041
10889,0.2701
10890,0.982644
10891,0.671096
10892,0.58537
10893,0.795044
10894,0.978528
10895,0.923974
10896,0.802314
10897,0.858078
10898,0.691809
10899,0.823263
10900,0.913471
10901,0.460206
10902,0.868978
10903,0.473704
10904,0.811622
10905,0.762639
10906,0.5556
10907,0.374397
10908,0.398942
10909,0.708636
10910,0.887419
10911,0.819138
10912,0.115878
10913,0.293972
10914,0.73259
10915,0.817464
10916,0.650634
10917,0.925709
10918,0.730583
10919,0.876294
10920,0.802894
10921,0.921579
10922,0.718916
10923,0.754652
10924,0.690639
10925,0.753774
10926,0.527826
10927,0.823169
10928,0.716262
10929,0.514348
10930,0.914449
10931,0.916689
10932,0.882004
10933,0.768564
10934,0.429489
10935,0.53755
10936,0.581952
10937,0.882332
10938,0.822897
10939,0.947434
10940,0.815036
10941,0.635283
10942,0.692441
10943,0.973116
10944,0.754825
10945,0.859989
10946,0.764896
10947,0.705127
10948,0.58691
10949,0.621405
10950,0.953396
10951,0.777537
10952,0.829419
10953,0.483418
10954,0.745613
10955,0.448952
10956,0.552285
10957,0.751827
10958,0.788419
10959,0.938365
10960,0.674426
10961,0.937639
10962,0.794542
10963,0.095097
10964,0.88718
10965,0.8878
10966,0.746212
10967,0.845743
10968,0.819453
10969,0.960054
10970,0.408844
10971,0.853482
10972,0.847625
10973,0.69031
10974,0.82424
10975,0.865453
10976,0.786207
10977,0.820345
10978,0.351308
10979,0.517697
10980,0.974436
10981,0.883005
10982,0.695966
10983,0.786979
10984,0.529942
10985,0.160931
10986,0.891698
10987,0.611066
10988,0.788434
10989,0.46293
10990,0.714191
10991,0.708216
10992,0.796702
10993,0.904221
10994,0.675594
10995,0.417352
10996,0.930139
10997,0.363447
10998,0.696345
10999,0.919612
11000,0.138962
11001,0.307341
11002,0.556422
11003,0.845446
11004,0.333202
11005,0.833016
11006,0.760868
11007,0.782701
11008,0.880883
11009,0.723512
11010,0.849015
11011,0.63347
11012,0.667118
11013,0.706006
11014,0.141871
11015,0.76662
11016,0.853897
11017,0.723319
11018,0.881859
11019,0.666092
11020,0.948489
11021,0.76101
11022,0.8236
11023,0.911419
11024,0.824101
11025,0.832369
11026,0.828328
11027,0.31892
11028,0.646927
11029,0.88102
11030,0.828293
11031,0.909173
11032,0.482945
11033,0.92461
11034,0.493155
11035,0.894465
11036,0.878752
11037,0.480783
11038,0.861314
11039,0.817959
11040,0.783143
11041,0.897233
11042,0.948167
11043,0.787865
11044,0.505711
11045,0.739649
11046,0.83663
11047,0.60858
11048,0.723982
11049,0.052126
11050,0.583836
11051,0.232311
11052,0.915138
11053,0.820544
11054,0.849313
11055,0.936773
11056,0.553223
11057,0.466102
11058,0.476019
11059,0.684409
11060,0.036187
11061,0.791642
11062,0.059901
11063,0.728487
11064,0.49196
11065,0.880781
11066,0.725276
11067,0.4783
11068,0.357541
11069,0.894546
11070,0.993684
11071,0.596663
11072,0.769094
11073,0.768008
11074,0.483793
11075,0.892571
11076,0.977141
11077,0.846924
11078,0.986768
11079,0.783495
11080,0.790205
11081,0.838622
11082,0.564552
11083,0.532385
11084,0.878144
11085,0.505473
11086,0.325021
11087,0.876333
11088,0.289543
11089,0.91092
11090,0.944118
11091,0.29081
11092,0.735743
11093,0.662141
11094,0.422489
11095,0.940254
11096,0.734195
11097,0.592674
11098,0.785292
11099,0.936425
11100,0.795644
11101,0.800763
11102,0.865244
11103,0.824073
11104,0.635065
11105,0.673431
11106,0.888991
11107,0.027774
11108,0.918178
11109,0.693109
11110,0.625044
11111,0.976594
11112,0.726832
11113,0.575418
11114,0.677232
11115,0.671048
11116,0.612374
11117,0.791413
11118,0.528001
11119,0.973454
11120,0.67141
11121,0.978421
11122,0.746257
11123,0.885935
11124,0.595768
11125,0.317675
11126,0.338176
11127,0.91809
11128,0.841384
11129,0.657632
11130,0.764949
11131,0.326319
11132,0.49247
11133,0.838091
11134,0.242044
11135,0.959117
11136,0.848004
11137,0.890446
11138,0.605962
11139,0.613766
11140,0.332077
11141,0.730249
11142,0.96866
11143,0.876664
11144,0.888067
11145,0.761785
11146,0.91541
11147,0.402934
11148,0.618469
11149,0.629675
11150,0.815089
11151,0.474161
11152,0.905697
11153,0.866132
11154,0.891422
11155,0.986417
11156,0.850348
11157,0.740903
11158,0.371805
11159,0.950661
11160,0.91206
11161,0.648322
11162,0.02564
11163,0.568448
11164,0.960948
11165,0.604932
11166,0.772914
11167,0.799039
11168,0.948232
11169,0.877888
11170,0.833805
11171,0.980859
11172,0.886572
11173,0.631918
11174,0.121683
11175,0.432897
11176,0.425857
11177,0.812233
11178,0.62051
11179,0.731953
11180,0.548776
11181,0.773925
11182,0.467697
11183,0.77732
11184,0.692624
11185,0.803667
11186,0.700312
11187,0.683794
11188,0.969048
11189,0.56627
11190,0.881827
11191,0.839353
11192,0.985813
11193,0.717122
11194,0.725133
11195,0.894974
11196,0.909808
11197,0.953124
11198,0.982189
11199,0.792046
11200,0.799296
11201,0.931733
11202,0.951328
11203,0.758569
11204,0.59006
11205,0.908815
11206,0.949085
11207,0.526767
11208,0.691783
11209,0.817613
11210,0.844911
11211,0.452734
11212,0.64173
11213,0.649981
11214,0.666745
11215,0.757443
11216,0.597304
11217,0.952662
11218,0.718611
11219,0.881026
11220,0.665836
11221,0.946445
11222,0.651452
11223,0.847224
11224,0.785522
11225,0.411401
11226,0.76778
11227,0.577761
11228,0.90389
11229,0.752992
11230,0.789602
11231,0.845079
11232,0.576924
11233,0.817132
11234,0.801042
11235,0.806202
11236,0.983737
11237,0.691775
11238,0.671479
11239,0.797289
11240,0.796479
11241,0.622464
11242,0.769026
11243,0.592511
11244,0.755946
11245,0.663634
11246,0.390942
11247,0.860681
11248,0.843799
11249,0.99221
11250,0.690574
11251,0.714842
11252,0.706981
11253,0.578725
11254,0.659975
11255,0.832981
11256,0.677837
11257,0.986109
11258,0.713352
11259,0.807711
11260,0.575613
11261,0.824438
11262,0.7546
11263,0.700029
11264,0.686569
11265,0.968269
11266,0.976934
11267,0.395921
11268,0.755932
11269,0.616971
11270,0.972387
11271,0.782587
11272,0.972147
11273,0.908511
11274,0.490364
11275,0.937383
11276,0.675453
11277,0.568512
11278,0.653728
11279,0.855664
11280,0.885757
11281,0.774454
11282,0.697428
11283,0.797468
11284,0.572883
11285,0.935777
11286,0.957467
11287,0.782587
11288,0.918323
11289,0.980537
11290,0.748351
11291,0.936087
11292,0.872581
11293,0.807844
11294,0.626114
11295,0.917516
11296,0.708537
11297,0.576647
11298,0.471482
11299,0.810444
11300,0.560982
11301,0.616537
11302,0.519792
11303,0.843267
11304,0.921017
11305,0.060003
11306,0.428557
11307,0.908004
11308,0.598389
11309,0.863773
11310,0.862236
11311,0.675113
11312,0.408453
11313,0.90393
11314,0.390536
11315,0.682116
11316,0.452436
11317,0.527416
11318,0.566397
11319,0.752145
11320,0.21659
11321,0.884284
11322,0.380726
11323,0.841244
11324,0.43598
11325,0.705879
11326,0.983787
11327,0.733059
11328,0.444247
11329,0.918892
11330,0.807684
11331,0.937239
11332,0.897467
11333,0.707117
11334,0.774445
11335,0.980021
11336,0.813215
11337,0.571573
11338,0.832532
11339,0.941254
11340,0.958993
11341,0.547108
11342,0.583316
11343,0.856413
11344,0.450677
11345,0.821837
11346,0.861655
11347,0.948031
11348,0.725251
11349,0.468231
11350,0.733012
11351,0.982316
11352,0.746414
11353,0.746471
11354,0.723577
11355,0.939603
11356,0.629199
11357,0.469673
11358,0.746749
11359,0.972337
11360,0.565319
11361,0.215855
11362,0.775917
11363,0.858159
11364,0.385538
11365,0.918139
11366,0.765216
11367,0.826441
11368,0.824651
11369,0.886773
11370,0.361508
11371,0.640402
11372,0.18324
11373,0.602711
11374,0.752151
11375,0.829826
11376,0.948811
11377,0.654666
11378,0.935148
11379,0.757658
11380,0.712361
11381,0.358656
11382,0.646355
11383,0.921025
11384,0.665494
11385,0.324883
11386,0.581852
11387,0.875297
11388,0.970565
11389,0.372898
11390,0.845338
11391,0.770335
11392,0.742468
11393,0.874036
11394,0.77061
11395,0.9865
11396,0.547166
11397,0.940699
11398,0.569096
11399,0.638351
11400,0.800151
11401,0.139472
11402,0.837693
11403,0.905878
11404,0.790338
11405,0.826081
11406,0.989372
11407,0.530113
11408,0.881189
11409,0.616286
11410,0.636186
11411,0.629922
11412,0.227662
11413,0.601993
11414,0.466612
11415,0.852968
11416,0.765552
11417,0.728485
11418,0.850114
11419,0.668811
11420,0.976513
11421,0.051297
11422,0.731587
11423,0.588463
11424,0.704365
11425,0.973577
11426,0.6999
11427,0.5814
11428,0.501615
11429,0.750949
11430,0.68681
11431,0.776102
11432,0.837094
11433,0.77721
11434,0.863255
11435,0.845741
11436,0.442231
11437,0.578296
11438,0.827798
11439,0.955325
11440,0.551245
11441,0.597339
11442,0.823322
11443,0.844324
11444,0.521532
11445,0.957399
11446,0.909669
11447,0.636057
11448,0.969381
11449,0.486143
11450,0.249975
11451,0.798528
11452,0.83639
11453,0.952835
11454,0.594158
11455,0.337811
11456,0.07808
11457,0.688571
11458,0.492671
11459,0.736135
11460,0.963696
11461,0.701331
11462,0.888902
11463,0.793204
11464,0.293712
11465,0.563472
11466,0.944685
11467,0.052101
11468,0.723852
11469,0.601767
11470,0.355978
11471,0.880865
11472,0.79676
11473,0.744798
11474,0.454858
11475,0.921395
11476,0.557119
11477,0.881213
11478,0.983423
11479,0.492363
11480,0.733079
11481,0.69817
11482,0.608412
11483,0.885061
11484,0.856968
11485,0.9611
11486,0.979489
11487,0.692611
11488,0.741339
11489,0.70462
11490,0.754331
11491,0.993872
11492,0.555056
11493,0.716937
11494,0.471508
11495,0.715133
11496,0.788146
11497,0.852973
11498,0.824545
11499,0.97389
11500,0.592748
11501,0.839157
11502,0.90597
11503,0.834088
11504,0.967167
11505,0.733622
11506,0.781431
11507,0.63666
11508,0.100218
11509,0.896636
11510,0.805731
11511,0.032348
11512,0.86443
11513,0.936577
11514,0.953209
11515,0.712876
11516,0.98679
11517,0.959423
11518,0.688821
11519,0.945061
11520,0.831505
11521,0.979336
11522,0.803811
11523,0.926214
11524,0.412407
11525,0.545885
11526,0.98651
11527,0.800156
11528,0.888707
11529,0.930096
11530,0.376642
11531,0.693547
11532,0.927476
11533,0.855809
11534,0.768039
11535,0.893386
11536,0.965687
11537,0.974324
11538,0.711813
11539,0.481741
11540,0.032119
11541,0.923038
11542,0.911112
11543,0.756101
11544,0.712393
11545,0.412894
11546,0.973642
11547,0.785913
11548,0.886578
11549,0.966457
11550,0.684089
11551,0.677475
11552,0.593404
11553,0.498236
11554,0.912975
11555,0.711655
11556,0.832274
11557,0.339332
11558,0.095931
11559,0.524894
11560,0.701429
11561,0.607956
11562,0.421859
11563,0.917331
11564,0.671648
11565,0.909213
11566,0.556854
11567,0.939058
11568,0.962846
11569,0.969177
11570,0.788266
11571,0.802832
11572,0.749593
11573,0.113786
11574,0.818607
11575,0.666937
11576,0.921209
11577,0.963476
11578,0.960618
11579,0.914683
11580,0.828751
11581,0.676917
11582,0.674285
11583,0.584801
11584,0.669321
11585,0.899714
11586,0.51717
11587,0.342708
11588,0.727162
11589,0.798946
11590,0.854117
11591,0.871719
11592,0.47049
11593,0.725772
11594,0.653046
11595,0.696887
11596,0.869612
11597,0.723864
11598,0.960384
11599,0.60199
11600,0.229845
11601,0.838131
11602,0.752923
11603,0.793618
11604,0.861509
11605,0.633205
11606,0.889553
11607,0.730489
11608,0.974623
11609,0.654572
11610,0.80062
11611,0.567093
11612,0.71412
11613,0.694205
11614,0.984333
11615,0.549907
11616,0.80184
11617,0.779298
11618,0.950897
11619,0.804368
11620,0.730474
11621,0.784275
11622,0.98625
11623,0.654135
11624,0.717301
11625,0.299342
11626,0.493426
11627,0.534092
11628,0.822527
11629,0.852461
11630,0.71001
11631,0.867478
11632,0.989172
11633,0.650065
11634,0.681607
11635,0.49462
11636,0.977441
11637,0.617291
11638,0.9723
11639,0.643433
11640,0.847401
11641,0.981544
11642,0.814342
11643,0.703225
11644,0.484487
11645,0.72544
11646,0.888214
11647,0.809259
11648,0.723625
11649,0.916791
11650,0.942883
11651,0.848158
11652,0.844894
11653,0.576169
11654,0.360388
11655,0.711076
11656,0.788976
11657,0.856995
11658,0.88958
11659,0.976112
11660,0.492714
11661,0.54659
11662,0.670584
11663,0.812009
11664,0.502408
11665,0.928673
11666,0.680731
11667,0.575881
11668,0.626865
11669,0.493527
11670,0.898242
11671,0.916009
11672,0.910722
11673,0.764038
11674,0.891346
11675,0.745358
11676,0.939087
11677,0.695443
11678,0.884102
11679,0.072344
11680,0.899111
11681,0.9673
11682,0.771827
11683,0.415346
11684,0.966546
11685,0.882274
11686,0.944831
11687,0.520385
11688,0.913274
11689,0.762736
11690,0.607739
11691,0.098594
11692,0.953929
11693,0.986261
11694,0.554626
11695,0.965843
11696,0.92233
11697,0.90211
11698,0.715569
11699,0.992188
11700,0.977239
11701,0.970302
11702,0.753502
11703,0.759501
11704,0.635516
11705,0.792831
11706,0.67147
11707,0.98646
11708,0.947272
11709,0.891244
11710,0.819469
11711,0.921617
11712,0.915665
11713,0.785172
11714,0.423768
11715,0.492067
11716,0.961467
11717,0.918426
11718,0.960899
11719,0.787192
11720,0.820657
11721,0.849924
11722,0.926579
11723,0.827453
11724,0.925795
11725,0.767559
11726,0.134638
11727,0.621929
11728,0.946942
11729,0.372102
11730,0.902654
11731,0.543548
11732,0.896317
11733,0.714703
11734,0.970986
11735,0.832495
11736,0.578377
11737,0.886907
11738,0.492286
11739,0.845596
11740,0.805068
11741,0.580869
11742,0.735376
11743,0.880951
11744,0.879217
11745,0.826527
11746,0.33617
11747,0.711678
11748,0.681272
11749,0.661693
11750,0.879555
11751,0.859585
11752,0.861649
11753,0.848234
11754,0.573221
11755,0.452304
11756,0.806658
11757,0.979633
11758,0.760504
11759,0.608311
11760,0.958726
11761,0.777201
11762,0.39824
11763,0.992869
11764,0.74364
11765,0.972235
11766,0.624975
11767,0.510476
11768,0.847037
11769,0.706337
11770,0.513868
11771,0.645995
11772,0.843305
11773,0.748627
11774,0.693274
11775,0.655441
11776,0.56595
11777,0.992283
11778,0.940405
11779,0.808302
11780,0.85543
11781,0.915884
11782,0.92778
11783,0.744975
11784,0.858793
11785,0.851841
11786,0.752676
11787,0.918088
11788,0.801604
11789,0.661026
11790,0.619296
11791,0.59377
11792,0.801877
11793,0.737282
11794,0.461597
11795,0.6792
11796,0.960043
11797,0.021262
11798,0.771645
11799,0.729699
11800,0.82941
11801,0.808718
11802,0.96164
11803,0.738557
11804,0.97843
11805,0.741081
11806,0.357368
11807,0.695961
11808,0.839053
11809,0.575335
11810,0.048506
11811,0.714455
11812,0.914791
11813,0.815636
11814,0.753212
11815,0.756232
11816,0.977426
11817,0.455906
11818,0.787503
11819,0.949971
11820,0.745723
11821,0.553434
11822,0.812359
11823,0.959152
11824,0.777847
11825,0.452974
11826,0.908606
11827,0.951313
11828,0.674554
11829,0.57232
11830,0.636952
11831,0.956298
11832,0.653931
11833,0.642132
11834,0.6388
11835,0.896581
11836,0.896454
11837,0.901149
11838,0.953723
11839,0.614731
11840,0.503095
11841,0.918049
11842,0.567202
11843,0.742147
11844,0.911746
11845,0.964336
11846,0.817918
11847,0.664728
11848,0.969149
11849,0.718632
11850,0.734252
11851,0.371213
11852,0.675402
11853,0.987027
11854,0.567196
11855,0.764892
11856,0.70173
11857,0.921631
11858,0.862059
11859,0.922931
11860,0.640213
11861,0.850855
11862,0.734595
11863,0.607968
11864,0.875643
11865,0.870518
11866,0.4882
11867,0.49652
11868,0.731986
11869,0.904688
11870,0.955592
11871,0.48866
11872,0.866617
11873,0.929717
11874,0.68178
11875,0.839204
11876,0.784144
11877,0.988167
11878,0.660074
11879,0.893776
11880,0.891347
11881,0.912147
11882,0.067684
11883,0.974582
11884,0.986148
11885,0.699781
11886,0.825611
11887,0.914297
11888,0.976238
11889,0.89231
11890,0.853707
11891,0.746647
11892,0.961236
11893,0.828706
11894,0.403345
11895,0.626681
11896,0.67988
11897,0.85352
11898,0.714835
11899,0.05232
11900,0.829751
11901,0.938031
11902,0.742132
11903,0.684294
11904,0.937252
11905,0.930732
11906,0.802824
11907,0.872535
11908,0.711713
11909,0.749655
11910,0.803399
11911,0.879087
11912,0.484831
11913,0.371118
11914,0.686547
11915,0.884332
11916,0.689622
11917,0.557567
11918,0.813231
11919,0.933629
11920,0.762983
11921,0.843278
11922,0.743951
11923,0.688418
11924,0.742781
11925,0.358677
11926,0.610214
11927,0.060641
11928,0.655529
11929,0.653524
11930,0.952887
11931,0.620044
11932,0.468625
11933,0.783114
11934,0.797135
11935,0.636488
11936,0.915682
11937,0.845705
11938,0.673299
11939,0.874056
11940,0.907904
11941,0.518532
11942,0.684811
11943,0.343726
11944,0.698397
11945,0.550274
11946,0.601256
11947,0.580533
11948,0.410349
11949,0.724745
11950,0.836894
11951,0.857849
11952,0.73577
11953,0.716403
11954,0.690433
11955,0.684016
11956,0.92404
11957,0.538288
11958,0.983844
11959,0.750099
11960,0.670443
11961,0.926981
11962,0.739648
11963,0.04118
11964,0.645455
11965,0.7581
11966,0.862163
11967,0.449082
11968,0.785936
11969,0.815973
11970,0.491364
11971,0.752406
11972,0.6868
11973,0.896174
11974,0.694691
11975,0.729794
11976,0.737007
11977,0.714915
11978,0.725721
11979,0.524744
11980,0.702743
11981,0.559522
11982,0.446252
11983,0.920269
11984,0.756897
11985,0.686537
11986,0.663186
11987,0.609314
11988,0.461381
11989,0.049002
11990,0.692999
11991,0.870029
11992,0.639489
11993,0.882345
11994,0.917454
11995,0.196555
11996,0.838956
11997,0.493053
11998,0.876053
11999,0.740728
12000,0.634533
12001,0.739962
12002,0.522096
12003,0.959773
12004,0.713858
12005,0.583471
12006,0.908249
12007,0.896666
12008,0.502576
12009,0.782259
12010,0.480406
12011,0.550801
12012,0.656578
12013,0.694605
12014,0.712805
12015,0.469879
12016,0.632327
12017,0.991288
12018,0.761473
12019,0.881589
12020,0.96506
12021,0.490484
12022,0.438521
12023,0.79769
12024,0.62814
12025,0.890735
12026,0.581933
12027,0.596688
12028,0.757633
12029,0.500539
12030,0.452766
12031,0.789283
12032,0.538435
12033,0.959526
12034,0.616676
12035,0.929952
12036,0.859823
12037,0.89041
12038,0.477753
12039,0.734309
12040,0.286353
12041,0.691026
12042,0.741361
12043,0.54413
12044,0.723417
12045,0.76962
12046,0.502351
12047,0.60638
12048,0.930031
12049,0.828022
12050,0.566442
12051,0.955736
12052,0.617777
12053,0.814136
12054,0.786764
12055,0.888709
12056,0.703572
12057,0.728749
12058,0.880304
12059,0.74224
12060,0.814217
12061,0.771218
12062,0.665861
12063,0.82667
12064,0.384333
12065,0.952036
12066,0.537721
12067,0.686749
12068,0.855605
12069,0.49855
12070,0.72417
12071,0.083673
12072,0.610295
12073,0.471697
12074,0.898508
12075,0.725092
12076,0.208401
12077,0.717123
12078,0.877362
12079,0.863419
12080,0.027669
12081,0.432067
12082,0.912085
12083,0.897931
12084,0.661722
12085,0.499855
12086,0.224938
12087,0.63765
12088,0.924351
12089,0.703677
12090,0.642596
12091,0.76511
12092,0.608769
12093,0.613996
12094,0.97943
12095,0.744999
12096,0.023875
12097,0.754966
12098,0.919301
12099,0.6386
12100,0.726179
12101,0.580525
12102,0.976961
12103,0.756192
12104,0.336233
12105,0.370628
12106,0.877917
12107,0.658061
12108,0.585049
12109,0.902138
12110,0.853266
12111,0.449554
12112,0.701636
12113,0.618192
12114,0.822001
12115,0.816145
12116,0.838832
12117,0.899425
12118,0.900293
12119,0.63461
12120,0.753281
12121,0.750922
12122,0.84533
12123,0.703102
12124,0.64169
12125,0.549778
12126,0.897346
12127,0.490574
12128,0.914934
12129,0.605804
12130,0.700566
12131,0.865552
12132,0.787531
12133,0.805606
12134,0.833897
12135,0.892647
12136,0.808269
12137,0.525177
12138,0.097609
12139,0.519002
12140,0.838106
12141,0.740217
12142,0.659531
12143,0.935341
12144,0.882965
12145,0.564237
12146,0.840354
12147,0.539281
12148,0.891976
12149,0.852612
12150,0.877365
12151,0.105458
12152,0.966133
12153,0.691276
12154,0.751191
12155,0.949075
12156,0.678785
12157,0.684195
12158,0.89819
12159,0.828308
12160,0.957908
12161,0.858236
12162,0.613935
12163,0.968956
12164,0.66248
12165,0.819972
12166,0.969508
12167,0.603094
12168,0.567289
12169,0.88144
12170,0.908597
12171,0.692122
12172,0.841292
12173,0.751233
12174,0.945226
12175,0.027691
12176,0.921927
12177,0.916574
12178,0.840312
12179,0.579777
12180,0.896836
12181,0.783128
12182,0.441798
12183,0.9019
12184,0.625247
12185,0.691038
12186,0.737081
12187,0.493693
12188,0.98757
12189,0.221146
12190,0.850166
12191,0.469676
12192,0.991932
12193,0.85659
12194,0.881989
12195,0.932987
12196,0.783022
12197,0.91873
12198,0.861672
12199,0.897195
12200,0.686987
12201,0.599433
12202,0.941766
12203,0.938419
12204,0.583641
12205,0.804178
12206,0.741454
12207,0.938097
12208,0.689929
12209,0.901496
12210,0.950368
12211,0.676998
12212,0.944191
12213,0.878422
12214,0.769383
12215,0.744533
12216,0.656421
12217,0.949655
12218,0.277274
12219,0.479668
12220,0.623367
12221,0.915799
12222,0.594643
12223,0.857286
12224,0.912877
12225,0.308319
12226,0.76615
12227,0.778165
12228,0.644667
12229,0.874075
12230,0.927134
12231,0.724576
12232,0.662325
12233,0.530867
12234,0.788067
12235,0.675345
12236,0.951802
12237,0.852632
12238,0.744935
12239,0.791885
12240,0.780325
12241,0.289317
12242,0.845404
12243,0.431435
12244,0.817823
12245,0.745328
12246,0.859309
12247,0.249824
12248,0.751276
12249,0.794985
12250,0.735192
12251,0.912649
12252,0.506989
12253,0.617228
12254,0.918235
12255,0.646621
12256,0.986101
12257,0.74097
12258,0.544421
12259,0.942083
12260,0.974723
12261,0.032742
12262,0.744491
12263,0.62616
12264,0.369176
12265,0.596846
12266,0.84571
12267,0.645774
12268,0.919507
12269,0.74528
12270,0.941331
12271,0.633866
12272,0.955635
12273,0.843226
12274,0.957664
12275,0.78786
12276,0.810512
12277,0.606109
12278,0.913633
12279,0.594495
12280,0.856068
12281,0.791908
12282,0.743623
12283,0.393354
12284,0.718492
12285,0.862214
12286,0.771176
12287,0.700021
12288,0.85787
12289,0.766499
12290,0.929111
12291,0.882008
12292,0.823799
12293,0.73241
12294,0.578007
12295,0.919989
12296,0.928314
12297,0.740252
12298,0.931873
12299,0.681319
12300,0.95041
12301,0.439864
12302,0.870361
12303,0.96395
12304,0.625946
12305,0.880053
12306,0.96395
12307,0.671758
12308,0.987709
12309,0.552753
12310,0.882371
12311,0.856494
12312,0.901963
12313,0.930665
12314,0.053141
12315,0.25021
12316,0.907358
12317,0.639943
12318,0.185276
12319,0.872973
12320,0.623499
12321,0.669797
12322,0.728951
12323,0.630327
12324,0.658073
12325,0.314555
12326,0.44133
12327,0.514707
12328,0.596002
12329,0.589269
12330,0.677875
12331,0.822852
12332,0.405973
12333,0.637634
12334,0.913444
12335,0.820695
12336,0.520292
12337,0.451556
12338,0.862466
12339,0.648571
12340,0.732479
12341,0.72627
12342,0.823105
12343,0.610432
12344,0.810436
12345,0.822855
12346,0.930415
12347,0.839935
12348,0.404842
12349,0.649155
12350,0.918175
12351,0.573795
12352,0.993318
12353,0.894634
12354,0.748221
12355,0.978392
12356,0.86357
12357,0.746906
12358,0.956765
12359,0.042012
12360,0.978773
12361,0.632814
12362,0.69415
12363,0.671889
12364,0.888604
12365,0.632879
12366,0.741485
12367,0.636247
12368,0.675258
12369,0.526596
12370,0.647428
12371,0.959984
12372,0.25394
12373,0.979691
12374,0.890959
12375,0.682935
12376,0.799493
12377,0.906536
12378,0.758927
12379,0.867451
12380,0.613773
12381,0.637256
12382,0.891413
12383,0.850108
12384,0.850298
12385,0.596073
12386,0.628533
12387,0.818563
12388,0.853599
12389,0.799653
12390,0.815255
12391,0.902691
12392,0.520294
12393,0.755169
12394,0.958549
12395,0.983385
12396,0.484186
12397,0.902131
12398,0.634858
12399,0.963091
12400,0.802196
12401,0.788578
12402,0.260577
12403,0.577487
12404,0.702058
12405,0.852016
12406,0.77278
12407,0.806663
12408,0.435095
12409,0.770287
12410,0.840815
12411,0.87938
12412,0.619304
12413,0.61322
12414,0.910874
12415,0.927784
12416,0.90353
12417,0.786981
12418,0.722088
12419,0.772559
12420,0.986716
12421,0.629564
12422,0.426997
12423,0.914275
12424,0.961491
12425,0.496978
12426,0.960481
12427,0.98365
12428,0.960205
12429,0.119939
12430,0.610885
12431,0.060531
12432,0.774871
12433,0.958662
12434,0.588744
12435,0.1866
12436,0.878166
12437,0.983688
12438,0.838521
12439,0.781418
12440,0.867176
12441,0.809765
12442,0.988994
12443,0.747616
12444,0.877838
12445,0.94657
12446,0.865016
12447,0.832555
12448,0.26004
12449,0.815433
12450,0.981741
12451,0.655871
12452,0.748857
12453,0.673996
12454,0.839464
12455,0.860214
12456,0.851844
12457,0.965462
12458,0.802168
12459,0.584992
12460,0.608023
12461,0.416168
12462,0.84592
12463,0.897729
12464,0.868044
12465,0.654076
12466,0.984878
12467,0.822278
12468,0.816209
12469,0.900654
12470,0.577373
12471,0.411643
12472,0.896012
12473,0.870386
12474,0.971621
12475,0.788424
12476,0.75572
12477,0.860543
12478,0.587857
12479,0.635379
12480,0.586312
12481,0.630782
12482,0.865863
12483,0.943969
12484,0.716062
12485,0.483821
12486,0.612877
12487,0.932025
12488,0.931443
12489,0.946717
12490,0.075536
12491,0.982905
12492,0.887634
12493,0.625027
12494,0.967796
12495,0.787249
12496,0.974243
12497,0.799304
12498,0.668506
12499,0.555224
12500,0.664858
12501,0.751032
12502,0.98131
12503,0.706707
12504,0.486099
12505,0.859904
12506,0.816063
12507,0.687118
12508,0.168109
12509,0.498494
12510,0.045912
12511,0.741516
12512,0.886357
12513,0.790221
12514,0.825781
12515,0.598522
12516,0.577834
12517,0.925376
12518,0.772727
12519,0.723345
12520,0.869691
12521,0.569148
12522,0.962901
12523,0.461416
12524,0.610283
12525,0.624608
12526,0.651588
12527,0.930607
12528,0.765044
12529,0.455762
12530,0.593259
12531,0.983174
12532,0.877637
12533,0.975141
12534,0.670478
12535,0.862819
12536,0.547367
12537,0.897395
12538,0.628428
12539,0.578063
12540,0.564525
12541,0.835164
12542,0.674341
12543,0.667299
12544,0.638397
12545,0.762765
12546,0.509366
12547,0.769766
12548,0.133139
12549,0.948602
12550,0.63373
12551,0.60489
12552,0.767181
12553,0.975702
12554,0.776371
12555,0.886905
12556,0.863363
12557,0.583808
12558,0.839348
12559,0.956672
12560,0.625238
12561,0.72287
12562,0.122244
12563,0.801896
12564,0.328372
12565,0.482124
12566,0.875626
12567,0.547615
12568,0.884509
12569,0.941959
12570,0.781108
12571,0.975823
12572,0.980657
12573,0.94189
12574,0.883718
12575,0.823802
12576,0.93281
12577,0.695027
12578,0.947199
12579,0.393074
12580,0.681244
12581,0.182241
12582,0.732
12583,0.881793
12584,0.867249
12585,0.511746
12586,0.947617
12587,0.550467
12588,0.633212
12589,0.487371
12590,0.936346
12591,0.682059
12592,0.973232
12593,0.569522
12594,0.386584
12595,0.663454
12596,0.841524
12597,0.046242
12598,0.855138
12599,0.785676
12600,0.642035
12601,0.92715
12602,0.842653
12603,0.98779
12604,0.713521
12605,0.942519
12606,0.967458
12607,0.74255
12608,0.556232
12609,0.864837
12610,0.591191
12611,0.726969
12612,0.725682
12613,0.914623
12614,0.80995
12615,0.796052
12616,0.767249
12617,0.857094
12618,0.877391
12619,0.671535
12620,0.225629
12621,0.629528
12622,0.885843
12623,0.7691
12624,0.619553
12625,0.562474
12626,0.806205
12627,0.683623
12628,0.424045
12629,0.972377
12630,0.617564
12631,0.783234
12632,0.981438
12633,0.989645
12634,0.936091
12635,0.539757
12636,0.78468
12637,0.843862
12638,0.657363
12639,0.028903
12640,0.547609
12641,0.657067
12642,0.592674
12643,0.848589
12644,0.954827
12645,0.566079
12646,0.730293
12647,0.723141
12648,0.854519
12649,0.52188
12650,0.953266
12651,0.91775
12652,0.595478
12653,0.570647
12654,0.404844
12655,0.806864
12656,0.731903
12657,0.892225
12658,0.716656
12659,0.845953
12660,0.70637
12661,0.857433
12662,0.858033
12663,0.74149
12664,0.17577
12665,0.774431
12666,0.624986
12667,0.890002
12668,0.848967
12669,0.524392
12670,0.82372
12671,0.990085
12672,0.71648
12673,0.908442
12674,0.658485
12675,0.613084
12676,0.738966
12677,0.437335
12678,0.780084
12679,0.858676
12680,0.764336
12681,0.467875
12682,0.748251
12683,0.913193
12684,0.83798
12685,0.833315
12686,0.68381
12687,0.487421
12688,0.371118
12689,0.629761
12690,0.881301
12691,0.670358
12692,0.828979
12693,0.904407
12694,0.602694
12695,0.919226
12696,0.653119
12697,0.810961
12698,0.917841
12699,0.419614
12700,0.909335
12701,0.040023
12702,0.638368
12703,0.829963
12704,0.939215
12705,0.648079
12706,0.680629
12707,0.961276
12708,0.987014
12709,0.850168
12710,0.65436
12711,0.652455
12712,0.757621
12713,0.591677
12714,0.835936
12715,0.861914
12716,0.703624
12717,0.875396
12718,0.814022
12719,0.589195
12720,0.731402
12721,0.576636
12722,0.044423
12723,0.597921
12724,0.896254
12725,0.810954
12726,0.909056
12727,0.689689
12728,0.627318
12729,0.53834
12730,0.36003
12731,0.647605
12732,0.617042
12733,0.729155
12734,0.645582
12735,0.691288
12736,0.549464
12737,0.828543
12738,0.838358
12739,0.664873
12740,0.77832
12741,0.619759
12742,0.790399
12743,0.793033
12744,0.88613
12745,0.622303
12746,0.534998
12747,0.800291
12748,0.801582
12749,0.208895
12750,0.896744
12751,0.54868
12752,0.934394
12753,0.969675
12754,0.828093
12755,0.910211
12756,0.810664
12757,0.469111
12758,0.935812
12759,0.915775
12760,0.739657
12761,0.48658
12762,0.793923
12763,0.298279
12764,0.722531
12765,0.870072
12766,0.571519
12767,0.935019
12768,0.680528
12769,0.94254
12770,0.707246
12771,0.876943
12772,0.699785
12773,0.579217
12774,0.512484
12775,0.802986
12776,0.767755
12777,0.763136
12778,0.686023
12779,0.808438
12780,0.744942
12781,0.697274
12782,0.621789
12783,0.650907
12784,0.352844
12785,0.476121
12786,0.628803
12787,0.581374
12788,0.761198
12789,0.584918
12790,0.877639
12791,0.747633
12792,0.487277
12793,0.922919
12794,0.632387
12795,0.695007
12796,0.920368
12797,0.874149
12798,0.634062
12799,0.897144
12800,0.526448
12801,0.589237
12802,0.812127
12803,0.713639
12804,0.973313
12805,0.889149
12806,0.651103
12807,0.863241
12808,0.94647
12809,0.038036
12810,0.55718
12811,0.665356
12812,0.786463
12813,0.454441
12814,0.601879
12815,0.851889
12816,0.749156
12817,0.806429
12818,0.948689
12819,0.843178
12820,0.582125
12821,0.949265
12822,0.564596
12823,0.695383
12824,0.937519
12825,0.579105
12826,0.450997
12827,0.587468
12828,0.90844
12829,0.887986
12830,0.751248
12831,0.968582
12832,0.965863
12833,0.528487
12834,0.690708
12835,0.861532
12836,0.441301
12837,0.777711
12838,0.835949
12839,0.672551
12840,0.104391
12841,0.718156
12842,0.694059
12843,0.743209
12844,0.833791
12845,0.943081
12846,0.790404
12847,0.608108
12848,0.698964
12849,0.471133
12850,0.810307
12851,0.806648
12852,0.674216
12853,0.990206
12854,0.835463
12855,0.631642
12856,0.827584
12857,0.961605
12858,0.120209
12859,0.634982
12860,0.555921
12861,0.882944
12862,0.793264
12863,0.991308
12864,0.692104
12865,0.985448
12866,0.913619
12867,0.991626
12868,0.551049
12869,0.656084
12870,0.457615
12871,0.66985
12872,0.89082
12873,0.627216
12874,0.911185
12875,0.767787
12876,0.958056
12877,0.191134
12878,0.77196
12879,0.966979
12880,0.865009
12881,0.183469
12882,0.726718
12883,0.674312
12884,0.731509
12885,0.992746
12886,0.75475
12887,0.87169
12888,0.988475
12889,0.898716
12890,0.908395
12891,0.903711
12892,0.932051
12893,0.747326
12894,0.933712
12895,0.924516
12896,0.827211
12897,0.684392
12898,0.571558
12899,0.737619
12900,0.498153
12901,0.822664
12902,0.930524
12903,0.767212
12904,0.884616
12905,0.590269
12906,0.611455
12907,0.889664
12908,0.861843
12909,0.795381
12910,0.830124
12911,0.900309
12912,0.409021
12913,0.763374
12914,0.988428
12915,0.458715
12916,0.63153
12917,0.774347
12918,0.201182
12919,0.646897
12920,0.4971
12921,0.69489
12922,0.567791
12923,0.765503
12924,0.725961
12925,0.766919
12926,0.71721
12927,0.458631
12928,0.616888
12929,0.73723
12930,0.853538
12931,0.439655
12932,0.5338
12933,0.83888
12934,0.780856
12935,0.665471
12936,0.704072
12937,0.938082
12938,0.879776
12939,0.651502
12940,0.871233
12941,0.906847
12942,0.669412
12943,0.671841
12944,0.162238
12945,0.249792
12946,0.831798
12947,0.982267
12948,0.81379
12949,0.986537
12950,0.619446
12951,0.899973
12952,0.927769
12953,0.817844
12954,0.843467
12955,0.784745
12956,0.585379
12957,0.052835
12958,0.810475
12959,0.853183
12960,0.645707
12961,0.683527
12962,0.937463
12963,0.755128
12964,0.941927
12965,0.228793
12966,0.880678
12967,0.699344
12968,0.633798
12969,0.560693
12970,0.703279
12971,0.881123
12972,0.336359
12973,0.851573
12974,0.663616
12975,0.92429
12976,0.894908
12977,0.69828
12978,0.967287
12979,0.805586
12980,0.705812
12981,0.735283
12982,0.678861
12983,0.696088
12984,0.612313
12985,0.932424
12986,0.78164
12987,0.10374
12988,0.444674
12989,0.682299
12990,0.993335
12991,0.047341
12992,0.795675
12993,0.706386
12994,0.819933
12995,0.77628
12996,0.585391
12997,0.962978
12998,0.424411
12999,0.957267
13000,0.693295
13001,0.895143
13002,0.635038
13003,0.684385
13004,0.719191
13005,0.870302
13006,0.705953
13007,0.563897
13008,0.796205
13009,0.547358
13010,0.497829
13011,0.739819
13012,0.812628
13013,0.97489
13014,0.247541
13015,0.906858
13016,0.665249
13017,0.859668
13018,0.876055
13019,0.956021
13020,0.796533
13021,0.851002
13022,0.73428
13023,0.648605
13024,0.753047
13025,0.438602
13026,0.720353
13027,0.402273
13028,0.937673
13029,0.955416
13030,0.288006
13031,0.596034
13032,0.815642
13033,0.931361
13034,0.584609
13035,0.90872
13036,0.652804
13037,0.973008
13038,0.617904
13039,0.536623
13040,0.983996
13041,0.826535
13042,0.669058
13043,0.71759
13044,0.90982
13045,0.693695
13046,0.88581
13047,0.933557
13048,0.868119
13049,0.790695
13050,0.30335
13051,0.430224
13052,0.845762
13053,0.61055
13054,0.57842
13055,0.71038
13056,0.790936
13057,0.714826
13058,0.044676
13059,0.79449
13060,0.528969
13061,0.72398
13062,0.860181
13063,0.582312
13064,0.859358
13065,0.920967
13066,0.83222
13067,0.957999
13068,0.840679
13069,0.689413
13070,0.108462
13071,0.66255
13072,0.802162
13073,0.607509
13074,0.781873
13075,0.543489
13076,0.72944
13077,0.74496
13078,0.513657
13079,0.678404
13080,0.944104
13081,0.284157
13082,0.745252
13083,0.692864
13084,0.735124
13085,0.417206
13086,0.36646
13087,0.39887
13088,0.696927
13089,0.882031
13090,0.930418
13091,0.774976
13092,0.732084
13093,0.931835
13094,0.925914
13095,0.913971
13096,0.45947
13097,0.465899
13098,0.553848
13099,0.678527
13100,0.232863
13101,0.768427
13102,0.747007
13103,0.677072
13104,0.677906
13105,0.135706
13106,0.687392
13107,0.566126
13108,0.737792
13109,0.770163
13110,0.541784
13111,0.656697
13112,0.961908
13113,0.858427
13114,0.302864
13115,0.743321
13116,0.459478
13117,0.77124
13118,0.550817
13119,0.977627
13120,0.641048
13121,0.319106
13122,0.816342
13123,0.461284
13124,0.68457
13125,0.662335
13126,0.546855
13127,0.492504
13128,0.512205
13129,0.821037
13130,0.779547
13131,0.729181
13132,0.908083
13133,0.939821
13134,0.919828
13135,0.404555
13136,0.621349
13137,0.615336
13138,0.569686
13139,0.988431
13140,0.816317
13141,0.646092
13142,0.864342
13143,0.727712
13144,0.48002
13145,0.483874
13146,0.893711
13147,0.912124
13148,0.576861
13149,0.735918
13150,0.567686
13151,0.760531
13152,0.062105
13153,0.744245
13154,0.697308
13155,0.5386
13156,0.907899
13157,0.641775
13158,0.765202
13159,0.956604
13160,0.921524
13161,0.74095
13162,0.925518
13163,0.744022
13164,0.950137
13165,0.819434
13166,0.740642
13167,0.597037
13168,0.801006
13169,0.320726
13170,0.747928
13171,0.975655
13172,0.760523
13173,0.667029
13174,0.865662
13175,0.636112
13176,0.591246
13177,0.979989
13178,0.864194
13179,0.720399
13180,0.883014
13181,0.803555
13182,0.400776
13183,0.733026
13184,0.904933
13185,0.640699
13186,0.322664
13187,0.875216
13188,0.902032
13189,0.681479
13190,0.354974
13191,0.770637
13192,0.706368
13193,0.980523
13194,0.684848
13195,0.526551
13196,0.78667
13197,0.891875
13198,0.452987
13199,0.988757
13200,0.961537
13201,0.956363
13202,0.914139
13203,0.87762
13204,0.843337
13205,0.805683
13206,0.962847
13207,0.476227
13208,0.722662
13209,0.576781
13210,0.451084
13211,0.707726
13212,0.898569
13213,0.695236
13214,0.72126
13215,0.736201
13216,0.776207
13217,0.46372
13218,0.93175
13219,0.821113
13220,0.680276
13221,0.832981
13222,0.591326
13223,0.9645
13224,0.872036
13225,0.809142
13226,0.829284
13227,0.651818
13228,0.694961
13229,0.621908
13230,0.597315
13231,0.381355
13232,0.647732
13233,0.826744
13234,0.675921
13235,0.84899
13236,0.82316
13237,0.771819
13238,0.960754
13239,0.714358
13240,0.902033
13241,0.693214
13242,0.533719
13243,0.882024
13244,0.91831
13245,0.582284
13246,0.829836
13247,0.643081
13248,0.905856
13249,0.751802
13250,0.395634
13251,0.504876
13252,0.523063
13253,0.805954
13254,0.540761
13255,0.907379
13256,0.672297
13257,0.603639
13258,0.946606
13259,0.837318
13260,0.919548
13261,0.963998
13262,0.408948
13263,0.965234
13264,0.959302
13265,0.795597
13266,0.851679
13267,0.619344
13268,0.855814
13269,0.67881
13270,0.131531
13271,0.72328
13272,0.889174
13273,0.618617
13274,0.455705
13275,0.607414
13276,0.751418
13277,0.510983
13278,0.706967
13279,0.725099
13280,0.60186
13281,0.868559
13282,0.711736
13283,0.437902
13284,0.709413
13285,0.54755
13286,0.188373
13287,0.520714
13288,0.913138
13289,0.028923
13290,0.673651
13291,0.758714
13292,0.733189
13293,0.818996
13294,0.58557
13295,0.974673
13296,0.840981
13297,0.721871
13298,0.901702
13299,0.689023
13300,0.933887
13301,0.797802
13302,0.967211
13303,0.670755
13304,0.994698
13305,0.534429
13306,0.528711
13307,0.948048
13308,0.424317
13309,0.770177
13310,0.987331
13311,0.860899
13312,0.107883
13313,0.912587
13314,0.74673
13315,0.810761
13316,0.471165
13317,0.973308
13318,0.371085
13319,0.938876
13320,0.68562
13321,0.105117
13322,0.119406
13323,0.874401
13324,0.458868
13325,0.558383
13326,0.888097
13327,0.74058
13328,0.55477
13329,0.861033
13330,0.862491
13331,0.974489
13332,0.99319
13333,0.861879
13334,0.860748
13335,0.462036
13336,0.915311
13337,0.38633
13338,0.719982
13339,0.886259
13340,0.68057
13341,0.578762
13342,0.821518
13343,0.476045
13344,0.500987
13345,0.812069
13346,0.755933
13347,0.897189
13348,0.557431
13349,0.747405
13350,0.663203
13351,0.669968
13352,0.888814
13353,0.896858
13354,0.375079
13355,0.757571
13356,0.849456
13357,0.545429
13358,0.724378
13359,0.443456
13360,0.741649
13361,0.820053
13362,0.874098
13363,0.5341
13364,0.80576
13365,0.986895
13366,0.697153
13367,0.622314
13368,0.588996
13369,0.668682
13370,0.739986
13371,0.804407
13372,0.826017
13373,0.710603
13374,0.855494
13375,0.804238
13376,0.812406
13377,0.735616
13378,0.557238
13379,0.935199
13380,0.041135
13381,0.946893
13382,0.923535
13383,0.77294
13384,0.522994
13385,0.505342
13386,0.775331
13387,0.811357
13388,0.731631
13389,0.854743
13390,0.026112
13391,0.039855
13392,0.769757
13393,0.955855
13394,0.969539
13395,0.792835
13396,0.860399
13397,0.517034
13398,0.663257
13399,0.765667
13400,0.757154
13401,0.705039
13402,0.791704
13403,0.586277
13404,0.689522
13405,0.863049
13406,0.940648
13407,0.948902
13408,0.728264
13409,0.529259
13410,0.930131
13411,0.986252
13412,0.784467
13413,0.872098
13414,0.417836
13415,0.894141
13416,0.370645
13417,0.861381
13418,0.431951
13419,0.890805
13420,0.792334
13421,0.175474
13422,0.879754
13423,0.650683
13424,0.917334
13425,0.654215
13426,0.657536
13427,0.319854
13428,0.811439
13429,0.791906
13430,0.93735
13431,0.397853
13432,0.560332
13433,0.85938
13434,0.583621
13435,0.959737
13436,0.612185
13437,0.532983
13438,0.547205
13439,0.696012
13440,0.878097
13441,0.686634
13442,0.116551
13443,0.760132
13444,0.662949
13445,0.608132
13446,0.937885
13447,0.951481
13448,0.984517
13449,0.791848
13450,0.835201
13451,0.691031
13452,0.959658
13453,0.624881
13454,0.745898
13455,0.850719
13456,0.048328
13457,0.910088
13458,0.769477
13459,0.757428
13460,0.63791
13461,0.706244
13462,0.724759
13463,0.663793
13464,0.536583
13465,0.435886
13466,0.538757
13467,0.603036
13468,0.708092
13469,0.429056
13470,0.975994
13471,0.950459
13472,0.825615
13473,0.636366
13474,0.593006
13475,0.711626
13476,0.553265
13477,0.902872
13478,0.665707
13479,0.727768
13480,0.566342
13481,0.94683
13482,0.520454
13483,0.915534
13484,0.80898
13485,0.87559
13486,0.80344
13487,0.765141
13488,0.477336
13489,0.514535
13490,0.74204
13491,0.696845
13492,0.961125
13493,0.834098
13494,0.791412
13495,0.448827
13496,0.816222
13497,0.74172
13498,0.884583
13499,0.57389
13500,0.933418
13501,0.749229
13502,0.971742
13503,0.922065
13504,0.790452
13505,0.729498
13506,0.755278
13507,0.637105
13508,0.050437
13509,0.901098
13510,0.877827
13511,0.594101
13512,0.805146
13513,0.895338
13514,0.62196
13515,0.814317
13516,0.712535
13517,0.906443
13518,0.687691
13519,0.706661
13520,0.361099
13521,0.684203
13522,0.785962
13523,0.545293
13524,0.494078
13525,0.422204
13526,0.909948
13527,0.859444
13528,0.3259
13529,0.894527
13530,0.919386
13531,0.455631
13532,0.76346
13533,0.728254
13534,0.755491
13535,0.035089
13536,0.75999
13537,0.378615
13538,0.384246
13539,0.962439
13540,0.85429
13541,0.657131
13542,0.860239
13543,0.949585
13544,0.92285
13545,0.880893
13546,0.884097
13547,0.369922
13548,0.272109
13549,0.735307
13550,0.873425
13551,0.770606
13552,0.438994
13553,0.883826
13554,0.741577
13555,0.661833
13556,0.417735
13557,0.892599
13558,0.769486
13559,0.763306
13560,0.975438
13561,0.864968
13562,0.952912
13563,0.665893
13564,0.028654
13565,0.479365
13566,0.684069
13567,0.793844
13568,0.989483
13569,0.918376
13570,0.65383
13571,0.896683
13572,0.94464
13573,0.398505
13574,0.840046
13575,0.827938
13576,0.717683
13577,0.895637
13578,0.573446
13579,0.887499
13580,0.205734
13581,0.684059
13582,0.958702
13583,0.328247
13584,0.476175
13585,0.973482
13586,0.874998
13587,0.962116
13588,0.726133
13589,0.902521
13590,0.524453
13591,0.807121
13592,0.610093
13593,0.046744
13594,0.957614
13595,0.98599
13596,0.890921
13597,0.94387
13598,0.443014
13599,0.614009
13600,0.81335
13601,0.818773
13602,0.897781
13603,0.567759
13604,0.805562
13605,0.726176
13606,0.825968
13607,0.791137
13608,0.748209
13609,0.8838
13610,0.778294
13611,0.431592
13612,0.727398
13613,0.853525
13614,0.690424
13615,0.849433
13616,0.952631
13617,0.80519
13618,0.628364
13619,0.727853
13620,0.941649
13621,0.866363
13622,0.915676
13623,0.657155
13624,0.776138
13625,0.497521
13626,0.96841
13627,0.40597
13628,0.971303
13629,0.807635
13630,0.632287
13631,0.98699
13632,0.707654
13633,0.520324
13634,0.912229
13635,0.608135
13636,0.782875
13637,0.765178
13638,0.656664
13639,0.630574
13640,0.845592
13641,0.617536
13642,0.638691
13643,0.762635
13644,0.598487
13645,0.743696
13646,0.276516
13647,0.473409
13648,0.545109
13649,0.823531
13650,0.634014
13651,0.844637
13652,0.55628
13653,0.864352
13654,0.592914
13655,0.773971
13656,0.344801
13657,0.649901
13658,0.910984
13659,0.573177
13660,0.688289
13661,0.784352
13662,0.751719
13663,0.539375
13664,0.960284
13665,0.702182
13666,0.716496
13667,0.806522
13668,0.701023
13669,0.77019
13670,0.522008
13671,0.719953
13672,0.967463
13673,0.728927
13674,0.528814
13675,0.929809
13676,0.832301
13677,0.910209
13678,0.599041
13679,0.924815
13680,0.895872
13681,0.424725
13682,0.619632
13683,0.033308
13684,0.897346
13685,0.752626
13686,0.897324
13687,0.43113
13688,0.847586
13689,0.915893
13690,0.968389
13691,0.534215
13692,0.964386
13693,0.595556
13694,0.849642
13695,0.68179
13696,0.401277
13697,0.706938
13698,0.973643
13699,0.739303
13700,0.919988
13701,0.778661
13702,0.758007
13703,0.397705
13704,0.820747
13705,0.517627
13706,0.868465
13707,0.07814
13708,0.890388
13709,0.872232
13710,0.725885
13711,0.543577
13712,0.418368
13713,0.880751
13714,0.882564
13715,0.906403
13716,0.915898
13717,0.965008
13718,0.727732
13719,0.852603
13720,0.776953
13721,0.785999
13722,0.938613
13723,0.968596
13724,0.956004
13725,0.985881
13726,0.409724
13727,0.700801
13728,0.52626
13729,0.749432
13730,0.994096
13731,0.719377
13732,0.982417
13733,0.920328
13734,0.974689
13735,0.97046
13736,0.796579
13737,0.965826
13738,0.845108
13739,0.578964
13740,0.087181
13741,0.973656
13742,0.142976
13743,0.357697
13744,0.402885
13745,0.673757
13746,0.865933
13747,0.049356
13748,0.701401
13749,0.82385
13750,0.948336
13751,0.964291
13752,0.910143
13753,0.686552
13754,0.754335
13755,0.699023
13756,0.553814
13757,0.167884
13758,0.78334
13759,0.929024
13760,0.619958
13761,0.757703
13762,0.908021
13763,0.457374
13764,0.617681
13765,0.714303
13766,0.990706
13767,0.589163
13768,0.707027
13769,0.574963
13770,0.882698
13771,0.96609
13772,0.642162
13773,0.850486
13774,0.673016
13775,0.941152
13776,0.759958
13777,0.70755
13778,0.833335
13779,0.690974
13780,0.926711
13781,0.984155
13782,0.506722
13783,0.913579
13784,0.955998
13785,0.904512
13786,0.820166
13787,0.796152
13788,0.692708
13789,0.73622
13790,0.077619
13791,0.950431
13792,0.816583
13793,0.616261
13794,0.807233
13795,0.91642
13796,0.61156
13797,0.87027
13798,0.441439
13799,0.722154
13800,0.644836
13801,0.957873
13802,0.782132
13803,0.709935
13804,0.947743
13805,0.531083
13806,0.955692
13807,0.762467
13808,0.680337
13809,0.635948
13810,0.381859
13811,0.935984
13812,0.834639
13813,0.749384
13814,0.380949
13815,0.958889
13816,0.715262
13817,0.734903
13818,0.859633
13819,0.842544
13820,0.70677
13821,0.387442
13822,0.64458
13823,0.892754
13824,0.864602
13825,0.749034
13826,0.746312
13827,0.900014
13828,0.559041
13829,0.992464
13830,0.65664
13831,0.765557
13832,0.53474
13833,0.784615
13834,0.931704
13835,0.966041
13836,0.787572
13837,0.985694
13838,0.988437
13839,0.783482
13840,0.814358
13841,0.796565
13842,0.972515
13843,0.73402
13844,0.503145
13845,0.739602
13846,0.905102
13847,0.485942
13848,0.694654
13849,0.451453
13850,0.670661
13851,0.82731
13852,0.958465
13853,0.979135
13854,0.571091
13855,0.868877
13856,0.853314
13857,0.353628
13858,0.856684
13859,0.657143
13860,0.772125
13861,0.776949
13862,0.81176
13863,0.957657
13864,0.956736
13865,0.872306
13866,0.870097
13867,0.825161
13868,0.919066
13869,0.725349
13870,0.545984
13871,0.760168
13872,0.683002
13873,0.939691
13874,0.958323
13875,0.846786
13876,0.601628
13877,0.75164
13878,0.940905
13879,0.827124
13880,0.986843
13881,0.931139
13882,0.885759
13883,0.874827
13884,0.748583
13885,0.849288
13886,0.712544
13887,0.965571
13888,0.10104
13889,0.749529
13890,0.679882
13891,0.829122
13892,0.984551
13893,0.816193
13894,0.971177
13895,0.88164
13896,0.794562
13897,0.525028
13898,0.455862
13899,0.927135
13900,0.826479
13901,0.742993
13902,0.6105
13903,0.731695
13904,0.698628
13905,0.533409
13906,0.53234
13907,0.953495
13908,0.709732
13909,0.889642
13910,0.766408
13911,0.789489
13912,0.815485
13913,0.828849
13914,0.988372
13915,0.826488
13916,0.849728
13917,0.670085
13918,0.945806
13919,0.919853
13920,0.692324
13921,0.56609
13922,0.042194
13923,0.468022
13924,0.613799
13925,0.887803
13926,0.483786
13927,0.484535
13928,0.664445
13929,0.670812
13930,0.668579
13931,0.714955
13932,0.865476
13933,0.815641
13934,0.917165
13935,0.608422
13936,0.806381
13937,0.970491
13938,0.800517
13939,0.895254
13940,0.765302
13941,0.406405
13942,0.50198
13943,0.817923
13944,0.614524
13945,0.85426
13946,0.676548
13947,0.68833
13948,0.69987
13949,0.709871
13950,0.857776
13951,0.442729
13952,0.99125
13953,0.708017
13954,0.994032
13955,0.575857
13956,0.361148
13957,0.9709
13958,0.767863
13959,0.608823
13960,0.614125
13961,0.624282
13962,0.548507
13963,0.868459
13964,0.704756
13965,0.8783
13966,0.961465
13967,0.843525
13968,0.730175
13969,0.670495
13970,0.806131
13971,0.82911
13972,0.805757
13973,0.335904
13974,0.432574
13975,0.737654
13976,0.98083
13977,0.720789
13978,0.825885
13979,0.42375
13980,0.930623
13981,0.705786
13982,0.63046
13983,0.720466
13984,0.868163
13985,0.854361
13986,0.525125
13987,0.653862
13988,0.444812
13989,0.665408
13990,0.93928
13991,0.846904
13992,0.757215
13993,0.510147
13994,0.928721
13995,0.819971
13996,0.990051
13997,0.861724
13998,0.553649
13999,0.627736
14000,0.518652
14001,0.741558
14002,0.715857
14003,0.785485
14004,0.633245
14005,0.896093
14006,0.858864
14007,0.474735
14008,0.85756
14009,0.981771
14010,0.948095
14011,0.819633
14012,0.649867
14013,0.6649
14014,0.700993
14015,0.580215
14016,0.736961
14017,0.836842
14018,0.959659
14019,0.238261
14020,0.590831
14021,0.712684
14022,0.987914
14023,0.417047
14024,0.701286
14025,0.499192
14026,0.979695
14027,0.688662
14028,0.987164
14029,0.920745
14030,0.976052
14031,0.548801
14032,0.699189
14033,0.821692
14034,0.988051
14035,0.985265
14036,0.790246
14037,0.492401
14038,0.492885
14039,0.461141
14040,0.973988
14041,0.651489
14042,0.79713
14043,0.778215
14044,0.836463
14045,0.179192
14046,0.804122
14047,0.854896
14048,0.292231
14049,0.985847
14050,0.061427
14051,0.859609
14052,0.607109
14053,0.717048
14054,0.758366
14055,0.887968
14056,0.964459
14057,0.543495
14058,0.865452
14059,0.42209
14060,0.09006
14061,0.722348
14062,0.857252
14063,0.51482
14064,0.957246
14065,0.943017
14066,0.433569
14067,0.39438
14068,0.838868
14069,0.700605
14070,0.519979
14071,0.691286
14072,0.99507
14073,0.699234
14074,0.047
14075,0.716655
14076,0.603844
14077,0.665892
14078,0.737981
14079,0.241535
14080,0.85983
14081,0.841635
14082,0.986154
14083,0.76293
14084,0.498335
14085,0.949268
14086,0.213374
14087,0.944284
14088,0.95378
14089,0.505877
14090,0.914007
14091,0.665578
14092,0.905655
14093,0.843102
14094,0.721658
14095,0.832037
14096,0.784735
14097,0.652693
14098,0.73283
14099,0.907894
14100,0.481028
14101,0.974883
14102,0.440448
14103,0.640611
14104,0.903023
14105,0.765537
14106,0.856715
14107,0.989837
14108,0.576262
14109,0.57929
14110,0.893579
14111,0.748039
14112,0.983061
14113,0.492834
14114,0.70228
14115,0.906829
14116,0.71154
14117,0.970733
14118,0.714751
14119,0.930719
14120,0.564081
14121,0.955188
14122,0.952898
14123,0.857178
14124,0.874992
14125,0.180031
14126,0.779494
14127,0.726456
14128,0.553283
14129,0.840256
14130,0.527625
14131,0.70086
14132,0.566051
14133,0.177345
14134,0.781103
14135,0.843732
14136,0.560439
14137,0.808906
14138,0.927995
14139,0.489803
14140,0.972313
14141,0.86662
14142,0.572884
14143,0.664202
14144,0.863049
14145,0.302783
14146,0.465558
14147,0.725794
14148,0.723188
14149,0.972321
14150,0.922184
14151,0.807774
14152,0.789791
14153,0.0456
14154,0.941244
14155,0.804353
14156,0.60466
14157,0.617839
14158,0.597838
14159,0.971461
14160,0.461456
14161,0.58238
14162,0.247361
14163,0.133089
14164,0.931289
14165,0.602707
14166,0.954575
14167,0.694774
14168,0.463446
14169,0.699449
14170,0.96797
14171,0.344525
14172,0.797978
14173,0.937703
14174,0.719959
14175,0.541558
14176,0.883064
14177,0.764528
14178,0.318903
14179,0.458811
14180,0.723756
14181,0.173042
14182,0.927967
14183,0.724013
14184,0.806893
14185,0.857673
14186,0.959477
14187,0.92917
14188,0.630528
14189,0.819775
14190,0.745776
14191,0.829663
14192,0.904965
14193,0.95145
14194,0.667661
14195,0.648831
14196,0.988774
14197,0.186088
14198,0.892761
14199,0.925687
14200,0.843215
14201,0.938346
14202,0.811474
14203,0.793397
14204,0.799346
14205,0.753616
14206,0.635614
14207,0.413592
14208,0.415107
14209,0.911069
14210,0.906362
14211,0.98544
14212,0.755291
14213,0.61224
14214,0.532425
14215,0.522854
14216,0.559852
14217,0.585388
14218,0.986194
14219,0.700868
14220,0.941805
14221,0.626599
14222,0.72095
14223,0.814342
14224,0.757982
14225,0.981406
14226,0.745872
14227,0.734159
14228,0.701253
14229,0.610276
14230,0.560038
14231,0.816831
14232,0.933389
14233,0.798128
14234,0.679204
14235,0.798393
14236,0.757086
14237,0.957711
14238,0.537545
14239,0.563615
14240,0.704314
14241,0.971067
14242,0.551301
14243,0.980321
14244,0.641188
14245,0.631409
14246,0.966555
14247,0.622146
14248,0.868621
14249,0.777872
14250,0.920882
14251,0.754111
14252,0.844945
14253,0.609667
14254,0.775878
14255,0.973516
14256,0.865013
14257,0.547857
14258,0.986293
14259,0.630328
14260,0.666119
14261,0.608202
14262,0.887178
14263,0.970012
14264,0.79381
14265,0.666595
14266,0.319602
14267,0.797625
14268,0.691732
14269,0.986293
14270,0.852791
14271,0.874379
14272,0.932568
14273,0.832896
14274,0.527598
14275,0.872492
14276,0.750288
14277,0.348159
14278,0.496512
14279,0.970213
14280,0.980603
14281,0.654592
14282,0.819277
14283,0.971028
14284,0.924117
14285,0.634126
14286,0.810999
14287,0.81006
14288,0.246348
14289,0.87676
14290,0.653002
14291,0.777071
14292,0.773085
14293,0.667865
14294,0.688422
14295,0.429379
14296,0.035091
14297,0.752047
14298,0.493162
14299,0.844177
14300,0.61392
14301,0.985957
14302,0.956767
14303,0.925954
14304,0.956176
14305,0.854351
14306,0.981508
14307,0.728311
14308,0.980282
14309,0.582719
14310,0.954237
14311,0.638746
14312,0.699224
14313,0.835395
14314,0.928556
14315,0.605895
14316,0.886657
14317,0.698242
14318,0.82925
14319,0.735529
14320,0.507098
14321,0.878291
14322,0.864755
14323,0.91868
14324,0.702034
14325,0.843822
14326,0.670282
14327,0.78473
14328,0.659032
14329,0.838182
14330,0.154496
14331,0.345422
14332,0.559488
14333,0.957938
14334,0.843007
14335,0.455048
14336,0.721757
14337,0.839333
14338,0.806644
14339,0.834691
14340,0.758063
14341,0.255875
14342,0.860424
14343,0.710543
14344,0.186076
14345,0.59332
14346,0.570876
14347,0.857932
14348,0.632502
14349,0.827114
14350,0.041298
14351,0.416891
14352,0.344582
14353,0.842456
14354,0.857411
14355,0.134117
14356,0.928812
14357,0.932821
14358,0.661619
14359,0.540926
14360,0.978948
14361,0.848178
14362,0.900617
14363,0.501562
14364,0.046224
14365,0.849277
14366,0.814505
14367,0.919522
14368,0.584786
14369,0.67775
14370,0.782197
14371,0.862469
14372,0.755127
14373,0.347453
14374,0.788506
14375,0.495455
14376,0.493893
14377,0.911101
14378,0.183008
14379,0.551382
14380,0.624317
14381,0.938741
14382,0.617083
14383,0.629337
14384,0.674427
14385,0.704235
14386,0.297454
14387,0.706013
14388,0.890371
14389,0.651247
14390,0.773117
14391,0.407169
14392,0.605422
14393,0.585611
14394,0.740153
14395,0.446848
14396,0.539984
14397,0.649436
14398,0.804342
14399,0.660625
14400,0.695039
14401,0.370922
14402,0.68979
14403,0.990146
14404,0.761722
14405,0.745523
14406,0.713696
14407,0.963937
14408,0.941057
14409,0.944574
14410,0.477885
14411,0.98387
14412,0.612571
14413,0.756857
14414,0.941429
14415,0.645315
14416,0.984479
14417,0.537808
14418,0.549208
14419,0.792543
14420,0.836763
14421,0.800627
14422,0.868255
14423,0.835968
14424,0.967938
14425,0.719672
14426,0.919242
14427,0.702228
14428,0.438167
14429,0.784019
14430,0.296447
14431,0.059183
14432,0.738983
14433,0.635339
14434,0.185501
14435,0.69051
14436,0.34451
14437,0.857089
14438,0.634843
14439,0.703931
14440,0.567147
14441,0.844531
14442,0.823839
14443,0.829123
14444,0.720335
14445,0.590656
14446,0.820945
14447,0.804767
14448,0.616397
14449,0.9674
14450,0.850629
14451,0.938876
14452,0.879141
14453,0.356125
14454,0.990486
14455,0.701476
14456,0.275064
14457,0.890965
14458,0.649713
14459,0.383882
14460,0.752934
14461,0.6297
14462,0.911581
14463,0.684001
14464,0.766852
14465,0.920893
14466,0.682837
14467,0.3084
14468,0.928681
14469,0.734043
14470,0.852521
14471,0.795206
14472,0.759028
14473,0.563545
14474,0.865935
14475,0.581871
14476,0.611485
14477,0.711578
14478,0.816826
14479,0.813067
14480,0.964771
14481,0.800475
14482,0.720889
14483,0.888943
14484,0.451772
14485,0.570584
14486,0.977668
14487,0.892591
14488,0.029884
14489,0.761354
14490,0.638563
14491,0.824233
14492,0.81308
14493,0.986518
14494,0.788582
14495,0.809765
14496,0.653689
14497,0.992894
14498,0.683339
14499,0.75343
14500,0.687104
14501,0.771413
14502,0.970645
14503,0.851618
14504,0.816648
14505,0.613038
14506,0.655147
14507,0.676125
14508,0.959673
14509,0.727133
14510,0.763947
14511,0.656194
14512,0.697391
14513,0.57177
14514,0.585274
14515,0.553453
14516,0.841379
14517,0.628438
14518,0.918145
14519,0.6814
14520,0.721433
14521,0.818003
14522,0.888209
14523,0.881452
14524,0.51786
14525,0.056411
14526,0.895124
14527,0.755544
14528,0.470031
14529,0.848577
14530,0.660915
14531,0.727532
14532,0.613185
14533,0.918282
14534,0.87249
14535,0.207178
14536,0.581266
14537,0.967388
14538,0.696405
14539,0.885381
14540,0.383368
14541,0.679063
14542,0.542785
14543,0.9183
14544,0.774279
14545,0.845695
14546,0.566268
14547,0.500868
14548,0.509689
14549,0.560233
14550,0.74579
14551,0.923348
14552,0.796023
14553,0.456005
14554,0.850591
14555,0.763926
14556,0.842419
14557,0.802326
14558,0.566652
14559,0.730492
14560,0.610102
14561,0.663773
14562,0.574467
14563,0.170067
14564,0.716388
14565,0.946235
14566,0.76704
14567,0.617314
14568,0.890706
14569,0.727291
14570,0.930961
14571,0.937262
14572,0.820339
14573,0.904127
14574,0.783921
14575,0.832197
14576,0.871246
14577,0.908462
14578,0.774798
14579,0.738217
14580,0.32452
14581,0.928348
14582,0.763264
14583,0.837474
14584,0.803725
14585,0.636852
14586,0.988071
14587,0.892316
14588,0.558158
14589,0.40648
14590,0.961935
14591,0.805642
14592,0.799514
14593,0.236154
14594,0.615719
14595,0.38901
14596,0.846304
14597,0.843808
14598,0.428094
14599,0.811083
14600,0.559245
14601,0.622506
14602,0.896287
14603,0.804975
14604,0.704987
14605,0.680688
14606,0.669348
14607,0.867503
14608,0.51059
14609,0.614285
14610,0.899425
14611,0.472799
14612,0.669071
14613,0.824605
14614,0.931446
14615,0.425349
14616,0.914522
14617,0.880309
14618,0.778579
14619,0.733673
14620,0.943061
14621,0.831322
14622,0.870592
14623,0.761785
14624,0.834918
14625,0.75639
14626,0.586409
14627,0.144384
14628,0.687219
14629,0.710276
14630,0.760614
14631,0.383685
14632,0.626605
14633,0.755989
14634,0.49931
14635,0.958228
14636,0.791187
14637,0.744595
14638,0.27949
14639,0.861135
14640,0.630686
14641,0.594693
14642,0.801456
14643,0.837179
14644,0.713537
14645,0.780413
14646,0.824448
14647,0.953772
14648,0.91742
14649,0.97459
14650,0.888948
14651,0.212935
14652,0.50839
14653,0.578785
14654,0.952336
14655,0.149397
14656,0.917625
14657,0.977757
14658,0.316714
14659,0.68933
14660,0.894704
14661,0.835661
14662,0.967149
14663,0.899618
14664,0.712794
14665,0.56004
14666,0.930011
14667,0.802156
14668,0.768192
14669,0.658646
14670,0.713963
14671,0.944002
14672,0.448942
14673,0.490615
14674,0.85153
14675,0.992324
14676,0.980021
14677,0.464214
14678,0.55205
14679,0.688411
14680,0.786851
14681,0.725423
14682,0.826544
14683,0.693015
14684,0.706352
14685,0.706168
14686,0.585751
14687,0.865303
14688,0.968051
14689,0.858964
14690,0.940404
14691,0.843097
14692,0.563226
14693,0.746346
14694,0.55696
14695,0.707373
14696,0.870445
14697,0.418383
14698,0.473972
14699,0.846262
14700,0.674907
14701,0.365758
14702,0.813043
14703,0.712491
14704,0.596858
14705,0.554408
14706,0.493519
14707,0.67348
14708,0.781254
14709,0.889644
14710,0.772244
14711,0.889699
14712,0.940797
14713,0.762896
14714,0.150141
14715,0.805589
14716,0.708778
14717,0.597726
14718,0.454007
14719,0.702693
14720,0.599515
14721,0.831299
14722,0.620977
14723,0.81748
14724,0.546889
14725,0.593302
14726,0.472568
14727,0.951935
14728,0.202835
14729,0.980318
14730,0.607595
14731,0.855448
14732,0.873756
14733,0.755938
14734,0.715728
14735,0.964975
14736,0.945429
14737,0.923106
14738,0.981821
14739,0.927103
14740,0.784717
14741,0.488678
14742,0.863026
14743,0.967478
14744,0.827351
14745,0.756109
14746,0.697043
14747,0.700013
14748,0.596729
14749,0.989533
14750,0.90616
14751,0.908664
14752,0.844685
14753,0.390588
14754,0.022696
14755,0.989465
14756,0.871113
14757,0.799384
14758,0.828242
14759,0.546289
14760,0.873158
14761,0.331269
14762,0.486786
14763,0.905496
14764,0.957639
14765,0.708742
14766,0.744131
14767,0.611741
14768,0.936704
14769,0.556094
14770,0.480084
14771,0.940374
14772,0.805294
14773,0.973236
14774,0.897807
14775,0.692867
14776,0.866554
14777,0.716176
14778,0.558163
14779,0.642015
14780,0.616209
14781,0.710451
14782,0.713795
14783,0.528965
14784,0.807423
14785,0.850909
14786,0.722586
14787,0.747162
14788,0.822333
14789,0.380695
14790,0.767535
14791,0.91071
14792,0.919119
14793,0.399239
14794,0.799164
14795,0.946456
14796,0.855042
14797,0.802445
14798,0.849963
14799,0.680401
14800,0.744304
14801,0.76817
14802,0.906999
14803,0.58604
14804,0.717857
14805,0.566503
14806,0.92954
14807,0.432793
14808,0.558102
14809,0.979059
14810,0.943184
14811,0.823033
14812,0.837903
14813,0.833568
14814,0.660739
14815,0.531951
14816,0.892849
14817,0.784469
14818,0.871178
14819,0.649737
14820,0.922733
14821,0.788953
14822,0.857302
14823,0.646248
14824,0.72164
14825,0.728079
14826,0.603059
14827,0.964925
14828,0.722939
14829,0.987075
14830,0.975725
14831,0.763183
14832,0.941919
14833,0.68181
14834,0.662315
14835,0.652405
14836,0.912752
14837,0.636783
14838,0.615251
14839,0.959668
14840,0.742603
14841,0.491994
14842,0.819131
14843,0.895497
14844,0.496024
14845,0.635487
14846,0.598581
14847,0.893474
14848,0.820923
14849,0.446159
14850,0.993965
14851,0.979832
14852,0.720295
14853,0.967388
14854,0.567145
14855,0.970445
14856,0.032476
14857,0.487872
14858,0.382184
14859,0.684869
14860,0.784631
14861,0.91546
14862,0.582824
14863,0.689779
14864,0.645354
14865,0.839215
14866,0.530228
14867,0.114711
14868,0.722616
14869,0.564242
14870,0.896835
14871,0.820688
14872,0.440793
14873,0.640727
14874,0.664545
14875,0.83114
14876,0.435003
14877,0.55574
14878,0.673483
14879,0.872286
14880,0.74827
14881,0.946255
14882,0.82015
14883,0.122533
14884,0.656507
14885,0.919882
14886,0.629007
14887,0.489948
14888,0.96047
14889,0.181141
14890,0.712024
14891,0.756377
14892,0.728995
14893,0.722391
14894,0.594164
14895,0.968095
14896,0.850019
14897,0.966081
14898,0.954404
14899,0.873352
14900,0.764137
14901,0.538332
14902,0.597449
14903,0.601095
14904,0.789147
14905,0.814038
14906,0.713621
14907,0.478306
14908,0.94571
14909,0.696116
14910,0.964044
14911,0.729822
14912,0.838731
14913,0.751763
14914,0.832871
14915,0.613831
14916,0.872522
14917,0.995128
14918,0.735444
14919,0.787011
14920,0.915721
14921,0.856298
14922,0.867157
14923,0.655026
14924,0.845544
14925,0.804231
14926,0.913988
14927,0.94929
14928,0.833064
14929,0.778306
14930,0.562367
14931,0.690473
14932,0.625213
14933,0.919727
14934,0.476752
14935,0.607197
14936,0.636569
14937,0.57869
14938,0.628324
14939,0.467244
14940,0.937742
14941,0.984274
14942,0.608979
14943,0.883038
14944,0.629913
14945,0.483933
14946,0.497313
14947,0.428864
14948,0.76825
14949,0.632014
14950,0.870153
14951,0.886213
14952,0.74754
14953,0.480856
14954,0.959294
14955,0.904189
14956,0.445453
14957,0.680443
14958,0.761905
14959,0.463709
14960,0.659777
14961,0.648972
14962,0.546915
14963,0.85269
14964,0.842367
14965,0.56604
14966,0.448675
14967,0.90583
14968,0.971982
14969,0.701795
14970,0.841361
14971,0.646523
14972,0.902476
14973,0.963153
14974,0.589173
14975,0.517506
14976,0.786138
14977,0.818656
14978,0.535718
14979,0.628743
14980,0.658877
14981,0.885506
14982,0.651779
14983,0.511483
14984,0.77661
14985,0.993311
14986,0.791274
14987,0.936756
14988,0.718411
14989,0.720259
14990,0.858352
14991,0.792022
14992,0.50416
14993,0.832259
14994,0.960442
14995,0.908242
14996,0.509915
14997,0.973002
14998,0.75793
14999,0.462831
15000,0.90977
15001,0.705609
15002,0.927292
15003,0.898478
15004,0.786455
15005,0.823542
15006,0.798084
15007,0.867081
15008,0.868042
15009,0.564841
15010,0.492376
15011,0.722275
15012,0.888301
15013,0.21971
15014,0.677921
15015,0.843973
15016,0.798928
15017,0.65222
15018,0.99045
15019,0.82625
15020,0.469827
15021,0.852055
15022,0.755693
15023,0.817493
15024,0.822454
15025,0.778386
15026,0.38705
15027,0.618119
15028,0.753524
15029,0.466278
15030,0.648401
15031,0.491612
15032,0.80444
15033,0.627873
15034,0.726341
15035,0.701814
15036,0.982928
15037,0.702153
15038,0.729954
15039,0.626105
15040,0.498058
15041,0.886042
15042,0.562768
15043,0.568472
15044,0.474848
15045,0.455737
15046,0.827101
15047,0.637744
15048,0.623659
15049,0.949661
15050,0.737517
15051,0.842961
15052,0.62758
15053,0.862738
15054,0.764699
15055,0.403771
15056,0.818331
15057,0.68286
15058,0.64929
15059,0.962581
15060,0.185071
15061,0.813596
15062,0.614261
15063,0.876478
15064,0.967315
15065,0.898343
15066,0.668773
15067,0.933273
15068,0.926494
15069,0.752694
15070,0.670972
15071,0.830131
15072,0.086901
15073,0.873056
15074,0.732458
15075,0.549972
15076,0.213532
15077,0.969943
15078,0.970696
15079,0.798865
15080,0.61958
15081,0.831005
15082,0.736946
15083,0.922412
15084,0.786372
15085,0.640653
15086,0.782264
15087,0.734972
15088,0.430514
15089,0.956716
15090,0.86657
15091,0.926909
15092,0.821861
15093,0.660008
15094,0.961372
15095,0.787539
15096,0.970239
15097,0.743878
15098,0.786979
15099,0.738288
15100,0.807357
15101,0.107673
15102,0.646846
15103,0.666996
15104,0.856336
15105,0.389012
15106,0.509092
15107,0.945506
15108,0.598932
15109,0.683952
15110,0.94008
15111,0.860795
15112,0.830423
15113,0.714969
15114,0.915691
15115,0.709389
15116,0.509201
15117,0.8794
15118,0.880776
15119,0.648625
15120,0.664096
15121,0.921567
15122,0.98511
15123,0.564686
15124,0.547583
15125,0.59956
15126,0.895492
15127,0.708224
15128,0.930337
15129,0.830591
15130,0.745353
15131,0.522269
15132,0.774748
15133,0.762476
15134,0.673116
15135,0.586507
15136,0.665547
15137,0.712098
15138,0.780431
15139,0.977755
15140,0.813117
15141,0.537188
15142,0.457939
15143,0.701674
15144,0.88021
15145,0.576475
15146,0.720245
15147,0.577823
15148,0.75665
15149,0.958337
15150,0.725964
15151,0.969079
15152,0.92085
15153,0.460157
15154,0.901567
15155,0.580607
15156,0.749736
15157,0.617299
15158,0.705005
15159,0.900806
15160,0.897851
15161,0.984282
15162,0.550894
15163,0.730481
15164,0.579191
15165,0.550083
15166,0.792359
15167,0.448085
15168,0.613266
15169,0.687005
15170,0.863904
15171,0.99564
15172,0.039005
15173,0.992421
15174,0.939275
15175,0.890026
15176,0.563831
15177,0.056032
15178,0.55515
15179,0.881596
15180,0.970404
15181,0.733729
15182,0.735878
15183,0.350639
15184,0.55103
15185,0.908627
15186,0.863483
15187,0.493767
15188,0.847902
15189,0.759392
15190,0.897496
15191,0.866097
15192,0.727954
15193,0.857172
15194,0.902345
15195,0.786357
15196,0.783556
15197,0.716233
15198,0.539186
15199,0.984411
15200,0.874605
15201,0.798073
15202,0.760405
15203,0.67985
15204,0.876681
15205,0.967348
15206,0.749426
15207,0.624837
15208,0.366561
15209,0.95807
15210,0.400029
15211,0.658254
15212,0.959836
15213,0.502438
15214,0.98602
15215,0.984079
15216,0.360479
15217,0.556036
15218,0.608413
15219,0.10684
15220,0.708665
15221,0.799792
15222,0.852606
15223,0.882439
15224,0.826445
15225,0.328179
15226,0.780228
15227,0.924339
15228,0.601376
15229,0.98642
15230,0.578955
15231,0.550089
15232,0.645558
15233,0.362531
15234,0.88798
15235,0.706243
15236,0.742505
15237,0.951591
15238,0.716934
15239,0.880538
15240,0.85929
15241,0.852917
15242,0.660108
15243,0.96739
15244,0.786401
15245,0.730418
15246,0.660542
15247,0.917116
15248,0.872088
15249,0.712875
15250,0.708581
15251,0.516981
15252,0.780121
15253,0.653459
15254,0.496296
15255,0.388897
15256,0.446896
15257,0.864651
15258,0.7155
15259,0.946602
15260,0.700752
15261,0.783354
15262,0.858318
15263,0.51695
15264,0.75946
15265,0.664053
15266,0.353057
15267,0.958254
15268,0.249784
15269,0.817791
15270,0.527784
15271,0.798076
15272,0.556449
15273,0.552491
15274,0.777131
15275,0.797114
15276,0.432414
15277,0.41379
15278,0.671028
15279,0.874815
15280,0.621121
15281,0.823386
15282,0.861669
15283,0.974487
15284,0.753247
15285,0.468575
15286,0.616653
15287,0.653436
15288,0.712914
15289,0.479669
15290,0.50732
15291,0.891942
15292,0.786428
15293,0.590981
15294,0.706758
15295,0.823061
15296,0.963761
15297,0.891273
15298,0.984911
15299,0.979237
15300,0.776494
15301,0.889776
15302,0.846429
15303,0.71124
15304,0.873085
15305,0.592908
15306,0.889525
15307,0.875489
15308,0.034137
15309,0.814554
15310,0.608364
15311,0.790141
15312,0.724344
15313,0.535869
15314,0.851748
15315,0.063928
15316,0.560851
15317,0.937867
15318,0.485794
15319,0.73044
15320,0.870286
15321,0.789118
15322,0.715187
15323,0.931119
15324,0.611127
15325,0.678133
15326,0.80632
15327,0.705353
15328,0.669144
15329,0.609615
15330,0.678401
15331,0.021603
15332,0.879614
15333,0.559348
15334,0.627409
15335,0.049222
15336,0.621929
15337,0.533151
15338,0.916803
15339,0.950731
15340,0.763442
15341,0.437395
15342,0.661445
15343,0.715406
15344,0.862678
15345,0.758666
15346,0.598878
15347,0.777618
15348,0.984899
15349,0.851065
15350,0.837348
15351,0.961333
15352,0.523056
15353,0.688873
15354,0.754868
15355,0.793967
15356,0.477733
15357,0.975243
15358,0.731157
15359,0.873169
15360,0.55464
15361,0.44036
15362,0.520935
15363,0.699604
15364,0.686063
15365,0.880635
15366,0.907174
15367,0.697471
15368,0.662988
15369,0.702825
15370,0.544861
15371,0.498957
15372,0.953201
15373,0.949257
15374,0.35749
15375,0.9743
15376,0.837632
15377,0.904132
15378,0.051949
15379,0.921287
15380,0.809704
15381,0.827813
15382,0.562838
15383,0.878388
15384,0.769842
15385,0.950463
15386,0.661809
15387,0.508425
15388,0.886944
15389,0.77243
15390,0.539292
15391,0.766515
15392,0.905643
15393,0.769525
15394,0.934373
15395,0.640238
15396,0.753124
15397,0.60899
15398,0.835531
15399,0.166456
15400,0.727342
15401,0.826491
15402,0.686405
15403,0.812561
15404,0.694837
15405,0.911585
15406,0.354412
15407,0.854882
15408,0.819237
15409,0.950828
15410,0.889618
15411,0.299755
15412,0.61477
15413,0.994043
15414,0.61576
15415,0.443062
15416,0.560611
15417,0.681319
15418,0.571261
15419,0.78943
15420,0.605707
15421,0.928746
15422,0.858603
15423,0.695321
15424,0.03351
15425,0.158466
15426,0.838498
15427,0.365292
15428,0.656497
15429,0.94044
15430,0.108643
15431,0.659393
15432,0.904007
15433,0.031771
15434,0.663257
15435,0.980882
15436,0.512662
15437,0.492679
15438,0.527278
15439,0.745695
15440,0.718115
15441,0.4273
15442,0.490144
15443,0.580789
15444,0.724166
15445,0.773603
15446,0.71489
15447,0.736777
15448,0.960603
15449,0.772526
15450,0.209276
15451,0.674174
15452,0.808676
15453,0.939631
15454,0.832929
15455,0.653261
15456,0.653985
15457,0.89149
15458,0.910436
15459,0.770256
15460,0.857139
15461,0.770031
15462,0.679402
15463,0.470007
15464,0.861295
15465,0.554288
15466,0.828091
15467,0.77377
15468,0.451677
15469,0.952638
15470,0.967165
15471,0.803541
15472,0.909502
15473,0.931683
15474,0.971356
15475,0.658364
15476,0.673664
15477,0.757171
15478,0.75751
15479,0.965616
15480,0.852176
15481,0.59885
15482,0.814007
15483,0.795555
15484,0.527417
15485,0.940382
15486,0.778478
15487,0.450668
15488,0.739128
15489,0.470894
15490,0.795825
15491,0.664892
15492,0.664269
15493,0.6616
15494,0.675132
15495,0.465745
15496,0.476095
15497,0.961188
15498,0.043997
15499,0.923283
15500,0.438676
15501,0.856325
15502,0.712272
15503,0.084649
15504,0.396862
15505,0.469323
15506,0.440492
15507,0.748081
15508,0.525784
15509,0.983321
15510,0.367875
15511,0.974143
15512,0.680198
15513,0.771918
15514,0.759762
15515,0.387254
15516,0.393578
15517,0.466954
15518,0.972734
15519,0.924928
15520,0.487225
15521,0.760548
15522,0.948376
15523,0.959717
15524,0.873142
15525,0.834393
15526,0.973378
15527,0.920717
15528,0.694069
15529,0.66925
15530,0.838367
15531,0.757164
15532,0.760399
15533,0.352926
15534,0.830506
15535,0.880302
15536,0.989298
15537,0.913722
15538,0.802506
15539,0.668203
15540,0.985452
15541,0.64483
15542,0.66649
15543,0.863132
15544,0.516468
15545,0.134185
15546,0.658728
15547,0.708285
15548,0.593753
15549,0.915321
15550,0.67137
15551,0.934395
15552,0.482338
15553,0.907948
15554,0.560179
15555,0.796922
15556,0.83851
15557,0.043683
15558,0.045666
15559,0.953511
15560,0.342033
15561,0.790173
15562,0.72783
15563,0.773221
15564,0.629445
15565,0.725175
15566,0.878464
15567,0.794239
15568,0.886308
15569,0.660889
15570,0.488807
15571,0.826133
15572,0.815334
15573,0.550774
15574,0.993144
15575,0.858335
15576,0.621378
15577,0.875267
15578,0.951469
15579,0.904526
15580,0.628752
15581,0.484018
15582,0.90697
15583,0.984803
15584,0.533828
15585,0.586903
15586,0.07201
15587,0.715291
15588,0.702939
15589,0.882383
15590,0.480269
15591,0.843681
15592,0.896837
15593,0.889442
15594,0.873926
15595,0.797445
15596,0.785036
15597,0.764431
15598,0.427536
15599,0.579079
15600,0.652901
15601,0.866713
15602,0.850984
15603,0.721499
15604,0.941485
15605,0.711669
15606,0.766752
15607,0.974757
15608,0.943499
15609,0.646407
15610,0.867284
15611,0.775435
15612,0.935606
15613,0.713887
15614,0.431932
15615,0.813962
15616,0.493099
15617,0.611221
15618,0.88723
15619,0.849175
15620,0.669792
15621,0.43012
15622,0.770045
15623,0.991215
15624,0.791861
15625,0.347094
15626,0.673828
15627,0.990868
15628,0.52894
15629,0.892881
15630,0.787523
15631,0.879566
15632,0.396304
15633,0.928387
15634,0.822127
15635,0.511178
15636,0.627375
15637,0.616176
15638,0.362826
15639,0.860737
15640,0.949307
15641,0.715402
15642,0.776607
15643,0.402323
15644,0.83675
15645,0.876858
15646,0.81022
15647,0.087571
15648,0.931082
15649,0.895039
15650,0.922947
15651,0.845495
15652,0.789415
15653,0.810278
15654,0.406577
15655,0.918779
15656,0.670614
15657,0.769818
15658,0.583228
15659,0.684275
15660,0.94896
15661,0.618077
15662,0.995749
15663,0.840456
15664,0.645418
15665,0.534382
15666,0.991954
15667,0.763167
15668,0.952059
15669,0.929357
15670,0.81045
15671,0.926959
15672,0.578161
15673,0.490389
15674,0.989315
15675,0.975569
15676,0.479799
15677,0.817877
15678,0.830498
15679,0.815985
15680,0.864549
15681,0.645121
15682,0.947939
15683,0.627838
15684,0.76718
15685,0.832377
15686,0.948816
15687,0.967592
15688,0.702295
15689,0.912208
15690,0.579019
15691,0.95701
15692,0.838535
15693,0.656379
15694,0.76509
15695,0.654356
15696,0.969035
15697,0.918727
15698,0.794944
15699,0.773789
15700,0.10847
15701,0.815075
15702,0.584628
15703,0.882147
15704,0.654651
15705,0.849629
15706,0.800241
15707,0.987623
15708,0.99459
15709,0.864311
15710,0.722963
15711,0.98909
15712,0.870461
15713,0.82722
15714,0.752346
15715,0.75668
15716,0.891291
15717,0.94539
15718,0.915336
15719,0.490817
15720,0.635121
15721,0.860433
15722,0.455608
15723,0.505464
15724,0.784607
15725,0.832841
15726,0.635842
15727,0.813985
15728,0.693881
15729,0.937918
15730,0.727468
15731,0.290872
15732,0.805543
15733,0.541564
15734,0.890392
15735,0.481783
15736,0.954606
15737,0.510032
15738,0.674997
15739,0.554658
15740,0.704345
15741,0.568985
15742,0.909155
15743,0.771165
15744,0.848813
15745,0.788891
15746,0.737285
15747,0.816747
15748,0.955916
15749,0.933512
15750,0.967765
15751,0.392272
15752,0.633301
15753,0.627027
15754,0.958169
15755,0.621973
15756,0.824529
15757,0.544291
15758,0.775945
15759,0.74406
15760,0.929453
15761,0.915524
15762,0.653087
15763,0.856922
15764,0.904167
15765,0.969239
15766,0.930254
15767,0.367035
15768,0.744708
15769,0.227891
15770,0.916129
15771,0.892256
15772,0.720162
15773,0.851067
15774,0.78155
15775,0.362195
15776,0.800192
15777,0.694916
15778,0.087273
15779,0.609514
15780,0.418361
15781,0.919368
15782,0.724159
15783,0.76552
15784,0.527526
15785,0.338652
15786,0.969179
15787,0.839224
15788,0.611426
15789,0.978122
15790,0.682295
15791,0.804204
15792,0.954365
15793,0.7517
15794,0.578288
15795,0.863016
15796,0.605394
15797,0.765049
15798,0.834009
15799,0.631579
15800,0.590159
15801,0.647968
15802,0.843783
15803,0.924161
15804,0.644694
15805,0.948876
15806,0.747777
15807,0.460689
15808,0.765987
15809,0.501749
15810,0.844535
15811,0.9218
15812,0.515974
15813,0.539412
15814,0.827298
15815,0.86479
15816,0.535941
15817,0.935444
15818,0.770551
15819,0.870466
15820,0.936075
15821,0.607839
15822,0.76423
15823,0.775679
15824,0.973148
15825,0.872853
15826,0.652654
15827,0.527061
15828,0.931986
15829,0.928728
15830,0.647924
15831,0.668051
15832,0.144648
15833,0.598967
15834,0.763589
15835,0.976007
15836,0.84735
15837,0.699981
15838,0.673488
15839,0.933908
15840,0.709311
15841,0.506091
15842,0.740368
15843,0.644801
15844,0.722333
15845,0.263624
15846,0.876885
15847,0.675305
15848,0.934188
15849,0.74719
15850,0.66131
15851,0.851256
15852,0.741126
15853,0.356942
15854,0.593587
15855,0.875083
15856,0.838599
15857,0.792766
15858,0.155813
15859,0.624749
15860,0.852978
15861,0.570731
15862,0.846786
15863,0.580858
15864,0.930244
15865,0.71199
15866,0.171795
15867,0.41059
15868,0.948279
15869,0.979007
15870,0.757205
15871,0.893691
15872,0.916078
15873,0.931189
15874,0.666663
15875,0.974266
15876,0.881987
15877,0.631997
15878,0.88243
15879,0.619255
15880,0.622759
15881,0.919292
15882,0.81454
15883,0.512899
15884,0.465007
15885,0.894719
15886,0.65578
15887,0.868019
15888,0.770249
15889,0.87679
15890,0.427102
15891,0.58237
15892,0.992034
15893,0.751138
15894,0.451927
15895,0.465613
15896,0.74856
15897,0.986293
15898,0.8393
15899,0.670348
15900,0.747988
15901,0.485447
15902,0.484121
15903,0.696718
15904,0.86751
15905,0.982182
15906,0.470939
15907,0.983574
15908,0.152407
15909,0.914629
15910,0.662051
15911,0.668241
15912,0.471318
15913,0.919739
15914,0.993345
15915,0.872306
15916,0.608074
15917,0.698373
15918,0.977955
15919,0.545296
15920,0.884293
15921,0.786923
15922,0.729402
15923,0.930553
15924,0.924129
15925,0.636376
15926,0.586492
15927,0.838832
15928,0.445379
15929,0.708325
15930,0.515618
15931,0.782986
15932,0.959026
15933,0.879148
15934,0.553304
15935,0.975149
15936,0.777459
15937,0.865914
15938,0.587794
15939,0.744398
15940,0.669403
15941,0.628556
15942,0.358041
15943,0.907206
15944,0.984652
15945,0.847703
15946,0.592642
15947,0.882436
15948,0.033574
15949,0.976711
15950,0.618043
15951,0.947023
15952,0.774095
15953,0.83218
15954,0.939727
15955,0.795035
15956,0.453888
15957,0.360229
15958,0.863199
15959,0.964799
15960,0.708336
15961,0.833595
15962,0.499185
15963,0.803531
15964,0.8283
15965,0.925379
15966,0.741512
15967,0.967893
15968,0.946989
15969,0.728261
15970,0.945477
15971,0.505387
15972,0.560378
15973,0.973754
15974,0.732674
15975,0.609505
15976,0.894108
15977,0.759593
15978,0.828015
15979,0.346198
15980,0.944299
15981,0.88366
15982,0.6951
15983,0.48837
15984,0.772729
15985,0.981878
15986,0.698905
15987,0.674147
15988,0.525429
15989,0.760788
15990,0.902792
15991,0.572397
15992,0.47172
15993,0.947439
15994,0.706868
15995,0.908715
15996,0.668985
15997,0.839988
15998,0.892707
15999,0.926577
16000,0.926693
16001,0.856542
16002,0.696014
16003,0.432812
16004,0.656998
16005,0.840924
16006,0.900907
16007,0.843236
16008,0.903611
16009,0.707025
16010,0.936924
16011,0.750888
16012,0.723098
16013,0.921111
16014,0.784951
16015,0.597688
16016,0.793102
16017,0.945569
16018,0.665806
16019,0.026951
16020,0.90954
16021,0.981009
16022,0.894116
16023,0.694961
16024,0.974239
16025,0.603294
16026,0.578172
16027,0.605732
16028,0.844256
16029,0.972121
16030,0.828558
16031,0.691813
16032,0.627705
16033,0.814392
16034,0.964465
16035,0.563583
16036,0.837488
16037,0.716376
16038,0.607707
16039,0.734439
16040,0.783
16041,0.757541
16042,0.744564
16043,0.703492
16044,0.447553
16045,0.545902
16046,0.761246
16047,0.515036
16048,0.935097
16049,0.873132
16050,0.687195
16051,0.615826
16052,0.68469
16053,0.868095
16054,0.564555
16055,0.800858
16056,0.706671
16057,0.643341
16058,0.561252
16059,0.827508
16060,0.747803
16061,0.801933
16062,0.516094
16063,0.950652
16064,0.947239
16065,0.509457
16066,0.842837
16067,0.70935
16068,0.675915
16069,0.970971
16070,0.97841
16071,0.893195
16072,0.874283
16073,0.61999
16074,0.845609
16075,0.031613
16076,0.862816
16077,0.91677
16078,0.149916
16079,0.781524
16080,0.771025
16081,0.033601
16082,0.511274
16083,0.979717
16084,0.746204
16085,0.781485
16086,0.761673
16087,0.424432
16088,0.573624
16089,0.736339
16090,0.564177
16091,0.64052
16092,0.815064
16093,0.391281
16094,0.75567
16095,0.615732
16096,0.770237
16097,0.87104
16098,0.540095
16099,0.902569
16100,0.865057
16101,0.861495
16102,0.473331
16103,0.603626
16104,0.483902
16105,0.429471
16106,0.758945
16107,0.933462
16108,0.734733
16109,0.66077
16110,0.754632
16111,0.583812
16112,0.834762
16113,0.884644
16114,0.92064
16115,0.758094
16116,0.791105
16117,0.034147
16118,0.935539
16119,0.729959
16120,0.815624
16121,0.858899
16122,0.831032
16123,0.90994
16124,0.825736
16125,0.862754
16126,0.768523
16127,0.639073
16128,0.622393
16129,0.805445
16130,0.647018
16131,0.794298
16132,0.723011
16133,0.829142
16134,0.791877
16135,0.744144
16136,0.452092
16137,0.160028
16138,0.834242
16139,0.489657
16140,0.868665
16141,0.503533
16142,0.911623
16143,0.679544
16144,0.501123
16145,0.963573
16146,0.83207
16147,0.444403
16148,0.590833
16149,0.126308
16150,0.729845
16151,0.627255
16152,0.935583
16153,0.287555
16154,0.689858
16155,0.618923
16156,0.481316
16157,0.826479
16158,0.758181
16159,0.756414
16160,0.703605
16161,0.979185
16162,0.791624
16163,0.879813
16164,0.927416
16165,0.497772
16166,0.824015
16167,0.270512
16168,0.72428
16169,0.971732
16170,0.679282
16171,0.410168
16172,0.958267
16173,0.891699
16174,0.856083
16175,0.86
16176,0.676796
16177,0.470031
16178,0.631466
16179,0.533013
16180,0.871642
16181,0.779583
16182,0.765513
16183,0.908619
16184,0.824041
16185,0.694474
16186,0.771849
16187,0.837307
16188,0.949384
16189,0.356287
16190,0.717245
16191,0.864582
16192,0.935235
16193,0.521304
16194,0.678746
16195,0.669598
16196,0.047095
16197,0.904287
16198,0.829985
16199,0.847718
16200,0.676554
16201,0.763016
16202,0.65266
16203,0.946122
16204,0.721075
16205,0.583734
16206,0.92557
16207,0.83941
16208,0.751858
16209,0.59186
16210,0.984555
16211,0.596249
16212,0.85024
16213,0.668072
16214,0.70033
16215,0.933045
16216,0.82389
16217,0.439299
16218,0.816956
16219,0.889729
16220,0.583502
16221,0.840465
16222,0.959621
16223,0.936906
16224,0.287007
16225,0.776351
16226,0.873373
16227,0.966537
16228,0.78033
16229,0.80785
16230,0.919018
16231,0.910127
16232,0.683327
16233,0.701603
16234,0.376644
16235,0.906268
16236,0.695996
16237,0.40329
16238,0.932085
16239,0.931945
16240,0.698319
16241,0.875129
16242,0.850847
16243,0.526187
16244,0.790246
16245,0.77333
16246,0.758546
16247,0.792261
16248,0.723791
16249,0.992184
16250,0.527497
16251,0.731392
16252,0.896212
16253,0.932672
16254,0.75303
16255,0.811545
16256,0.63696
16257,0.850555
16258,0.979459
16259,0.418384
16260,0.560385
16261,0.578242
16262,0.572585
16263,0.981814
16264,0.720915
16265,0.7963
16266,0.790967
16267,0.723346
16268,0.805418
16269,0.927281
16270,0.675281
16271,0.698062
16272,0.516123
16273,0.917517
16274,0.516677
16275,0.949345
16276,0.960566
16277,0.49479
16278,0.069423
16279,0.043248
16280,0.606139
16281,0.768976
16282,0.682097
16283,0.53763
16284,0.919031
16285,0.75098
16286,0.660959
16287,0.582433
16288,0.831137
16289,0.524593
16290,0.968758
16291,0.972027
16292,0.35776
16293,0.945444
16294,0.842522
16295,0.363358
16296,0.801824
16297,0.529973
16298,0.615882
16299,0.716275
16300,0.53329
16301,0.792471
16302,0.960913
16303,0.731043
16304,0.929533
16305,0.929029
16306,0.671443
16307,0.890089
16308,0.319647
16309,0.587466
16310,0.494745
16311,0.939346
16312,0.409415
16313,0.215338
16314,0.501843
16315,0.52625
16316,0.801435
16317,0.839323
16318,0.622995
16319,0.531415
16320,0.534379
16321,0.661597
16322,0.533258
16323,0.744332
16324,0.948212
16325,0.779118
16326,0.72645
16327,0.760182
16328,0.980718
16329,0.675741
16330,0.578833
16331,0.884419
16332,0.292244
16333,0.599302
16334,0.577652
16335,0.865061
16336,0.037038
16337,0.940932
16338,0.96049
16339,0.632844
16340,0.769997
16341,0.817103
16342,0.949419
16343,0.810592
16344,0.732877
16345,0.839177
16346,0.720472
16347,0.926742
16348,0.900567
16349,0.7647
16350,0.650433
16351,0.852107
16352,0.514652
16353,0.808348
16354,0.769248
16355,0.705056
16356,0.774992
16357,0.935057
16358,0.788406
16359,0.828494
16360,0.876555
16361,0.564945
16362,0.87696
16363,0.702162
16364,0.716001
16365,0.2131
16366,0.639495
16367,0.77669
16368,0.557705
16369,0.9176
16370,0.841883
16371,0.884397
16372,0.910366
16373,0.951639
16374,0.873115
16375,0.986951
16376,0.896935
16377,0.633878
16378,0.696995
16379,0.958301
16380,0.899779
16381,0.971877
16382,0.796163
16383,0.788129
16384,0.032815
16385,0.80224
16386,0.61646
16387,0.543876
16388,0.674794
16389,0.737
16390,0.988866
16391,0.87357
16392,0.951377
16393,0.682477
16394,0.664641
16395,0.353805
16396,0.731879
16397,0.959912
16398,0.608131
16399,0.904111
16400,0.894372
16401,0.785264
16402,0.563952
16403,0.722382
16404,0.679197
16405,0.045314
16406,0.915331
16407,0.756943
16408,0.991342
16409,0.930198
16410,0.635356
16411,0.829364
16412,0.628751
16413,0.775657
16414,0.914472
16415,0.699305
16416,0.933426
16417,0.122907
16418,0.410911
16419,0.682897
16420,0.612041
16421,0.80128
16422,0.939261
16423,0.752379
16424,0.52919
16425,0.876172
16426,0.650475
16427,0.799711
16428,0.93783
16429,0.625625
16430,0.575992
16431,0.539564
16432,0.697207
16433,0.76113
16434,0.87247
16435,0.768005
16436,0.91285
16437,0.807368
16438,0.806839
16439,0.235897
16440,0.410897
16441,0.622124
16442,0.976363
16443,0.794294
16444,0.258503
16445,0.651615
16446,0.902482
16447,0.642372
16448,0.863525
16449,0.905407
16450,0.6623
16451,0.897264
16452,0.761371
16453,0.826245
16454,0.830527
16455,0.516026
16456,0.866854
16457,0.693826
16458,0.977617
16459,0.723269
16460,0.791032
16461,0.042207
16462,0.588842
16463,0.643668
16464,0.639279
16465,0.970006
16466,0.978808
16467,0.876825
16468,0.688975
16469,0.72267
16470,0.8352
16471,0.934914
16472,0.427322
16473,0.62139
16474,0.750052
16475,0.644796
16476,0.972468
16477,0.968461
16478,0.85952
16479,0.730471
16480,0.981576
16481,0.968366
16482,0.809787
16483,0.92243
16484,0.506394
16485,0.472484
16486,0.855958
16487,0.588814
16488,0.912233
16489,0.929057
16490,0.986901
16491,0.821626
16492,0.764687
16493,0.539843
16494,0.933604
16495,0.796037
16496,0.87366
16497,0.971087
16498,0.37082
16499,0.973668
16500,0.639358
16501,0.733451
16502,0.797791
16503,0.668254
16504,0.442094
16505,0.573288
16506,0.945499
16507,0.752081
16508,0.539772
16509,0.539538
16510,0.032005
16511,0.170175
16512,0.924209
16513,0.87662
16514,0.444748
16515,0.946461
16516,0.419657
16517,0.720271
16518,0.919906
16519,0.807208
16520,0.70276
16521,0.365921
16522,0.780433
16523,0.805794
16524,0.645115
16525,0.68896
16526,0.763014
16527,0.658452
16528,0.70371
16529,0.615838
16530,0.5983
16531,0.522844
16532,0.97995
16533,0.881821
16534,0.964908
16535,0.729633
16536,0.911377
16537,0.941205
16538,0.663278
16539,0.566871
16540,0.671546
16541,0.883821
16542,0.898358
16543,0.872557
16544,0.630588
16545,0.604839
16546,0.467058
16547,0.984998
16548,0.742388
16549,0.744747
16550,0.659046
16551,0.67603
16552,0.624599
16553,0.710421
16554,0.477003
16555,0.982337
16556,0.073159
16557,0.982859
16558,0.768764
16559,0.407162
16560,0.617081
16561,0.721764
16562,0.771432
16563,0.881852
16564,0.785077
16565,0.406704
16566,0.964791
16567,0.713257
16568,0.980722
16569,0.734302
16570,0.958845
16571,0.676696
16572,0.829171
16573,0.811507
16574,0.695824
16575,0.41877
16576,0.819743
16577,0.465941
16578,0.789706
16579,0.797149
16580,0.762081
16581,0.593308
16582,0.773007
16583,0.80392
16584,0.639977
16585,0.725854
16586,0.892354
16587,0.968625
16588,0.259992
16589,0.322806
16590,0.626058
16591,0.51333
16592,0.74431
16593,0.985345
16594,0.91305
16595,0.90477
16596,0.520177
16597,0.752984
16598,0.807019
16599,0.736756
16600,0.66592
16601,0.744875
16602,0.513656
16603,0.718416
16604,0.90035
16605,0.693074
16606,0.778409
16607,0.945547
16608,0.73841
16609,0.938121
16610,0.921419
16611,0.914638
16612,0.509489
16613,0.883734
16614,0.756199
16615,0.846551
16616,0.532738
16617,0.036068
16618,0.9479
16619,0.226462
16620,0.791439
16621,0.982978
16622,0.719772
16623,0.122257
16624,0.757747
16625,0.536916
16626,0.871061
16627,0.023714
16628,0.677462
16629,0.595972
16630,0.993732
16631,0.543995
16632,0.458221
16633,0.916551
16634,0.714984
16635,0.69701
16636,0.768014
16637,0.955738
16638,0.634758
16639,0.636867
16640,0.681801
16641,0.783903
16642,0.994872
16643,0.553412
16644,0.969437
16645,0.638611
16646,0.970022
16647,0.942191
16648,0.910325
16649,0.85598
16650,0.51245
16651,0.557722
16652,0.724655
16653,0.990472
16654,0.971686
16655,0.597848
16656,0.890595
16657,0.268664
16658,0.490203
16659,0.853134
16660,0.598605
16661,0.782446
16662,0.428861
16663,0.62506
16664,0.816013
16665,0.85467
16666,0.535087
16667,0.937541
16668,0.770302
16669,0.710976
16670,0.751258
16671,0.698949
16672,0.587731
16673,0.533472
16674,0.54191
16675,0.942847
16676,0.898996
16677,0.58421
16678,0.071876
16679,0.827087
16680,0.787604
16681,0.780873
16682,0.501598
16683,0.812488
16684,0.862265
16685,0.597129
16686,0.466319
16687,0.661583
16688,0.722058
16689,0.682368
16690,0.846513
16691,0.8713
16692,0.872199
16693,0.40909
16694,0.333921
16695,0.839699
16696,0.950886
16697,0.899354
16698,0.741996
16699,0.707689
16700,0.549787
16701,0.522985
16702,0.167451
16703,0.947493
16704,0.865255
16705,0.798317
16706,0.859735
16707,0.847533
16708,0.477938
16709,0.969402
16710,0.272552
16711,0.906773
16712,0.839708
16713,0.528314
16714,0.785718
16715,0.516576
16716,0.888013
16717,0.797168
16718,0.671369
16719,0.671669
16720,0.9471
16721,0.862792
16722,0.551074
16723,0.418319
16724,0.767221
16725,0.889412
16726,0.87261
16727,0.73324
16728,0.859221
16729,0.800694
16730,0.965013
16731,0.804623
16732,0.676826
16733,0.056376
16734,0.880086
16735,0.740035
16736,0.667354
16737,0.642168
16738,0.632212
16739,0.758284
16740,0.825078
16741,0.916152
16742,0.516723
16743,0.609441
16744,0.968003
16745,0.88484
16746,0.979552
16747,0.438937
16748,0.754724
16749,0.4768
16750,0.970807
16751,0.72713
16752,0.894061
16753,0.643359
16754,0.754703
16755,0.758416
16756,0.825799
16757,0.658801
16758,0.722002
16759,0.617752
16760,0.716955
16761,0.863827
16762,0.982945
16763,0.680243
16764,0.972708
16765,0.48907
16766,0.765829
16767,0.500188
16768,0.668252
16769,0.877788
16770,0.941114
16771,0.656196
16772,0.569103
16773,0.938811
16774,0.516926
16775,0.900102
16776,0.48117
16777,0.718326
16778,0.937565
16779,0.952309
16780,0.693341
16781,0.831092
16782,0.79462
16783,0.796294
16784,0.599518
16785,0.763097
16786,0.950259
16787,0.273975
16788,0.974787
16789,0.647183
16790,0.716989
16791,0.807694
16792,0.60569
16793,0.933833
16794,0.642442
16795,0.853079
16796,0.937722
16797,0.778556
16798,0.521804
16799,0.628641
16800,0.972806
16801,0.935341
16802,0.779609
16803,0.975733
16804,0.833982
16805,0.977131
16806,0.734504
16807,0.854156
16808,0.385314
16809,0.665611
16810,0.928229
16811,0.828569
16812,0.702036
16813,0.515308
16814,0.844482
16815,0.783509
16816,0.99305
16817,0.654493
16818,0.912264
16819,0.916403
16820,0.758124
16821,0.716636
16822,0.986563
16823,0.704167
16824,0.915708
16825,0.444225
16826,0.848722
16827,0.677363
16828,0.621665
16829,0.636009
16830,0.813351
16831,0.433057
16832,0.834885
16833,0.676272
16834,0.880758
16835,0.793266
16836,0.889217
16837,0.988091
16838,0.775725
16839,0.667518
16840,0.562746
16841,0.661548
16842,0.942833
16843,0.638498
16844,0.922629
16845,0.671637
16846,0.887113
16847,0.705186
16848,0.773612
16849,0.399871
16850,0.878899
16851,0.904527
16852,0.339197
16853,0.506507
16854,0.797346
16855,0.692834
16856,0.834936
16857,0.896323
16858,0.844728
16859,0.301473
16860,0.883203
16861,0.924358
16862,0.707653
16863,0.722464
16864,0.815091
16865,0.562222
16866,0.909144
16867,0.862097
16868,0.557152
16869,0.572192
16870,0.89957
16871,0.597834
16872,0.95206
16873,0.563756
16874,0.742454
16875,0.42077
16876,0.576903
16877,0.560419
16878,0.533265
16879,0.867544
16880,0.539349
16881,0.804447
16882,0.795382
16883,0.589205
16884,0.875159
16885,0.700331
16886,0.854082
16887,0.731881
16888,0.346989
16889,0.556048
16890,0.929895
16891,0.730291
16892,0.797933
16893,0.341854
16894,0.896601
16895,0.850374
16896,0.939193
16897,0.86323
16898,0.900253
16899,0.625183
16900,0.728088
16901,0.67939
16902,0.399851
16903,0.85726
16904,0.840584
16905,0.445193
16906,0.885392
16907,0.27984
16908,0.651569
16909,0.150867
16910,0.770575
16911,0.677186
16912,0.800414
16913,0.021966
16914,0.739461
16915,0.731267
16916,0.595548
16917,0.934154
16918,0.668468
16919,0.656253
16920,0.713572
16921,0.637883
16922,0.737821
16923,0.946663
16924,0.673748
16925,0.665765
16926,0.623834
16927,0.764453
16928,0.799281
16929,0.719128
16930,0.507199
16931,0.869836
16932,0.980275
16933,0.927263
16934,0.706289
16935,0.910911
16936,0.954729
16937,0.78477
16938,0.780499
16939,0.826338
16940,0.777943
16941,0.752688
16942,0.939676
16943,0.893083
16944,0.960231
16945,0.95409
16946,0.746348
16947,0.949341
16948,0.808497
16949,0.895051
16950,0.731511
16951,0.038021
16952,0.88451
16953,0.749086
16954,0.814963
16955,0.993847
16956,0.965436
16957,0.849158
16958,0.916401
16959,0.900142
16960,0.559424
16961,0.765611
16962,0.846184
16963,0.86051
16964,0.880129
16965,0.808121
16966,0.878745
16967,0.599627
16968,0.926942
16969,0.81221
16970,0.811977
16971,0.988265
16972,0.951673
16973,0.852732
16974,0.686121
16975,0.729893
16976,0.927975
16977,0.144371
16978,0.754836
16979,0.742962
16980,0.85864
16981,0.756238
16982,0.90184
16983,0.833518
16984,0.739694
16985,0.605018
16986,0.76942
16987,0.773443
16988,0.745577
16989,0.898761
16990,0.80223
16991,0.786502
16992,0.66131
16993,0.714931
16994,0.832366
16995,0.843044
16996,0.905847
16997,0.428117
16998,0.563766
16999,0.604444
17000,0.778558
17001,0.324151
17002,0.726277
17003,0.562182
17004,0.948578
17005,0.379011
17006,0.647013
17007,0.902639
17008,0.865238
17009,0.830027
17010,0.891883
17011,0.88491
17012,0.758875
17013,0.967601
17014,0.727407
17015,0.989597
17016,0.985914
17017,0.613233
17018,0.748139
17019,0.715008
17020,0.741474
17021,0.428496
17022,0.977851
17023,0.442576
17024,0.779106
17025,0.729048
17026,0.688293
17027,0.880458
17028,0.852367
17029,0.871198
17030,0.12821
17031,0.286712
17032,0.734606
17033,0.830603
17034,0.830088
17035,0.373711
17036,0.566711
17037,0.467157
17038,0.892666
17039,0.500788
17040,0.61571
17041,0.98783
17042,0.523895
17043,0.189547
17044,0.473314
17045,0.544284
17046,0.867707
17047,0.516551
17048,0.491796
17049,0.96904
17050,0.699224
17051,0.832798
17052,0.512249
17053,0.589723
17054,0.897285
17055,0.542273
17056,0.841058
17057,0.893251
17058,0.525699
17059,0.614245
17060,0.821287
17061,0.810484
17062,0.941277
17063,0.908446
17064,0.645105
17065,0.779605
17066,0.26323
17067,0.52025
17068,0.648303
17069,0.805218
17070,0.035927
17071,0.570726
17072,0.881122
17073,0.925557
17074,0.881414
17075,0.916529
17076,0.85677
17077,0.919906
17078,0.835818
17079,0.764784
17080,0.980843
17081,0.871218
17082,0.054264
17083,0.718638
17084,0.822754
17085,0.64788
17086,0.90274
17087,0.884039
17088,0.926119
17089,0.72623
17090,0.727877
17091,0.776169
17092,0.873213
17093,0.851864
17094,0.60367
17095,0.910287
17096,0.940473
17097,0.674788
17098,0.922573
17099,0.98847
17100,0.575135
17101,0.68343
17102,0.984971
17103,0.632136
17104,0.83787
17105,0.069808
17106,0.578505
17107,0.538781
17108,0.818317
17109,0.964863
17110,0.792947
17111,0.691427
17112,0.818144
17113,0.864404
17114,0.769529
17115,0.556724
17116,0.883975
17117,0.742148
17118,0.957712
17119,0.583056
17120,0.966763
17121,0.487457
17122,0.878729
17123,0.77732
17124,0.753609
17125,0.971593
17126,0.570795
17127,0.957711
17128,0.571541
17129,0.868912
17130,0.977329
17131,0.44994
17132,0.818018
17133,0.735335
17134,0.728595
17135,0.535792
17136,0.486861
17137,0.729693
17138,0.397258
17139,0.79714
17140,0.972454
17141,0.698197
17142,0.637714
17143,0.099253
17144,0.892252
17145,0.708513
17146,0.954335
17147,0.491538
17148,0.398605
17149,0.563772
17150,0.671073
17151,0.95053
17152,0.6024
17153,0.920717
17154,0.845711
17155,0.652474
17156,0.985911
17157,0.680369
17158,0.864874
17159,0.848358
17160,0.937974
17161,0.753982
17162,0.587277
17163,0.753273
17164,0.874448
17165,0.424632
17166,0.635143
17167,0.966834
17168,0.836332
17169,0.754488
17170,0.2711
17171,0.654912
17172,0.50311
17173,0.911484
17174,0.764333
17175,0.640686
17176,0.863882
17177,0.73622
17178,0.631879
17179,0.725076
17180,0.852269
17181,0.672269
17182,0.831561
17183,0.619188
17184,0.766464
17185,0.836389
17186,0.716657
17187,0.812488
17188,0.510489
17189,0.804328
17190,0.896198
17191,0.784882
17192,0.868662
17193,0.87405
17194,0.730994
17195,0.908786
17196,0.715702
17197,0.671274
17198,0.473453
17199,0.721276
17200,0.813901
17201,0.630675
17202,0.681487
17203,0.977561
17204,0.462749
17205,0.532194
17206,0.809875
17207,0.698281
17208,0.807729
17209,0.590262
17210,0.493695
17211,0.846679
17212,0.528439
17213,0.943724
17214,0.974835
17215,0.789759
17216,0.517828
17217,0.957054
17218,0.963879
17219,0.49194
17220,0.935166
17221,0.768882
17222,0.773656
17223,0.970286
17224,0.836579
17225,0.960036
17226,0.693628
17227,0.71957
17228,0.075319
17229,0.540873
17230,0.409779
17231,0.49688
17232,0.728972
17233,0.795905
17234,0.87538
17235,0.499586
17236,0.947216
17237,0.860892
17238,0.709182
17239,0.890764
17240,0.909673
17241,0.895597
17242,0.636838
17243,0.847129
17244,0.557994
17245,0.889906
17246,0.794642
17247,0.987483
17248,0.601441
17249,0.960426
17250,0.80263
17251,0.845674
17252,0.723254
17253,0.914809
17254,0.702441
17255,0.941384
17256,0.435381
17257,0.601393
17258,0.789475
17259,0.314938
17260,0.70726
17261,0.60283
17262,0.591778
17263,0.730186
17264,0.740954
17265,0.98515
17266,0.67779
17267,0.854958
17268,0.878934
17269,0.7531
17270,0.569979
17271,0.802215
17272,0.638112
17273,0.635197
17274,0.072463
17275,0.860024
17276,0.959693
17277,0.983899
17278,0.980136
17279,0.164326
17280,0.874747
17281,0.750219
17282,0.765152
17283,0.631896
17284,0.714597
17285,0.510394
17286,0.889565
17287,0.984877
17288,0.768454
17289,0.766743
17290,0.755974
17291,0.895902
17292,0.839701
17293,0.174659
17294,0.589865
17295,0.532831
17296,0.631802
17297,0.825596
17298,0.509011
17299,0.780505
17300,0.109582
17301,0.610381
17302,0.588306
17303,0.905107
17304,0.760844
17305,0.558875
17306,0.985443
17307,0.957938
17308,0.401092
17309,0.773008
17310,0.664241
17311,0.680262
17312,0.879045
17313,0.720648
17314,0.956302
17315,0.878504
17316,0.932017
17317,0.877501
17318,0.913181
17319,0.957255
17320,0.889342
17321,0.448302
17322,0.91906
17323,0.861944
17324,0.973229
17325,0.981016
17326,0.788058
17327,0.469026
17328,0.701566
17329,0.613039
17330,0.968991
17331,0.565211
17332,0.898536
17333,0.846667
17334,0.960706
17335,0.615705
17336,0.943682
17337,0.91984
17338,0.777733
17339,0.486897
17340,0.500631
17341,0.789415
17342,0.903581
17343,0.877284
17344,0.486086
17345,0.887805
17346,0.979557
17347,0.759367
17348,0.92528
17349,0.722481
17350,0.902408
17351,0.205343
17352,0.89891
17353,0.865482
17354,0.987915
17355,0.973763
17356,0.995479
17357,0.80642
17358,0.609783
17359,0.037432
17360,0.95673
17361,0.809133
17362,0.859238
17363,0.513966
17364,0.975229
17365,0.938202
17366,0.660256
17367,0.665366
17368,0.573532
17369,0.486221
17370,0.812347
17371,0.699303
17372,0.54501
17373,0.088504
17374,0.836186
17375,0.592902
17376,0.233933
17377,0.451907
17378,0.451568
17379,0.683846
17380,0.350926
17381,0.591974
17382,0.747351
17383,0.084252
17384,0.934822
17385,0.885613
17386,0.666569
17387,0.719685
17388,0.816651
17389,0.541019
17390,0.617294
17391,0.74927
17392,0.385956
17393,0.808017
17394,0.912404
17395,0.868514
17396,0.990306
17397,0.857573
17398,0.739952
17399,0.510304
17400,0.792096
17401,0.765788
17402,0.886393
17403,0.676975
17404,0.901827
17405,0.806335
17406,0.945145
17407,0.662127
17408,0.91022
17409,0.369477
17410,0.376659
17411,0.816588
17412,0.707927
17413,0.796229
17414,0.812377
17415,0.58382
17416,0.934107
17417,0.655211
17418,0.707369
17419,0.687072
17420,0.865251
17421,0.715899
17422,0.475766
17423,0.876426
17424,0.533397
17425,0.733403
17426,0.922633
17427,0.907941
17428,0.882326
17429,0.885829
17430,0.680255
17431,0.465879
17432,0.964051
17433,0.879328
17434,0.697353
17435,0.956925
17436,0.645463
17437,0.022684
17438,0.943996
17439,0.237216
17440,0.842789
17441,0.870363
17442,0.782297
17443,0.354681
17444,0.615073
17445,0.586102
17446,0.954207
17447,0.572894
17448,0.453739
17449,0.990263
17450,0.95952
17451,0.436202
17452,0.610406
17453,0.538853
17454,0.860467
17455,0.838186
17456,0.59987
17457,0.736754
17458,0.747265
17459,0.943102
17460,0.718594
17461,0.672851
17462,0.281994
17463,0.05361
17464,0.709974
17465,0.15753
17466,0.940879
17467,0.968343
17468,0.811593
17469,0.977471
17470,0.936837
17471,0.987843
17472,0.895508
17473,0.73881
17474,0.449023
17475,0.829541
17476,0.376997
17477,0.812082
17478,0.976725
17479,0.758038
17480,0.563004
17481,0.950816
17482,0.778473
17483,0.987741
17484,0.970349
17485,0.905506
17486,0.361925
17487,0.982813
17488,0.840767
17489,0.921794
17490,0.574962
17491,0.963941
17492,0.877308
17493,0.918362
17494,0.811684
17495,0.687304
17496,0.804855
17497,0.895361
17498,0.708923
17499,0.852012
17500,0.715371
17501,0.937059
17502,0.572535
17503,0.579344
17504,0.612117
17505,0.701838
17506,0.871351
17507,0.525277
17508,0.930704
17509,0.887647
17510,0.861841
17511,0.652775
17512,0.947015
17513,0.760221
17514,0.77817
17515,0.494724
17516,0.890006
17517,0.423899
17518,0.497126
17519,0.857875
17520,0.842344
17521,0.823217
17522,0.758994
17523,0.910987
17524,0.114374
17525,0.93759
17526,0.889157
17527,0.727641
17528,0.707709
17529,0.516566
17530,0.905179
17531,0.925965
17532,0.57327
17533,0.947938
17534,0.808601
17535,0.770066
17536,0.934093
17537,0.877406
17538,0.324017
17539,0.719662
17540,0.739931
17541,0.775667
17542,0.765869
17543,0.617316
17544,0.678492
17545,0.896497
17546,0.799503
17547,0.816088
17548,0.950329
17549,0.886159
17550,0.533811
17551,0.873466
17552,0.673889
17553,0.941178
17554,0.967434
17555,0.844216
17556,0.963821
17557,0.892733
17558,0.20273
17559,0.693313
17560,0.903596
17561,0.913986
17562,0.491764
17563,0.897385
17564,0.795858
17565,0.550583
17566,0.768996
17567,0.728694
17568,0.944461
17569,0.902406
17570,0.279403
17571,0.741916
17572,0.789108
17573,0.81305
17574,0.873857
17575,0.875022
17576,0.925536
17577,0.965594
17578,0.500016
17579,0.463154
17580,0.980494
17581,0.934318
17582,0.987522
17583,0.888991
17584,0.696145
17585,0.705971
17586,0.576863
17587,0.742197
17588,0.888338
17589,0.779051
17590,0.774168
17591,0.832418
17592,0.948352
17593,0.813964
17594,0.768215
17595,0.744114
17596,0.762214
17597,0.872722
17598,0.63311
17599,0.751617
17600,0.290966
17601,0.586774
17602,0.680162
17603,0.594407
17604,0.685502
17605,0.614858
17606,0.823126
17607,0.751857
17608,0.923893
17609,0.783985
17610,0.413749
17611,0.699738
17612,0.827471
17613,0.6475
17614,0.68091
17615,0.816187
17616,0.943439
17617,0.125417
17618,0.082246
17619,0.844519
17620,0.958762
17621,0.876405
17622,0.541771
17623,0.502838
17624,0.431511
17625,0.740095
17626,0.977648
17627,0.869704
17628,0.941802
17629,0.632784
17630,0.766421
17631,0.832071
17632,0.550692
17633,0.665949
17634,0.112558
17635,0.063563
17636,0.865919
17637,0.793775
17638,0.815597
17639,0.790655
17640,0.71045
17641,0.753823
17642,0.669768
17643,0.845919
17644,0.791569
17645,0.747999
17646,0.978037
17647,0.610785
17648,0.464674
17649,0.534596
17650,0.882707
17651,0.949591
17652,0.621865
17653,0.705341
17654,0.73087
17655,0.942379
17656,0.896873
17657,0.860627
17658,0.984536
17659,0.845529
17660,0.54886
17661,0.940535
17662,0.656583
17663,0.868528
17664,0.74449
17665,0.660734
17666,0.774597
17667,0.805136
17668,0.92587
17669,0.582238
17670,0.306717
17671,0.753341
17672,0.849158
17673,0.381987
17674,0.937392
17675,0.907665
17676,0.677312
17677,0.634838
17678,0.938219
17679,0.765616
17680,0.435707
17681,0.85433
17682,0.857615
17683,0.732655
17684,0.453597
17685,0.773349
17686,0.897861
17687,0.827717
17688,0.63466
17689,0.021794
17690,0.906445
17691,0.750855
17692,0.772851
17693,0.683475
17694,0.417806
17695,0.787826
17696,0.571568
17697,0.8192
17698,0.240718
17699,0.958917
17700,0.934219
17701,0.903815
17702,0.705355
17703,0.931723
17704,0.742088
17705,0.548421
17706,0.719972
17707,0.858224
17708,0.716473
17709,0.892097
17710,0.642879
17711,0.963868
17712,0.894376
17713,0.733856
17714,0.857373
17715,0.865174
17716,0.870233
17717,0.696112
17718,0.706118
17719,0.832573
17720,0.509614
17721,0.798787
17722,0.931625
17723,0.962341
17724,0.455046
17725,0.926548
17726,0.832129
17727,0.950047
17728,0.618155
17729,0.033502
17730,0.84195
17731,0.818654
17732,0.064791
17733,0.661588
17734,0.684416
17735,0.916401
17736,0.843915
17737,0.75181
17738,0.770185
17739,0.213582
17740,0.946755
17741,0.858649
17742,0.554697
17743,0.931698
17744,0.850449
17745,0.625372
17746,0.519465
17747,0.972729
17748,0.898876
17749,0.192053
17750,0.694444
17751,0.90696
17752,0.887122
17753,0.717226
17754,0.996073
17755,0.829994
17756,0.714497
17757,0.891969
17758,0.887822
17759,0.58627
17760,0.744255
17761,0.799091
17762,0.786499
17763,0.554783
17764,0.803198
17765,0.552623
17766,0.965278
17767,0.577681
17768,0.407467
17769,0.723817
17770,0.976745
17771,0.765896
17772,0.233222
17773,0.574832
17774,0.693208
17775,0.962962
17776,0.74494
17777,0.984821
17778,0.654905
17779,0.525532
17780,0.91678
17781,0.66281
17782,0.835987
17783,0.684751
17784,0.627318
17785,0.855823
17786,0.591088
17787,0.827579
17788,0.802893
17789,0.699306
17790,0.340096
17791,0.659832
17792,0.718395
17793,0.559162
17794,0.664766
17795,0.741108
17796,0.382157
17797,0.652508
17798,0.547491
17799,0.96094
17800,0.620114
17801,0.922577
17802,0.686807
17803,0.516564
17804,0.623348
17805,0.559112
17806,0.471977
17807,0.692935
17808,0.452744
17809,0.792037
17810,0.813952
17811,0.922085
17812,0.941408
17813,0.830024
17814,0.672155
17815,0.906668
17816,0.876301
17817,0.586273
17818,0.983993
17819,0.657141
17820,0.792474
17821,0.76637
17822,0.630752
17823,0.02638
17824,0.685442
17825,0.665888
17826,0.906319
17827,0.874667
17828,0.97618
17829,0.744649
17830,0.480562
17831,0.887393
17832,0.680354
17833,0.968141
17834,0.885785
17835,0.551835
17836,0.452903
17837,0.51616
17838,0.73266
17839,0.492948
17840,0.980356
17841,0.949799
17842,0.607461
17843,0.818844
17844,0.792432
17845,0.61069
17846,0.754501
17847,0.365111
17848,0.721493
17849,0.944329
17850,0.814068
17851,0.958499
17852,0.742582
17853,0.65203
17854,0.829193
17855,0.436386
17856,0.879249
17857,0.515105
17858,0.89319
17859,0.52525
17860,0.75946
17861,0.921717
17862,0.833137
17863,0.925919
17864,0.863781
17865,0.934564
17866,0.668393
17867,0.76751
17868,0.928981
17869,0.808457
17870,0.788688
17871,0.352318
17872,0.994234
17873,0.858505
17874,0.713439
17875,0.803949
17876,0.926551
17877,0.561878
17878,0.701675
17879,0.541329
17880,0.617777
17881,0.971341
17882,0.974417
17883,0.677845
17884,0.558417
17885,0.033929
17886,0.612469
17887,0.910619
17888,0.718251
17889,0.957937
17890,0.762921
17891,0.820684
17892,0.659858
17893,0.397135
17894,0.75198
17895,0.63727
17896,0.536631
17897,0.626799
17898,0.733978
17899,0.936626
17900,0.41315
17901,0.94048
17902,0.854945
17903,0.323717
17904,0.870471
17905,0.494242
17906,0.803017
17907,0.545954
17908,0.448736
17909,0.941464
17910,0.208799
17911,0.737858
17912,0.905401
17913,0.947749
17914,0.159571
17915,0.379654
17916,0.724527
17917,0.914643
17918,0.985584
17919,0.898311
17920,0.706239
17921,0.70001
17922,0.929676
17923,0.840248
17924,0.968628
17925,0.778138
17926,0.926735
17927,0.605174
17928,0.845732
17929,0.754997
17930,0.745126
17931,0.861391
17932,0.549951
17933,0.049777
17934,0.969875
17935,0.593064
17936,0.656301
17937,0.769466
17938,0.869432
17939,0.593347
17940,0.796033
17941,0.834113
17942,0.649291
17943,0.297931
17944,0.805934
17945,0.560671
17946,0.978282
17947,0.674042
17948,0.77353
17949,0.444352
17950,0.669616
17951,0.878673
17952,0.598783
17953,0.836466
17954,0.521296
17955,0.466787
17956,0.682521
17957,0.733216
17958,0.604394
17959,0.915049
17960,0.438863
17961,0.673232
17962,0.726643
17963,0.681225
17964,0.656555
17965,0.832264
17966,0.817383
17967,0.583677
17968,0.898621
17969,0.47292
17970,0.508209
17971,0.963281
17972,0.965556
17973,0.900478
17974,0.937098
17975,0.716097
17976,0.367094
17977,0.661499
17978,0.937541
17979,0.690495
17980,0.594019
17981,0.934717
17982,0.73953
17983,0.873699
17984,0.927019
17985,0.634249
17986,0.665213
17987,0.969515
17988,0.921587
17989,0.049005
17990,0.879289
17991,0.948574
17992,0.888232
17993,0.677463
17994,0.865932
17995,0.667131
17996,0.167512
17997,0.728829
17998,0.547394
17999,0.788616
18000,0.603579
18001,0.875788
18002,0.835085
18003,0.917721
18004,0.772172
18005,0.688169
18006,0.99101
18007,0.553918
18008,0.503415
18009,0.98254
18010,0.865934
18011,0.978344
18012,0.830122
18013,0.794486
18014,0.442762
18015,0.95867
18016,0.714739
18017,0.930495
18018,0.997013
18019,0.960747
18020,0.885666
18021,0.438778
18022,0.890532
18023,0.825932
18024,0.653547
18025,0.453532
18026,0.583612
18027,0.30667
18028,0.401732
18029,0.748632
18030,0.562153
18031,0.963881
18032,0.697846
18033,0.790289
18034,0.25913
18035,0.708663
18036,0.722548
18037,0.458667
18038,0.929549
18039,0.614308
18040,0.879859
18041,0.88907
18042,0.932623
18043,0.765627
18044,0.846617
18045,0.716799
18046,0.986202
18047,0.908581
18048,0.688108
18049,0.760737
18050,0.492511
18051,0.910869
18052,0.771266
18053,0.742973
18054,0.729221
18055,0.953724
18056,0.039644
18057,0.774686
18058,0.508481
18059,0.765781
18060,0.936274
18061,0.985525
18062,0.774349
18063,0.741722
18064,0.584468
18065,0.417128
18066,0.735271
18067,0.875837
18068,0.830926
18069,0.903542
18070,0.207319
18071,0.950523
18072,0.897383
18073,0.725151
18074,0.812471
18075,0.89073
18076,0.872839
18077,0.819096
18078,0.801229
18079,0.826818
18080,0.753548
18081,0.844857
18082,0.893681
18083,0.513416
18084,0.987091
18085,0.791035
18086,0.942757
18087,0.551481
18088,0.353708
18089,0.636465
18090,0.762703
18091,0.926358
18092,0.71315
18093,0.740915
18094,0.531871
18095,0.9868
18096,0.738197
18097,0.861508
18098,0.90785
18099,0.902659
18100,0.860313
18101,0.625423
18102,0.914608
18103,0.90347
18104,0.854216
18105,0.811382
18106,0.739017
18107,0.720416
18108,0.83346
18109,0.719628
18110,0.747488
18111,0.694429
18112,0.928204
18113,0.575337
18114,0.956901
18115,0.826169
18116,0.7949
18117,0.934645
18118,0.674789
18119,0.873872
18120,0.738235
18121,0.676765
18122,0.706403
18123,0.728388
18124,0.703021
18125,0.841113
18126,0.423968
18127,0.781915
18128,0.522753
18129,0.664055
18130,0.747867
18131,0.882523
18132,0.963685
18133,0.513339
18134,0.958907
18135,0.858279
18136,0.948752
18137,0.929382
18138,0.853647
18139,0.970038
18140,0.121699
18141,0.791515
18142,0.958658
18143,0.903378
18144,0.843501
18145,0.034608
18146,0.246554
18147,0.851406
18148,0.615335
18149,0.87618
18150,0.612965
18151,0.966073
18152,0.750298
18153,0.839892
18154,0.967056
18155,0.650244
18156,0.692718
18157,0.650222
18158,0.428688
18159,0.776428
18160,0.038115
18161,0.776967
18162,0.579677
18163,0.951633
18164,0.700019
18165,0.620063
18166,0.779389
18167,0.678397
18168,0.746674
18169,0.745265
18170,0.742441
18171,0.563521
18172,0.651551
18173,0.525924
18174,0.788685
18175,0.802748
18176,0.96707
18177,0.534181
18178,0.9614
18179,0.867098
18180,0.916479
18181,0.71643
18182,0.02973
18183,0.899101
18184,0.794305
18185,0.744368
18186,0.734865
18187,0.674905
18188,0.734383
18189,0.754725
18190,0.044062
18191,0.610194
18192,0.715765
18193,0.681135
18194,0.685155
18195,0.283045
18196,0.779974
18197,0.967549
18198,0.937657
18199,0.674072
18200,0.606655
18201,0.958569
18202,0.911864
18203,0.694222
18204,0.622608
18205,0.2031
18206,0.975706
18207,0.515656
18208,0.891538
18209,0.711165
18210,0.91685
18211,0.048684
18212,0.906098
18213,0.961364
18214,0.793579
18215,0.612893
18216,0.547159
18217,0.925938
18218,0.738528
18219,0.925638
18220,0.743919
18221,0.967731
18222,0.547858
18223,0.797661
18224,0.381096
18225,0.652735
18226,0.675632
18227,0.714278
18228,0.895677
18229,0.565211
18230,0.602019
18231,0.968145
18232,0.948748
18233,0.909257
18234,0.813215
18235,0.716484
18236,0.728658
18237,0.834356
18238,0.645502
18239,0.530029
18240,0.483711
18241,0.684355
18242,0.536612
18243,0.944034
18244,0.845101
18245,0.730672
18246,0.616422
18247,0.792399
18248,0.728779
18249,0.871075
18250,0.820311
18251,0.968639
18252,0.737418
18253,0.738477
18254,0.670439
18255,0.810393
18256,0.654566
18257,0.781435
18258,0.892389
18259,0.741769
18260,0.078459
18261,0.699223
18262,0.668356
18263,0.887308
18264,0.656639
18265,0.837589
18266,0.100021
18267,0.809358
18268,0.710346
18269,0.696289
18270,0.832306
18271,0.985504
18272,0.947315
18273,0.834035
18274,0.637229
18275,0.464984
18276,0.849783
18277,0.151513
18278,0.958565
18279,0.574736
18280,0.686383
18281,0.920128
18282,0.584671
18283,0.501484
18284,0.708278
18285,0.747202
18286,0.836792
18287,0.491368
18288,0.653944
18289,0.730627
18290,0.746845
18291,0.437468
18292,0.916366
18293,0.492714
18294,0.777319
18295,0.562176
18296,0.831032
18297,0.780931
18298,0.818083
18299,0.589845
18300,0.956695
18301,0.567288
18302,0.662211
18303,0.760917
18304,0.872887
18305,0.859458
18306,0.285592
18307,0.817887
18308,0.596764
18309,0.985972
18310,0.874645
18311,0.952238
18312,0.7196
18313,0.886807
18314,0.734296
18315,0.942218
18316,0.438263
18317,0.271367
18318,0.753036
18319,0.80584
18320,0.98564
18321,0.02836
18322,0.837062
18323,0.664167
18324,0.810044
18325,0.645922
18326,0.800893
18327,0.695519
18328,0.72161
18329,0.934212
18330,0.681319
18331,0.569863
18332,0.993479
18333,0.848566
18334,0.84839
18335,0.38373
18336,0.791269
18337,0.648648
18338,0.641776
18339,0.79404
18340,0.517807
18341,0.984701
18342,0.915298
18343,0.834525
18344,0.756549
18345,0.946325
18346,0.853275
18347,0.686683
18348,0.226929
18349,0.218069
18350,0.656435
18351,0.939617
18352,0.245718
18353,0.929354
18354,0.859741
18355,0.874182
18356,0.790395
18357,0.824563
18358,0.875226
18359,0.762974
18360,0.877272
18361,0.464976
18362,0.873285
18363,0.709453
18364,0.124823
18365,0.961545
18366,0.641485
18367,0.672886
18368,0.673881
18369,0.522028
18370,0.573387
18371,0.646995
18372,0.890501
18373,0.865206
18374,0.705172
18375,0.818538
18376,0.450429
18377,0.939741
18378,0.687026
18379,0.810941
18380,0.848299
18381,0.927673
18382,0.989272
18383,0.551049
18384,0.563876
18385,0.862743
18386,0.678045
18387,0.737911
18388,0.119704
18389,0.933508
18390,0.071575
18391,0.427282
18392,0.66361
18393,0.80518
18394,0.628733
18395,0.988184
18396,0.550765
18397,0.5484
18398,0.858033
18399,0.787903
18400,0.795415
18401,0.349852
18402,0.182223
18403,0.644999
18404,0.818129
18405,0.894375
18406,0.968845
18407,0.950102
18408,0.591801
18409,0.545845
18410,0.918954
18411,0.809402
18412,0.628587
18413,0.790804
18414,0.711186
18415,0.673148
18416,0.971132
18417,0.874277
18418,0.313735
18419,0.986358
18420,0.196772
18421,0.780963
18422,0.972798
18423,0.531862
18424,0.977798
18425,0.600507
18426,0.973561
18427,0.762195
18428,0.794148
18429,0.568244
18430,0.719639
18431,0.760473
18432,0.52592
18433,0.896882
18434,0.78953
18435,0.67032
18436,0.940647
18437,0.907572
18438,0.615295
18439,0.855221
18440,0.799759
18441,0.588594
18442,0.937073
18443,0.521554
18444,0.803146
18445,0.746486
18446,0.9874
18447,0.801021
18448,0.556909
18449,0.493867
18450,0.417352
18451,0.510225
18452,0.349241
18453,0.818245
18454,0.777345
18455,0.710996
18456,0.749989
18457,0.835207
18458,0.922923
18459,0.852283
18460,0.843145
18461,0.947219
18462,0.770259
18463,0.754
18464,0.80058
18465,0.666234
18466,0.784915
18467,0.969407
18468,0.486993
18469,0.773053
18470,0.932403
18471,0.695755
18472,0.837916
18473,0.823009
18474,0.660851
18475,0.759357
18476,0.143504
18477,0.481734
18478,0.664555
18479,0.502274
18480,0.253419
18481,0.954799
18482,0.970208
18483,0.957663
18484,0.833984
18485,0.920904
18486,0.715085
18487,0.836917
18488,0.804972
18489,0.775491
18490,0.905221
18491,0.567339
18492,0.487318
18493,0.48388
18494,0.48781
18495,0.804592
18496,0.656128
18497,0.715142
18498,0.773752
18499,0.165594
18500,0.604786
18501,0.81438
18502,0.781601
18503,0.819831
18504,0.665202
18505,0.751541
18506,0.8155
18507,0.374627
18508,0.987801
18509,0.762733
18510,0.982047
18511,0.214294
18512,0.624104
18513,0.811225
18514,0.987442
18515,0.718866
18516,0.740226
18517,0.975165
18518,0.665001
18519,0.633419
18520,0.896845
18521,0.506367
18522,0.821724
18523,0.761341
18524,0.422652
18525,0.463931
18526,0.885702
18527,0.993618
18528,0.902424
18529,0.419569
18530,0.652912
18531,0.799162
18532,0.861226
18533,0.825705
18534,0.914539
18535,0.934709
18536,0.458848
18537,0.16957
18538,0.646383
18539,0.74926
18540,0.886873
18541,0.954815
18542,0.495314
18543,0.383773
18544,0.733203
18545,0.686346
18546,0.980431
18547,0.818478
18548,0.385777
18549,0.80061
18550,0.854064
18551,0.71999
18552,0.970224
18553,0.660266
18554,0.91059
18555,0.731331
18556,0.828486
18557,0.738891
18558,0.758969
18559,0.801044
18560,0.851372
18561,0.629865
18562,0.83045
18563,0.944833
18564,0.026386
18565,0.598082
18566,0.95478
18567,0.7403
18568,0.622081
18569,0.965764
18570,0.041455
18571,0.72522
18572,0.709521
18573,0.969651
18574,0.277201
18575,0.555059
18576,0.820039
18577,0.110227
18578,0.956519
18579,0.715004
18580,0.61412
18581,0.507281
18582,0.762351
18583,0.568724
18584,0.106918
18585,0.882086
18586,0.604203
18587,0.919396
18588,0.65773
18589,0.852437
18590,0.766432
18591,0.938676
18592,0.669958
18593,0.63483
18594,0.544
18595,0.784347
18596,0.84635
18597,0.494389
18598,0.873966
18599,0.80708
18600,0.77823
18601,0.435825
18602,0.875299
18603,0.713438
18604,0.814867
18605,0.576957
18606,0.809822
18607,0.854603
18608,0.768773
18609,0.794516
18610,0.977024
18611,0.976158
18612,0.582323
18613,0.807311
18614,0.154627
18615,0.914419
18616,0.873517
18617,0.505778
18618,0.856177
18619,0.941422
18620,0.931023
18621,0.594509
18622,0.655676
18623,0.827294
18624,0.548076
18625,0.790566
18626,0.901487
18627,0.909669
18628,0.755831
18629,0.729407
18630,0.690291
18631,0.97525
18632,0.517455
18633,0.814522
18634,0.814534
18635,0.792256
18636,0.177425
18637,0.81254
18638,0.869633
18639,0.104493
18640,0.86612
18641,0.902319
18642,0.562817
18643,0.451823
18644,0.896286
18645,0.979673
18646,0.811232
18647,0.061004
18648,0.641633
18649,0.946215
18650,0.455303
18651,0.798145
18652,0.809168
18653,0.920061
18654,0.61763
18655,0.892057
18656,0.94774
18657,0.418468
18658,0.680155
18659,0.813514
18660,0.390057
18661,0.805933
18662,0.691284
18663,0.980421
18664,0.649652
18665,0.800889
18666,0.936923
18667,0.924933
18668,0.729962
18669,0.755267
18670,0.667181
18671,0.832724
18672,0.574048
18673,0.569738
18674,0.791333
18675,0.062782
18676,0.951351
18677,0.436143
18678,0.817068
18679,0.995639
18680,0.907893
18681,0.723997
18682,0.796463
18683,0.677585
18684,0.029987
18685,0.919001
18686,0.531508
18687,0.672256
18688,0.762501
18689,0.538803
18690,0.293479
18691,0.941949
18692,0.537146
18693,0.800038
18694,0.679703
18695,0.688469
18696,0.973426
18697,0.783251
18698,0.770642
18699,0.874146
18700,0.821325
18701,0.568539
18702,0.97732
18703,0.983055
18704,0.778583
18705,0.831884
18706,0.382444
18707,0.303499
18708,0.632471
18709,0.893604
18710,0.688578
18711,0.786321
18712,0.906951
18713,0.774408
18714,0.66227
18715,0.839809
18716,0.839303
18717,0.804161
18718,0.5482
18719,0.735827
18720,0.932746
18721,0.984204
18722,0.74228
18723,0.82669
18724,0.911023
18725,0.746083
18726,0.54088
18727,0.949269
18728,0.856456
18729,0.797902
18730,0.93493
18731,0.81562
18732,0.637552
18733,0.927964
18734,0.425482
18735,0.946022
18736,0.917213
18737,0.928823
18738,0.246954
18739,0.848649
18740,0.808952
18741,0.736727
18742,0.928926
18743,0.958953
18744,0.78355
18745,0.650359
18746,0.802074
18747,0.06567
18748,0.854924
18749,0.945459
18750,0.913778
18751,0.882865
18752,0.634163
18753,0.969654
18754,0.951436
18755,0.345657
18756,0.838272
18757,0.923936
18758,0.797512
18759,0.848002
18760,0.773251
18761,0.964604
18762,0.717699
18763,0.822807
18764,0.651527
18765,0.751586
18766,0.843012
18767,0.581772
18768,0.729251
18769,0.87895
18770,0.930402
18771,0.316567
18772,0.523058
18773,0.874768
18774,0.806672
18775,0.987877
18776,0.751056
18777,0.881673
18778,0.557078
18779,0.77364
18780,0.704744
18781,0.912824
18782,0.585172
18783,0.101277
18784,0.608363
18785,0.442561
18786,0.852952
18787,0.760378
18788,0.457729
18789,0.683368
18790,0.602496
18791,0.814718
18792,0.814123
18793,0.806264
18794,0.72343
18795,0.888065
18796,0.878998
18797,0.767396
18798,0.325316
18799,0.937281
18800,0.872088
18801,0.832612
18802,0.41189
18803,0.680364
18804,0.930041
18805,0.95627
18806,0.215562
18807,0.984494
18808,0.943992
18809,0.726188
18810,0.947558
18811,0.981197
18812,0.795732
18813,0.775829
18814,0.715363
18815,0.798012
18816,0.813766
18817,0.821186
18818,0.530332
18819,0.934513
18820,0.946856
18821,0.54512
18822,0.873348
18823,0.926816
18824,0.173833
18825,0.636173
18826,0.081192
18827,0.919396
18828,0.628176
18829,0.289447
18830,0.6747
18831,0.838407
18832,0.63626
18833,0.931806
18834,0.585367
18835,0.726953
18836,0.79176
18837,0.611423
18838,0.824333
18839,0.807175
18840,0.794461
18841,0.915031
18842,0.498585
18843,0.825484
18844,0.650932
18845,0.684788
18846,0.74052
18847,0.920142
18848,0.673337
18849,0.741324
18850,0.472611
18851,0.027876
18852,0.683297
18853,0.910966
18854,0.918623
18855,0.693859
18856,0.930043
18857,0.823699
18858,0.741279
18859,0.806973
18860,0.667189
18861,0.740042
18862,0.972041
18863,0.806622
18864,0.040323
18865,0.752597
18866,0.554225
18867,0.579084
18868,0.982786
18869,0.645856
18870,0.938253
18871,0.615351
18872,0.824466
18873,0.917845
18874,0.880865
18875,0.918256
18876,0.789721
18877,0.85328
18878,0.989259
18879,0.876878
18880,0.748002
18881,0.909785
18882,0.678542
18883,0.510982
18884,0.970773
18885,0.976405
18886,0.461797
18887,0.862904
18888,0.600564
18889,0.891593
18890,0.941937
18891,0.653412
18892,0.65631
18893,0.899087
18894,0.086984
18895,0.809175
18896,0.78125
18897,0.736138
18898,0.626486
18899,0.283589
18900,0.878021
18901,0.934406
18902,0.83821
18903,0.963895
18904,0.846106
18905,0.625589
18906,0.814626
18907,0.78522
18908,0.979175
18909,0.766286
18910,0.795239
18911,0.738072
18912,0.037532
18913,0.89968
18914,0.682042
18915,0.373787
18916,0.220171
18917,0.817721
18918,0.098232
18919,0.823427
18920,0.939282
18921,0.479415
18922,0.570153
18923,0.506695
18924,0.080186
18925,0.769993
18926,0.849217
18927,0.984584
18928,0.880938
18929,0.79329
18930,0.877499
18931,0.69873
18932,0.896906
18933,0.96088
18934,0.840341
18935,0.90129
18936,0.778796
18937,0.920389
18938,0.981947
18939,0.63084
18940,0.076925
18941,0.70778
18942,0.94822
18943,0.573689
18944,0.966319
18945,0.878711
18946,0.108154
18947,0.913005
18948,0.825136
18949,0.707328
18950,0.858433
18951,0.707155
18952,0.750691
18953,0.668837
18954,0.470131
18955,0.773837
18956,0.917765
18957,0.693419
18958,0.490525
18959,0.337418
18960,0.923977
18961,0.647578
18962,0.988667
18963,0.844173
18964,0.897731
18965,0.852215
18966,0.733128
18967,0.656004
18968,0.433804
18969,0.42105
18970,0.296743
18971,0.807902
18972,0.471986
18973,0.166277
18974,0.964184
18975,0.878339
18976,0.698823
18977,0.832947
18978,0.702291
18979,0.876532
18980,0.835786
18981,0.549012
18982,0.789384
18983,0.721502
18984,0.893225
18985,0.754963
18986,0.836084
18987,0.910196
18988,0.043185
18989,0.939258
18990,0.507439
18991,0.678702
18992,0.386799
18993,0.844822
18994,0.718482
18995,0.923749
18996,0.723259
18997,0.850038
18998,0.522298
18999,0.731483
19000,0.647688
19001,0.039894
19002,0.858596
19003,0.590958
19004,0.98536
19005,0.77405
19006,0.832392
19007,0.12488
19008,0.810977
19009,0.574529
19010,0.130965
19011,0.584781
19012,0.941185
19013,0.500157
19014,0.984662
19015,0.519594
19016,0.632937
19017,0.604603
19018,0.885952
19019,0.72069
19020,0.928275
19021,0.665877
19022,0.731553
19023,0.953111
19024,0.92445
19025,0.635895
19026,0.740669
19027,0.803682
19028,0.805977
19029,0.772875
19030,0.789085
19031,0.717184
19032,0.775153
19033,0.818233
19034,0.978559
19035,0.630464
19036,0.828117
19037,0.909269
19038,0.710657
19039,0.630041
19040,0.804452
19041,0.635595
19042,0.591486
19043,0.755618
19044,0.731506
19045,0.669526
19046,0.246287
19047,0.673157
19048,0.602202
19049,0.593864
19050,0.505606
19051,0.911128
19052,0.887656
19053,0.955775
19054,0.851594
19055,0.988106
19056,0.531403
19057,0.959961
19058,0.697709
19059,0.796609
19060,0.929807
19061,0.876683
19062,0.760482
19063,0.675482
19064,0.859799
19065,0.929708
19066,0.798805
19067,0.841924
19068,0.971162
19069,0.954245
19070,0.879124
19071,0.39489
19072,0.94123
19073,0.737843
19074,0.989577
19075,0.700562
19076,0.989725
19077,0.789857
19078,0.932687
19079,0.796452
19080,0.939002
19081,0.656385
19082,0.415836
19083,0.957445
19084,0.706437
19085,0.840467
19086,0.697846
19087,0.923041
19088,0.552945
19089,0.868456
19090,0.748971
19091,0.329265
19092,0.852228
19093,0.701072
19094,0.95105
19095,0.446223
19096,0.719607
19097,0.973146
19098,0.476924
19099,0.701332
19100,0.828293
19101,0.77467
19102,0.70137
19103,0.91178
19104,0.650479
19105,0.574415
19106,0.783266
19107,0.681663
19108,0.532257
19109,0.950099
19110,0.387955
19111,0.788056
19112,0.898644
19113,0.679668
19114,0.515556
19115,0.378771
19116,0.902237
19117,0.895683
19118,0.801738
19119,0.699746
19120,0.830853
19121,0.702624
19122,0.987009
19123,0.896004
19124,0.993213
19125,0.553285
19126,0.813611
19127,0.912492
19128,0.967714
19129,0.789773
19130,0.580197
19131,0.929188
19132,0.990492
19133,0.620382
19134,0.847666
19135,0.614832
19136,0.746196
19137,0.602458
19138,0.722244
19139,0.880511
19140,0.855035
19141,0.957311
19142,0.656666
19143,0.921168
19144,0.973033
19145,0.608516
19146,0.541673
19147,0.816051
19148,0.903402
19149,0.834019
19150,0.721202
19151,0.858071
19152,0.927184
19153,0.664786
19154,0.404359
19155,0.027976
19156,0.705298
19157,0.737062
19158,0.965319
19159,0.86034
19160,0.624723
19161,0.991325
19162,0.73281
19163,0.830389
19164,0.759566
19165,0.771902
19166,0.857056
19167,0.900154
19168,0.910757
19169,0.846675
19170,0.746638
19171,0.612279
19172,0.994309
19173,0.607631
19174,0.94863
19175,0.989805
19176,0.609108
19177,0.848719
19178,0.720136
19179,0.817438
19180,0.938802
19181,0.944527
19182,0.924462
19183,0.935054
19184,0.808462
19185,0.704559
19186,0.599066
19187,0.926297
19188,0.986994
19189,0.792958
19190,0.713964
19191,0.904228
19192,0.878418
19193,0.934477
19194,0.843095
19195,0.388443
19196,0.878705
19197,0.933327
19198,0.869244
19199,0.676426
19200,0.700865
19201,0.710471
19202,0.718098
19203,0.777061
19204,0.764128
19205,0.78273
19206,0.936017
19207,0.835022
19208,0.962412
19209,0.630541
19210,0.988548
19211,0.598281
19212,0.626894
19213,0.830902
19214,0.977055
19215,0.861249
19216,0.611145
19217,0.605586
19218,0.585715
19219,0.948662
19220,0.038578
19221,0.77529
19222,0.645266
19223,0.942882
19224,0.841904
19225,0.72206
19226,0.359789
19227,0.74685
19228,0.644135
19229,0.790854
19230,0.641873
19231,0.968805
19232,0.908033
19233,0.693383
19234,0.963785
19235,0.988886
19236,0.888457
19237,0.6987
19238,0.986793
19239,0.927057
19240,0.98475
19241,0.869347
19242,0.989636
19243,0.716356
19244,0.840185
19245,0.922071
19246,0.798264
19247,0.933843
19248,0.787372
19249,0.646294
19250,0.988464
19251,0.704174
19252,0.595888
19253,0.597178
19254,0.774826
19255,0.915978
19256,0.826909
19257,0.92106
19258,0.681677
19259,0.951517
19260,0.595006
19261,0.549387
19262,0.570129
19263,0.595062
19264,0.87042
19265,0.900921
19266,0.691517
19267,0.656156
19268,0.660367
19269,0.600111
19270,0.469143
19271,0.867105
19272,0.802464
19273,0.635359
19274,0.791524
19275,0.505041
19276,0.744138
19277,0.966737
19278,0.560169
19279,0.756597
19280,0.571947
19281,0.243843
19282,0.851541
19283,0.688591
19284,0.819904
19285,0.91312
19286,0.6072
19287,0.565471
19288,0.632726
19289,0.843012
19290,0.800332
19291,0.75573
19292,0.879614
19293,0.964176
19294,0.572794
19295,0.597866
19296,0.861884
19297,0.933148
19298,0.229656
19299,0.691093
19300,0.824445
19301,0.776131
19302,0.980273
19303,0.968887
19304,0.515606
19305,0.956751
19306,0.769536
19307,0.679116
19308,0.73416
19309,0.808175
19310,0.827435
19311,0.281643
19312,0.934537
19313,0.362995
19314,0.891677
19315,0.832921
19316,0.746382
19317,0.872321
19318,0.848759
19319,0.862476
19320,0.457556
19321,0.642854
19322,0.920133
19323,0.423154
19324,0.768179
19325,0.902999
19326,0.959174
19327,0.880784
19328,0.678216
19329,0.745578
19330,0.759697
19331,0.791056
19332,0.909166
19333,0.93181
19334,0.908112
19335,0.933046
19336,0.659636
19337,0.660716
19338,0.94569
19339,0.975349
19340,0.984504
19341,0.79064
19342,0.936664
19343,0.450458
19344,0.681055
19345,0.870721
19346,0.642536
19347,0.605518
19348,0.943817
19349,0.984908
19350,0.892785
19351,0.797896
19352,0.318406
19353,0.383663
19354,0.853085
19355,0.960343
19356,0.966223
19357,0.717182
19358,0.635258
19359,0.848579
19360,0.039935
19361,0.940096
19362,0.574181
19363,0.901026
19364,0.869576
19365,0.682546
19366,0.937168
19367,0.423764
19368,0.914939
19369,0.379004
19370,0.912114
19371,0.655963
19372,0.697618
19373,0.768818
19374,0.841617
19375,0.630652
19376,0.480381
19377,0.421405
19378,0.611743
19379,0.973887
19380,0.670631
19381,0.567218
19382,0.66109
19383,0.918006
19384,0.239697
19385,0.737502
19386,0.920441
19387,0.963586
19388,0.829058
19389,0.922055
19390,0.855838
19391,0.956358
19392,0.790589
19393,0.755258
19394,0.646459
19395,0.877994
19396,0.376631
19397,0.593676
19398,0.990666
19399,0.675678
19400,0.918401
19401,0.924113
19402,0.637999
19403,0.785042
19404,0.817246
19405,0.9581
19406,0.966123
19407,0.942882
19408,0.84631
19409,0.790462
19410,0.042766
19411,0.705004
19412,0.864563
19413,0.700043
19414,0.970305
19415,0.226231
19416,0.390552
19417,0.879038
19418,0.604728
19419,0.744043
19420,0.704635
19421,0.843551
19422,0.877221
19423,0.508364
19424,0.523899
19425,0.749674
19426,0.718104
19427,0.923857
19428,0.955236
19429,0.805066
19430,0.474315
19431,0.646749
19432,0.943995
19433,0.544799
19434,0.871119
19435,0.625793
19436,0.666593
19437,0.684553
19438,0.79207
19439,0.48392
19440,0.698619
19441,0.870568
19442,0.797533
19443,0.631669
19444,0.612841
19445,0.83411
19446,0.880641
19447,0.880489
19448,0.699739
19449,0.872816
19450,0.685729
19451,0.802135
19452,0.958416
19453,0.471257
19454,0.878503
19455,0.818784
19456,0.692774
19457,0.902338
19458,0.816393
19459,0.623311
19460,0.822555
19461,0.767992
19462,0.810465
19463,0.777167
19464,0.802033
19465,0.826264
19466,0.905509
19467,0.760744
19468,0.546311
19469,0.790985
19470,0.656117
19471,0.985533
19472,0.864439
19473,0.670469
19474,0.864701
19475,0.949391
19476,0.9793
19477,0.774892
19478,0.553912
19479,0.695718
19480,0.426624
19481,0.48724
19482,0.727741
19483,0.862589
19484,0.751199
19485,0.876427
19486,0.681219
19487,0.678048
19488,0.748258
19489,0.12809
19490,0.692223
19491,0.843967
19492,0.926304
19493,0.833085
19494,0.776854
19495,0.632739
19496,0.858573
19497,0.899716
19498,0.400524
19499,0.896925
19500,0.720134
19501,0.744656
19502,0.726579
19503,0.437882
19504,0.798468
19505,0.057556
19506,0.642538
19507,0.748716
19508,0.776138
19509,0.794538
19510,0.645011
19511,0.8019
19512,0.780639
19513,0.647251
19514,0.736614
19515,0.71911
19516,0.712633
19517,0.763539
19518,0.585568
19519,0.930394
19520,0.404335
19521,0.664001
19522,0.893184
19523,0.510139
19524,0.976232
19525,0.402338
19526,0.966264
19527,0.886524
19528,0.563324
19529,0.765506
19530,0.633203
19531,0.594791
19532,0.92906
19533,0.528405
19534,0.89501
19535,0.437404
19536,0.777511
19537,0.960736
19538,0.426098
19539,0.424693
19540,0.631343
19541,0.819091
19542,0.395123
19543,0.919882
19544,0.030332
19545,0.377317
19546,0.041888
19547,0.570842
19548,0.495035
19549,0.919925
19550,0.640839
19551,0.664465
19552,0.825731
19553,0.966693
19554,0.708594
19555,0.942914
19556,0.907478
19557,0.714512
19558,0.775661
19559,0.495913
19560,0.034968
19561,0.815013
19562,0.735941
19563,0.920934
19564,0.433007
19565,0.670646
19566,0.744487
19567,0.806403
19568,0.712049
19569,0.52948
19570,0.603736
19571,0.946627
19572,0.859202
19573,0.918021
19574,0.838802
19575,0.79353
19576,0.954824
19577,0.906011
19578,0.698879
19579,0.615683
19580,0.567874
19581,0.659849
19582,0.634713
19583,0.808247
19584,0.904571
19585,0.153727
19586,0.648923
19587,0.474285
19588,0.756355
19589,0.884362
19590,0.89855
19591,0.948819
19592,0.719021
19593,0.962008
19594,0.792061
19595,0.890712
19596,0.909297
19597,0.887833
19598,0.866176
19599,0.220415
19600,0.925491
19601,0.750388
19602,0.908792
19603,0.916998
19604,0.960753
19605,0.886362
19606,0.991707
19607,0.657039
19608,0.959167
19609,0.892987
19610,0.73786
19611,0.949227
19612,0.544339
19613,0.984293
19614,0.653595
19615,0.811203
19616,0.805769
19617,0.974136
19618,0.897342
19619,0.778458
19620,0.698993
19621,0.591251
19622,0.902089
19623,0.774048
19624,0.599341
19625,0.731746
19626,0.950359
19627,0.621469
19628,0.686336
19629,0.612206
19630,0.759687
19631,0.89818
19632,0.904725
19633,0.767325
19634,0.734547
19635,0.90813
19636,0.868086
19637,0.429866
19638,0.973774
19639,0.582277
19640,0.908276
19641,0.81993
19642,0.601042
19643,0.901581
19644,0.917215
19645,0.887009
19646,0.814686
19647,0.762081
19648,0.750316
19649,0.912224
19650,0.50164
19651,0.822587
19652,0.816678
19653,0.934333
19654,0.971781
19655,0.77302
19656,0.950552
19657,0.91506
19658,0.026715
19659,0.496954
19660,0.600005
19661,0.568707
19662,0.888758
19663,0.953425
19664,0.818372
19665,0.740132
19666,0.873403
19667,0.808027
19668,0.674802
19669,0.974726
19670,0.502086
19671,0.451473
19672,0.879073
19673,0.717806
19674,0.141871
19675,0.977339
19676,0.653926
19677,0.728275
19678,0.792064
19679,0.841242
19680,0.739408
19681,0.983487
19682,0.840813
19683,0.272121
19684,0.827597
19685,0.658443
19686,0.878946
19687,0.899721
19688,0.668036
19689,0.780108
19690,0.681786
19691,0.512273
19692,0.764689
19693,0.9884
19694,0.891078
19695,0.977739
19696,0.776911
19697,0.992168
19698,0.784438
19699,0.854739
19700,0.180638
19701,0.844021
19702,0.491236
19703,0.910474
19704,0.83244
19705,0.937972
19706,0.867221
19707,0.962954
19708,0.936542
19709,0.928641
19710,0.800676
19711,0.582698
19712,0.528909
19713,0.78441
19714,0.887705
19715,0.426692
19716,0.895697
19717,0.825807
19718,0.875739
19719,0.692311
19720,0.631385
19721,0.964747
19722,0.86329
19723,0.226566
19724,0.528619
19725,0.897933
19726,0.976126
19727,0.702343
19728,0.212952
19729,0.868943
19730,0.928954
19731,0.886075
19732,0.439391
19733,0.465335
19734,0.975481
19735,0.739324
19736,0.746736
19737,0.423474
19738,0.895158
19739,0.699137
19740,0.64261
19741,0.526544
19742,0.763079
19743,0.890474
19744,0.054787
19745,0.874951
19746,0.625437
19747,0.176334
19748,0.780334
19749,0.442427
19750,0.80441
19751,0.902158
19752,0.151071
19753,0.665542
19754,0.367689
19755,0.892438
19756,0.966523
19757,0.680198
19758,0.047345
19759,0.897436
19760,0.931613
19761,0.97961
19762,0.791812
19763,0.577473
19764,0.348571
19765,0.762222
19766,0.762532
19767,0.655031
19768,0.646056
19769,0.832652
19770,0.714974
19771,0.770115
19772,0.95416
19773,0.981676
19774,0.035756
19775,0.810636
19776,0.961935
19777,0.51522
19778,0.722111
19779,0.830539
19780,0.748114
19781,0.959721
19782,0.94209
19783,0.914512
19784,0.819502
19785,0.703344
19786,0.735569
19787,0.77619
19788,0.590456
19789,0.258018
19790,0.914001
19791,0.859891
19792,0.600919
19793,0.910488
19794,0.674749
19795,0.84674
19796,0.47305
19797,0.069242
19798,0.844896
19799,0.788487
19800,0.936093
19801,0.706582
19802,0.982556
19803,0.545877
19804,0.658784
19805,0.037123
19806,0.429207
19807,0.325866
19808,0.912397
19809,0.630327
19810,0.628322
19811,0.672495
19812,0.807139
19813,0.990053
19814,0.726378
19815,0.73793
19816,0.164348
19817,0.607973
19818,0.740323
19819,0.438272
19820,0.469185
19821,0.644872
19822,0.686718
19823,0.944404
19824,0.472584
19825,0.802877
19826,0.284253
19827,0.817912
19828,0.873119
19829,0.98456
19830,0.838103
19831,0.926034
19832,0.825208
19833,0.869435
19834,0.568395
19835,0.80873
19836,0.886106
19837,0.883366
19838,0.890179
19839,0.912977
19840,0.777457
19841,0.615135
19842,0.396765
19843,0.764416
19844,0.810239
19845,0.677052
19846,0.632008
19847,0.658361
19848,0.469937
19849,0.653828
19850,0.817985
19851,0.574206
19852,0.784364
19853,0.412396
19854,0.879638
19855,0.689248
19856,0.860512
19857,0.650212
19858,0.883111
19859,0.539123
19860,0.581138
19861,0.981115
19862,0.582999
19863,0.756556
19864,0.891544
19865,0.686191
19866,0.671336
19867,0.84872
19868,0.989812
19869,0.622252
19870,0.905912
19871,0.342147
19872,0.77176
19873,0.720915
19874,0.633127
19875,0.922031
19876,0.815802
19877,0.794221
19878,0.82066
19879,0.974246
19880,0.670295
19881,0.513411
19882,0.958274
19883,0.03308
19884,0.990024
19885,0.819453
19886,0.957099
19887,0.937013
19888,0.806048
19889,0.825981
19890,0.743791
19891,0.962624
19892,0.983243
19893,0.889147
19894,0.676144
19895,0.625111
19896,0.755468
19897,0.919134
19898,0.964016
19899,0.676048
19900,0.661983
19901,0.494058
19902,0.805232
19903,0.449162
19904,0.987111
19905,0.796276
19906,0.947693
19907,0.90056
19908,0.896814
19909,0.86443
19910,0.542664
19911,0.81117
19912,0.590352
19913,0.848538
19914,0.947188
19915,0.741876
19916,0.907074
19917,0.985467
19918,0.807956
19919,0.857891
19920,0.62347
19921,0.741538
19922,0.697561
19923,0.431878
19924,0.843042
19925,0.805283
19926,0.680982
19927,0.782041
19928,0.960605
19929,0.763947
19930,0.806723
19931,0.610803
19932,0.744422
19933,0.678206
19934,0.961756
19935,0.750754
19936,0.902029
19937,0.721658
19938,0.782586
19939,0.971365
19940,0.823636
19941,0.503266
19942,0.572705
19943,0.894944
19944,0.82184
19945,0.940042
19946,0.439071
19947,0.981474
19948,0.935858
19949,0.855322
19950,0.73532
19951,0.890133
19952,0.7518
19953,0.682182
19954,0.942859
19955,0.828204
19956,0.958756
19957,0.374243
19958,0.959504
19959,0.733086
19960,0.989857
19961,0.831613
19962,0.723209
19963,0.82997
19964,0.984304
19965,0.644656
19966,0.486024
19967,0.980856
19968,0.845881
19969,0.755182
19970,0.753713
19971,0.455316
19972,0.949392
19973,0.6741
19974,0.449101
19975,0.742674
19976,0.924533
19977,0.918839
19978,0.982569
19979,0.922017
19980,0.829059
19981,0.582954
19982,0.615756
19983,0.897872
19984,0.933355
19985,0.862488
19986,0.750518
19987,0.708237
19988,0.714453
19989,0.930053
19990,0.695516
19991,0.848335
19992,0.992092
19993,0.874276
19994,0.693281
19995,0.929917
19996,0.721619
19997,0.950987
19998,0.712995
19999,0.98545
20000,0.786323
20001,0.841641
20002,0.668497
20003,0.653532
20004,0.491764
20005,0.323329
20006,0.858517
20007,0.906821
20008,0.93373
20009,0.753171
20010,0.444782
20011,0.362153
20012,0.90776
20013,0.930245
20014,0.889166
20015,0.842793
20016,0.482073
20017,0.641713
20018,0.436365
20019,0.595464
20020,0.683337
20021,0.961561
20022,0.8375
20023,0.801439
20024,0.931194
20025,0.468617
20026,0.797069
20027,0.941549
20028,0.694839
20029,0.685806
20030,0.668182
20031,0.938786
20032,0.855602
20033,0.582117
20034,0.490345
20035,0.965936
20036,0.732609
20037,0.570901
20038,0.847541
20039,0.904803
20040,0.689476
20041,0.953416
20042,0.345536
20043,0.661261
20044,0.380873
20045,0.743675
20046,0.924369
20047,0.745727
20048,0.714338
20049,0.855552
20050,0.946595
20051,0.926108
20052,0.454285
20053,0.80046
20054,0.734843
20055,0.482236
20056,0.665309
20057,0.643124
20058,0.838414
20059,0.615254
20060,0.856599
20061,0.743151
20062,0.022335
20063,0.955268
20064,0.775723
20065,0.980695
20066,0.666469
20067,0.424045
20068,0.882763
20069,0.683116
20070,0.583429
20071,0.632881
20072,0.621666
20073,0.778644
20074,0.538035
20075,0.819892
20076,0.035228
20077,0.962198
20078,0.780375
20079,0.954451
20080,0.580605
20081,0.046601
20082,0.772855
20083,0.899997
20084,0.820921
20085,0.553969
20086,0.942772
20087,0.799273
20088,0.726163
20089,0.782314
20090,0.828184
20091,0.817308
20092,0.81118
20093,0.516174
20094,0.788622
20095,0.880908
20096,0.886503
20097,0.09461
20098,0.078108
20099,0.745386
20100,0.749956
20101,0.746435
20102,0.826894
20103,0.864639
20104,0.83887
20105,0.145324
20106,0.721334
20107,0.838635
20108,0.653746
20109,0.650691
20110,0.963909
20111,0.901246
20112,0.884368
20113,0.848615
20114,0.520194
20115,0.546366
20116,0.481511
20117,0.888711
20118,0.708622
20119,0.637845
20120,0.864125
20121,0.473029
20122,0.456771
20123,0.449278
20124,0.494381
20125,0.414142
20126,0.899309
20127,0.960251
20128,0.962465
20129,0.725076
20130,0.587049
20131,0.635748
20132,0.90591
20133,0.839723
20134,0.473184
20135,0.793538
20136,0.314231
20137,0.602865
20138,0.836863
20139,0.701758
20140,0.644536
20141,0.728612
20142,0.378854
20143,0.615636
20144,0.415291
20145,0.972491
20146,0.218037
20147,0.985763
20148,0.842219
20149,0.168896
20150,0.811552
20151,0.460879
20152,0.775521
20153,0.709433
20154,0.770293
20155,0.944087
20156,0.689827
20157,0.814399
20158,0.934028
20159,0.727805
20160,0.793811
20161,0.588974
20162,0.629007
20163,0.540445
20164,0.667392
20165,0.381902
20166,0.672911
20167,0.775366
20168,0.780553
20169,0.686664
20170,0.692922
20171,0.938946
20172,0.568657
20173,0.738333
20174,0.783522
20175,0.898212
20176,0.619827
20177,0.845349
20178,0.732081
20179,0.61377
20180,0.387261
20181,0.674075
20182,0.860117
20183,0.254241
20184,0.826082
20185,0.717645
20186,0.877121
20187,0.607295
20188,0.957032
20189,0.425479
20190,0.534259
20191,0.797381
20192,0.760111
20193,0.861907
20194,0.472287
20195,0.495231
20196,0.823859
20197,0.631691
20198,0.800387
20199,0.121376
20200,0.497877
20201,0.560783
20202,0.560615
20203,0.842784
20204,0.892084
20205,0.790948
20206,0.642554
20207,0.872798
20208,0.763345
20209,0.871384
20210,0.655906
20211,0.371045
20212,0.818
20213,0.651574
20214,0.500629
20215,0.890075
20216,0.894271
20217,0.816675
20218,0.765294
20219,0.889536
20220,0.562783
20221,0.477996
20222,0.988934
20223,0.710734
20224,0.554272
20225,0.381068
20226,0.71709
20227,0.877549
20228,0.963528
20229,0.774428
20230,0.406279
20231,0.850046
20232,0.184924
20233,0.984138
20234,0.738926
20235,0.816127
20236,0.61662
20237,0.283119
20238,0.675827
20239,0.341314
20240,0.714486
20241,0.738451
20242,0.818606
20243,0.450057
20244,0.488231
20245,0.829979
20246,0.695455
20247,0.932269
20248,0.709391
20249,0.646337
20250,0.698744
20251,0.830592
20252,0.906645
20253,0.742172
20254,0.976688
20255,0.701904
20256,0.878854
20257,0.759689
20258,0.546272
20259,0.883184
20260,0.849526
20261,0.664141
20262,0.816018
20263,0.444425
20264,0.621712
20265,0.465479
20266,0.418506
20267,0.041775
20268,0.688599
20269,0.728338
20270,0.94481
20271,0.791164
20272,0.670371
20273,0.441753
20274,0.960659
20275,0.805158
20276,0.983931
20277,0.688819
20278,0.833008
20279,0.674128
20280,0.984326
20281,0.629823
20282,0.576796
20283,0.612176
20284,0.981253
20285,0.680052
20286,0.710325
20287,0.951018
20288,0.915151
20289,0.75572
20290,0.941047
20291,0.796998
20292,0.44315
20293,0.329406
20294,0.858171
20295,0.799703
20296,0.489482
20297,0.723695
20298,0.375538
20299,0.816297
20300,0.643648
20301,0.823055
20302,0.762416
20303,0.962596
20304,0.952355
20305,0.863056
20306,0.610501
20307,0.717778
20308,0.024325
20309,0.84199
20310,0.904326
20311,0.803227
20312,0.842161
20313,0.935816
20314,0.889431
20315,0.885945
20316,0.598204
20317,0.807328
20318,0.764649
20319,0.484402
20320,0.971972
20321,0.902408
20322,0.103182
20323,0.940169
20324,0.241678
20325,0.892199
20326,0.915773
20327,0.980181
20328,0.763858
20329,0.732252
20330,0.618221
20331,0.720578
20332,0.94915
20333,0.89055
20334,0.921561
20335,0.966599
20336,0.919079
20337,0.737346
20338,0.888828
20339,0.054432
20340,0.904054
20341,0.900064
20342,0.971326
20343,0.816186
20344,0.914258
20345,0.535066
20346,0.893068
20347,0.461931
20348,0.878498
20349,0.629972
20350,0.84807
20351,0.943295
20352,0.787556
20353,0.968094
20354,0.60269
20355,0.704591
20356,0.667478
20357,0.509578
20358,0.947057
20359,0.889973
20360,0.60528
20361,0.865614
20362,0.521809
20363,0.66383
20364,0.728666
20365,0.781522
20366,0.697093
20367,0.813646
20368,0.808589
20369,0.668763
20370,0.692497
20371,0.905324
20372,0.803591
20373,0.942725
20374,0.680399
20375,0.986225
20376,0.739492
20377,0.691989
20378,0.73347
20379,0.734528
20380,0.680375
20381,0.831818
20382,0.674991
20383,0.526275
20384,0.952936
20385,0.721547
20386,0.531143
20387,0.792067
20388,0.673658
20389,0.921936
20390,0.976798
20391,0.701071
20392,0.547421
20393,0.469343
20394,0.343919
20395,0.895189
20396,0.826117
20397,0.599365
20398,0.578469
20399,0.651783
20400,0.638716
20401,0.989625
20402,0.62674
20403,0.519233
20404,0.531557
20405,0.756228
20406,0.675593
20407,0.60779
20408,0.981766
20409,0.611172
20410,0.662435
20411,0.382581
20412,0.905332
20413,0.699839
20414,0.972658
20415,0.715167
20416,0.83725
20417,0.90787
20418,0.785258
20419,0.92836
20420,0.762497
20421,0.712685
20422,0.587268
20423,0.638903
20424,0.662328
20425,0.90028
20426,0.913681
20427,0.58373
20428,0.439605
20429,0.498137
20430,0.7181
20431,0.957104
20432,0.042724
20433,0.797037
20434,0.966045
20435,0.912832
20436,0.830808
20437,0.856807
20438,0.635484
20439,0.613837
20440,0.79411
20441,0.725509
20442,0.905195
20443,0.655904
20444,0.642343
20445,0.968609
20446,0.615519
20447,0.2862
20448,0.93337
20449,0.905792
20450,0.554696
20451,0.868836
20452,0.774868
20453,0.640614
20454,0.566592
20455,0.894031
20456,0.875455
20457,0.055018
20458,0.796706
20459,0.767139
20460,0.912453
20461,0.975832
20462,0.875784
20463,0.892583
20464,0.547384
20465,0.596229
20466,0.977382
20467,0.785826
20468,0.043643
20469,0.843705
20470,0.514315
20471,0.509626
20472,0.104083
20473,0.598607
20474,0.592331
20475,0.617169
20476,0.775921
20477,0.609891
20478,0.848027
20479,0.791085
20480,0.851439
20481,0.955148
20482,0.630342
20483,0.66337
20484,0.873841
20485,0.907578
20486,0.974765
20487,0.903885
20488,0.747503
20489,0.452872
20490,0.742456
20491,0.559741
20492,0.521319
20493,0.856587
20494,0.820835
20495,0.714062
20496,0.492073
20497,0.910125
20498,0.95981
20499,0.502094
20500,0.621759
20501,0.966335
20502,0.896186
20503,0.709007
20504,0.989128
20505,0.954557
20506,0.563566
20507,0.109792
20508,0.333975
20509,0.740653
20510,0.980324
20511,0.869625
20512,0.4433
20513,0.915669
20514,0.451962
20515,0.700977
20516,0.769158
20517,0.811713
20518,0.908271
20519,0.77423
20520,0.921161
20521,0.036504
20522,0.914766
20523,0.431409
20524,0.799181
20525,0.649832
20526,0.408969
20527,0.950673
20528,0.026645
20529,0.683132
20530,0.739534
20531,0.746773
20532,0.794499
20533,0.981205
20534,0.912121
20535,0.810051
20536,0.891176
20537,0.897963
20538,0.614083
20539,0.869332
20540,0.71556
20541,0.944375
20542,0.65991
20543,0.515552
20544,0.982595
20545,0.867088
20546,0.645617
20547,0.905188
20548,0.918209
20549,0.669963
20550,0.620867
20551,0.730602
20552,0.915163
20553,0.968357
20554,0.87405
20555,0.807653
20556,0.706899
20557,0.922075
20558,0.885264
20559,0.626777
20560,0.592242
20561,0.991022
20562,0.684577
20563,0.710651
20564,0.811044
20565,0.934088
20566,0.712136
20567,0.43555
20568,0.785274
20569,0.834518
20570,0.774378
20571,0.594185
20572,0.716973
20573,0.763846
20574,0.724524
20575,0.648257
20576,0.841158
20577,0.859493
20578,0.389907
20579,0.754075
20580,0.914836
20581,0.58024
20582,0.877787
20583,0.961039
20584,0.819304
20585,0.754864
20586,0.924483
20587,0.895146
20588,0.895875
20589,0.976262
20590,0.488666
20591,0.726013
20592,0.817054
20593,0.894775
20594,0.955668
20595,0.461519
20596,0.338014
20597,0.694582
20598,0.804502
20599,0.622305
20600,0.845172
20601,0.681262
20602,0.768229
20603,0.735046
20604,0.925826
20605,0.380709
20606,0.825242
20607,0.555697
20608,0.907768
20609,0.461584
20610,0.580416
20611,0.83765
20612,0.591865
20613,0.983213
20614,0.904098
20615,0.341514
20616,0.558067
20617,0.747053
20618,0.895808
20619,0.473932
20620,0.752821
20621,0.483
20622,0.530768
20623,0.713105
20624,0.826882
20625,0.990155
20626,0.945547
20627,0.347055
20628,0.969203
20629,0.76904
20630,0.975086
20631,0.677414
20632,0.731341
20633,0.638951
20634,0.938241
20635,0.750617
20636,0.02268
20637,0.267459
20638,0.794091
20639,0.706827
20640,0.962352
20641,0.578068
20642,0.920223
20643,0.598273
20644,0.65858
20645,0.914798
20646,0.867348
20647,0.867286
20648,0.723204
20649,0.971893
20650,0.919804
20651,0.754917
20652,0.965633
20653,0.701691
20654,0.759197
20655,0.839409
20656,0.626173
20657,0.926333
20658,0.754155
20659,0.035621
20660,0.346005
20661,0.029938
20662,0.849676
20663,0.659621
20664,0.702479
20665,0.905117
20666,0.79273
20667,0.733047
20668,0.85528
20669,0.81479
20670,0.964449
20671,0.630451
20672,0.596235
20673,0.855377
20674,0.666492
20675,0.779448
20676,0.707752
20677,0.502688
20678,0.592898
20679,0.611931
20680,0.69585
20681,0.435266
20682,0.463049
20683,0.799629
20684,0.852996
20685,0.935986
20686,0.981758
20687,0.029314
20688,0.942827
20689,0.635964
20690,0.604755
20691,0.655776
20692,0.676225
20693,0.812121
20694,0.42344
20695,0.738107
20696,0.849315
20697,0.777256
20698,0.723479
20699,0.860929
20700,0.786397
20701,0.654753
20702,0.707036
20703,0.938466
20704,0.349118
20705,0.066004
20706,0.954956
20707,0.379378
20708,0.637079
20709,0.668591
20710,0.746083
20711,0.606161
20712,0.915614
20713,0.786359
20714,0.698294
20715,0.905477
20716,0.876503
20717,0.949214
20718,0.794202
20719,0.832996
20720,0.678498
20721,0.739527
20722,0.703118
20723,0.594527
20724,0.951512
20725,0.615853
20726,0.650927
20727,0.745818
20728,0.558229
20729,0.04162
20730,0.736868
20731,0.23011
20732,0.799872
20733,0.960256
20734,0.680535
20735,0.629991
20736,0.903837
20737,0.542925
20738,0.955677
20739,0.83359
20740,0.780771
20741,0.789836
20742,0.627971
20743,0.786265
20744,0.652958
20745,0.453336
20746,0.720007
20747,0.780838
20748,0.441356
20749,0.588086
20750,0.868124
20751,0.661147
20752,0.984407
20753,0.948645
20754,0.721991
20755,0.12781
20756,0.838835
20757,0.925808
20758,0.988157
20759,0.497819
20760,0.924664
20761,0.722814
20762,0.710037
20763,0.919266
20764,0.351561
20765,0.937515
20766,0.930812
20767,0.888019
20768,0.936781
20769,0.557005
20770,0.828348
20771,0.739946
20772,0.529295
20773,0.868253
20774,0.529672
20775,0.761764
20776,0.967406
20777,0.804076
20778,0.631027
20779,0.61376
20780,0.95967
20781,0.616173
20782,0.685705
20783,0.891184
20784,0.776731
20785,0.731548
20786,0.943149
20787,0.897126
20788,0.730936
20789,0.990907
20790,0.491716
20791,0.633823
20792,0.863415
20793,0.900465
20794,0.518412
20795,0.79261
20796,0.685888
20797,0.64957
20798,0.899319
20799,0.716915
20800,0.600025
20801,0.98178
20802,0.746522
20803,0.69764
20804,0.808594
20805,0.716327
20806,0.88616
20807,0.995564
20808,0.688501
20809,0.254134
20810,0.949113
20811,0.430397
20812,0.627241
20813,0.66302
20814,0.93177
20815,0.25509
20816,0.371959
20817,0.804207
20818,0.860071
20819,0.707438
20820,0.757879
20821,0.985176
20822,0.955095
20823,0.62711
20824,0.988964
20825,0.575143
20826,0.985164
20827,0.575268
20828,0.656298
20829,0.980196
20830,0.594319
20831,0.821515
20832,0.898576
20833,0.903534
20834,0.736353
20835,0.902032
20836,0.342738
20837,0.631859
20838,0.910975
20839,0.709341
20840,0.869712
20841,0.680877
20842,0.790486
20843,0.59682
20844,0.623795
20845,0.429178
20846,0.927971
20847,0.629529
20848,0.645112
20849,0.414772
20850,0.863864
20851,0.591065
20852,0.879187
20853,0.823389
20854,0.805817
20855,0.719071
20856,0.683669
20857,0.649939
20858,0.852839
20859,0.951525
20860,0.521482
20861,0.923089
20862,0.649912
20863,0.726022
20864,0.335386
20865,0.678351
20866,0.632941
20867,0.444053
20868,0.817166
20869,0.668179
20870,0.94607
20871,0.819754
20872,0.872067
20873,0.706994
20874,0.281503
20875,0.746447
20876,0.700526
20877,0.511803
20878,0.664478
20879,0.815204
20880,0.966699
20881,0.652993
20882,0.7616
20883,0.882515
20884,0.581585
20885,0.419678
20886,0.841495
20887,0.771011
20888,0.664477
20889,0.822329
20890,0.94149
20891,0.492333
20892,0.98569
20893,0.735569
20894,0.665229
20895,0.807491
20896,0.753508
20897,0.780536
20898,0.777
20899,0.85291
20900,0.669222
20901,0.8288
20902,0.648744
20903,0.872206
20904,0.614004
20905,0.840266
20906,0.832151
20907,0.673653
20908,0.759345
20909,0.569215
20910,0.752021
20911,0.756226
20912,0.953364
20913,0.767081
20914,0.867974
20915,0.816273
20916,0.550716
20917,0.504007
20918,0.710752
20919,0.625345
20920,0.795003
20921,0.97364
20922,0.928281
20923,0.547806
20924,0.338545
20925,0.779429
20926,0.559008
20927,0.929872
20928,0.79835
20929,0.529598
20930,0.541554
20931,0.604096
20932,0.728323
20933,0.573566
20934,0.61259
20935,0.936539
20936,0.513602
20937,0.534116
20938,0.93707
20939,0.765755
20940,0.802091
20941,0.529082
20942,0.894801
20943,0.925191
20944,0.560783
20945,0.991539
20946,0.895002
20947,0.658404
20948,0.63052
20949,0.859635
20950,0.871237
20951,0.958554
20952,0.873955
20953,0.762643
20954,0.634576
20955,0.211945
20956,0.704356
20957,0.673148
20958,0.04975
20959,0.610278
20960,0.817215
20961,0.693625
20962,0.512106
20963,0.765074
20964,0.854859
20965,0.538134
20966,0.988076
20967,0.684104
20968,0.681646
20969,0.876149
20970,0.414226
20971,0.949938
20972,0.703771
20973,0.82097
20974,0.973488
20975,0.963057
20976,0.964901
20977,0.833239
20978,0.877722
20979,0.59883
20980,0.903452
20981,0.955108
20982,0.945152
20983,0.807555
20984,0.308078
20985,0.438991
20986,0.840803
20987,0.671635
20988,0.700207
20989,0.388798
20990,0.422737
20991,0.713898
20992,0.72596
20993,0.89037
20994,0.359145
20995,0.656731
20996,0.48471
20997,0.849728
20998,0.769737
20999,0.274516
21000,0.959294
21001,0.339474
21002,0.527649
21003,0.703852
21004,0.563349
21005,0.852007
21006,0.75928
21007,0.775788
21008,0.752576
21009,0.707915
21010,0.879613
21011,0.505539
21012,0.754742
21013,0.840502
21014,0.819486
21015,0.620273
21016,0.835781
21017,0.62401
21018,0.910868
21019,0.638735
21020,0.499423
21021,0.983123
21022,0.675852
21023,0.61347
21024,0.814905
21025,0.299477
21026,0.900528
21027,0.986449
21028,0.105918
21029,0.93875
21030,0.898179
21031,0.745127
21032,0.783938
21033,0.445943
21034,0.954381
21035,0.853711
21036,0.397772
21037,0.900229
21038,0.939468
21039,0.721404
21040,0.962805
21041,0.992124
21042,0.715637
21043,0.846523
21044,0.915765
21045,0.896482
21046,0.658093
21047,0.930377
21048,0.786845
21049,0.48623
21050,0.429902
21051,0.766594
21052,0.932883
21053,0.585971
21054,0.683899
21055,0.442262
21056,0.576528
21057,0.605067
21058,0.739256
21059,0.776798
21060,0.742229
21061,0.717986
21062,0.718543
21063,0.731345
21064,0.976795
21065,0.809255
21066,0.973895
21067,0.639647
21068,0.710498
21069,0.798698
21070,0.953607
21071,0.862692
21072,0.778179
21073,0.592753
21074,0.850073
21075,0.523383
21076,0.741817
21077,0.507447
21078,0.945954
21079,0.957509
21080,0.91134
21081,0.036019
21082,0.951217
21083,0.580559
21084,0.34318
21085,0.48015
21086,0.95619
21087,0.621572
21088,0.802522
21089,0.834184
21090,0.795422
21091,0.715138
21092,0.82145
21093,0.691144
21094,0.915116
21095,0.516402
21096,0.864985
21097,0.941917
21098,0.811472
21099,0.945396
21100,0.893131
21101,0.672042
21102,0.814816
21103,0.327149
21104,0.891342
21105,0.932776
21106,0.379159
21107,0.986337
21108,0.894437
21109,0.814147
21110,0.652524
21111,0.841365
21112,0.751538
21113,0.801053
21114,0.190133
21115,0.488197
21116,0.912754
21117,0.928958
21118,0.819414
21119,0.766197
21120,0.908621
21121,0.902554
21122,0.788872
21123,0.456312
21124,0.650761
21125,0.94153
21126,0.792221
21127,0.764339
21128,0.979655
21129,0.881168
21130,0.436816
21131,0.963155
21132,0.761546
21133,0.58897
21134,0.895
21135,0.751396
21136,0.654493
21137,0.13712
21138,0.947247
21139,0.827422
21140,0.684535
21141,0.594604
21142,0.570201
21143,0.892391
21144,0.838294
21145,0.355033
21146,0.847978
21147,0.86473
21148,0.708061
21149,0.369138
21150,0.866358
21151,0.988318
21152,0.983193
21153,0.710993
21154,0.589557
21155,0.817089
21156,0.97171
21157,0.866491
21158,0.976549
21159,0.893583
21160,0.077282
21161,0.700679
21162,0.945503
21163,0.574665
21164,0.864626
21165,0.901695
21166,0.862068
21167,0.693465
21168,0.529659
21169,0.116164
21170,0.763078
21171,0.679052
21172,0.607226
21173,0.693888
21174,0.967486
21175,0.689847
21176,0.579584
21177,0.609659
21178,0.624709
21179,0.962136
21180,0.450402
21181,0.896136
21182,0.901749
21183,0.832926
21184,0.863934
21185,0.949681
21186,0.934259
21187,0.450141
21188,0.627881
21189,0.457081
21190,0.584744
21191,0.671354
21192,0.518851
21193,0.691588
21194,0.804373
21195,0.569398
21196,0.850965
21197,0.558249
21198,0.570506
21199,0.176917
21200,0.599588
21201,0.857615
21202,0.656106
21203,0.808752
21204,0.976403
21205,0.763944
21206,0.55939
21207,0.799141
21208,0.450192
21209,0.738038
21210,0.31288
21211,0.542156
21212,0.983431
21213,0.700175
21214,0.721586
21215,0.755391
21216,0.544048
21217,0.981621
21218,0.969856
21219,0.869446
21220,0.737936
21221,0.822465
21222,0.5644
21223,0.938554
21224,0.801527
21225,0.76453
21226,0.588038
21227,0.563494
21228,0.781844
21229,0.980656
21230,0.823271
21231,0.990172
21232,0.980383
21233,0.952043
21234,0.644744
21235,0.675244
21236,0.906231
21237,0.960865
21238,0.961143
21239,0.745942
21240,0.935697
21241,0.989529
21242,0.544133
21243,0.813177
21244,0.753619
21245,0.912973
21246,0.715255
21247,0.07772
21248,0.471963
21249,0.654605
21250,0.583023
21251,0.899658
21252,0.722536
21253,0.600416
21254,0.833126
21255,0.964804
21256,0.794348
21257,0.221072
21258,0.798294
21259,0.757003
21260,0.739289
21261,0.721348
21262,0.768574
21263,0.663553
21264,0.46164
21265,0.807366
21266,0.923811
21267,0.494186
21268,0.779349
21269,0.806681
21270,0.703262
21271,0.759538
21272,0.384258
21273,0.613444
21274,0.603331
21275,0.967481
21276,0.942274
21277,0.933314
21278,0.71989
21279,0.766499
21280,0.689283
21281,0.855521
21282,0.866619
21283,0.874422
21284,0.098677
21285,0.91685
21286,0.892886
21287,0.85782
21288,0.822417
21289,0.988315
21290,0.391415
21291,0.818171
21292,0.851268
21293,0.975706
21294,0.554088
21295,0.865265
21296,0.554842
21297,0.930479
21298,0.439848
21299,0.757438
21300,0.131852
21301,0.859557
21302,0.993245
21303,0.904181
21304,0.497084
21305,0.988936
21306,0.60975
21307,0.456611
21308,0.896021
21309,0.657261
21310,0.898013
21311,0.943283
21312,0.731012
21313,0.761087
21314,0.961944
21315,0.898163
21316,0.695784
21317,0.721779
21318,0.508878
21319,0.825159
21320,0.739382
21321,0.963433
21322,0.700768
21323,0.947892
21324,0.692812
21325,0.814881
21326,0.728382
21327,0.852586
21328,0.777821
21329,0.733213
21330,0.518161
21331,0.705745
21332,0.976783
21333,0.752066
21334,0.819633
21335,0.111131
21336,0.711008
21337,0.816817
21338,0.674143
21339,0.683663
21340,0.800117
21341,0.98516
21342,0.970715
21343,0.825172
21344,0.972428
21345,0.806803
21346,0.678104
21347,0.447055
21348,0.651281
21349,0.469576
21350,0.908523
21351,0.961061
21352,0.961413
21353,0.947668
21354,0.767674
21355,0.948385
21356,0.884105
21357,0.826542
21358,0.805574
21359,0.672841
21360,0.890222
21361,0.924743
21362,0.458242
21363,0.811377
21364,0.51681
21365,0.950224
21366,0.827944
21367,0.966856
21368,0.971642
21369,0.255988
21370,0.84657
21371,0.347565
21372,0.704258
21373,0.855139
21374,0.748688
21375,0.517949
21376,0.863757
21377,0.194207
21378,0.863961
21379,0.921325
21380,0.800599
21381,0.802894
21382,0.772893
21383,0.651385
21384,0.822499
21385,0.730212
21386,0.943875
21387,0.810253
21388,0.924019
21389,0.756009
21390,0.936571
21391,0.596965
21392,0.682898
21393,0.862647
21394,0.650702
21395,0.768098
21396,0.689709
21397,0.511976
21398,0.68153
21399,0.750402
21400,0.406032
21401,0.773298
21402,0.539748
21403,0.723127
21404,0.771001
21405,0.958364
21406,0.685641
21407,0.760351
21408,0.647208
21409,0.325596
21410,0.958031
21411,0.332671
21412,0.429154
21413,0.726231
21414,0.698519
21415,0.967429
21416,0.908312
21417,0.573391
21418,0.605358
21419,0.753177
21420,0.587643
21421,0.742914
21422,0.994526
21423,0.780489
21424,0.809105
21425,0.600896
21426,0.458424
21427,0.784581
21428,0.694413
21429,0.86685
21430,0.63979
21431,0.031915
21432,0.893822
21433,0.735834
21434,0.842505
21435,0.64873
21436,0.778511
21437,0.716071
21438,0.978603
21439,0.940117
21440,0.683314
21441,0.231061
21442,0.748382
21443,0.897231
21444,0.065448
21445,0.982646
21446,0.643702
21447,0.926981
21448,0.97565
21449,0.694052
21450,0.70883
21451,0.950719
21452,0.700456
21453,0.921298
21454,0.94667
21455,0.576352
21456,0.779092
21457,0.728224
21458,0.846262
21459,0.880962
21460,0.968832
21461,0.69409
21462,0.343529
21463,0.772263
21464,0.345499
21465,0.03403
21466,0.665723
21467,0.617488
21468,0.916405
21469,0.898996
21470,0.895809
21471,0.583971
21472,0.976474
21473,0.698325
21474,0.443613
21475,0.74927
21476,0.967545
21477,0.737954
21478,0.623077
21479,0.678233
21480,0.560381
21481,0.76222
21482,0.918257
21483,0.919032
21484,0.871335
21485,0.99417
21486,0.653804
21487,0.581605
21488,0.865602
21489,0.914857
21490,0.65714
21491,0.052587
21492,0.054403
21493,0.889411
21494,0.835732
21495,0.656956
21496,0.845608
21497,0.919262
21498,0.636586
21499,0.505705
21500,0.7795
21501,0.880928
21502,0.879303
21503,0.784128
21504,0.864085
21505,0.673149
21506,0.681878
21507,0.678271
21508,0.858594
21509,0.883911
21510,0.776003
21511,0.951788
21512,0.834273
21513,0.244978
21514,0.924934
21515,0.608772
21516,0.694178
21517,0.806217
21518,0.8509
21519,0.906086
21520,0.769725
21521,0.630419
21522,0.978672
21523,0.735984
21524,0.689705
21525,0.425482
21526,0.830081
21527,0.750846
21528,0.78461
21529,0.958746
21530,0.582113
21531,0.618558
21532,0.537974
21533,0.665024
21534,0.979065
21535,0.622709
21536,0.552614
21537,0.533461
21538,0.880925
21539,0.729578
21540,0.726068
21541,0.994537
21542,0.580837
21543,0.645922
21544,0.756784
21545,0.851718
21546,0.917506
21547,0.988784
21548,0.811253
21549,0.723246
21550,0.552441
21551,0.776313
21552,0.733699
21553,0.918114
21554,0.873482
21555,0.779809
21556,0.755116
21557,0.132519
21558,0.120185
21559,0.62866
21560,0.541801
21561,0.439451
21562,0.583512
21563,0.405504
21564,0.205137
21565,0.901903
21566,0.937929
21567,0.67978
21568,0.577569
21569,0.47438
21570,0.453543
21571,0.877883
21572,0.869772
21573,0.534322
21574,0.911792
21575,0.545942
21576,0.650949
21577,0.915914
21578,0.905074
21579,0.610327
21580,0.862837
21581,0.839531
21582,0.976246
21583,0.62761
21584,0.813415
21585,0.908058
21586,0.615396
21587,0.842314
21588,0.935866
21589,0.711451
21590,0.876805
21591,0.683701
21592,0.647662
21593,0.871085
21594,0.629921
21595,0.715336
21596,0.507673
21597,0.769765
21598,0.210413
21599,0.768364
21600,0.901636
21601,0.940256
21602,0.806002
21603,0.423641
21604,0.924673
21605,0.486378
21606,0.084049
21607,0.554144
21608,0.55921
21609,0.75805
21610,0.442788
21611,0.024746
21612,0.974848
21613,0.96919
21614,0.916018
21615,0.847549
21616,0.876584
21617,0.847291
21618,0.667249
21619,0.76505
21620,0.973444
21621,0.853429
21622,0.602834
21623,0.469501
21624,0.638439
21625,0.702796
21626,0.725127
21627,0.808792
21628,0.793933
21629,0.93053
21630,0.719385
21631,0.638595
21632,0.065909
21633,0.792679
21634,0.78164
21635,0.773945
21636,0.906987
21637,0.480208
21638,0.983307
21639,0.970609
21640,0.964383
21641,0.526058
21642,0.564109
21643,0.888755
21644,0.875715
21645,0.1166
21646,0.858755
21647,0.929068
21648,0.496404
21649,0.863031
21650,0.796303
21651,0.860843
21652,0.41591
21653,0.042517
21654,0.068988
21655,0.974486
21656,0.467995
21657,0.895417
21658,0.435826
21659,0.850744
21660,0.69161
21661,0.906754
21662,0.681765
21663,0.785086
21664,0.67219
21665,0.595067
21666,0.574401
21667,0.631636
21668,0.614908
21669,0.963572
21670,0.783658
21671,0.964355
21672,0.875345
21673,0.539097
21674,0.56572
21675,0.596343
21676,0.905008
21677,0.961792
21678,0.912322
21679,0.615662
21680,0.921598
21681,0.695216
21682,0.575448
21683,0.81741
21684,0.888485
21685,0.863249
21686,0.882429
21687,0.858331
21688,0.517693
21689,0.585254
21690,0.515827
21691,0.916484
21692,0.63794
21693,0.714517
21694,0.555763
21695,0.822236
21696,0.773973
21697,0.715262
21698,0.796128
21699,0.748022
21700,0.980313
21701,0.935284
21702,0.453592
21703,0.611058
21704,0.720684
21705,0.836313
21706,0.042111
21707,0.681887
21708,0.76032
21709,0.981474
21710,0.956547
21711,0.673164
21712,0.631435
21713,0.838124
21714,0.763441
21715,0.798315
21716,0.958981
21717,0.736237
21718,0.614131
21719,0.980391
21720,0.878738
21721,0.968491
21722,0.930331
21723,0.760679
21724,0.792513
21725,0.968388
21726,0.897022
21727,0.531323
21728,0.903593
21729,0.603849
21730,0.883108
21731,0.918938
21732,0.946219
21733,0.966628
21734,0.716018
21735,0.907789
21736,0.882113
21737,0.368289
21738,0.851036
21739,0.848363
21740,0.908517
21741,0.454746
21742,0.800043
21743,0.968983
21744,0.960566
21745,0.984725
21746,0.863087
21747,0.578555
21748,0.684013
21749,0.467332
21750,0.594704
21751,0.615406
21752,0.660495
21753,0.949745
21754,0.747203
21755,0.84426
21756,0.779769
21757,0.452705
21758,0.334616
21759,0.581025
21760,0.53742
21761,0.539762
21762,0.98234
21763,0.042161
21764,0.989913
21765,0.719528
21766,0.634878
21767,0.297547
21768,0.789907
21769,0.970475
21770,0.924092
21771,0.468081
21772,0.710286
21773,0.859487
21774,0.977181
21775,0.874052
21776,0.899613
21777,0.747456
21778,0.986476
21779,0.894919
21780,0.933077
21781,0.153457
21782,0.98549
21783,0.839007
21784,0.745596
21785,0.804509
21786,0.551069
21787,0.983383
21788,0.697509
21789,0.803438
21790,0.312902
21791,0.932534
21792,0.68064
21793,0.809539
21794,0.82911
21795,0.041109
21796,0.864586
21797,0.492956
21798,0.773221
21799,0.664034
21800,0.258021
21801,0.533874
21802,0.594642
21803,0.847692
21804,0.663381
21805,0.957148
21806,0.832161
21807,0.877659
21808,0.525518
21809,0.73038
21810,0.956695
21811,0.587187
21812,0.793519
21813,0.792494
21814,0.792463
21815,0.83795
21816,0.135991
21817,0.734708
21818,0.758673
21819,0.855792
21820,0.916007
21821,0.899725
21822,0.836271
21823,0.671645
21824,0.907254
21825,0.533564
21826,0.609208
21827,0.816098
21828,0.820244
21829,0.532736
21830,0.664535
21831,0.982411
21832,0.803458
21833,0.765672
21834,0.653368
21835,0.606663
21836,0.717558
21837,0.705692
21838,0.566674
21839,0.536435
21840,0.950336
21841,0.938371
21842,0.62219
21843,0.752413
21844,0.865527
21845,0.871009
21846,0.94449
21847,0.684428
21848,0.66996
21849,0.949927
21850,0.780042
21851,0.576516
21852,0.836207
21853,0.923281
21854,0.988382
21855,0.488002
21856,0.667859
21857,0.367776
21858,0.919138
21859,0.90501
21860,0.68884
21861,0.893938
21862,0.768973
21863,0.71871
21864,0.602893
21865,0.630278
21866,0.852201
21867,0.781802
21868,0.582212
21869,0.639281
21870,0.592264
21871,0.804696
21872,0.649814
21873,0.597938
21874,0.677076
21875,0.90865
21876,0.853599
21877,0.820885
21878,0.714879
21879,0.772867
21880,0.542391
21881,0.680151
21882,0.695323
21883,0.846068
21884,0.598186
21885,0.623969
21886,0.792204
21887,0.51848
21888,0.764469
21889,0.984114
21890,0.713014
21891,0.877991
21892,0.966737
21893,0.885695
21894,0.836873
21895,0.710207
21896,0.884451
21897,0.752853
21898,0.475936
21899,0.794848
21900,0.397012
21901,0.888811
21902,0.94051
21903,0.943267
21904,0.882123
21905,0.621505
21906,0.690116
21907,0.626429
21908,0.680739
21909,0.91046
21910,0.742843
21911,0.52312
21912,0.970985
21913,0.735282
21914,0.967413
21915,0.42139
21916,0.866946
21917,0.951989
21918,0.974221
21919,0.811516
21920,0.051788
21921,0.612216
21922,0.720386
21923,0.910588
21924,0.81645
21925,0.633649
21926,0.771267
21927,0.721972
21928,0.975713
21929,0.642388
21930,0.780609
21931,0.735372
21932,0.973369
21933,0.308164
21934,0.737071
21935,0.689371
21936,0.885245
21937,0.869825
21938,0.857158
21939,0.632452
21940,0.981735
21941,0.454778
21942,0.905637
21943,0.051991
21944,0.866693
21945,0.963496
21946,0.957186
21947,0.725038
21948,0.673274
21949,0.877614
21950,0.828691
21951,0.815468
21952,0.828181
21953,0.696943
21954,0.854458
21955,0.633973
21956,0.9675
21957,0.887037
21958,0.572391
21959,0.771163
21960,0.662897
21961,0.830224
21962,0.963165
21963,0.76716
21964,0.633028
21965,0.634732
21966,0.592437
21967,0.568554
21968,0.884749
21969,0.828236
21970,0.835868
21971,0.962015
21972,0.769782
21973,0.66512
21974,0.71579
21975,0.907102
21976,0.661731
21977,0.727555
21978,0.951735
21979,0.828865
21980,0.782771
21981,0.973812
21982,0.946003
21983,0.96315
21984,0.848912
21985,0.632564
21986,0.867081
21987,0.746335
21988,0.875811
21989,0.728617
21990,0.777019
21991,0.657599
21992,0.74854
21993,0.707446
21994,0.813445
21995,0.558058
21996,0.908471
21997,0.808719
21998,0.572003
21999,0.81273
22000,0.848517
22001,0.759818
22002,0.370377
22003,0.826721
22004,0.668249
22005,0.833112
22006,0.439833
22007,0.842677
22008,0.838827
22009,0.25256
22010,0.562651
22011,0.852865
22012,0.318994
22013,0.796345
22014,0.625789
22015,0.33531
22016,0.572051
22017,0.921558
22018,0.875733
22019,0.751324
22020,0.925956
22021,0.820119
22022,0.744511
22023,0.645328
22024,0.905099
22025,0.799693
22026,0.954628
22027,0.651114
22028,0.402057
22029,0.905598
22030,0.963157
22031,0.92819
22032,0.700172
22033,0.70543
22034,0.610597
22035,0.498447
22036,0.707633
22037,0.737574
22038,0.7934
22039,0.481231
22040,0.925663
22041,0.820129
22042,0.956128
22043,0.742378
22044,0.905351
22045,0.522632
22046,0.449357
22047,0.842022
22048,0.496125
22049,0.851699
22050,0.920523
22051,0.955389
22052,0.689025
22053,0.859758
22054,0.785421
22055,0.73809
22056,0.874868
22057,0.706872
22058,0.95298
22059,0.924421
22060,0.908517
22061,0.701689
22062,0.869437
22063,0.79534
22064,0.934887
22065,0.694381
22066,0.811309
22067,0.406267
22068,0.591054
22069,0.889762
22070,0.994957
22071,0.80111
22072,0.726854
22073,0.500209
22074,0.951749
22075,0.943706
22076,0.82925
22077,0.407459
22078,0.326419
22079,0.67474
22080,0.891911
22081,0.042554
22082,0.934538
22083,0.671846
22084,0.883028
22085,0.537117
22086,0.780334
22087,0.79927
22088,0.611621
22089,0.778599
22090,0.866233
22091,0.986406
22092,0.804099
22093,0.935283
22094,0.935194
22095,0.937881
22096,0.803313
22097,0.791874
22098,0.929114
22099,0.888618
22100,0.894188
22101,0.198503
22102,0.843604
22103,0.841621
22104,0.981734
22105,0.603789
22106,0.652496
22107,0.685092
22108,0.732974
22109,0.48647
22110,0.96519
22111,0.824563
22112,0.968401
22113,0.5461
22114,0.922996
22115,0.015939
22116,0.67785
22117,0.890742
22118,0.935627
22119,0.666835
22120,0.639841
22121,0.862283
22122,0.790163
22123,0.734485
22124,0.502491
22125,0.572115
22126,0.719448
22127,0.720071
22128,0.887275
22129,0.991341
22130,0.796513
22131,0.732336
22132,0.935566
22133,0.975731
22134,0.644035
22135,0.701097
22136,0.629183
22137,0.048477
22138,0.967598
22139,0.725304
22140,0.800953
22141,0.781498
22142,0.897068
22143,0.551595
22144,0.753187
22145,0.468731
22146,0.959414
22147,0.542967
22148,0.909306
22149,0.839527
22150,0.71784
22151,0.985695
22152,0.704922
22153,0.734533
22154,0.488051
22155,0.676562
22156,0.896814
22157,0.48778
22158,0.972016
22159,0.733866
22160,0.719658
22161,0.179391
22162,0.984221
22163,0.027935
22164,0.966214
22165,0.989962
22166,0.993539
22167,0.822782
22168,0.673947
22169,0.535979
22170,0.672967
22171,0.851223
22172,0.681773
22173,0.542079
22174,0.962565
22175,0.62363
22176,0.821558
22177,0.551733
22178,0.539413
22179,0.801396
22180,0.540058
22181,0.900118
22182,0.773444
22183,0.926112
22184,0.471661
22185,0.839565
22186,0.65541
22187,0.734021
22188,0.905538
22189,0.399515
22190,0.706512
22191,0.387546
22192,0.914624
22193,0.768915
22194,0.929385
22195,0.894672
22196,0.857538
22197,0.990452
22198,0.966146
22199,0.727693
22200,0.70327
22201,0.980602
22202,0.951064
22203,0.443703
22204,0.874957
22205,0.602677
22206,0.982197
22207,0.55608
22208,0.745126
22209,0.948182
22210,0.855672
22211,0.704774
22212,0.762943
22213,0.767061
22214,0.818622
22215,0.668581
22216,0.913236
22217,0.7811
22218,0.75844
22219,0.519743
22220,0.786666
22221,0.766009
22222,0.98101
22223,0.725283
22224,0.904505
22225,0.583768
22226,0.864059
22227,0.959487
22228,0.501861
22229,0.516181
22230,0.815085
22231,0.764544
22232,0.043246
22233,0.029789
22234,0.650432
22235,0.974316
22236,0.269864
22237,0.86871
22238,0.893673
22239,0.678146
22240,0.50814
22241,0.946076
22242,0.863495
22243,0.711505
22244,0.677678
22245,0.51475
22246,0.648231
22247,0.628366
22248,0.768256
22249,0.81599
22250,0.63958
22251,0.778243
22252,0.838325
22253,0.929673
22254,0.397882
22255,0.611505
22256,0.54075
22257,0.095014
22258,0.412418
22259,0.545222
22260,0.758869
22261,0.745768
22262,0.419945
22263,0.834705
22264,0.752729
22265,0.839032
22266,0.254649
22267,0.828944
22268,0.699647
22269,0.994833
22270,0.741762
22271,0.05659
22272,0.745192
22273,0.862691
22274,0.709066
22275,0.972013
22276,0.918031
22277,0.745526
22278,0.837136
22279,0.600719
22280,0.38038
22281,0.482044
22282,0.854789
22283,0.964191
22284,0.635503
22285,0.720756
22286,0.818445
22287,0.867924
22288,0.374667
22289,0.908135
22290,0.637422
22291,0.485314
22292,0.789159
22293,0.857917
22294,0.65883
22295,0.918396
22296,0.901585
22297,0.724057
22298,0.900155
22299,0.695042
22300,0.950173
22301,0.880363
22302,0.537763
22303,0.723861
22304,0.507684
22305,0.597256
22306,0.971937
22307,0.639412
22308,0.711848
22309,0.714078
22310,0.967698
22311,0.414627
22312,0.955102
22313,0.697648
22314,0.757973
22315,0.646038
22316,0.745611
22317,0.66463
22318,0.756925
22319,0.851148
22320,0.613094
22321,0.961158
22322,0.74425
22323,0.817863
22324,0.623813
22325,0.739252
22326,0.488128
22327,0.651288
22328,0.75167
22329,0.864819
22330,0.984329
22331,0.93119
22332,0.821527
22333,0.52508
22334,0.658224
22335,0.971108
22336,0.940647
22337,0.623622
22338,0.908398
22339,0.879237
22340,0.780192
22341,0.93735
22342,0.914898
22343,0.515293
22344,0.895708
22345,0.982558
22346,0.943986
22347,0.946812
22348,0.769019
22349,0.942261
22350,0.626337
22351,0.66809
22352,0.696099
22353,0.76536
22354,0.90176
22355,0.981618
22356,0.816707
22357,0.306238
22358,0.432344
22359,0.701392
22360,0.813857
22361,0.968318
22362,0.815017
22363,0.762615
22364,0.891886
22365,0.053113
22366,0.780695
22367,0.674887
22368,0.847099
22369,0.90464
22370,0.543606
22371,0.594727
22372,0.968589
22373,0.603529
22374,0.660802
22375,0.676183
22376,0.840184
22377,0.444331
22378,0.895413
22379,0.954211
22380,0.910941
22381,0.613035
22382,0.581934
22383,0.810007
22384,0.476323
22385,0.596935
22386,0.808377
22387,0.516031
22388,0.384409
22389,0.860515
22390,0.649055
22391,0.927354
22392,0.92097
22393,0.604277
22394,0.872528
22395,0.906506
22396,0.709726
22397,0.961874
22398,0.677923
22399,0.729656
22400,0.661018
22401,0.78074
22402,0.051756
22403,0.98183
22404,0.851755
22405,0.662484
22406,0.569471
22407,0.808737
22408,0.684315
22409,0.748927
22410,0.778912
22411,0.8992
22412,0.821174
22413,0.682465
22414,0.970128
22415,0.923576
22416,0.965
22417,0.655046
22418,0.893791
22419,0.849543
22420,0.618778
22421,0.517952
22422,0.676563
22423,0.800718
22424,0.901596
22425,0.1309
22426,0.802965
22427,0.555061
22428,0.712188
22429,0.62483
22430,0.911376
22431,0.892978
22432,0.812175
22433,0.931149
22434,0.744639
22435,0.824971
22436,0.832667
22437,0.753678
22438,0.834464
22439,0.326385
22440,0.983214
22441,0.599666
22442,0.851394
22443,0.865623
22444,0.452703
22445,0.559712
22446,0.034825
22447,0.647197
22448,0.662478
22449,0.130149
22450,0.407316
22451,0.769334
22452,0.707269
22453,0.475004
22454,0.570431
22455,0.773987
22456,0.644375
22457,0.685377
22458,0.97764
22459,0.987623
22460,0.57171
22461,0.543174
22462,0.772928
22463,0.68175
22464,0.66273
22465,0.805458
22466,0.762809
22467,0.741337
22468,0.977852
22469,0.869418
22470,0.891898
22471,0.959078
22472,0.411235
22473,0.806482
22474,0.935625
22475,0.802029
22476,0.783499
22477,0.732066
22478,0.647097
22479,0.955025
22480,0.733759
22481,0.86145
22482,0.574618
22483,0.845947
22484,0.651061
22485,0.693728
22486,0.794555
22487,0.735534
22488,0.795714
22489,0.761662
22490,0.31455
22491,0.881152
22492,0.505269
22493,0.682859
22494,0.85214
22495,0.933109
22496,0.695846
22497,0.918771
22498,0.163725
22499,0.614208
22500,0.865435
22501,0.797904
22502,0.966365
22503,0.082563
22504,0.800929
22505,0.841867
22506,0.748895
22507,0.68061
22508,0.548111
22509,0.914634
22510,0.873783
22511,0.578598
22512,0.765259
22513,0.951274
22514,0.661524
22515,0.837385
22516,0.924757
22517,0.893609
22518,0.669782
22519,0.958717
22520,0.472837
22521,0.976017
22522,0.519038
22523,0.641489
22524,0.977881
22525,0.89633
22526,0.954885
22527,0.665327
22528,0.566738
22529,0.648498
22530,0.797216
22531,0.869363
22532,0.68374
22533,0.934412
22534,0.889872
22535,0.780602
22536,0.890186
22537,0.758951
22538,0.742324
22539,0.897343
22540,0.842192
22541,0.782628
22542,0.744333
22543,0.88736
22544,0.647938
22545,0.499328
22546,0.968735
22547,0.766073
22548,0.613746
22549,0.904363
22550,0.93645
22551,0.543592
22552,0.685722
22553,0.689633
22554,0.980033
22555,0.664332
22556,0.917983
22557,0.869326
22558,0.748948
22559,0.52229
22560,0.819703
22561,0.616515
22562,0.942496
22563,0.343573
22564,0.884887
22565,0.182217
22566,0.815134
22567,0.786734
22568,0.982993
22569,0.671693
22570,0.691834
22571,0.831798
22572,0.738592
22573,0.02399
22574,0.630437
22575,0.731726
22576,0.042727
22577,0.677185
22578,0.950657
22579,0.718499
22580,0.819212
22581,0.80589
22582,0.478596
22583,0.965702
22584,0.444497
22585,0.841008
22586,0.954149
22587,0.6406
22588,0.988453
22589,0.555723
22590,0.788721
22591,0.959365
22592,0.791745
22593,0.934853
22594,0.827153
22595,0.979124
22596,0.888671
22597,0.777092
22598,0.580537
22599,0.823003
22600,0.83186
22601,0.458283
22602,0.739714
22603,0.633963
22604,0.981169
22605,0.825136
22606,0.817802
22607,0.918697
22608,0.558357
22609,0.729763
22610,0.475352
22611,0.861844
22612,0.942564
22613,0.113074
22614,0.870172
22615,0.196751
22616,0.580735
22617,0.979815
22618,0.489985
22619,0.591854
22620,0.457442
22621,0.66839
22622,0.652646
22623,0.832273
22624,0.755662
22625,0.738927
22626,0.747035
22627,0.974352
22628,0.857853
22629,0.694492
22630,0.785168
22631,0.924616
22632,0.0606
22633,0.888187
22634,0.954727
22635,0.966854
22636,0.190399
22637,0.922927
22638,0.563221
22639,0.625428
22640,0.732135
22641,0.531784
22642,0.756835
22643,0.79749
22644,0.928703
22645,0.981765
22646,0.022221
22647,0.835538
22648,0.794568
22649,0.417968
22650,0.468558
22651,0.698976
22652,0.804733
22653,0.741984
22654,0.937816
22655,0.708447
22656,0.651877
22657,0.811114
22658,0.809418
22659,0.702942
22660,0.388199
22661,0.6808
22662,0.320518
22663,0.864143
22664,0.524867
22665,0.944224
22666,0.535639
22667,0.370798
22668,0.883182
22669,0.708698
22670,0.63485
22671,0.764589
22672,0.735483
22673,0.86813
22674,0.809744
22675,0.791609
22676,0.783263
22677,0.948321
22678,0.80471
22679,0.9854
22680,0.793734
22681,0.864182
22682,0.073113
22683,0.686934
22684,0.67662
22685,0.822824
22686,0.65664
22687,0.617755
22688,0.630022
22689,0.981842
22690,0.450855
22691,0.653146
22692,0.738643
22693,0.99294
22694,0.780773
22695,0.86022
22696,0.048174
22697,0.033805
22698,0.702679
22699,0.819746
22700,0.937557
22701,0.742691
22702,0.323936
22703,0.910193
22704,0.456146
22705,0.06454
22706,0.949922
22707,0.307898
22708,0.441014
22709,0.742433
22710,0.975119
22711,0.575306
22712,0.607849
22713,0.916025
22714,0.92057
22715,0.049857
22716,0.694432
22717,0.749132
22718,0.033887
22719,0.635972
22720,0.964486
22721,0.672961
22722,0.626946
22723,0.937041
22724,0.894013
22725,0.418032
22726,0.899655
22727,0.739701
22728,0.723945
22729,0.91993
22730,0.795868
22731,0.702426
22732,0.751266
22733,0.605999
22734,0.394652
22735,0.550664
22736,0.524048
22737,0.645974
22738,0.749324
22739,0.944184
22740,0.716819
22741,0.522813
22742,0.82674
22743,0.649053
22744,0.857532
22745,0.725662
22746,0.824533
22747,0.667738
22748,0.780585
22749,0.782795
22750,0.777298
22751,0.709579
22752,0.4306
22753,0.971757
22754,0.885097
22755,0.951736
22756,0.63689
22757,0.605488
22758,0.928965
22759,0.961936
22760,0.605646
22761,0.784529
22762,0.822169
22763,0.413081
22764,0.583144
22765,0.648945
22766,0.835953
22767,0.752224
22768,0.973837
22769,0.815283
22770,0.672772
22771,0.73341
22772,0.591146
22773,0.723399
22774,0.871481
22775,0.536957
22776,0.852851
22777,0.948213
22778,0.45143
22779,0.954562
22780,0.928928
22781,0.867494
22782,0.6911
22783,0.893491
22784,0.710948
22785,0.64525
22786,0.885587
22787,0.488315
22788,0.972833
22789,0.147382
22790,0.873156
22791,0.383374
22792,0.829096
22793,0.891934
22794,0.476411
22795,0.905941
22796,0.502228
22797,0.443727
22798,0.045737
22799,0.684182
22800,0.928303
22801,0.907986
22802,0.843139
22803,0.723161
22804,0.496428
22805,0.613608
22806,0.906601
22807,0.494826
22808,0.976015
22809,0.896873
22810,0.978943
22811,0.873671
22812,0.459582
22813,0.452585
22814,0.630149
22815,0.085568
22816,0.636558
22817,0.5628
22818,0.885611
22819,0.590784
22820,0.83543
22821,0.832518
22822,0.950641
22823,0.810184
22824,0.699632
22825,0.796969
22826,0.741341
22827,0.82328
22828,0.92528
22829,0.853981
22830,0.546356
22831,0.993457
22832,0.699461
22833,0.552091
22834,0.538983
22835,0.074123
22836,0.029013
22837,0.667102
22838,0.653277
22839,0.765414
22840,0.772953
22841,0.988582
22842,0.468015
22843,0.942078
22844,0.734948
22845,0.836441
22846,0.964569
22847,0.67066
22848,0.826692
22849,0.914658
22850,0.881204
22851,0.819835
22852,0.834907
22853,0.978716
22854,0.512817
22855,0.806627
22856,0.654333
22857,0.299124
22858,0.573402
22859,0.887544
22860,0.927479
22861,0.909596
22862,0.674941
22863,0.647795
22864,0.946578
22865,0.886365
22866,0.68891
22867,0.805342
22868,0.924989
22869,0.924109
22870,0.215116
22871,0.799006
22872,0.573236
22873,0.708393
22874,0.516352
22875,0.423665
22876,0.919698
22877,0.246475
22878,0.781074
22879,0.958524
22880,0.867676
22881,0.467438
22882,0.953658
22883,0.690288
22884,0.445625
22885,0.910898
22886,0.590143
22887,0.336948
22888,0.764068
22889,0.533474
22890,0.938677
22891,0.949049
22892,0.739929
22893,0.357959
22894,0.766059
22895,0.646489
22896,0.930299
22897,0.879094
22898,0.690099
22899,0.947515
22900,0.746738
22901,0.890361
22902,0.873471
22903,0.773299
22904,0.799077
22905,0.56294
22906,0.761612
22907,0.674357
22908,0.702196
22909,0.238226
22910,0.847456
22911,0.692535
22912,0.554512
22913,0.766227
22914,0.708106
22915,0.673163
22916,0.799131
22917,0.480467
22918,0.596956
22919,0.7782
22920,0.805002
22921,0.799292
22922,0.80879
22923,0.883399
22924,0.548269
22925,0.806564
22926,0.499009
22927,0.795114
22928,0.817098
22929,0.214274
22930,0.686166
22931,0.938096
22932,0.215801
22933,0.539082
22934,0.564743
22935,0.705994
22936,0.84932
22937,0.814968
22938,0.782462
22939,0.830504
22940,0.726638
22941,0.849527
22942,0.815638
22943,0.496591
22944,0.682204
22945,0.404194
22946,0.69947
22947,0.785787
22948,0.613867
22949,0.820533
22950,0.701897
22951,0.75666
22952,0.863362
22953,0.854779
22954,0.490754
22955,0.74832
22956,0.897303
22957,0.485713
22958,0.386435
22959,0.631562
22960,0.525426
22961,0.430279
22962,0.704565
22963,0.79149
22964,0.826582
22965,0.91947
22966,0.74925
22967,0.573425
22968,0.569097
22969,0.614314
22970,0.74442
22971,0.846878
22972,0.865245
22973,0.949951
22974,0.969624
22975,0.893498
22976,0.992026
22977,0.042188
22978,0.815877
22979,0.53927
22980,0.945903
22981,0.956847
22982,0.986414
22983,0.975913
22984,0.668565
22985,0.895618
22986,0.07142
22987,0.746257
22988,0.130725
22989,0.934005
22990,0.92552
22991,0.847942
22992,0.584258
22993,0.876145
22994,0.970851
22995,0.768803
22996,0.826617
22997,0.878581
22998,0.815001
22999,0.640787
23000,0.427891
23001,0.70485
23002,0.609842
23003,0.74465
23004,0.818834
23005,0.354872
23006,0.676852
23007,0.670512
23008,0.622794
23009,0.496108
23010,0.729695
23011,0.61155
23012,0.356199
23013,0.660533
23014,0.920787
23015,0.782337
23016,0.689683
23017,0.968119
23018,0.707898
23019,0.710016
23020,0.842763
23021,0.940018
23022,0.849989
23023,0.952111
23024,0.673615
23025,0.849213
23026,0.961139
23027,0.771541
23028,0.878092
23029,0.680424
23030,0.801885
23031,0.973281
23032,0.697933
23033,0.828573
23034,0.865266
23035,0.569068
23036,0.926068
23037,0.40945
23038,0.917631
23039,0.046293
23040,0.866817
23041,0.107252
23042,0.034715
23043,0.828643
23044,0.727211
23045,0.959248
23046,0.906892
23047,0.654621
23048,0.911363
23049,0.600891
23050,0.666384
23051,0.571837
23052,0.936532
23053,0.722266
23054,0.720072
23055,0.791997
23056,0.887081
23057,0.727938
23058,0.981097
23059,0.620316
23060,0.908534
23061,0.847271
23062,0.879728
23063,0.720535
23064,0.818391
23065,0.857713
23066,0.455734
23067,0.918022
23068,0.719506
23069,0.694245
23070,0.707774
23071,0.652024
23072,0.432029
23073,0.804529
23074,0.399402
23075,0.07685
23076,0.835369
23077,0.736235
23078,0.813623
23079,0.878863
23080,0.653893
23081,0.496745
23082,0.970737
23083,0.85363
23084,0.496541
23085,0.68826
23086,0.329442
23087,0.831533
23088,0.655069
23089,0.70309
23090,0.722987
23091,0.931308
23092,0.164627
23093,0.408294
23094,0.881802
23095,0.645573
23096,0.851063
23097,0.909334
23098,0.80976
23099,0.73457
23100,0.963883
23101,0.125905
23102,0.309711
23103,0.783548
23104,0.926935
23105,0.839501
23106,0.680836
23107,0.910813
23108,0.621432
23109,0.764792
23110,0.786495
23111,0.530541
23112,0.914049
23113,0.512782
23114,0.81682
23115,0.770317
23116,0.73422
23117,0.622111
23118,0.20029
23119,0.725825
23120,0.609006
23121,0.406863
23122,0.604436
23123,0.612413
23124,0.845783
23125,0.915661
23126,0.749435
23127,0.751162
23128,0.683012
23129,0.633589
23130,0.796697
23131,0.938516
23132,0.935167
23133,0.68735
23134,0.983183
23135,0.78249
23136,0.692775
23137,0.402651
23138,0.544205
23139,0.978317
23140,0.892338
23141,0.856645
23142,0.783476
23143,0.428934
23144,0.850634
23145,0.666584
23146,0.676132
23147,0.658247
23148,0.65028
23149,0.473038
23150,0.483309
23151,0.877908
23152,0.754256
23153,0.952774
23154,0.831141
23155,0.047435
23156,0.712492
23157,0.924841
23158,0.635468
23159,0.613704
23160,0.904508
23161,0.778149
23162,0.984047
23163,0.24231
23164,0.816568
23165,0.692397
23166,0.882377
23167,0.97234
23168,0.913507
23169,0.636672
23170,0.522049
23171,0.740854
23172,0.93869
23173,0.911441
23174,0.933664
23175,0.715284
23176,0.608229
23177,0.908027
23178,0.668516
23179,0.739422
23180,0.573127
23181,0.781834
23182,0.928339
23183,0.423527
23184,0.408611
23185,0.343852
23186,0.770343
23187,0.68636
23188,0.88663
23189,0.52428
23190,0.957423
23191,0.572889
23192,0.074577
23193,0.3971
23194,0.481052
23195,0.695103
23196,0.766498
23197,0.990724
23198,0.720327
23199,0.714523
23200,0.435298
23201,0.853246
23202,0.579982
23203,0.916778
23204,0.674404
23205,0.420543
23206,0.472004
23207,0.775239
23208,0.182701
23209,0.806739
23210,0.583404
23211,0.107543
23212,0.826329
23213,0.586874
23214,0.83911
23215,0.918957
23216,0.878431
23217,0.60534
23218,0.814889
23219,0.563554
23220,0.728963
23221,0.873233
23222,0.961609
23223,0.896877
23224,0.739048
23225,0.856342
23226,0.833632
23227,0.904609
23228,0.925667
23229,0.557785
23230,0.427534
23231,0.717585
23232,0.911256
23233,0.940656
23234,0.842022
23235,0.146389
23236,0.878491
23237,0.57296
23238,0.603933
23239,0.710636
23240,0.950766
23241,0.854112
23242,0.91655
23243,0.48314
23244,0.751323
23245,0.408125
23246,0.677251
23247,0.667351
23248,0.707427
23249,0.585585
23250,0.816272
23251,0.793319
23252,0.807939
23253,0.827134
23254,0.875891
23255,0.819028
23256,0.899969
23257,0.827475
23258,0.9443
23259,0.738297
23260,0.63324
23261,0.986054
23262,0.58516
23263,0.745104
23264,0.885994
23265,0.929379
23266,0.903804
23267,0.652728
23268,0.824368
23269,0.98235
23270,0.787083
23271,0.481837
23272,0.760823
23273,0.85343
23274,0.358296
23275,0.811667
23276,0.567205
23277,0.371067
23278,0.513358
23279,0.752171
23280,0.052356
23281,0.546867
23282,0.82308
23283,0.611313
23284,0.911477
23285,0.829491
23286,0.911362
23287,0.412694
23288,0.964614
23289,0.383634
23290,0.522099
23291,0.84986
23292,0.939799
23293,0.794856
23294,0.863701
23295,0.636792
23296,0.790687
23297,0.946285
23298,0.557901
23299,0.542582
23300,0.608123
23301,0.76337
23302,0.743368
23303,0.714979
23304,0.918167
23305,0.855321
23306,0.561866
23307,0.865194
23308,0.473443
23309,0.94009
23310,0.988902
23311,0.707013
23312,0.702101
23313,0.944826
23314,0.53818
23315,0.932194
23316,0.687243
23317,0.823544
23318,0.734498
23319,0.598202
23320,0.732474
23321,0.840106
23322,0.811
23323,0.743668
23324,0.35361
23325,0.698522
23326,0.606385
23327,0.868863
23328,0.743769
23329,0.972248
23330,0.545217
23331,0.882878
23332,0.685588
23333,0.662284
23334,0.856844
23335,0.715658
23336,0.86754
23337,0.483859
23338,0.667141
23339,0.720236
23340,0.575868
23341,0.648711
23342,0.350918
23343,0.973224
23344,0.963202
23345,0.156551
23346,0.490928
23347,0.484221
23348,0.991972
23349,0.728894
23350,0.682416
23351,0.64628
23352,0.569784
23353,0.912666
23354,0.726296
23355,0.52378
23356,0.990219
23357,0.61948
23358,0.941774
23359,0.73833
23360,0.762931
23361,0.949555
23362,0.909421
23363,0.989797
23364,0.622125
23365,0.612772
23366,0.429432
23367,0.949225
23368,0.854119
23369,0.605904
23370,0.731886
23371,0.550431
23372,0.417048
23373,0.685217
23374,0.770989
23375,0.935757
23376,0.788544
23377,0.719014
23378,0.852865
23379,0.258605
23380,0.663144
23381,0.83303
23382,0.332596
23383,0.078045
23384,0.811558
23385,0.826794
23386,0.642295
23387,0.885647
23388,0.981744
23389,0.863585
23390,0.723169
23391,0.909946
23392,0.46527
23393,0.843002
23394,0.766831
23395,0.848696
23396,0.580704
23397,0.822873
23398,0.634393
23399,0.947259
23400,0.765147
23401,0.501603
23402,0.481705
23403,0.634835
23404,0.064463
23405,0.900393
23406,0.850037
23407,0.666477
23408,0.848644
23409,0.670536
23410,0.87021
23411,0.966836
23412,0.73566
23413,0.963928
23414,0.335038
23415,0.500887
23416,0.843672
23417,0.734915
23418,0.38422
23419,0.878589
23420,0.511883
23421,0.885315
23422,0.849647
23423,0.424763
23424,0.459037
23425,0.684046
23426,0.87904
23427,0.845379
23428,0.809853
23429,0.928857
23430,0.928964
23431,0.552821
23432,0.198
23433,0.870707
23434,0.933252
23435,0.901622
23436,0.660222
23437,0.800475
23438,0.820905
23439,0.867807
23440,0.623041
23441,0.988426
23442,0.954029
23443,0.801083
23444,0.826992
23445,0.936962
23446,0.517481
23447,0.703774
23448,0.918886
23449,0.391359
23450,0.537445
23451,0.709635
23452,0.851538
23453,0.43538
23454,0.632126
23455,0.94999
23456,0.856059
23457,0.95863
23458,0.878996
23459,0.53314
23460,0.832059
23461,0.936214
23462,0.922539
23463,0.910137
23464,0.935152
23465,0.880168
23466,0.792209
23467,0.607166
23468,0.749915
23469,0.675898
23470,0.868293
23471,0.624384
23472,0.779209
23473,0.729356
23474,0.453939
23475,0.855565
23476,0.873905
23477,0.345675
23478,0.817836
23479,0.34463
23480,0.796845
23481,0.695738
23482,0.642765
23483,0.818305
23484,0.838696
23485,0.983635
23486,0.915991
23487,0.630576
23488,0.953462
23489,0.57681
23490,0.771555
23491,0.784564
23492,0.788078
23493,0.62149
23494,0.957698
23495,0.766809
23496,0.42469
23497,0.677773
23498,0.823284
23499,0.800705
23500,0.954106
23501,0.791069
23502,0.519505
23503,0.598228
23504,0.543807
23505,0.62522
23506,0.789606
23507,0.965038
23508,0.57467
23509,0.982862
23510,0.773958
23511,0.811045
23512,0.854771
23513,0.956747
23514,0.756777
23515,0.565274
23516,0.817625
23517,0.6498
23518,0.82725
23519,0.643868
23520,0.757831
23521,0.921769
23522,0.535866
23523,0.636354
23524,0.877877
23525,0.675458
23526,0.718504
23527,0.273235
23528,0.938219
23529,0.696916
23530,0.987507
23531,0.669585
23532,0.925492
23533,0.873667
23534,0.840346
23535,0.726901
23536,0.768162
23537,0.609009
23538,0.782754
23539,0.369801
23540,0.81024
23541,0.709543
23542,0.813772
23543,0.496866
23544,0.939125
23545,0.836511
23546,0.891834
23547,0.426218
23548,0.692902
23549,0.930241
23550,0.694723
23551,0.771577
23552,0.820985
23553,0.945445
23554,0.221653
23555,0.374799
23556,0.820336
23557,0.506851
23558,0.832835
23559,0.7988
23560,0.831272
23561,0.745467
23562,0.950881
23563,0.787882
23564,0.875017
23565,0.943564
23566,0.973745
23567,0.783488
23568,0.648072
23569,0.962008
23570,0.849926
23571,0.734078
23572,0.870695
23573,0.787611
23574,0.813929
23575,0.877092
23576,0.620313
23577,0.566922
23578,0.615562
23579,0.660557
23580,0.730397
23581,0.975001
23582,0.737201
23583,0.94541
23584,0.524112
23585,0.431117
23586,0.593705
23587,0.416507
23588,0.739899
23589,0.321504
23590,0.836723
23591,0.816226
23592,0.73191
23593,0.54721
23594,0.848979
23595,0.354245
23596,0.450489
23597,0.910758
23598,0.816328
23599,0.761109
23600,0.893339
23601,0.768382
23602,0.764687
23603,0.811799
23604,0.676885
23605,0.792697
23606,0.693378
23607,0.044412
23608,0.970534
23609,0.668272
23610,0.96685
23611,0.806208
23612,0.911036
23613,0.862581
23614,0.625516
23615,0.750592
23616,0.66238
23617,0.908724
23618,0.641419
23619,0.789068
23620,0.545514
23621,0.417985
23622,0.875449
23623,0.738897
23624,0.725025
23625,0.821175
23626,0.935242
23627,0.96692
23628,0.891257
23629,0.354105
23630,0.625582
23631,0.758799
23632,0.675735
23633,0.822579
23634,0.965747
23635,0.696713
23636,0.433244
23637,0.230991
23638,0.699095
23639,0.936956
23640,0.564642
23641,0.957653
23642,0.92065
23643,0.755007
23644,0.654236
23645,0.743372
23646,0.787013
23647,0.804112
23648,0.631902
23649,0.599571
23650,0.809046
23651,0.810209
23652,0.880463
23653,0.951876
23654,0.760137
23655,0.555899
23656,0.861092
23657,0.541665
23658,0.777298
23659,0.441103
23660,0.521966
23661,0.696083
23662,0.833227
23663,0.549628
23664,0.923551
23665,0.978986
23666,0.67326
23667,0.563675
23668,0.558754
23669,0.993474
23670,0.637809
23671,0.724342
23672,0.959286
23673,0.652281
23674,0.700735
23675,0.509691
23676,0.926939
23677,0.066591
23678,0.624853
23679,0.48687
23680,0.894755
23681,0.688862
23682,0.592592
23683,0.634579
23684,0.972277
23685,0.665702
23686,0.830973
23687,0.479148
23688,0.970202
23689,0.24062
23690,0.928856
23691,0.628908
23692,0.618037
23693,0.688003
23694,0.692786
23695,0.8397
23696,0.700037
23697,0.667578
23698,0.430735
23699,0.965032
23700,0.679502
23701,0.963914
23702,0.898989
23703,0.872147
23704,0.896302
23705,0.512394
23706,0.709626
23707,0.836415
23708,0.030196
23709,0.420535
23710,0.529095
23711,0.982123
23712,0.765205
23713,0.744668
23714,0.936702
23715,0.691434
23716,0.730279
23717,0.624259
23718,0.794063
23719,0.480974
23720,0.832817
23721,0.986205
23722,0.706938
23723,0.78452
23724,0.973877
23725,0.914205
23726,0.588056
23727,0.937564
23728,0.389472
23729,0.625868
23730,0.488579
23731,0.635785
23732,0.604172
23733,0.458452
23734,0.837275
23735,0.390651
23736,0.698924
23737,0.68103
23738,0.032669
23739,0.97202
23740,0.904105
23741,0.076671
23742,0.807278
23743,0.664676
23744,0.734251
23745,0.658156
23746,0.736486
23747,0.576797
23748,0.653085
23749,0.945724
23750,0.49667
23751,0.760648
23752,0.860433
23753,0.908822
23754,0.84423
23755,0.636707
23756,0.970771
23757,0.617211
23758,0.542319
23759,0.987955
23760,0.983711
23761,0.147352
23762,0.878943
23763,0.854096
23764,0.802848
23765,0.988473
23766,0.745615
23767,0.592799
23768,0.517572
23769,0.467405
23770,0.681247
23771,0.063411
23772,0.777913
23773,0.946065
23774,0.56
23775,0.972648
23776,0.784154
23777,0.718684
23778,0.60582
23779,0.963288
23780,0.626156
23781,0.484648
23782,0.790886
23783,0.980916
23784,0.583105
23785,0.651538
23786,0.759031
23787,0.77668
23788,0.640332
23789,0.880599
23790,0.976062
23791,0.426489
23792,0.09009
23793,0.348079
23794,0.709833
23795,0.647837
23796,0.549232
23797,0.383798
23798,0.041604
23799,0.641528
23800,0.87399
23801,0.91547
23802,0.583891
23803,0.844819
23804,0.667692
23805,0.874263
23806,0.838102
23807,0.864815
23808,0.814181
23809,0.948963
23810,0.59144
23811,0.937922
23812,0.50643
23813,0.856361
23814,0.872573
23815,0.759509
23816,0.612232
23817,0.795626
23818,0.99026
23819,0.942142
23820,0.705254
23821,0.687009
23822,0.521252
23823,0.769255
23824,0.490432
23825,0.922234
23826,0.868641
23827,0.878633
23828,0.789798
23829,0.841279
23830,0.876932
23831,0.724971
23832,0.509513
23833,0.616812
23834,0.405901
23835,0.950972
23836,0.607399
23837,0.833886
23838,0.084433
23839,0.792774
23840,0.893916
23841,0.715222
23842,0.916004
23843,0.932033
23844,0.976201
23845,0.873078
23846,0.914008
23847,0.96633
23848,0.537061
23849,0.860092
23850,0.777163
23851,0.37502
23852,0.93381
23853,0.81404
23854,0.645094
23855,0.837922
23856,0.933043
23857,0.764243
23858,0.726334
23859,0.800022
23860,0.963062
23861,0.607274
23862,0.792552
23863,0.710386
23864,0.731147
23865,0.933475
23866,0.522694
23867,0.649488
23868,0.975996
23869,0.411859
23870,0.528893
23871,0.614272
23872,0.940676
23873,0.296882
23874,0.806852
23875,0.950092
23876,0.548637
23877,0.535768
23878,0.81936
23879,0.974984
23880,0.968044
23881,0.929373
23882,0.226455
23883,0.509788
23884,0.794032
23885,0.620885
23886,0.673681
23887,0.953046
23888,0.904775
23889,0.600039
23890,0.802206
23891,0.751985
23892,0.670701
23893,0.722302
23894,0.433637
23895,0.782048
23896,0.711841
23897,0.871598
23898,0.735763
23899,0.964825
23900,0.929274
23901,0.967868
23902,0.905611
23903,0.79535
23904,0.837279
23905,0.927734
23906,0.054264
23907,0.725042
23908,0.636152
23909,0.359489
23910,0.475813
23911,0.737669
23912,0.382786
23913,0.549381
23914,0.566229
23915,0.730791
23916,0.898373
23917,0.756255
23918,0.816451
23919,0.388933
23920,0.648551
23921,0.968696
23922,0.75755
23923,0.181271
23924,0.939184
23925,0.635684
23926,0.76475
23927,0.601353
23928,0.649774
23929,0.716277
23930,0.986718
23931,0.820859
23932,0.456032
23933,0.571896
23934,0.847359
23935,0.20134
23936,0.972882
23937,0.850009
23938,0.611205
23939,0.518196
23940,0.050717
23941,0.77947
23942,0.768383
23943,0.683563
23944,0.602728
23945,0.988172
23946,0.625284
23947,0.962465
23948,0.541584
23949,0.90894
23950,0.708602
23951,0.548763
23952,0.924616
23953,0.302402
23954,0.776772
23955,0.984639
23956,0.470581
23957,0.791256
23958,0.899347
23959,0.735377
23960,0.953225
23961,0.761881
23962,0.558524
23963,0.669677
23964,0.552679
23965,0.74335
23966,0.950319
23967,0.907425
23968,0.341475
23969,0.396987
23970,0.674133
23971,0.787763
23972,0.958349
23973,0.683639
23974,0.844541
23975,0.642343
23976,0.51682
23977,0.734742
23978,0.893801
23979,0.955828
23980,0.806382
23981,0.964109
23982,0.738638
23983,0.603
23984,0.673408
23985,0.493979
23986,0.51067
23987,0.82628
23988,0.720365
23989,0.03776
23990,0.782226
23991,0.800471
23992,0.754833
23993,0.903825
23994,0.683496
23995,0.818929
23996,0.978635
23997,0.860969
23998,0.802557
23999,0.75979
24000,0.560436
24001,0.741877
24002,0.766478
24003,0.784302
24004,0.870086
24005,0.411543
24006,0.957941
24007,0.706281
24008,0.900469
24009,0.732761
24010,0.773116
24011,0.566649
24012,0.683392
24013,0.480907
24014,0.904116
24015,0.969412
24016,0.054344
24017,0.733715
24018,0.029033
24019,0.244149
24020,0.809966
24021,0.476304
24022,0.869993
24023,0.851166
24024,0.938135
24025,0.525099
24026,0.681372
24027,0.975684
24028,0.620331
24029,0.477552
24030,0.642728
24031,0.91474
24032,0.092468
24033,0.49716
24034,0.26456
24035,0.856454
24036,0.613945
24037,0.496557
24038,0.554312
24039,0.744918
24040,0.232427
24041,0.732256
24042,0.595053
24043,0.933285
24044,0.834272
24045,0.811093
24046,0.9282
24047,0.80645
24048,0.878658
24049,0.620593
24050,0.880465
24051,0.685332
24052,0.873419
24053,0.914553
24054,0.436611
24055,0.73407
24056,0.968133
24057,0.98249
24058,0.49507
24059,0.968729
24060,0.906092
24061,0.79158
24062,0.845348
24063,0.969006
24064,0.394636
24065,0.50614
24066,0.586136
24067,0.806139
24068,0.547613
24069,0.55614
24070,0.589391
24071,0.742754
24072,0.863926
24073,0.92974
24074,0.954554
24075,0.879037
24076,0.93618
24077,0.49596
24078,0.588875
24079,0.834411
24080,0.879229
24081,0.850051
24082,0.757248
24083,0.374102
24084,0.889585
24085,0.165434
24086,0.444518
24087,0.402236
24088,0.729074
24089,0.985608
24090,0.59647
24091,0.467299
24092,0.586994
24093,0.821928
24094,0.453337
24095,0.955894
24096,0.699448
24097,0.747183
24098,0.533031
24099,0.762061
24100,0.701484
24101,0.835419
24102,0.56752
24103,0.748129
24104,0.745627
24105,0.757366
24106,0.650162
24107,0.945222
24108,0.986348
24109,0.741843
24110,0.528377
24111,0.635574
24112,0.976485
24113,0.806115
24114,0.816789
24115,0.81366
24116,0.596279
24117,0.830075
24118,0.649011
24119,0.742297
24120,0.485488
24121,0.589256
24122,0.577423
24123,0.949808
24124,0.606562
24125,0.690815
24126,0.706404
24127,0.875973
24128,0.632893
24129,0.933415
24130,0.889747
24131,0.647007
24132,0.734494
24133,0.53163
24134,0.720523
24135,0.724649
24136,0.55365
24137,0.629899
24138,0.407982
24139,0.786905
24140,0.681639
24141,0.721323
24142,0.974559
24143,0.965521
24144,0.700301
24145,0.927488
24146,0.963911
24147,0.882001
24148,0.909573
24149,0.891365
24150,0.774048
24151,0.575199
24152,0.849663
24153,0.936991
24154,0.98776
24155,0.784675
24156,0.735205
24157,0.826413
24158,0.775131
24159,0.893784
24160,0.825118
24161,0.94569
24162,0.417498
24163,0.651472
24164,0.644152
24165,0.965255
24166,0.077817
24167,0.802357
24168,0.696846
24169,0.955553
24170,0.825967
24171,0.964521
24172,0.864138
24173,0.895163
24174,0.756464
24175,0.884783
24176,0.964872
24177,0.989263
24178,0.854534
24179,0.401328
24180,0.725396
24181,0.890232
24182,0.712298
24183,0.609586
24184,0.537019
24185,0.640749
24186,0.822348
24187,0.915693
24188,0.650522
24189,0.723221
24190,0.783932
24191,0.608676
24192,0.85017
24193,0.937504
24194,0.624887
24195,0.70294
24196,0.618243
24197,0.770695
24198,0.947987
24199,0.731929
24200,0.628979
24201,0.722155
24202,0.949658
24203,0.986985
24204,0.622125
24205,0.793583
24206,0.570227
24207,0.6793
24208,0.552364
24209,0.796168
24210,0.686794
24211,0.974591
24212,0.862529
24213,0.339738
24214,0.643168
24215,0.973413
24216,0.645197
24217,0.734304
24218,0.680739
24219,0.78845
24220,0.862548
24221,0.554954
24222,0.571089
24223,0.719214
24224,0.612857
24225,0.981265
24226,0.853564
24227,0.777852
24228,0.639397
24229,0.893158
24230,0.932336
24231,0.741285
24232,0.816882
24233,0.906414
24234,0.563388
24235,0.759533
24236,0.899925
24237,0.778809
24238,0.488797
24239,0.800121
24240,0.434711
24241,0.642709
24242,0.779193
24243,0.973621
24244,0.04838
24245,0.771718
24246,0.972654
24247,0.899695
24248,0.517837
24249,0.979931
24250,0.633895
24251,0.83174
24252,0.879802
24253,0.516414
24254,0.964996
24255,0.681947
24256,0.651736
24257,0.539061
24258,0.878386
24259,0.731456
24260,0.573947
24261,0.626006
24262,0.760567
24263,0.941395
24264,0.722524
24265,0.700396
24266,0.518614
24267,0.6418
24268,0.92384
24269,0.556453
24270,0.952879
24271,0.926538
24272,0.766802
24273,0.740745
24274,0.624761
24275,0.537533
24276,0.538296
24277,0.900664
24278,0.980217
24279,0.90968
24280,0.699591
24281,0.950677
24282,0.965983
24283,0.969469
24284,0.719297
24285,0.73916
24286,0.83833
24287,0.811911
24288,0.819244
24289,0.606582
24290,0.709619
24291,0.582808
24292,0.927407
24293,0.656531
24294,0.794138
24295,0.595903
24296,0.785928
24297,0.771541
24298,0.912403
24299,0.849448
24300,0.854873
24301,0.762493
24302,0.556372
24303,0.308698
24304,0.426177
24305,0.660264
24306,0.929577
24307,0.742991
24308,0.59044
24309,0.058557
24310,0.960298
24311,0.089492
24312,0.934024
24313,0.809174
24314,0.762089
24315,0.649099
24316,0.624244
24317,0.97315
24318,0.605042
24319,0.141587
24320,0.410277
24321,0.500332
24322,0.573368
24323,0.86302
24324,0.883221
24325,0.560966
24326,0.095306
24327,0.69538
24328,0.776391
24329,0.765336
24330,0.758364
24331,0.854207
24332,0.886624
24333,0.265422
24334,0.385673
24335,0.774227
24336,0.639257
24337,0.834436
24338,0.643318
24339,0.898049
24340,0.978767
24341,0.578141
24342,0.712737
24343,0.435737
24344,0.661698
24345,0.36045
24346,0.376956
24347,0.626613
24348,0.547209
24349,0.68239
24350,0.68622
24351,0.589407
24352,0.679555
24353,0.855698
24354,0.591729
24355,0.542027
24356,0.972717
24357,0.927571
24358,0.847524
24359,0.038988
24360,0.976974
24361,0.868432
24362,0.761997
24363,0.635753
24364,0.606179
24365,0.554713
24366,0.564674
24367,0.466252
24368,0.776928
24369,0.659432
24370,0.761916
24371,0.83725
24372,0.598157
24373,0.944138
24374,0.772698
24375,0.333516
24376,0.503656
24377,0.690447
24378,0.974075
24379,0.71362
24380,0.93586
24381,0.746032
24382,0.522813
24383,0.545993
24384,0.875073
24385,0.889806
24386,0.482283
24387,0.774923
24388,0.552915
24389,0.642744
24390,0.698469
24391,0.485888
24392,0.95232
24393,0.632895
24394,0.866616
24395,0.927638
24396,0.954567
24397,0.878308
24398,0.868619
24399,0.879838
24400,0.638456
24401,0.462894
24402,0.531491
24403,0.483759
24404,0.7407
24405,0.858896
24406,0.206883
24407,0.935391
24408,0.583335
24409,0.876207
24410,0.640464
24411,0.925784
24412,0.803876
24413,0.647548
24414,0.928567
24415,0.882758
24416,0.541008
24417,0.907964
24418,0.560909
24419,0.756463
24420,0.69465
24421,0.680912
24422,0.704645
24423,0.475
24424,0.623195
24425,0.763321
24426,0.857842
24427,0.949833
24428,0.872737
24429,0.736188
24430,0.727166
24431,0.901104
24432,0.973967
24433,0.862254
24434,0.777062
24435,0.584642
24436,0.84409
24437,0.813412
24438,0.558439
24439,0.843452
24440,0.863598
24441,0.54292
24442,0.937303
24443,0.370337
24444,0.991863
24445,0.986745
24446,0.636895
24447,0.769314
24448,0.976588
24449,0.863059
24450,0.472015
24451,0.646291
24452,0.7787
24453,0.86284
24454,0.878644
24455,0.949843
24456,0.52037
24457,0.853044
24458,0.392711
24459,0.898087
24460,0.370398
24461,0.612559
24462,0.570826
24463,0.798925
24464,0.555278
24465,0.893192
24466,0.958466
24467,0.674382
24468,0.884408
24469,0.964374
24470,0.62196
24471,0.727477
24472,0.537691
24473,0.811013
24474,0.692998
24475,0.906173
24476,0.573558
24477,0.658285
24478,0.696663
24479,0.386822
24480,0.890563
24481,0.517801
24482,0.780524
24483,0.700711
24484,0.491559
24485,0.752578
24486,0.814461
24487,0.768003
24488,0.881823
24489,0.753721
24490,0.844025
24491,0.711712
24492,0.798447
24493,0.601222
24494,0.758899
24495,0.971288
24496,0.70622
24497,0.987372
24498,0.48271
24499,0.841748
24500,0.860097
24501,0.866675
24502,0.485248
24503,0.783283
24504,0.978356
24505,0.716075
24506,0.790878
24507,0.863025
24508,0.619747
24509,0.685986
24510,0.874658
24511,0.533294
24512,0.918865
24513,0.819844
24514,0.892545
24515,0.456881
24516,0.60461
24517,0.867145
24518,0.946463
24519,0.700317
24520,0.716818
24521,0.863814
24522,0.607775
24523,0.769356
24524,0.988069
24525,0.848638
24526,0.959789
24527,0.838539
24528,0.878039
24529,0.841061
24530,0.028439
24531,0.324868
24532,0.734911
24533,0.853671
24534,0.913843
24535,0.797437
24536,0.975036
24537,0.643184
24538,0.579489
24539,0.871661
24540,0.91137
24541,0.658716
24542,0.734902
24543,0.590309
24544,0.984621
24545,0.503654
24546,0.454197
24547,0.851788
24548,0.555753
24549,0.940379
24550,0.049128
24551,0.888819
24552,0.437264
24553,0.943093
24554,0.94974
24555,0.910871
24556,0.16646
24557,0.534928
24558,0.489265
24559,0.786572
24560,0.895406
24561,0.652618
24562,0.522174
24563,0.808929
24564,0.334265
24565,0.020239
24566,0.459259
24567,0.552557
24568,0.987215
24569,0.749307
24570,0.931624
24571,0.759872
24572,0.52508
24573,0.676645
24574,0.592894
24575,0.399727
24576,0.880733
24577,0.678374
24578,0.231578
24579,0.878089
24580,0.938478
24581,0.763817
24582,0.477249
24583,0.883009
24584,0.888731
24585,0.724788
24586,0.786701
24587,0.859999
24588,0.924196
24589,0.986761
24590,0.97278
24591,0.436487
24592,0.753589
24593,0.775259
24594,0.928051
24595,0.714403
24596,0.649003
24597,0.905754
24598,0.517794
24599,0.044265
24600,0.819773
24601,0.555141
24602,0.937465
24603,0.71864
24604,0.904224
24605,0.950687
24606,0.722287
24607,0.742157
24608,0.616037
24609,0.941934
24610,0.927791
24611,0.950956
24612,0.869229
24613,0.947455
24614,0.538496
24615,0.960302
24616,0.745843
24617,0.674479
24618,0.372558
24619,0.494674
24620,0.727608
24621,0.041752
24622,0.984222
24623,0.838631
24624,0.75349
24625,0.914101
24626,0.949108
24627,0.864277
24628,0.624776
24629,0.398658
24630,0.864934
24631,0.634447
24632,0.710265
24633,0.439141
24634,0.659682
24635,0.736942
24636,0.600868
24637,0.622656
24638,0.611885
24639,0.978346
24640,0.721995
24641,0.852928
24642,0.63929
24643,0.720467
24644,0.804973
24645,0.433346
24646,0.425464
24647,0.671684
24648,0.89081
24649,0.884268
24650,0.787459
24651,0.915078
24652,0.895732
24653,0.719043
24654,0.903359
24655,0.577234
24656,0.914733
24657,0.775107
24658,0.886486
24659,0.859951
24660,0.957502
24661,0.648166
24662,0.842469
24663,0.628908
24664,0.541734
24665,0.629486
24666,0.971199
24667,0.508445
24668,0.869085
24669,0.668721
24670,0.880895
24671,0.38861
24672,0.94398
24673,0.817362
24674,0.584975
24675,0.612638
24676,0.98817
24677,0.882519
24678,0.765035
24679,0.79759
24680,0.589121
24681,0.617864
24682,0.738821
24683,0.945141
24684,0.028166
24685,0.739481
24686,0.693124
24687,0.455293
24688,0.537536
24689,0.730799
24690,0.527564
24691,0.640929
24692,0.393604
24693,0.783529
24694,0.600711
24695,0.909415
24696,0.913455
24697,0.887113
24698,0.805935
24699,0.681988
24700,0.447204
24701,0.948462
24702,0.778095
24703,0.526918
24704,0.554478
24705,0.862599
24706,0.766017
24707,0.563437
24708,0.317539
24709,0.919055
24710,0.628784
24711,0.602015
24712,0.810313
24713,0.625789
24714,0.653277
24715,0.627353
24716,0.96808
24717,0.894307
24718,0.754806
24719,0.872957
24720,0.837942
24721,0.746497
24722,0.859338
24723,0.704423
24724,0.904431
24725,0.619399
24726,0.987229
24727,0.847447
24728,0.758179
24729,0.746528
24730,0.669488
24731,0.682099
24732,0.554413
24733,0.956929
24734,0.70521
24735,0.721605
24736,0.679856
24737,0.979632
24738,0.493646
24739,0.715652
24740,0.197193
24741,0.712695
24742,0.469387
24743,0.716187
24744,0.291946
24745,0.241181
24746,0.732411
24747,0.925648
24748,0.54069
24749,0.720813
24750,0.667669
24751,0.725575
24752,0.69116
24753,0.710972
24754,0.467862
24755,0.495942
24756,0.790908
24757,0.995678
24758,0.766406
24759,0.691443
24760,0.969345
24761,0.931425
24762,0.974603
24763,0.559089
24764,0.658654
24765,0.6898
24766,0.957082
24767,0.752633
24768,0.872984
24769,0.99294
24770,0.863051
24771,0.77955
24772,0.579187
24773,0.547459
24774,0.703136
24775,0.973448
24776,0.654943
24777,0.957556
24778,0.877769
24779,0.824468
24780,0.916764
24781,0.928622
24782,0.374291
24783,0.050272
24784,0.894787
24785,0.903719
24786,0.402857
24787,0.962577
24788,0.812078
24789,0.340764
24790,0.552321
24791,0.697152
24792,0.934436
24793,0.526913
24794,0.985048
24795,0.883396
24796,0.855401
24797,0.749124
24798,0.993837
24799,0.846055
24800,0.600375
24801,0.120471
24802,0.659648
24803,0.754365
24804,0.692544
24805,0.808568
24806,0.138577
24807,0.400154
24808,0.900849
24809,0.603776
24810,0.928453
24811,0.447923
24812,0.897783
24813,0.743812
24814,0.810814
24815,0.656571
24816,0.82444
24817,0.461359
24818,0.743875
24819,0.881603
24820,0.715807
24821,0.702477
24822,0.976321
24823,0.918345
24824,0.947219
24825,0.979614
24826,0.705896
24827,0.775636
24828,0.046796
24829,0.646551
24830,0.859832
24831,0.47278
24832,0.781063
24833,0.853546
24834,0.647112
24835,0.726307
24836,0.680854
24837,0.947345
24838,0.706568
24839,0.822116
24840,0.674268
24841,0.591782
24842,0.829296
24843,0.781232
24844,0.935218
24845,0.945134
24846,0.68962
24847,0.906677
24848,0.689665
24849,0.988753
24850,0.820913
24851,0.733455
24852,0.971017
24853,0.756537
24854,0.81654
24855,0.850192
24856,0.656494
24857,0.117415
24858,0.408266
24859,0.381295
24860,0.82496
24861,0.626658
24862,0.545312
24863,0.863448
24864,0.983051
24865,0.860844
24866,0.542904
24867,0.98636
24868,0.915769
24869,0.55573
24870,0.799911
24871,0.742537
24872,0.898171
24873,0.884028
24874,0.541824
24875,0.877167
24876,0.866659
24877,0.851851
24878,0.966716
24879,0.743829
24880,0.814882
24881,0.912093
24882,0.523389
24883,0.900218
24884,0.599695
24885,0.66781
24886,0.993548
24887,0.681858
24888,0.890482
24889,0.056367
24890,0.719259
24891,0.971248
24892,0.83979
24893,0.877881
24894,0.86104
24895,0.616658
24896,0.86998
24897,0.858399
24898,0.937984
24899,0.627535
24900,0.454386
24901,0.808314
24902,0.75448
24903,0.830885
24904,0.667281
24905,0.938319
24906,0.584242
24907,0.931005
24908,0.492849
24909,0.789576
24910,0.922017
24911,0.819554
24912,0.865353
24913,0.774506
24914,0.883231
24915,0.210719
24916,0.942227
24917,0.357231
24918,0.971999
24919,0.623901
24920,0.595864
24921,0.394243
24922,0.71622
24923,0.939983
24924,0.79872
24925,0.916157
24926,0.957339
24927,0.711082
24928,0.040366
24929,0.796995
24930,0.746622
24931,0.642497
24932,0.781817
24933,0.748223
24934,0.853691
24935,0.533912
24936,0.653886
24937,0.681023
24938,0.706952
24939,0.987781
24940,0.577174
24941,0.676961
24942,0.785102
24943,0.935889
24944,0.652548
24945,0.840367
24946,0.941176
24947,0.366265
24948,0.641102
24949,0.708202
24950,0.757368
24951,0.840719
24952,0.911853
24953,0.357684
24954,0.148258
24955,0.557096
24956,0.403681
24957,0.692324
24958,0.635449
24959,0.749596
24960,0.614332
24961,0.91348
24962,0.952047
24963,0.565994
24964,0.729323
24965,0.626976
24966,0.760784
24967,0.986387
24968,0.484802
24969,0.338388
24970,0.751436
24971,0.829847
24972,0.976888
24973,0.808724
24974,0.87773
24975,0.762596
24976,0.660217
24977,0.756866
24978,0.671667
24979,0.604193
24980,0.420296
24981,0.967274
24982,0.941485
24983,0.978463
24984,0.599972
24985,0.948599
24986,0.19037
24987,0.873796
24988,0.797222
24989,0.580278
24990,0.825337
24991,0.634556
24992,0.393084
24993,0.738283
24994,0.662451
24995,0.938993
24996,0.864346
24997,0.974882
24998,0.648791
24999,0.385514
25000,0.664517
25001,0.621889
25002,0.977279
25003,0.929606
25004,0.386969
25005,0.564709
25006,0.915652
25007,0.898481
25008,0.467604
25009,0.636326
25010,0.77565
25011,0.739936
25012,0.602107
25013,0.779249
25014,0.611301
25015,0.752674
25016,0.860516
25017,0.840308
25018,0.892564
25019,0.028144
25020,0.478049
25021,0.698094
25022,0.786056
25023,0.516258
25024,0.587184
25025,0.963057
25026,0.467913
25027,0.940488
25028,0.991702
25029,0.710274
25030,0.952724
25031,0.87563
25032,0.701344
25033,0.504903
25034,0.919058
25035,0.634811
25036,0.618933
25037,0.951893
25038,0.65597
25039,0.960569
25040,0.96946
25041,0.774235
25042,0.782735
25043,0.775675
25044,0.753036
25045,0.755675
25046,0.570503
25047,0.763705
25048,0.716182
25049,0.814456
25050,0.992322
25051,0.854771
25052,0.418661
25053,0.614258
25054,0.668599
25055,0.325486
25056,0.658339
25057,0.798995
25058,0.981195
25059,0.980168
25060,0.671343
25061,0.855682
25062,0.859111
25063,0.534245
25064,0.698256
25065,0.621695
25066,0.687254
25067,0.698022
25068,0.531783
25069,0.794394
25070,0.814413
25071,0.955771
25072,0.678381
25073,0.602949
25074,0.767301
25075,0.991649
25076,0.913581
25077,0.715222
25078,0.732704
25079,0.672031
25080,0.682975
25081,0.792493
25082,0.780029
25083,0.98869
25084,0.689847
25085,0.89562
25086,0.362905
25087,0.066881
25088,0.706218
25089,0.600268
25090,0.951733
25091,0.930426
25092,0.726082
25093,0.86553
25094,0.633535
25095,0.555245
25096,0.74543
25097,0.723312
25098,0.830326
25099,0.701342
25100,0.779898
25101,0.409483
25102,0.694616
25103,0.966454
25104,0.763502
25105,0.920497
25106,0.960224
25107,0.67872
25108,0.729815
25109,0.477291
25110,0.960783
25111,0.584063
25112,0.771085
25113,0.742638
25114,0.719673
25115,0.774241
25116,0.514534
25117,0.075303
25118,0.902963
25119,0.615332
25120,0.853288
25121,0.76871
25122,0.717742
25123,0.985292
25124,0.866497
25125,0.856497
25126,0.587493
25127,0.649511
25128,0.896325
25129,0.866464
25130,0.053664
25131,0.679148
25132,0.397955
25133,0.817714
25134,0.775802
25135,0.615516
25136,0.682993
25137,0.627837
25138,0.621938
25139,0.469715
25140,0.839443
25141,0.97639
25142,0.637169
25143,0.919228
25144,0.83839
25145,0.687954
25146,0.903769
25147,0.981645
25148,0.975802
25149,0.803306
25150,0.527229
25151,0.662763
25152,0.922365
25153,0.61774
25154,0.706668
25155,0.672615
25156,0.67724
25157,0.828694
25158,0.562033
25159,0.744797
25160,0.828274
25161,0.55077
25162,0.827682
25163,0.83085
25164,0.85263
25165,0.989301
25166,0.806013
25167,0.901407
25168,0.676205
25169,0.970769
25170,0.606701
25171,0.937541
25172,0.830395
25173,0.797961
25174,0.703053
25175,0.858286
25176,0.041571
25177,0.858748
25178,0.709368
25179,0.701894
25180,0.976914
25181,0.621823
25182,0.980851
25183,0.858737
25184,0.976663
25185,0.657025
25186,0.563093
25187,0.526653
25188,0.416911
25189,0.947077
25190,0.68909
25191,0.971245
25192,0.848985
25193,0.697264
25194,0.586279
25195,0.546293
25196,0.951892
25197,0.603709
25198,0.974723
25199,0.802344
25200,0.491022
25201,0.631759
25202,0.698523
25203,0.850202
25204,0.894354
25205,0.824846
25206,0.561391
25207,0.407252
25208,0.949529
25209,0.795783
25210,0.661612
25211,0.854984
25212,0.800913
25213,0.757776
25214,0.77641
25215,0.671636
25216,0.706495
25217,0.547139
25218,0.89909
25219,0.605343
25220,0.895525
25221,0.812933
25222,0.639478
25223,0.905658
25224,0.860844
25225,0.711369
25226,0.757351
25227,0.51043
25228,0.802553
25229,0.88559
25230,0.35204
25231,0.781339
25232,0.888617
25233,0.834262
25234,0.959644
25235,0.626
25236,0.948518
25237,0.856007
25238,0.71084
25239,0.761418
25240,0.710713
25241,0.482912
25242,0.506685
25243,0.856676
25244,0.823023
25245,0.876198
25246,0.15925
25247,0.684395
25248,0.929725
25249,0.708922
25250,0.700387
25251,0.649776
25252,0.673352
25253,0.826218
25254,0.623164
25255,0.992452
25256,0.449543
25257,0.605862
25258,0.713077
25259,0.951414
25260,0.75217
25261,0.727113
25262,0.869271
25263,0.835804
25264,0.736484
25265,0.924859
25266,0.808394
25267,0.407496
25268,0.925342
25269,0.738976
25270,0.633753
25271,0.89824
25272,0.407975
25273,0.192917
25274,0.535585
25275,0.777296
25276,0.908172
25277,0.862946
25278,0.704436
25279,0.798143
25280,0.559443
25281,0.925333
25282,0.651078
25283,0.697995
25284,0.921059
25285,0.626976
25286,0.656321
25287,0.862868
25288,0.668155
25289,0.826841
25290,0.877082
25291,0.756048
25292,0.719206
25293,0.87218
25294,0.943166
25295,0.878443
25296,0.864156
25297,0.95609
25298,0.800324
25299,0.671636
25300,0.870966
25301,0.908014
25302,0.579162
25303,0.69389
25304,0.911198
25305,0.670505
25306,0.621197
25307,0.973972
25308,0.787331
25309,0.552197
25310,0.590421
25311,0.698479
25312,0.716392
25313,0.799241
25314,0.521905
25315,0.761216
25316,0.799754
25317,0.560813
25318,0.989912
25319,0.581689
25320,0.62878
25321,0.526544
25322,0.756871
25323,0.849814
25324,0.657165
25325,0.928152
25326,0.84777
25327,0.626283
25328,0.881683
25329,0.962703
25330,0.650255
25331,0.504073
25332,0.957681
25333,0.854504
25334,0.659655
25335,0.697542
25336,0.856867
25337,0.990238
25338,0.854088
25339,0.962012
25340,0.911562
25341,0.908237
25342,0.89413
25343,0.988619
25344,0.669436
25345,0.699698
25346,0.364013
25347,0.920181
25348,0.047073
25349,0.777233
25350,0.799359
25351,0.434621
25352,0.637636
25353,0.746732
25354,0.73084
25355,0.985251
25356,0.879349
25357,0.420894
25358,0.574915
25359,0.791425
25360,0.188898
25361,0.906422
25362,0.65651
25363,0.899601
25364,0.912436
25365,0.496527
25366,0.980505
25367,0.937634
25368,0.631214
25369,0.760706
25370,0.73184
25371,0.951039
25372,0.755135
25373,0.709716
25374,0.95561
25375,0.746603
25376,0.761696
25377,0.683028
25378,0.876562
25379,0.595635
25380,0.844876
25381,0.645757
25382,0.927023
25383,0.620851
25384,0.946581
25385,0.518434
25386,0.757222
25387,0.71535
25388,0.909245
25389,0.958533
25390,0.616204
25391,0.652199
25392,0.935071
25393,0.710358
25394,0.08881
25395,0.987911
25396,0.785322
25397,0.823975
25398,0.823681
25399,0.673975
25400,0.704232
25401,0.608231
25402,0.954018
25403,0.98605
25404,0.60946
25405,0.75972
25406,0.929416
25407,0.681445
25408,0.65261
25409,0.804628
25410,0.830831
25411,0.968997
25412,0.788336
25413,0.805385
25414,0.923142
25415,0.028378
25416,0.809417
25417,0.832246
25418,0.062213
25419,0.73011
25420,0.954563
25421,0.747504
25422,0.841398
25423,0.696437
25424,0.554108
25425,0.688536
25426,0.532694
25427,0.660899
25428,0.806015
25429,0.805245
25430,0.814204
25431,0.882448
25432,0.860181
25433,0.671412
25434,0.81824
25435,0.046272
25436,0.763519
25437,0.899367
25438,0.881749
25439,0.969431
25440,0.715423
25441,0.940278
25442,0.435106
25443,0.887395
25444,0.859326
25445,0.539775
25446,0.91816
25447,0.493859
25448,0.943735
25449,0.094686
25450,0.987178
25451,0.641553
25452,0.918447
25453,0.981963
25454,0.356187
25455,0.915636
25456,0.778991
25457,0.979687
25458,0.793108
25459,0.505538
25460,0.08936
25461,0.795171
25462,0.914623
25463,0.35719
25464,0.865411
25465,0.763974
25466,0.766259
25467,0.695996
25468,0.499751
25469,0.861495
25470,0.925805
25471,0.876152
25472,0.444973
25473,0.660946
25474,0.742769
25475,0.752949
25476,0.539272
25477,0.685
25478,0.59687
25479,0.397568
25480,0.615198
25481,0.557562
25482,0.84782
25483,0.900213
25484,0.628817
25485,0.812921
25486,0.849534
25487,0.944535
25488,0.921281
25489,0.678526
25490,0.985212
25491,0.936905
25492,0.751975
25493,0.800444
25494,0.829033
25495,0.976982
25496,0.514738
25497,0.954881
25498,0.875313
25499,0.809638
25500,0.863237
25501,0.552868
25502,0.74489
25503,0.912945
25504,0.756669
25505,0.567002
25506,0.957947
25507,0.814956
25508,0.914285
25509,0.055659
25510,0.433035
25511,0.685868
25512,0.364763
25513,0.889724
25514,0.67582
25515,0.642861
25516,0.561211
25517,0.949461
25518,0.545478
25519,0.989884
25520,0.653416
25521,0.732602
25522,0.657389
25523,0.622157
25524,0.590918
25525,0.716963
25526,0.34557
25527,0.428269
25528,0.578588
25529,0.90838
25530,0.488036
25531,0.883448
25532,0.818152
25533,0.722268
25534,0.693942
25535,0.754976
25536,0.19442
25537,0.54393
25538,0.530482
25539,0.949331
25540,0.731277
25541,0.636686
25542,0.627488
25543,0.730536
25544,0.326211
25545,0.668308
25546,0.858905
25547,0.467933
25548,0.757692
25549,0.762397
25550,0.646674
25551,0.796742
25552,0.611338
25553,0.908179
25554,0.867425
25555,0.952642
25556,0.643253
25557,0.924228
25558,0.589776
25559,0.912222
25560,0.506155
25561,0.644014
25562,0.990134
25563,0.834748
25564,0.72617
25565,0.113903
25566,0.990131
25567,0.746292
25568,0.18965
25569,0.682726
25570,0.622071
25571,0.94648
25572,0.024735
25573,0.807454
25574,0.860533
25575,0.967526
25576,0.460226
25577,0.760919
25578,0.977877
25579,0.826916
25580,0.539258
25581,0.871819
25582,0.74247
25583,0.590287
25584,0.688853
25585,0.801084
25586,0.934323
25587,0.674321
25588,0.807987
25589,0.90291
25590,0.650261
25591,0.705915
25592,0.873431
25593,0.689509
25594,0.750883
25595,0.037114
25596,0.876008
25597,0.63046
25598,0.48704
25599,0.553383
25600,0.759993
25601,0.966631
25602,0.765206
25603,0.321136
25604,0.738949
25605,0.900161
25606,0.409897
25607,0.732975
25608,0.575825
25609,0.679957
25610,0.526777
25611,0.765538
25612,0.944529
25613,0.252297
25614,0.920437
25615,0.859153
25616,0.720426
25617,0.802261
25618,0.557614
25619,0.940555
25620,0.031151
25621,0.811011
25622,0.201424
25623,0.56193
25624,0.839325
25625,0.218777
25626,0.77156
25627,0.841989
25628,0.762644
25629,0.667966
25630,0.375421
25631,0.565287
25632,0.780966
25633,0.928542
25634,0.978188
25635,0.736252
25636,0.961981
25637,0.653257
25638,0.662468
25639,0.883726
25640,0.907819
25641,0.461327
25642,0.797775
25643,0.880844
25644,0.850996
25645,0.656629
25646,0.90484
25647,0.51938
25648,0.889508
25649,0.882792
25650,0.749718
25651,0.601984
25652,0.754947
25653,0.942454
25654,0.833718
25655,0.982628
25656,0.986471
25657,0.88188
25658,0.725206
25659,0.928733
25660,0.440877
25661,0.676875
25662,0.753501
25663,0.899404
25664,0.968821
25665,0.889811
25666,0.86572
25667,0.82978
25668,0.784592
25669,0.809234
25670,0.795678
25671,0.862785
25672,0.876489
25673,0.735602
25674,0.578489
25675,0.630412
25676,0.976267
25677,0.996655
25678,0.830639
25679,0.679368
25680,0.656267
25681,0.934025
25682,0.024024
25683,0.571271
25684,0.399123
25685,0.560164
25686,0.302014
25687,0.850633
25688,0.889021
25689,0.893954
25690,0.522452
25691,0.700479
25692,0.830191
25693,0.863187
25694,0.771083
25695,0.595156
25696,0.57074
25697,0.989253
25698,0.782731
25699,0.892425
25700,0.904456
25701,0.483662
25702,0.981142
25703,0.710948
25704,0.943933
25705,0.660704
25706,0.886938
25707,0.646828
25708,0.915996
25709,0.918385
25710,0.895471
25711,0.677408
25712,0.99034
25713,0.904139
25714,0.967819
25715,0.940529
25716,0.684656
25717,0.778076
25718,0.781677
25719,0.838101
25720,0.984942
25721,0.707784
25722,0.900936
25723,0.944242
25724,0.477404
25725,0.765929
25726,0.717529
25727,0.656084
25728,0.888515
25729,0.24282
25730,0.1452
25731,0.896863
25732,0.72811
25733,0.982552
25734,0.557951
25735,0.744422
25736,0.908633
25737,0.405136
25738,0.91042
25739,0.89735
25740,0.958579
25741,0.10865
25742,0.829998
25743,0.675213
25744,0.949873
25745,0.530623
25746,0.978917
25747,0.581029
25748,0.576915
25749,0.722374
25750,0.808069
25751,0.915888
25752,0.499769
25753,0.149429
25754,0.655885
25755,0.969565
25756,0.980464
25757,0.23469
25758,0.872454
25759,0.894782
25760,0.446584
25761,0.7347
25762,0.857256
25763,0.620319
25764,0.928104
25765,0.777508
25766,0.953495
25767,0.629257
25768,0.94397
25769,0.981779
25770,0.977049
25771,0.918382
25772,0.494651
25773,0.705058
25774,0.659184
25775,0.906731
25776,0.896212
25777,0.683699
25778,0.895353
25779,0.477667
25780,0.881529
25781,0.755417
25782,0.881278
25783,0.6699
25784,0.828532
25785,0.817685
25786,0.704994
25787,0.834702
25788,0.423361
25789,0.636601
25790,0.863581
25791,0.71757
25792,0.767763
25793,0.446539
25794,0.73189
25795,0.526563
25796,0.827935
25797,0.5461
25798,0.401734
25799,0.967568
25800,0.851444
25801,0.864546
25802,0.74953
25803,0.863206
25804,0.726852
25805,0.759688
25806,0.802798
25807,0.452737
25808,0.655401
25809,0.816591
25810,0.809523
25811,0.820361
25812,0.641112
25813,0.363374
25814,0.907326
25815,0.821526
25816,0.550632
25817,0.831926
25818,0.654634
25819,0.94036
25820,0.20219
25821,0.700545
25822,0.457087
25823,0.815884
25824,0.669843
25825,0.912472
25826,0.992503
25827,0.783213
25828,0.579619
25829,0.748412
25830,0.698252
25831,0.472701
25832,0.844536
25833,0.616182
25834,0.988851
25835,0.784166
25836,0.801134
25837,0.611079
25838,0.853442
25839,0.897566
25840,0.815245
25841,0.735454
25842,0.731493
25843,0.825171
25844,0.701132
25845,0.804479
25846,0.883417
25847,0.920957
25848,0.924772
25849,0.817321
25850,0.635987
25851,0.960173
25852,0.905136
25853,0.755729
25854,0.660816
25855,0.770545
25856,0.713569
25857,0.772174
25858,0.807692
25859,0.732595
25860,0.817282
25861,0.798933
25862,0.935925
25863,0.768834
25864,0.923241
25865,0.334354
25866,0.798427
25867,0.32491
25868,0.186421
25869,0.740238
25870,0.684925
25871,0.929368
25872,0.704288
25873,0.808073
25874,0.75702
25875,0.955962
25876,0.836161
25877,0.889164
25878,0.623539
25879,0.885628
25880,0.986396
25881,0.565276
25882,0.714506
25883,0.939249
25884,0.77098
25885,0.958448
25886,0.904416
25887,0.729724
25888,0.889913
25889,0.683342
25890,0.685977
25891,0.171277
25892,0.402474
25893,0.059638
25894,0.83823
25895,0.743125
25896,0.587305
25897,0.472476
25898,0.904274
25899,0.723271
25900,0.580165
25901,0.795265
25902,0.556805
25903,0.861692
25904,0.901098
25905,0.617296
25906,0.324222
25907,0.973723
25908,0.573597
25909,0.585748
25910,0.538577
25911,0.700961
25912,0.984204
25913,0.833971
25914,0.515404
25915,0.979526
25916,0.958668
25917,0.428483
25918,0.612271
25919,0.869733
25920,0.533272
25921,0.525516
25922,0.5595
25923,0.912516
25924,0.752804
25925,0.440661
25926,0.648713
25927,0.760464
25928,0.859014
25929,0.548183
25930,0.592548
25931,0.502322
25932,0.918945
25933,0.980279
25934,0.655556
25935,0.808784
25936,0.7928
25937,0.733407
25938,0.668613
25939,0.495879
25940,0.760269
25941,0.979531
25942,0.804278
25943,0.854169
25944,0.715377
25945,0.943512
25946,0.852237
25947,0.571999
25948,0.731908
25949,0.968347
25950,0.825058
25951,0.767282
25952,0.94837
25953,0.817734
25954,0.444217
25955,0.586238
25956,0.801
25957,0.793928
25958,0.89467
25959,0.9532
25960,0.793242
25961,0.803458
25962,0.941317
25963,0.968234
25964,0.969163
25965,0.540713
25966,0.683819
25967,0.927628
25968,0.968513
25969,0.301674
25970,0.386298
25971,0.036563
25972,0.80345
25973,0.95277
25974,0.73338
25975,0.614704
25976,0.750251
25977,0.693007
25978,0.837336
25979,0.711364
25980,0.581899
25981,0.727875
25982,0.951836
25983,0.916728
25984,0.813343
25985,0.568625
25986,0.451946
25987,0.502656
25988,0.828391
25989,0.877687
25990,0.962537
25991,0.814517
25992,0.474511
25993,0.947922
25994,0.443402
25995,0.65248
25996,0.908881
25997,0.830757
25998,0.69673
25999,0.721521
26000,0.690645
26001,0.602864
26002,0.618478
26003,0.947943
26004,0.700798
26005,0.861953
26006,0.729932
26007,0.863656
26008,0.55763
26009,0.831496
26010,0.709388
26011,0.778391
26012,0.968137
26013,0.532235
26014,0.810437
26015,0.502654
26016,0.867387
26017,0.725992
26018,0.818846
26019,0.805355
26020,0.584837
26021,0.934051
26022,0.739318
26023,0.76343
26024,0.940867
26025,0.760759
26026,0.854303
26027,0.484513
26028,0.832034
26029,0.869497
26030,0.724963
26031,0.941075
26032,0.730079
26033,0.566181
26034,0.102372
26035,0.206557
26036,0.759461
26037,0.735596
26038,0.686197
26039,0.859472
26040,0.952747
26041,0.802384
26042,0.141246
26043,0.909998
26044,0.722332
26045,0.726521
26046,0.883445
26047,0.232131
26048,0.634198
26049,0.197342
26050,0.756574
26051,0.980293
26052,0.620612
26053,0.639651
26054,0.975862
26055,0.756697
26056,0.494518
26057,0.982025
26058,0.955447
26059,0.543004
26060,0.799048
26061,0.704982
26062,0.879021
26063,0.520562
26064,0.386021
26065,0.709677
26066,0.819948
26067,0.927015
26068,0.734807
26069,0.910808
26070,0.527946
26071,0.854704
26072,0.881569
26073,0.975912
26074,0.902513
26075,0.542301
26076,0.656046
26077,0.544243
26078,0.775877
26079,0.92829
26080,0.841908
26081,0.89255
26082,0.641353
26083,0.806794
26084,0.734253
26085,0.405001
26086,0.906509
26087,0.61312
26088,0.463534
26089,0.599394
26090,0.805525
26091,0.756013
26092,0.537515
26093,0.932476
26094,0.724538
26095,0.987787
26096,0.566907
26097,0.726516
26098,0.854747
26099,0.771
26100,0.552051
26101,0.830853
26102,0.718385
26103,0.745016
26104,0.383358
26105,0.732498
26106,0.827217
26107,0.813315
26108,0.606304
26109,0.849495
26110,0.595094
26111,0.87663
26112,0.589472
26113,0.830374
26114,0.50188
26115,0.717886
26116,0.965301
26117,0.792614
26118,0.756408
26119,0.305663
26120,0.712005
26121,0.333694
26122,0.928253
26123,0.979562
26124,0.979766
26125,0.857594
26126,0.981001
26127,0.620376
26128,0.756108
26129,0.340221
26130,0.780799
26131,0.741467
26132,0.220991
26133,0.735375
26134,0.766852
26135,0.924306
26136,0.712049
26137,0.637508
26138,0.66478
26139,0.448522
26140,0.864725
26141,0.681668
26142,0.604701
26143,0.549156
26144,0.683541
26145,0.859065
26146,0.981617
26147,0.975872
26148,0.862562
26149,0.676213
26150,0.371603
26151,0.659226
26152,0.984082
26153,0.941092
26154,0.679579
26155,0.567383
26156,0.692102
26157,0.81024
26158,0.710384
26159,0.683259
26160,0.663122
26161,0.657511
26162,0.93673
26163,0.913128
26164,0.988215
26165,0.86703
26166,0.406558
26167,0.932967
26168,0.59387
26169,0.709705
26170,0.543398
26171,0.586645
26172,0.510925
26173,0.870461
26174,0.550385
26175,0.858497
26176,0.856675
26177,0.887397
26178,0.701104
26179,0.648048
26180,0.838023
26181,0.597112
26182,0.732278
26183,0.861824
26184,0.717974
26185,0.554267
26186,0.657609
26187,0.873089
26188,0.878275
26189,0.906238
26190,0.637772
26191,0.788703
26192,0.924374
26193,0.86534
26194,0.917777
26195,0.863942
26196,0.487903
26197,0.8204
26198,0.982355
26199,0.584141
26200,0.656292
26201,0.912029
26202,0.520556
26203,0.757651
26204,0.378821
26205,0.632939
26206,0.734083
26207,0.550692
26208,0.668537
26209,0.676119
26210,0.661679
26211,0.961634
26212,0.532716
26213,0.600703
26214,0.847643
26215,0.886069
26216,0.849401
26217,0.619077
26218,0.84771
26219,0.64068
26220,0.658423
26221,0.924734
26222,0.926657
26223,0.795043
26224,0.774284
26225,0.907837
26226,0.682557
26227,0.89663
26228,0.600941
26229,0.864904
26230,0.542608
26231,0.8135
26232,0.983336
26233,0.503508
26234,0.85
26235,0.838345
26236,0.803736
26237,0.918317
26238,0.973766
26239,0.875928
26240,0.602685
26241,0.831991
26242,0.710595
26243,0.821396
26244,0.663867
26245,0.568914
26246,0.971537
26247,0.530523
26248,0.929942
26249,0.78229
26250,0.917831
26251,0.351893
26252,0.409908
26253,0.717886
26254,0.671458
26255,0.328684
26256,0.810227
26257,0.991155
26258,0.972199
26259,0.921064
26260,0.943611
26261,0.51799
26262,0.366136
26263,0.640978
26264,0.486411
26265,0.626831
26266,0.455653
26267,0.560433
26268,0.492999
26269,0.911331
26270,0.868287
26271,0.788006
26272,0.710725
26273,0.704103
26274,0.552446
26275,0.756897
26276,0.819641
26277,0.821806
26278,0.647529
26279,0.87166
26280,0.973574
26281,0.765284
26282,0.562978
26283,0.550343
26284,0.556263
26285,0.933525
26286,0.202906
26287,0.875337
26288,0.586906
26289,0.559523
26290,0.974252
26291,0.784051
26292,0.400962
26293,0.546871
26294,0.882759
26295,0.693949
26296,0.634633
26297,0.688086
26298,0.601093
26299,0.666035
26300,0.477154
26301,0.596161
26302,0.860907
26303,0.799465
26304,0.817428
26305,0.816331
26306,0.881845
26307,0.951752
26308,0.654314
26309,0.673535
26310,0.815432
26311,0.960593
26312,0.946552
26313,0.858041
26314,0.856146
26315,0.832118
26316,0.570762
26317,0.662396
26318,0.616199
26319,0.983241
26320,0.684669
26321,0.713996
26322,0.723649
26323,0.764857
26324,0.716091
26325,0.985385
26326,0.557964
26327,0.858542
26328,0.593541
26329,0.992153
26330,0.963866
26331,0.795315
26332,0.154145
26333,0.854024
26334,0.983442
26335,0.900583
26336,0.521825
26337,0.707774
26338,0.810572
26339,0.723342
26340,0.881197
26341,0.872526
26342,0.81655
26343,0.759336
26344,0.91042
26345,0.411453
26346,0.902953
26347,0.875529
26348,0.502685
26349,0.821775
26350,0.932757
26351,0.694369
26352,0.942575
26353,0.887154
26354,0.869453
26355,0.863299
26356,0.449128
26357,0.787262
26358,0.532193
26359,0.134894
26360,0.748276
26361,0.639352
26362,0.365799
26363,0.867761
26364,0.043429
26365,0.705118
26366,0.957859
26367,0.749466
26368,0.982202
26369,0.858417
26370,0.862699
26371,0.597878
26372,0.626464
26373,0.385553
26374,0.976053
26375,0.755937
26376,0.603104
26377,0.769866
26378,0.559505
26379,0.528364
26380,0.942854
26381,0.702801
26382,0.983774
26383,0.633043
26384,0.455715
26385,0.667201
26386,0.566242
26387,0.818206
26388,0.706417
26389,0.359364
26390,0.694583
26391,0.374952
26392,0.687092
26393,0.986769
26394,0.947433
26395,0.874212
26396,0.570451
26397,0.843217
26398,0.736054
26399,0.454427
26400,0.794092
26401,0.921528
26402,0.813428
26403,0.571441
26404,0.55562
26405,0.746923
26406,0.888294
26407,0.831188
26408,0.952309
26409,0.958712
26410,0.820343
26411,0.89148
26412,0.994482
26413,0.78934
26414,0.654711
26415,0.80154
26416,0.797469
26417,0.64498
26418,0.98327
26419,0.625244
26420,0.847015
26421,0.715103
26422,0.97468
26423,0.737699
26424,0.763684
26425,0.839385
26426,0.970392
26427,0.915199
26428,0.409359
26429,0.71008
26430,0.803942
26431,0.940129
26432,0.848391
26433,0.897501
26434,0.684949
26435,0.784587
26436,0.563371
26437,0.647066
26438,0.773164
26439,0.733275
26440,0.72872
26441,0.584699
26442,0.616658
26443,0.634218
26444,0.696968
26445,0.96898
26446,0.653041
26447,0.780496
26448,0.80444
26449,0.751398
26450,0.812738
26451,0.745911
26452,0.815735
26453,0.562385
26454,0.979648
26455,0.95588
26456,0.810649
26457,0.762661
26458,0.882887
26459,0.760086
26460,0.956755
26461,0.045819
26462,0.044508
26463,0.971982
26464,0.645292
26465,0.85048
26466,0.697114
26467,0.209929
26468,0.247189
26469,0.947436
26470,0.856478
26471,0.866442
26472,0.444723
26473,0.742354
26474,0.869269
26475,0.670333
26476,0.986177
26477,0.628258
26478,0.852987
26479,0.940788
26480,0.804389
26481,0.748664
26482,0.758635
26483,0.430034
26484,0.704777
26485,0.846657
26486,0.953782
26487,0.850162
26488,0.831771
26489,0.632689
26490,0.559183
26491,0.819205
26492,0.884469
26493,0.615415
26494,0.071901
26495,0.697153
26496,0.731793
26497,0.872945
26498,0.894733
26499,0.440061
26500,0.814989
26501,0.81921
26502,0.790574
26503,0.801301
26504,0.960863
26505,0.167091
26506,0.682472
26507,0.722701
26508,0.759169
26509,0.667469
26510,0.960486
26511,0.772476
26512,0.701306
26513,0.494928
26514,0.853889
26515,0.720733
26516,0.780555
26517,0.9644
26518,0.679444
26519,0.521549
26520,0.785649
26521,0.6562
26522,0.834096
26523,0.817682
26524,0.689411
26525,0.849089
26526,0.862001
26527,0.685715
26528,0.462635
26529,0.815922
26530,0.977762
26531,0.903599
26532,0.957721
26533,0.712053
26534,0.946064
26535,0.543262
26536,0.847425
26537,0.857746
26538,0.081281
26539,0.995345
26540,0.841331
26541,0.592879
26542,0.761051
26543,0.902834
26544,0.85535
26545,0.670388
26546,0.835564
26547,0.90534
26548,0.829434
26549,0.456505
26550,0.972083
26551,0.810826
26552,0.898524
26553,0.873949
26554,0.870431
26555,0.49488
26556,0.792436
26557,0.618083
26558,0.876727
26559,0.388942
26560,0.177359
26561,0.692148
26562,0.829568
26563,0.911264
26564,0.788804
26565,0.885352
26566,0.812256
26567,0.805337
26568,0.938908
26569,0.607522
26570,0.704604
26571,0.637374
26572,0.67614
26573,0.946502
26574,0.796923
26575,0.442573
26576,0.698538
26577,0.968765
26578,0.880358
26579,0.801548
26580,0.990522
26581,0.548462
26582,0.92907
26583,0.636269
26584,0.968435
26585,0.874756
26586,0.91857
26587,0.942344
26588,0.640394
26589,0.944461
26590,0.507752
26591,0.844849
26592,0.731231
26593,0.736327
26594,0.745606
26595,0.526747
26596,0.737761
26597,0.827493
26598,0.95634
26599,0.555102
26600,0.736311
26601,0.97349
26602,0.874933
26603,0.886192
26604,0.3972
26605,0.50931
26606,0.449863
26607,0.786563
26608,0.880771
26609,0.868481
26610,0.801892
26611,0.754767
26612,0.678694
26613,0.839355
26614,0.966495
26615,0.929124
26616,0.722816
26617,0.714764
26618,0.439099
26619,0.826317
26620,0.93251
26621,0.940877
26622,0.878804
26623,0.889951
26624,0.643221
26625,0.066116
26626,0.645689
26627,0.688044
26628,0.03921
26629,0.796837
26630,0.796374
26631,0.037382
26632,0.587287
26633,0.663993
26634,0.654806
26635,0.715553
26636,0.799246
26637,0.143059
26638,0.858482
26639,0.397715
26640,0.186093
26641,0.554313
26642,0.862181
26643,0.971244
26644,0.916011
26645,0.58075
26646,0.71728
26647,0.851783
26648,0.96015
26649,0.646831
26650,0.7927
26651,0.633773
26652,0.827781
26653,0.945327
26654,0.683384
26655,0.964849
26656,0.956119
26657,0.662203
26658,0.744709
26659,0.826735
26660,0.709978
26661,0.635772
26662,0.961051
26663,0.701215
26664,0.473366
26665,0.807239
26666,0.621641
26667,0.672091
26668,0.714776
26669,0.748434
26670,0.967573
26671,0.58723
26672,0.742154
26673,0.898933
26674,0.865256
26675,0.885713
26676,0.51718
26677,0.899447
26678,0.509098
26679,0.801343
26680,0.825221
26681,0.749234
26682,0.909263
26683,0.292006
26684,0.925185
26685,0.5924
26686,0.763109
26687,0.965747
26688,0.705654
26689,0.771811
26690,0.854473
26691,0.203811
26692,0.718858
26693,0.252181
26694,0.901414
26695,0.856614
26696,0.678476
26697,0.872637
26698,0.668394
26699,0.759788
26700,0.961556
26701,0.727943
26702,0.711849
26703,0.849405
26704,0.947945
26705,0.836812
26706,0.846798
26707,0.697346
26708,0.09752
26709,0.711105
26710,0.802405
26711,0.66081
26712,0.935364
26713,0.801407
26714,0.869825
26715,0.708167
26716,0.899418
26717,0.46035
26718,0.780292
26719,0.536763
26720,0.943907
26721,0.923314
26722,0.44041
26723,0.432057
26724,0.918569
26725,0.70478
26726,0.738617
26727,0.757387
26728,0.715057
26729,0.914872
26730,0.991067
26731,0.972243
26732,0.213906
26733,0.901086
26734,0.520675
26735,0.631611
26736,0.930974
26737,0.794178
26738,0.62988
26739,0.526961
26740,0.409953
26741,0.732511
26742,0.026326
26743,0.776347
26744,0.72114
26745,0.052854
26746,0.524644
26747,0.432556
26748,0.833594
26749,0.961089
26750,0.692944
26751,0.782192
26752,0.687448
26753,0.960559
26754,0.62379
26755,0.59296
26756,0.505412
26757,0.917435
26758,0.816398
26759,0.58738
26760,0.718389
26761,0.975458
26762,0.678445
26763,0.597298
26764,0.82871
26765,0.603894
26766,0.934365
26767,0.832202
26768,0.960511
26769,0.361924
26770,0.907889
26771,0.982567
26772,0.67671
26773,0.867092
26774,0.773056
26775,0.856333
26776,0.948605
26777,0.733759
26778,0.575264
26779,0.903097
26780,0.642741
26781,0.618785
26782,0.950366
26783,0.060872
26784,0.143735
26785,0.566875
26786,0.521207
26787,0.800657
26788,0.620091
26789,0.769542
26790,0.699292
26791,0.66646
26792,0.872003
26793,0.781208
26794,0.625411
26795,0.721917
26796,0.87578
26797,0.584157
26798,0.426249
26799,0.455614
26800,0.541084
26801,0.96071
26802,0.947463
26803,0.578192
26804,0.256847
26805,0.911053
26806,0.750624
26807,0.549159
26808,0.643225
26809,0.606174
26810,0.97527
26811,0.604404
26812,0.791149
26813,0.893599
26814,0.898955
26815,0.827958
26816,0.586698
26817,0.811215
26818,0.463112
26819,0.973148
26820,0.576352
26821,0.94591
26822,0.026189
26823,0.947394
26824,0.757147
26825,0.92881
26826,0.478152
26827,0.623426
26828,0.742589
26829,0.933824
26830,0.9648
26831,0.624485
26832,0.767246
26833,0.025649
26834,0.69671
26835,0.645103
26836,0.73306
26837,0.612211
26838,0.333993
26839,0.778714
26840,0.922085
26841,0.901766
26842,0.655434
26843,0.462942
26844,0.829108
26845,0.988727
26846,0.956866
26847,0.917424
26848,0.791619
26849,0.667907
26850,0.752838
26851,0.796971
26852,0.254331
26853,0.79013
26854,0.661649
26855,0.344426
26856,0.523515
26857,0.955614
26858,0.632668
26859,0.904385
26860,0.833563
26861,0.892794
26862,0.761373
26863,0.797624
26864,0.368058
26865,0.693898
26866,0.388731
26867,0.805985
26868,0.571107
26869,0.935996
26870,0.881629
26871,0.871054
26872,0.816065
26873,0.830997
26874,0.592426
26875,0.78726
26876,0.784876
26877,0.834847
26878,0.582606
26879,0.657638
26880,0.925551
26881,0.957041
26882,0.852078
26883,0.948941
26884,0.419279
26885,0.518535
26886,0.854402
26887,0.779831
26888,0.823942
26889,0.878695
26890,0.767433
26891,0.360264
26892,0.538416
26893,0.974699
26894,0.724617
26895,0.927826
26896,0.69946
26897,0.833494
26898,0.303555
26899,0.874258
26900,0.98953
26901,0.829459
26902,0.980734
26903,0.983739
26904,0.846323
26905,0.819321
26906,0.713903
26907,0.981073
26908,0.618574
26909,0.949314
26910,0.465207
26911,0.820758
26912,0.434245
26913,0.307228
26914,0.869787
26915,0.637846
26916,0.933858
26917,0.97897
26918,0.853391
26919,0.864122
26920,0.050518
26921,0.917634
26922,0.071653
26923,0.786849
26924,0.930054
26925,0.695558
26926,0.89857
26927,0.808635
26928,0.61458
26929,0.688361
26930,0.786038
26931,0.981238
26932,0.725287
26933,0.548961
26934,0.469362
26935,0.025379
26936,0.060352
26937,0.857389
26938,0.533915
26939,0.768123
26940,0.879369
26941,0.521681
26942,0.947568
26943,0.897185
26944,0.623881
26945,0.658436
26946,0.799995
26947,0.251771
26948,0.559315
26949,0.960442
26950,0.474175
26951,0.702198
26952,0.03265
26953,0.775051
26954,0.925128
26955,0.978673
26956,0.214867
26957,0.7261
26958,0.746985
26959,0.617078
26960,0.72169
26961,0.759042
26962,0.458443
26963,0.603832
26964,0.507829
26965,0.430336
26966,0.577031
26967,0.936138
26968,0.969008
26969,0.869686
26970,0.728134
26971,0.979532
26972,0.877116
26973,0.643421
26974,0.991855
26975,0.745551
26976,0.609502
26977,0.829699
26978,0.601852
26979,0.893395
26980,0.781666
26981,0.640753
26982,0.887279
26983,0.811951
26984,0.65015
26985,0.718825
26986,0.618036
26987,0.800117
26988,0.908111
26989,0.957153
26990,0.753647
26991,0.882018
26992,0.87978
26993,0.954561
26994,0.810574
26995,0.70451
26996,0.990286
26997,0.74865
26998,0.84918
26999,0.438733
27000,0.412261
27001,0.459556
27002,0.9022
27003,0.991136
27004,0.697547
27005,0.603743
27006,0.948716
27007,0.426943
27008,0.238165
27009,0.940103
27010,0.447617
27011,0.611705
27012,0.679987
27013,0.940304
27014,0.935446
27015,0.117499
27016,0.647684
27017,0.776404
27018,0.83649
27019,0.812701
27020,0.046479
27021,0.284782
27022,0.897944
27023,0.103462
27024,0.755865
27025,0.781392
27026,0.729712
27027,0.981384
27028,0.66446
27029,0.759116
27030,0.826098
27031,0.792792
27032,0.532157
27033,0.720345
27034,0.82739
27035,0.635149
27036,0.625509
27037,0.744781
27038,0.866852
27039,0.9611
27040,0.540626
27041,0.860739
27042,0.88432
27043,0.832347
27044,0.456176
27045,0.608786
27046,0.405822
27047,0.734524
27048,0.553031
27049,0.724346
27050,0.901855
27051,0.785329
27052,0.932051
27053,0.673716
27054,0.78307
27055,0.491854
27056,0.204651
27057,0.025883
27058,0.807177
27059,0.756597
27060,0.884739
27061,0.718128
27062,0.546038
27063,0.789333
27064,0.777631
27065,0.056734
27066,0.068636
27067,0.960032
27068,0.616843
27069,0.599549
27070,0.796773
27071,0.201462
27072,0.708656
27073,0.481772
27074,0.831164
27075,0.882631
27076,0.605501
27077,0.643951
27078,0.41713
27079,0.785098
27080,0.554859
27081,0.842249
27082,0.510508
27083,0.81731
27084,0.725225
27085,0.751371
27086,0.377171
27087,0.727021
27088,0.462411
27089,0.869003
27090,0.792238
27091,0.679244
27092,0.638936
27093,0.710579
27094,0.951857
27095,0.855289
27096,0.636022
27097,0.792105
27098,0.767149
27099,0.757912
27100,0.981737
27101,0.649278
27102,0.959299
27103,0.872364
27104,0.973221
27105,0.858236
27106,0.536004
27107,0.742577
27108,0.967429
27109,0.720546
27110,0.98401
27111,0.919456
27112,0.890829
27113,0.963526
27114,0.785109
27115,0.741909
27116,0.399285
27117,0.688882
27118,0.8233
27119,0.630719
27120,0.833846
27121,0.920057
27122,0.961416
27123,0.752951
27124,0.894017
27125,0.562238
27126,0.908285
27127,0.66111
27128,0.79435
27129,0.619009
27130,0.708905
27131,0.945833
27132,0.783312
27133,0.436563
27134,0.823301
27135,0.755726
27136,0.04716
27137,0.716039
27138,0.457208
27139,0.636542
27140,0.553904
27141,0.702035
27142,0.923307
27143,0.61029
27144,0.629313
27145,0.847071
27146,0.650262
27147,0.562876
27148,0.640398
27149,0.814423
27150,0.70409
27151,0.694794
27152,0.766451
27153,0.977046
27154,0.136027
27155,0.819205
27156,0.90974
27157,0.842621
27158,0.857298
27159,0.554859
27160,0.981747
27161,0.976944
27162,0.546632
27163,0.784285
27164,0.89855
27165,0.88736
27166,0.839691
27167,0.687459
27168,0.633042
27169,0.564344
27170,0.887322
27171,0.736528
27172,0.706662
27173,0.388287
27174,0.628782
27175,0.725176
27176,0.738521
27177,0.600374
27178,0.628813
27179,0.964194
27180,0.635143
27181,0.733202
27182,0.71306
27183,0.176961
27184,0.767191
27185,0.530914
27186,0.752648
27187,0.779943
27188,0.949457
27189,0.833679
27190,0.197654
27191,0.941395
27192,0.531607
27193,0.170001
27194,0.629196
27195,0.791623
27196,0.905015
27197,0.601939
27198,0.846294
27199,0.666925
27200,0.800654
27201,0.455824
27202,0.890786
27203,0.955151
27204,0.508487
27205,0.694237
27206,0.451366
27207,0.097382
27208,0.914231
27209,0.892231
27210,0.680043
27211,0.682173
27212,0.633499
27213,0.829823
27214,0.775967
27215,0.507411
27216,0.846538
27217,0.415015
27218,0.702065
27219,0.630246
27220,0.970339
27221,0.790027
27222,0.479643
27223,0.769615
27224,0.666293
27225,0.940699
27226,0.959952
27227,0.663292
27228,0.906571
27229,0.862285
27230,0.753934
27231,0.732833
27232,0.795792
27233,0.664703
27234,0.529621
27235,0.577323
27236,0.476194
27237,0.765802
27238,0.842955
27239,0.918574
27240,0.531837
27241,0.92975
27242,0.948653
27243,0.564458
27244,0.623491
27245,0.075526
27246,0.052059
27247,0.85994
27248,0.700358
27249,0.922563
27250,0.301821
27251,0.54721
27252,0.686749
27253,0.542066
27254,0.822729
27255,0.808962
27256,0.68367
27257,0.739569
27258,0.786147
27259,0.404
27260,0.798105
27261,0.678453
27262,0.879433
27263,0.951516
27264,0.731115
27265,0.702868
27266,0.885781
27267,0.81214
27268,0.835145
27269,0.792647
27270,0.861001
27271,0.880998
27272,0.935432
27273,0.892151
27274,0.869444
27275,0.31758
27276,0.574208
27277,0.818899
27278,0.826715
27279,0.988815
27280,0.581719
27281,0.16752
27282,0.695462
27283,0.402023
27284,0.870517
27285,0.922856
27286,0.682338
27287,0.854909
27288,0.965851
27289,0.792644
27290,0.632194
27291,0.779859
27292,0.811534
27293,0.772079
27294,0.844446
27295,0.982756
27296,0.981845
27297,0.824854
27298,0.912969
27299,0.823268
27300,0.658761
27301,0.030808
27302,0.72236
27303,0.313449
27304,0.976953
27305,0.560386
27306,0.775937
27307,0.676549
27308,0.769704
27309,0.982624
27310,0.65831
27311,0.043461
27312,0.827499
27313,0.073523
27314,0.691879
27315,0.708775
27316,0.533075
27317,0.761642
27318,0.391158
27319,0.920022
27320,0.84079
27321,0.621478
27322,0.74876
27323,0.709037
27324,0.495955
27325,0.821639
27326,0.776516
27327,0.828671
27328,0.79027
27329,0.615409
27330,0.839585
27331,0.475963
27332,0.846416
27333,0.905933
27334,0.60231
27335,0.994368
27336,0.72077
27337,0.819621
27338,0.695433
27339,0.267515
27340,0.704949
27341,0.980605
27342,0.588361
27343,0.7028
27344,0.668482
27345,0.582744
27346,0.886498
27347,0.510993
27348,0.939622
27349,0.546795
27350,0.983522
27351,0.824174
27352,0.807314
27353,0.895484
27354,0.342895
27355,0.952812
27356,0.892275
27357,0.769989
27358,0.909189
27359,0.865344
27360,0.574559
27361,0.32588
27362,0.886096
27363,0.928511
27364,0.90043
27365,0.543049
27366,0.900811
27367,0.806575
27368,0.497854
27369,0.809228
27370,0.735216
27371,0.872163
27372,0.922495
27373,0.849979
27374,0.71138
27375,0.406457
27376,0.58182
27377,0.640098
27378,0.238774
27379,0.779477
27380,0.496661
27381,0.768781
27382,0.71073
27383,0.48133
27384,0.669884
27385,0.134434
27386,0.708288
27387,0.643773
27388,0.760886
27389,0.466753
27390,0.914816
27391,0.054167
27392,0.883687
27393,0.91842
27394,0.503469
27395,0.890162
27396,0.768679
27397,0.79078
27398,0.716635
27399,0.749608
27400,0.536629
27401,0.664622
27402,0.914997
27403,0.889342
27404,0.697616
27405,0.450927
27406,0.030027
27407,0.819667
27408,0.537708
27409,0.623093
27410,0.904618
27411,0.727725
27412,0.974981
27413,0.678712
27414,0.467847
27415,0.373259
27416,0.537616
27417,0.690393
27418,0.802151
27419,0.752243
27420,0.929443
27421,0.802525
27422,0.688855
27423,0.909159
27424,0.807948
27425,0.866203
27426,0.687277
27427,0.945648
27428,0.771938
27429,0.503282
27430,0.587963
27431,0.938408
27432,0.941776
27433,0.457869
27434,0.586604
27435,0.855687
27436,0.941313
27437,0.461803
27438,0.859835
27439,0.759466
27440,0.938608
27441,0.91367
27442,0.696989
27443,0.899252
27444,0.925865
27445,0.968083
27446,0.543793
27447,0.941676
27448,0.952426
27449,0.969944
27450,0.859604
27451,0.858209
27452,0.620486
27453,0.920468
27454,0.77428
27455,0.843747
27456,0.899857
27457,0.838735
27458,0.830636
27459,0.469655
27460,0.453429
27461,0.88452
27462,0.728748
27463,0.949731
27464,0.85928
27465,0.75441
27466,0.862375
27467,0.969753
27468,0.979487
27469,0.880167
27470,0.704541
27471,0.622196
27472,0.825712
27473,0.826621
27474,0.859716
27475,0.99214
27476,0.653333
27477,0.89586
27478,0.811438
27479,0.615824
27480,0.40809
27481,0.765931
27482,0.910542
27483,0.60022
27484,0.701728
27485,0.615717
27486,0.51478
27487,0.693785
27488,0.892073
27489,0.805341
27490,0.726524
27491,0.826953
27492,0.770274
27493,0.693922
27494,0.944074
27495,0.828756
27496,0.874067
27497,0.530811
27498,0.746765
27499,0.53533
27500,0.941713
27501,0.960575
27502,0.068511
27503,0.827218
27504,0.663043
27505,0.638996
27506,0.675094
27507,0.637999
27508,0.882278
27509,0.573511
27510,0.868437
27511,0.353283
27512,0.98972
27513,0.902954
27514,0.75151
27515,0.681108
27516,0.918739
27517,0.869089
27518,0.657501
27519,0.43082
27520,0.884975
27521,0.809951
27522,0.892027
27523,0.818576
27524,0.470173
27525,0.766738
27526,0.638382
27527,0.708417
27528,0.692857
27529,0.39507
27530,0.478893
27531,0.021371
27532,0.693074
27533,0.856474
27534,0.94229
27535,0.931205
27536,0.664508
27537,0.870261
27538,0.918418
27539,0.766359
27540,0.708423
27541,0.743516
27542,0.976383
27543,0.490354
27544,0.985611
27545,0.950096
27546,0.668872
27547,0.665029
27548,0.61697
27549,0.880858
27550,0.815905
27551,0.665299
27552,0.762526
27553,0.169196
27554,0.844995
27555,0.661225
27556,0.902337
27557,0.897652
27558,0.621383
27559,0.969159
27560,0.624378
27561,0.440405
27562,0.66732
27563,0.705266
27564,0.553451
27565,0.725712
27566,0.815651
27567,0.683879
27568,0.988791
27569,0.983671
27570,0.585605
27571,0.683835
27572,0.656527
27573,0.803689
27574,0.724636
27575,0.952432
27576,0.839107
27577,0.644207
27578,0.592356
27579,0.924154
27580,0.804222
27581,0.954567
27582,0.793686
27583,0.682046
27584,0.898934
27585,0.746466
27586,0.90776
27587,0.757856
27588,0.934383
27589,0.807276
27590,0.905117
27591,0.736491
27592,0.9507
27593,0.982612
27594,0.834856
27595,0.634803
27596,0.728078
27597,0.138063
27598,0.943601
27599,0.842122
27600,0.682644
27601,0.989807
27602,0.686232
27603,0.699741
27604,0.610472
27605,0.046447
27606,0.664598
27607,0.703085
27608,0.458126
27609,0.892507
27610,0.761119
27611,0.711782
27612,0.738702
27613,0.84438
27614,0.024064
27615,0.793822
27616,0.556186
27617,0.936086
27618,0.619045
27619,0.647623
27620,0.723117
27621,0.956105
27622,0.346164
27623,0.892288
27624,0.730019
27625,0.638086
27626,0.698982
27627,0.779438
27628,0.886608
27629,0.929356
27630,0.631263
27631,0.880239
27632,0.976965
27633,0.835723
27634,0.922359
27635,0.695949
27636,0.810269
27637,0.330345
27638,0.476717
27639,0.371342
27640,0.983119
27641,0.972382
27642,0.686901
27643,0.506124
27644,0.248563
27645,0.99036
27646,0.78004
27647,0.841683
27648,0.909802
27649,0.713987
27650,0.964291
27651,0.674466
27652,0.915093
27653,0.940042
27654,0.807805
27655,0.899144
27656,0.815862
27657,0.105666
27658,0.723441
27659,0.732473
27660,0.661023
27661,0.098801
27662,0.725309
27663,0.611713
27664,0.712344
27665,0.759828
27666,0.711033
27667,0.912886
27668,0.646266
27669,0.885981
27670,0.792512
27671,0.767924
27672,0.696121
27673,0.645784
27674,0.507892
27675,0.74219
27676,0.947223
27677,0.654462
27678,0.619276
27679,0.671003
27680,0.614879
27681,0.985011
27682,0.843376
27683,0.982946
27684,0.720581
27685,0.809442
27686,0.547018
27687,0.748896
27688,0.754646
27689,0.56765
27690,0.834672
27691,0.892152
27692,0.23335
27693,0.510436
27694,0.830687
27695,0.722694
27696,0.848303
27697,0.734998
27698,0.742169
27699,0.692849
27700,0.760899
27701,0.917116
27702,0.651244
27703,0.780903
27704,0.784401
27705,0.029315
27706,0.943354
27707,0.509314
27708,0.523589
27709,0.945489
27710,0.983206
27711,0.626671
27712,0.891116
27713,0.324387
27714,0.42435
27715,0.966405
27716,0.909148
27717,0.762493
27718,0.369643
27719,0.834772
27720,0.97869
27721,0.988206
27722,0.872233
27723,0.556846
27724,0.948993
27725,0.56806
27726,0.743276
27727,0.573572
27728,0.842543
27729,0.898124
27730,0.754626
27731,0.464656
27732,0.542341
27733,0.592461
27734,0.801432
27735,0.895426
27736,0.766707
27737,0.985169
27738,0.762393
27739,0.735693
27740,0.920121
27741,0.888775
27742,0.510252
27743,0.957928
27744,0.634841
27745,0.921927
27746,0.465789
27747,0.843719
27748,0.803988
27749,0.646843
27750,0.989662
27751,0.710244
27752,0.763707
27753,0.48002
27754,0.744207
27755,0.537423
27756,0.824439
27757,0.572023
27758,0.962588
27759,0.709374
27760,0.931577
27761,0.710381
27762,0.6631
27763,0.523974
27764,0.745128
27765,0.55978
27766,0.816185
27767,0.228494
27768,0.728423
27769,0.57916
27770,0.845075
27771,0.662255
27772,0.753773
27773,0.879487
27774,0.529819
27775,0.778117
27776,0.926663
27777,0.920956
27778,0.884715
27779,0.88343
27780,0.792285
27781,0.823328
27782,0.784751
27783,0.460872
27784,0.91035
27785,0.565595
27786,0.973483
27787,0.944659
27788,0.949172
27789,0.626635
27790,0.696251
27791,0.939311
27792,0.367332
27793,0.930598
27794,0.910157
27795,0.941846
27796,0.331346
27797,0.837987
27798,0.799908
27799,0.93719
27800,0.668172
27801,0.992407
27802,0.78625
27803,0.63108
27804,0.894104
27805,0.68955
27806,0.949232
27807,0.77403
27808,0.615259
27809,0.534334
27810,0.761707
27811,0.751792
27812,0.92382
27813,0.612403
27814,0.91622
27815,0.981455
27816,0.505815
27817,0.376271
27818,0.81698
27819,0.653961
27820,0.77601
27821,0.582112
27822,0.656494
27823,0.84609
27824,0.610585
27825,0.892932
27826,0.636866
27827,0.49711
27828,0.710956
27829,0.911991
27830,0.794142
27831,0.909064
27832,0.707028
27833,0.593995
27834,0.899853
27835,0.943274
27836,0.476823
27837,0.537007
27838,0.689976
27839,0.443396
27840,0.642063
27841,0.584265
27842,0.751613
27843,0.926988
27844,0.953623
27845,0.929017
27846,0.53859
27847,0.554223
27848,0.708535
27849,0.903072
27850,0.947756
27851,0.893088
27852,0.761147
27853,0.646118
27854,0.819655
27855,0.882343
27856,0.651722
27857,0.910935
27858,0.673852
27859,0.093517
27860,0.206608
27861,0.572508
27862,0.937404
27863,0.715344
27864,0.948475
27865,0.796163
27866,0.982455
27867,0.824147
27868,0.722869
27869,0.839792
27870,0.681041
27871,0.734459
27872,0.958854
27873,0.82036
27874,0.706903
27875,0.967589
27876,0.816986
27877,0.381364
27878,0.931204
27879,0.552935
27880,0.558595
27881,0.605632
27882,0.933301
27883,0.856802
27884,0.977941
27885,0.823313
27886,0.597426
27887,0.919576
27888,0.584271
27889,0.919567
27890,0.117468
27891,0.824745
27892,0.705331
27893,0.750267
27894,0.530429
27895,0.775681
27896,0.69958
27897,0.857958
27898,0.6643
27899,0.933829
27900,0.469032
27901,0.908041
27902,0.190782
27903,0.147609
27904,0.988452
27905,0.979773
27906,0.653625
27907,0.908659
27908,0.041779
27909,0.816651
27910,0.732948
27911,0.832016
27912,0.704671
27913,0.736838
27914,0.982668
27915,0.591733
27916,0.933854
27917,0.11352
27918,0.860489
27919,0.391558
27920,0.591746
27921,0.696308
27922,0.938106
27923,0.748876
27924,0.869593
27925,0.922783
27926,0.649244
27927,0.808791
27928,0.780578
27929,0.856488
27930,0.796963
27931,0.650267
27932,0.950009
27933,0.790485
27934,0.633698
27935,0.84077
27936,0.711031
27937,0.891698
27938,0.791784
27939,0.958312
27940,0.698233
27941,0.658211
27942,0.829128
27943,0.751284
27944,0.967844
27945,0.730605
27946,0.679105
27947,0.737018
27948,0.368444
27949,0.652426
27950,0.225362
27951,0.700794
27952,0.844641
27953,0.763315
27954,0.864825
27955,0.510213
27956,0.907652
27957,0.672378
27958,0.772617
27959,0.669337
27960,0.661569
27961,0.734711
27962,0.800007
27963,0.68825
27964,0.904743
27965,0.601974
27966,0.715859
27967,0.984987
27968,0.881018
27969,0.555096
27970,0.992455
27971,0.875036
27972,0.796342
27973,0.644456
27974,0.596161
27975,0.861546
27976,0.862975
27977,0.624836
27978,0.718215
27979,0.411139
27980,0.729707
27981,0.800688
27982,0.641527
27983,0.195231
27984,0.744714
27985,0.819667
27986,0.961443
27987,0.683526
27988,0.486803
27989,0.757916
27990,0.893435
27991,0.979647
27992,0.489166
27993,0.969544
27994,0.138303
27995,0.469379
27996,0.630081
27997,0.800773
27998,0.962823
27999,0.664505
28000,0.904619
28001,0.57914
28002,0.898642
28003,0.982513
28004,0.824814
28005,0.729628
28006,0.701766
28007,0.255377
28008,0.942689
28009,0.833925
28010,0.720543
28011,0.882603
28012,0.93429
28013,0.85104
28014,0.935028
28015,0.702294
28016,0.526334
28017,0.497747
28018,0.870707
28019,0.80836
28020,0.403538
28021,0.046868
28022,0.99499
28023,0.720603
28024,0.783959
28025,0.625082
28026,0.859229
28027,0.927187
28028,0.933938
28029,0.678407
28030,0.453636
28031,0.803328
28032,0.985984
28033,0.851046
28034,0.62004
28035,0.861014
28036,0.783033
28037,0.735239
28038,0.654166
28039,0.856012
28040,0.642067
28041,0.806939
28042,0.710764
28043,0.744394
28044,0.658353
28045,0.961941
28046,0.977594
28047,0.935087
28048,0.846045
28049,0.864252
28050,0.630295
28051,0.66633
28052,0.7393
28053,0.650539
28054,0.704148
28055,0.661173
28056,0.977759
28057,0.796329
28058,0.154123
28059,0.568663
28060,0.673236
28061,0.769985
28062,0.02333
28063,0.083358
28064,0.25749
28065,0.745633
28066,0.908681
28067,0.780921
28068,0.956357
28069,0.767262
28070,0.86044
28071,0.944261
28072,0.653102
28073,0.689605
28074,0.498093
28075,0.857203
28076,0.500717
28077,0.816695
28078,0.295848
28079,0.603171
28080,0.956709
28081,0.676617
28082,0.933467
28083,0.637227
28084,0.708749
28085,0.676438
28086,0.491704
28087,0.873511
28088,0.469178
28089,0.537043
28090,0.747482
28091,0.666764
28092,0.94559
28093,0.878651
28094,0.596245
28095,0.819207
28096,0.969091
28097,0.831289
28098,0.986191
28099,0.631074
28100,0.943589
28101,0.795172
28102,0.588212
28103,0.296909
28104,0.112561
28105,0.328564
28106,0.551707
28107,0.725716
28108,0.961977
28109,0.906314
28110,0.026546
28111,0.961696
28112,0.957939
28113,0.866041
28114,0.828426
28115,0.70916
28116,0.803275
28117,0.87361
28118,0.553161
28119,0.773249
28120,0.636059
28121,0.765169
28122,0.743875
28123,0.950695
28124,0.535961
28125,0.789545
28126,0.791493
28127,0.8658
28128,0.618333
28129,0.883155
28130,0.720513
28131,0.658643
28132,0.936551
28133,0.501976
28134,0.767896
28135,0.354887
28136,0.854793
28137,0.730484
28138,0.645888
28139,0.773865
28140,0.714427
28141,0.869054
28142,0.719001
28143,0.921112
28144,0.858206
28145,0.591874
28146,0.927283
28147,0.5494
28148,0.856858
28149,0.814658
28150,0.992376
28151,0.873995
28152,0.712545
28153,0.785273
28154,0.794059
28155,0.767993
28156,0.86271
28157,0.971135
28158,0.809816
28159,0.943991
28160,0.030113
28161,0.588998
28162,0.917503
28163,0.841282
28164,0.877371
28165,0.265286
28166,0.992126
28167,0.900695
28168,0.549696
28169,0.856137
28170,0.917008
28171,0.901412
28172,0.789739
28173,0.657973
28174,0.847774
28175,0.975071
28176,0.832889
28177,0.666721
28178,0.948074
28179,0.53999
28180,0.837764
28181,0.771778
28182,0.89862
28183,0.930233
28184,0.556735
28185,0.685789
28186,0.483691
28187,0.6806
28188,0.476535
28189,0.300047
28190,0.759281
28191,0.859795
28192,0.640474
28193,0.792298
28194,0.875042
28195,0.859347
28196,0.821312
28197,0.836813
28198,0.843884
28199,0.272182
28200,0.816278
28201,0.554441
28202,0.977895
28203,0.545029
28204,0.783053
28205,0.986251
28206,0.826021
28207,0.928154
28208,0.778825
28209,0.765909
28210,0.83064
28211,0.56065
28212,0.757661
28213,0.734117
28214,0.72112
28215,0.766896
28216,0.336075
28217,0.761261
28218,0.873285
28219,0.737481
28220,0.886726
28221,0.669004
28222,0.278135
28223,0.746866
28224,0.936412
28225,0.706321
28226,0.29349
28227,0.922561
28228,0.452534
28229,0.688315
28230,0.035462
28231,0.536957
28232,0.66759
28233,0.845983
28234,0.887506
28235,0.817955
28236,0.970696
28237,0.760275
28238,0.730848
28239,0.382515
28240,0.635013
28241,0.993355
28242,0.779588
28243,0.82281
28244,0.694526
28245,0.42483
28246,0.68389
28247,0.800758
28248,0.821123
28249,0.955518
28250,0.749087
28251,0.492358
28252,0.723305
28253,0.871769
28254,0.400156
28255,0.946862
28256,0.533213
28257,0.766841
28258,0.553978
28259,0.693082
28260,0.412587
28261,0.757338
28262,0.477893
28263,0.8228
28264,0.458951
28265,0.868476
28266,0.913406
28267,0.485139
28268,0.917702
28269,0.971088
28270,0.51703
28271,0.909155
28272,0.60529
28273,0.849842
28274,0.701361
28275,0.865532
28276,0.965244
28277,0.835824
28278,0.916035
28279,0.417583
28280,0.835835
28281,0.863326
28282,0.731876
28283,0.901242
28284,0.945665
28285,0.97307
28286,0.811155
28287,0.873337
28288,0.793552
28289,0.623708
28290,0.935822
28291,0.958521
28292,0.991689
28293,0.911333
28294,0.995908
28295,0.552008
28296,0.256321
28297,0.663661
28298,0.893204
28299,0.831948
28300,0.955106
28301,0.50417
28302,0.638108
28303,0.811742
28304,0.068681
28305,0.068053
28306,0.669329
28307,0.754487
28308,0.885907
28309,0.733804
28310,0.822189
28311,0.821268
28312,0.610741
28313,0.568848
28314,0.702121
28315,0.632983
28316,0.774355
28317,0.766626
28318,0.724723
28319,0.864727
28320,0.560113
28321,0.894027
28322,0.818983
28323,0.681819
28324,0.882201
28325,0.840825
28326,0.056601
28327,0.154118
28328,0.050678
28329,0.496711
28330,0.310253
28331,0.797286
28332,0.602389
28333,0.656548
28334,0.71914
28335,0.732449
28336,0.84476
28337,0.585666
28338,0.584089
28339,0.940089
28340,0.649
28341,0.604017
28342,0.639312
28343,0.485906
28344,0.540349
28345,0.67854
28346,0.903555
28347,0.508093
28348,0.459207
28349,0.836358
28350,0.378264
28351,0.480279
28352,0.485555
28353,0.539511
28354,0.542064
28355,0.247661
28356,0.792778
28357,0.805433
28358,0.967964
28359,0.373422
28360,0.681216
28361,0.741539
28362,0.653286
28363,0.568168
28364,0.798752
28365,0.785238
28366,0.827215
28367,0.982563
28368,0.646319
28369,0.495861
28370,0.821117
28371,0.812995
28372,0.974036
28373,0.873743
28374,0.483457
28375,0.83918
28376,0.702367
28377,0.767085
28378,0.904476
28379,0.470182
28380,0.590168
28381,0.749554
28382,0.650625
28383,0.834733
28384,0.74112
28385,0.956915
28386,0.932478
28387,0.457281
28388,0.839449
28389,0.552053
28390,0.721964
28391,0.725047
28392,0.984796
28393,0.923112
28394,0.826456
28395,0.568449
28396,0.733061
28397,0.73023
28398,0.878503
28399,0.831328
28400,0.777328
28401,0.986557
28402,0.295437
28403,0.872342
28404,0.692351
28405,0.953348
28406,0.98549
28407,0.898754
28408,0.726833
28409,0.896119
28410,0.294957
28411,0.876233
28412,0.948427
28413,0.447176
28414,0.529113
28415,0.759579
28416,0.729031
28417,0.291289
28418,0.779012
28419,0.354441
28420,0.588534
28421,0.983319
28422,0.656724
28423,0.571541
28424,0.816767
28425,0.665171
28426,0.811387
28427,0.640041
28428,0.976332
28429,0.810952
28430,0.91842
28431,0.970791
28432,0.75987
28433,0.950551
28434,0.944382
28435,0.788648
28436,0.858861
28437,0.930655
28438,0.859707
28439,0.502031
28440,0.818736
28441,0.97074
28442,0.778268
28443,0.937317
28444,0.958915
28445,0.776532
28446,0.904895
28447,0.671785
28448,0.855438
28449,0.906848
28450,0.734605
28451,0.746639
28452,0.439695
28453,0.89544
28454,0.955233
28455,0.947359
28456,0.603091
28457,0.904408
28458,0.660189
28459,0.865364
28460,0.869939
28461,0.966899
28462,0.727767
28463,0.446108
28464,0.813852
28465,0.615035
28466,0.308221
28467,0.448225
28468,0.872551
28469,0.411083
28470,0.848439
28471,0.703153
28472,0.973385
28473,0.649073
28474,0.954679
28475,0.276035
28476,0.700606
28477,0.341827
28478,0.330949
28479,0.773612
28480,0.75813
28481,0.426066
28482,0.556028
28483,0.715984
28484,0.892566
28485,0.926844
28486,0.986153
28487,0.63671
28488,0.716007
28489,0.370033
28490,0.904956
28491,0.914981
28492,0.76581
28493,0.943266
28494,0.962192
28495,0.451908
28496,0.722989
28497,0.749859
28498,0.754161
28499,0.707239
28500,0.908882
28501,0.89177
28502,0.843989
28503,0.931161
28504,0.41297
28505,0.930813
28506,0.833348
28507,0.574582
28508,0.680647
28509,0.633208
28510,0.444448
28511,0.989591
28512,0.54607
28513,0.438729
28514,0.550527
28515,0.440721
28516,0.467483
28517,0.730952
28518,0.746285
28519,0.418127
28520,0.51295
28521,0.077256
28522,0.721444
28523,0.733008
28524,0.826821
28525,0.802348
28526,0.681088
28527,0.984437
28528,0.83222
28529,0.447373
28530,0.414706
28531,0.653708
28532,0.884777
28533,0.882542
28534,0.76353
28535,0.73546
28536,0.554726
28537,0.747428
28538,0.916458
28539,0.746687
28540,0.964334
28541,0.978258
28542,0.747262
28543,0.521892
28544,0.708918
28545,0.943578
28546,0.8475
28547,0.592198
28548,0.466058
28549,0.870203
28550,0.796246
28551,0.664212
28552,0.298811
28553,0.591078
28554,0.831208
28555,0.934072
28556,0.704801
28557,0.922986
28558,0.587034
28559,0.689597
28560,0.76357
28561,0.986384
28562,0.940988
28563,0.447469
28564,0.668206
28565,0.836467
28566,0.839457
28567,0.930349
28568,0.735611
28569,0.817396
28570,0.803967
28571,0.978255
28572,0.780153
28573,0.828857
28574,0.722712
28575,0.872563
28576,0.90635
28577,0.774772
28578,0.747388
28579,0.976629
28580,0.77824
28581,0.694975
28582,0.749096
28583,0.474283
28584,0.055494
28585,0.721104
28586,0.851964
28587,0.730266
28588,0.904955
28589,0.812226
28590,0.677522
28591,0.687817
28592,0.194015
28593,0.601347
28594,0.57895
28595,0.831068
28596,0.949098
28597,0.978245
28598,0.93422
28599,0.944104
28600,0.814816
28601,0.680303
28602,0.691977
28603,0.099902
28604,0.911676
28605,0.886879
28606,0.813488
28607,0.843114
28608,0.742985
28609,0.957751
28610,0.409581
28611,0.794955
28612,0.906228
28613,0.663021
28614,0.898431
28615,0.734605
28616,0.947893
28617,0.922465
28618,0.537111
28619,0.710651
28620,0.109337
28621,0.647266
28622,0.790298
28623,0.436933
28624,0.69179
28625,0.823221
28626,0.103773
28627,0.916496
28628,0.728906
28629,0.96772
28630,0.438299
28631,0.989044
28632,0.600957
28633,0.862221
28634,0.966184
28635,0.887041
28636,0.951444
28637,0.476394
28638,0.61318
28639,0.679276
28640,0.912357
28641,0.736003
28642,0.424032
28643,0.850104
28644,0.028688
28645,0.965917
28646,0.635466
28647,0.832508
28648,0.896908
28649,0.029243
28650,0.898593
28651,0.543441
28652,0.753515
28653,0.65065
28654,0.536466
28655,0.887784
28656,0.857827
28657,0.693068
28658,0.674115
28659,0.947515
28660,0.556349
28661,0.339739
28662,0.647589
28663,0.844259
28664,0.600256
28665,0.844009
28666,0.609977
28667,0.718908
28668,0.76848
28669,0.686396
28670,0.481696
28671,0.885055
28672,0.889541
28673,0.67249
28674,0.988066
28675,0.457299
28676,0.962737
28677,0.914536
28678,0.862098
28679,0.953177
28680,0.501354
28681,0.755593
28682,0.791249
28683,0.809897
28684,0.776567
28685,0.898449
28686,0.895944
28687,0.985067
28688,0.690878
28689,0.888312
28690,0.80904
28691,0.785147
28692,0.811978
28693,0.539234
28694,0.844206
28695,0.623511
28696,0.730151
28697,0.773442
28698,0.038095
28699,0.661658
28700,0.546885
28701,0.811599
28702,0.831934
28703,0.470079
28704,0.061881
28705,0.679118
28706,0.973459
28707,0.918154
28708,0.766865
28709,0.714522
28710,0.367175
28711,0.728644
28712,0.961578
28713,0.898955
28714,0.571327
28715,0.897009
28716,0.403597
28717,0.823944
28718,0.947221
28719,0.771189
28720,0.647845
28721,0.513725
28722,0.508204
28723,0.787555
28724,0.885269
28725,0.857815
28726,0.138424
28727,0.614922
28728,0.85955
28729,0.797741
28730,0.980839
28731,0.659696
28732,0.843707
28733,0.877885
28734,0.556689
28735,0.58458
28736,0.974591
28737,0.907583
28738,0.726268
28739,0.914207
28740,0.672775
28741,0.919787
28742,0.910727
28743,0.416377
28744,0.696627
28745,0.964837
28746,0.905017
28747,0.837188
28748,0.432281
28749,0.944618
28750,0.540519
28751,0.833425
28752,0.976637
28753,0.710746
28754,0.686934
28755,0.812066
28756,0.801403
28757,0.941013
28758,0.901513
28759,0.774389
28760,0.903405
28761,0.586718
28762,0.458747
28763,0.77546
28764,0.798619
28765,0.385997
28766,0.447456
28767,0.868804
28768,0.572256
28769,0.595924
28770,0.581937
28771,0.886092
28772,0.568751
28773,0.406529
28774,0.990838
28775,0.700535
28776,0.77676
28777,0.656653
28778,0.754927
28779,0.644259
28780,0.818774
28781,0.797876
28782,0.783248
28783,0.867375
28784,0.370079
28785,0.695515
28786,0.809752
28787,0.784989
28788,0.414369
28789,0.836132
28790,0.775631
28791,0.721352
28792,0.718462
28793,0.706777
28794,0.513629
28795,0.784968
28796,0.609615
28797,0.80815
28798,0.356934
28799,0.906493
28800,0.391004
28801,0.893596
28802,0.038786
28803,0.977967
28804,0.89434
28805,0.835925
28806,0.852247
28807,0.755151
28808,0.984792
28809,0.941205
28810,0.936679
28811,0.903607
28812,0.35556
28813,0.368925
28814,0.856938
28815,0.68719
28816,0.906531
28817,0.476341
28818,0.682562
28819,0.888608
28820,0.022436
28821,0.158304
28822,0.696882
28823,0.82966
28824,0.710769
28825,0.900718
28826,0.731659
28827,0.950367
28828,0.778315
28829,0.76558
28830,0.619228
28831,0.968413
28832,0.725435
28833,0.916268
28834,0.721007
28835,0.803521
28836,0.896235
28837,0.757418
28838,0.342111
28839,0.828374
28840,0.862239
28841,0.880224
28842,0.780335
28843,0.817062
28844,0.590041
28845,0.06341
28846,0.771123
28847,0.976604
28848,0.583374
28849,0.747408
28850,0.984926
28851,0.767295
28852,0.70419
28853,0.796799
28854,0.742325
28855,0.897376
28856,0.621615
28857,0.513382
28858,0.886666
28859,0.102931
28860,0.368016
28861,0.889862
28862,0.628156
28863,0.748887
28864,0.964189
28865,0.800025
28866,0.328527
28867,0.717858
28868,0.720934
28869,0.727093
28870,0.987683
28871,0.947102
28872,0.741904
28873,0.58029
28874,0.709451
28875,0.900453
28876,0.934506
28877,0.509823
28878,0.850253
28879,0.324855
28880,0.963827
28881,0.59297
28882,0.61944
28883,0.433261
28884,0.712084
28885,0.967039
28886,0.988231
28887,0.59392
28888,0.078099
28889,0.785635
28890,0.738719
28891,0.829163
28892,0.924859
28893,0.76665
28894,0.630385
28895,0.641718
28896,0.819331
28897,0.835572
28898,0.915599
28899,0.440908
28900,0.917611
28901,0.721918
28902,0.849435
28903,0.951354
28904,0.913157
28905,0.450795
28906,0.808304
28907,0.491214
28908,0.554211
28909,0.802315
28910,0.9789
28911,0.788271
28912,0.512064
28913,0.78322
28914,0.654578
28915,0.921779
28916,0.824915
28917,0.827527
28918,0.869197
28919,0.806466
28920,0.844612
28921,0.716444
28922,0.403275
28923,0.340707
28924,0.691185
28925,0.775903
28926,0.810854
28927,0.902348
28928,0.558354
28929,0.936828
28930,0.538069
28931,0.893409
28932,0.512
28933,0.87577
28934,0.922042
28935,0.809533
28936,0.950554
28937,0.555485
28938,0.853351
28939,0.866761
28940,0.778012
28941,0.495109
28942,0.848673
28943,0.163763
28944,0.836933
28945,0.672227
28946,0.683522
28947,0.153611
28948,0.955075
28949,0.605139
28950,0.989733
28951,0.712728
28952,0.825997
28953,0.870163
28954,0.58168
28955,0.778815
28956,0.987658
28957,0.644464
28958,0.976661
28959,0.758994
28960,0.643595
28961,0.578593
28962,0.679389
28963,0.576022
28964,0.568222
28965,0.515718
28966,0.582772
28967,0.676311
28968,0.833234
28969,0.753857
28970,0.779
28971,0.707354
28972,0.976957
28973,0.908636
28974,0.644522
28975,0.769269
28976,0.668904
28977,0.956942
28978,0.526825
28979,0.753225
28980,0.858815
28981,0.897996
28982,0.814266
28983,0.987779
28984,0.671366
28985,0.90328
28986,0.855401
28987,0.822968
28988,0.735503
28989,0.470891
28990,0.80883
28991,0.565218
28992,0.436388
28993,0.410132
28994,0.651433
28995,0.027667
28996,0.990601
28997,0.174427
28998,0.880087
28999,0.866388
29000,0.840975
29001,0.47425
29002,0.976625
29003,0.969981
29004,0.873854
29005,0.273236
29006,0.82367
29007,0.669189
29008,0.820046
29009,0.953712
29010,0.691719
29011,0.849028
29012,0.790997
29013,0.641277
29014,0.959101
29015,0.871532
29016,0.759417
29017,0.295401
29018,0.784884
29019,0.809372
29020,0.405051
29021,0.92988
29022,0.896021
29023,0.986106
29024,0.461781
29025,0.975263
29026,0.923025
29027,0.537908
29028,0.816804
29029,0.868659
29030,0.688639
29031,0.875318
29032,0.830158
29033,0.746524
29034,0.692611
29035,0.983232
29036,0.708436
29037,0.937572
29038,0.66949
29039,0.810562
29040,0.047698
29041,0.934271
29042,0.423497
29043,0.958592
29044,0.833334
29045,0.302853
29046,0.693323
29047,0.695957
29048,0.471533
29049,0.977961
29050,0.399286
29051,0.482022
29052,0.642188
29053,0.909426
29054,0.570472
29055,0.752343
29056,0.634764
29057,0.775873
29058,0.421397
29059,0.907433
29060,0.634652
29061,0.62869
29062,0.982632
29063,0.447121
29064,0.663657
29065,0.806096
29066,0.887749
29067,0.779139
29068,0.527876
29069,0.966546
29070,0.664223
29071,0.850243
29072,0.724112
29073,0.866458
29074,0.807602
29075,0.863291
29076,0.937498
29077,0.8271
29078,0.764916
29079,0.890907
29080,0.922822
29081,0.726901
29082,0.773641
29083,0.838329
29084,0.733341
29085,0.742352
29086,0.911371
29087,0.24066
29088,0.696191
29089,0.562201
29090,0.958689
29091,0.788768
29092,0.658851
29093,0.662176
29094,0.959795
29095,0.989003
29096,0.434016
29097,0.698094
29098,0.790694
29099,0.935317
29100,0.757905
29101,0.942502
29102,0.775455
29103,0.914806
29104,0.896621
29105,0.845971
29106,0.808019
29107,0.585147
29108,0.610194
29109,0.756761
29110,0.530278
29111,0.860876
29112,0.489753
29113,0.77505
29114,0.911669
29115,0.948192
29116,0.799182
29117,0.747598
29118,0.755127
29119,0.520194
29120,0.976571
29121,0.764652
29122,0.747363
29123,0.862369
29124,0.939208
29125,0.368592
29126,0.979886
29127,0.655767
29128,0.950763
29129,0.455178
29130,0.914361
29131,0.889796
29132,0.505408
29133,0.937423
29134,0.779357
29135,0.726219
29136,0.521179
29137,0.628035
29138,0.843965
29139,0.709118
29140,0.844525
29141,0.857588
29142,0.931588
29143,0.945825
29144,0.581976
29145,0.417124
29146,0.823951
29147,0.981098
29148,0.711814
29149,0.794704
29150,0.932575
29151,0.871938
29152,0.953805
29153,0.841112
29154,0.748435
29155,0.094789
29156,0.805356
29157,0.700302
29158,0.987806
29159,0.741542
29160,0.97173
29161,0.886724
29162,0.977678
29163,0.677734
29164,0.305939
29165,0.617898
29166,0.944414
29167,0.623631
29168,0.703163
29169,0.78389
29170,0.83499
29171,0.933712
29172,0.619649
29173,0.623031
29174,0.238009
29175,0.590245
29176,0.824318
29177,0.659518
29178,0.899369
29179,0.890517
29180,0.80557
29181,0.823824
29182,0.917352
29183,0.969973
29184,0.424198
29185,0.915942
29186,0.557778
29187,0.854449
29188,0.377363
29189,0.707538
29190,0.848187
29191,0.870574
29192,0.81494
29193,0.924879
29194,0.835914
29195,0.927035
29196,0.593877
29197,0.985795
29198,0.555677
29199,0.048285
29200,0.873643
29201,0.880046
29202,0.578752
29203,0.332573
29204,0.761233
29205,0.653523
29206,0.704068
29207,0.632197
29208,0.768897
29209,0.799922
29210,0.63789
29211,0.70378
29212,0.92033
29213,0.479443
29214,0.572239
29215,0.664251
29216,0.769997
29217,0.852624
29218,0.70054
29219,0.790436
29220,0.845611
29221,0.493751
29222,0.882348
29223,0.834477
29224,0.932815
29225,0.548573
29226,0.443059
29227,0.724756
29228,0.949487
29229,0.833381
29230,0.971026
29231,0.702468
29232,0.658897
29233,0.956535
29234,0.564539
29235,0.892107
29236,0.666824
29237,0.661294
29238,0.706477
29239,0.96624
29240,0.872351
29241,0.792506
29242,0.531729
29243,0.755239
29244,0.563846
29245,0.908092
29246,0.557103
29247,0.802901
29248,0.91661
29249,0.695
29250,0.785835
29251,0.875011
29252,0.979615
29253,0.85425
29254,0.702134
29255,0.60079
29256,0.804153
29257,0.590074
29258,0.97932
29259,0.741265
29260,0.635675
29261,0.747573
29262,0.812434
29263,0.790059
29264,0.542018
29265,0.355596
29266,0.723912
29267,0.902023
29268,0.822073
29269,0.235619
29270,0.878366
29271,0.575545
29272,0.752784
29273,0.809979
29274,0.703473
29275,0.601405
29276,0.817959
29277,0.95694
29278,0.55419
29279,0.561325
29280,0.820124
29281,0.946448
29282,0.936575
29283,0.806011
29284,0.651131
29285,0.72668
29286,0.972732
29287,0.974178
29288,0.742885
29289,0.889696
29290,0.621846
29291,0.621067
29292,0.637472
29293,0.903963
29294,0.418341
29295,0.946977
29296,0.902362
29297,0.526844
29298,0.89372
29299,0.493468
29300,0.7309
29301,0.866788
29302,0.854872
29303,0.724904
29304,0.873672
29305,0.762237
29306,0.752299
29307,0.579472
29308,0.752616
29309,0.625752
29310,0.964045
29311,0.619268
29312,0.854257
29313,0.802153
29314,0.745715
29315,0.63644
29316,0.64899
29317,0.655767
29318,0.8295
29319,0.987014
29320,0.720796
29321,0.681366
29322,0.937577
29323,0.530381
29324,0.718294
29325,0.490536
29326,0.713559
29327,0.320091
29328,0.65932
29329,0.465236
29330,0.673424
29331,0.594302
29332,0.62293
29333,0.627222
29334,0.612346
29335,0.693397
29336,0.886607
29337,0.205911
29338,0.744154
29339,0.968716
29340,0.664758
29341,0.936339
29342,0.753222
29343,0.281655
29344,0.915403
29345,0.756296
29346,0.925946
29347,0.758084
29348,0.96265
29349,0.987306
29350,0.741091
29351,0.970109
29352,0.79741
29353,0.752471
29354,0.698548
29355,0.916264
29356,0.710259
29357,0.696022
29358,0.2363
29359,0.362065
29360,0.882351
29361,0.586065
29362,0.780721
29363,0.944123
29364,0.904273
29365,0.486585
29366,0.565494
29367,0.993631
29368,0.649836
29369,0.886852
29370,0.862776
29371,0.627154
29372,0.921715
29373,0.904904
29374,0.827773
29375,0.814762
29376,0.52222
29377,0.770062
29378,0.854142
29379,0.696873
29380,0.971749
29381,0.934806
29382,0.966259
29383,0.830999
29384,0.934575
29385,0.864367
29386,0.522904
29387,0.174574
29388,0.79494
29389,0.798649
29390,0.705616
29391,0.556908
29392,0.453777
29393,0.979237
29394,0.969852
29395,0.987132
29396,0.846249
29397,0.774229
29398,0.659931
29399,0.777985
29400,0.03942
29401,0.752774
29402,0.941314
29403,0.718787
29404,0.555349
29405,0.549721
29406,0.482884
29407,0.913191
29408,0.735535
29409,0.417347
29410,0.940869
29411,0.646074
29412,0.701748
29413,0.539973
29414,0.804655
29415,0.75889
29416,0.985846
29417,0.868635
29418,0.977227
29419,0.749125
29420,0.561257
29421,0.23862
29422,0.931025
29423,0.890793
29424,0.525488
29425,0.888397
29426,0.699685
29427,0.601756
29428,0.909366
29429,0.460436
29430,0.975722
29431,0.762179
29432,0.035402
29433,0.745417
29434,0.389
29435,0.812819
29436,0.747493
29437,0.411079
29438,0.241717
29439,0.904961
29440,0.916891
29441,0.752595
29442,0.638489
29443,0.526399
29444,0.609857
29445,0.5211
29446,0.599317
29447,0.797829
29448,0.644048
29449,0.961079
29450,0.767105
29451,0.834603
29452,0.510753
29453,0.607573
29454,0.86297
29455,0.729423
29456,0.680595
29457,0.714091
29458,0.80421
29459,0.896516
29460,0.529418
29461,0.648134
29462,0.907512
29463,0.349057
29464,0.594936
29465,0.387099
29466,0.95747
29467,0.747146
29468,0.42677
29469,0.561035
29470,0.895816
29471,0.864343
29472,0.789508
29473,0.55561
29474,0.859118
29475,0.667667
29476,0.780376
29477,0.967166
29478,0.034912
29479,0.646478
29480,0.707127
29481,0.6115
29482,0.739446
29483,0.74511
29484,0.690375
29485,0.990789
29486,0.628348
29487,0.805665
29488,0.889778
29489,0.630662
29490,0.840517
29491,0.952005
29492,0.872808
29493,0.867243
29494,0.804778
29495,0.932311
29496,0.769494
29497,0.888383
29498,0.477951
29499,0.954141
29500,0.276248
29501,0.914272
29502,0.914544
29503,0.76916
29504,0.78413
29505,0.617685
29506,0.791101
29507,0.875018
29508,0.887187
29509,0.938387
29510,0.842445
29511,0.785864
29512,0.791945
29513,0.906434
29514,0.827156
29515,0.75152
29516,0.220613
29517,0.91025
29518,0.403029
29519,0.597405
29520,0.985878
29521,0.337412
29522,0.762114
29523,0.73391
29524,0.750491
29525,0.58847
29526,0.789008
29527,0.669789
29528,0.822453
29529,0.412785
29530,0.895432
29531,0.890798
29532,0.854638
29533,0.743669
29534,0.967153
29535,0.822209
29536,0.957183
29537,0.921244
29538,0.820746
29539,0.741144
29540,0.966119
29541,0.49803
29542,0.972399
29543,0.84853
29544,0.970308
29545,0.888252
29546,0.525762
29547,0.750488
29548,0.87291
29549,0.815501
29550,0.368212
29551,0.630789
29552,0.742483
29553,0.590727
29554,0.785771
29555,0.648719
29556,0.935179
29557,0.867872
29558,0.657971
29559,0.749557
29560,0.135429
29561,0.949706
29562,0.67938
29563,0.822748
29564,0.468896
29565,0.971546
29566,0.681205
29567,0.851486
29568,0.843425
29569,0.8236
29570,0.385422
29571,0.580292
29572,0.884772
29573,0.727335
29574,0.872845
29575,0.810684
29576,0.902598
29577,0.69705
29578,0.139536
29579,0.729972
29580,0.425305
29581,0.81885
29582,0.049381
29583,0.864366
29584,0.650006
29585,0.846226
29586,0.698812
29587,0.69042
29588,0.755682
29589,0.734867
29590,0.81141
29591,0.840336
29592,0.644264
29593,0.675475
29594,0.531346
29595,0.76403
29596,0.550489
29597,0.746663
29598,0.832862
29599,0.371316
29600,0.907761
29601,0.626013
29602,0.621745
29603,0.811201
29604,0.569957
29605,0.768796
29606,0.971533
29607,0.760233
29608,0.90798
29609,0.603713
29610,0.840896
29611,0.599007
29612,0.767967
29613,0.981549
29614,0.662251
29615,0.645588
29616,0.903845
29617,0.899316
29618,0.758262
29619,0.698648
29620,0.768594
29621,0.964764
29622,0.986023
29623,0.962597
29624,0.820699
29625,0.83008
29626,0.721795
29627,0.871626
29628,0.769167
29629,0.553322
29630,0.943008
29631,0.914756
29632,0.98828
29633,0.756925
29634,0.29851
29635,0.557945
29636,0.848641
29637,0.527575
29638,0.545198
29639,0.868628
29640,0.543356
29641,0.889395
29642,0.865117
29643,0.977535
29644,0.413878
29645,0.815109
29646,0.973524
29647,0.759079
29648,0.712672
29649,0.508422
29650,0.676519
29651,0.535048
29652,0.682788
29653,0.983721
29654,0.683583
29655,0.969953
29656,0.319774
29657,0.83543
29658,0.208236
29659,0.901537
29660,0.486253
29661,0.758887
29662,0.612145
29663,0.563034
29664,0.884451
29665,0.990716
29666,0.896602
29667,0.626723
29668,0.972215
29669,0.970901
29670,0.707177
29671,0.803492
29672,0.48278
29673,0.803694
29674,0.967475
29675,0.841883
29676,0.552785
29677,0.964156
29678,0.538047
29679,0.842181
29680,0.858301
29681,0.782769
29682,0.846602
29683,0.896522
29684,0.443724
29685,0.661015
29686,0.384923
29687,0.922267
29688,0.580236
29689,0.944141
29690,0.389964
29691,0.555455
29692,0.882258
29693,0.952475
29694,0.835948
29695,0.540359
29696,0.977821
29697,0.95774
29698,0.63125
29699,0.978905
29700,0.975617
29701,0.814595
29702,0.713303
29703,0.61379
29704,0.788351
29705,0.903754
29706,0.975181
29707,0.848598
29708,0.080422
29709,0.550906
29710,0.737983
29711,0.725046
29712,0.744162
29713,0.568777
29714,0.413432
29715,0.685843
29716,0.801572
29717,0.730852
29718,0.921144
29719,0.775885
29720,0.793559
29721,0.713287
29722,0.858726
29723,0.455259
29724,0.923693
29725,0.770986
29726,0.846797
29727,0.973498
29728,0.134155
29729,0.593946
29730,0.820167
29731,0.85265
29732,0.177333
29733,0.727949
29734,0.813187
29735,0.087318
29736,0.687289
29737,0.438794
29738,0.749349
29739,0.555647
29740,0.409606
29741,0.777915
29742,0.908085
29743,0.985435
29744,0.759852
29745,0.61071
29746,0.687635
29747,0.924972
29748,0.591215
29749,0.762608
29750,0.888924
29751,0.925618
29752,0.880317
29753,0.976257
29754,0.723205
29755,0.872655
29756,0.59544
29757,0.56567
29758,0.714988
29759,0.760597
29760,0.555984
29761,0.747343
29762,0.691467
29763,0.445047
29764,0.728523
29765,0.860701
29766,0.708789
29767,0.990173
29768,0.725959
29769,0.952769
29770,0.631779
29771,0.992317
29772,0.904272
29773,0.314055
29774,0.763654
29775,0.386823
29776,0.627372
29777,0.962184
29778,0.766076
29779,0.49285
29780,0.765625
29781,0.231524
29782,0.629545
29783,0.565535
29784,0.748501
29785,0.89013
29786,0.963861
29787,0.525446
29788,0.581651
29789,0.466757
29790,0.295047
29791,0.660362
29792,0.573553
29793,0.561208
29794,0.636881
29795,0.661422
29796,0.932992
29797,0.788164
29798,0.660255
29799,0.857111
29800,0.650595
29801,0.911459
29802,0.80652
29803,0.758319
29804,0.918156
29805,0.89816
29806,0.894862
29807,0.987521
29808,0.624812
29809,0.976964
29810,0.738433
29811,0.699001
29812,0.990387
29813,0.950955
29814,0.985139
29815,0.615848
29816,0.626806
29817,0.557253
29818,0.843139
29819,0.764823
29820,0.76095
29821,0.560711
29822,0.572899
29823,0.802324
29824,0.89399
29825,0.441776
29826,0.500019
29827,0.980594
29828,0.929153
29829,0.886132
29830,0.910715
29831,0.836833
29832,0.148429
29833,0.588687
29834,0.953152
29835,0.715991
29836,0.843095
29837,0.523036
29838,0.962249
29839,0.925679
29840,0.68561
29841,0.665734
29842,0.895064
29843,0.254871
29844,0.805252
29845,0.619492
29846,0.616657
29847,0.563803
29848,0.836168
29849,0.556944
29850,0.669055
29851,0.648309
29852,0.913856
29853,0.439675
29854,0.607391
29855,0.69127
29856,0.676082
29857,0.755578
29858,0.794035
29859,0.924427
29860,0.751812
29861,0.708469
29862,0.981659
29863,0.816681
29864,0.768651
29865,0.985662
29866,0.702226
29867,0.801661
29868,0.713156
29869,0.509095
29870,0.986029
29871,0.864234
29872,0.58169
29873,0.968155
29874,0.922541
29875,0.793853
29876,0.793776
29877,0.880571
29878,0.961965
29879,0.464221
29880,0.452432
29881,0.647106
29882,0.575845
29883,0.899871
29884,0.96094
29885,0.758468
29886,0.694409
29887,0.805115
29888,0.395291
29889,0.802506
29890,0.810106
29891,0.575401
29892,0.804417
29893,0.790139
29894,0.871801
29895,0.866156
29896,0.469648
29897,0.843697
29898,0.820274
29899,0.96691
29900,0.76932
29901,0.589783
29902,0.702077
29903,0.554012
29904,0.857666
29905,0.960364
29906,0.036809
29907,0.794972
29908,0.982499
29909,0.776694
29910,0.863362
29911,0.570605
29912,0.540958
29913,0.732571
29914,0.429496
29915,0.722986
29916,0.949596
29917,0.43087
29918,0.670936
29919,0.468771
29920,0.840908
29921,0.781915
29922,0.36267
29923,0.450018
29924,0.700501
29925,0.957831
29926,0.900014
29927,0.675171
29928,0.813095
29929,0.413185
29930,0.810159
29931,0.500311
29932,0.831005
29933,0.271114
29934,0.578019
29935,0.490421
29936,0.91664
29937,0.527438
29938,0.684538
29939,0.941812
29940,0.703683
29941,0.504476
29942,0.627222
29943,0.717805
29944,0.796975
29945,0.649034
29946,0.076367
29947,0.676551
29948,0.754078
29949,0.74741
29950,0.466766
29951,0.712478
29952,0.798623
29953,0.920453
29954,0.920814
29955,0.971227
29956,0.882746
29957,0.31134
29958,0.796536
29959,0.460716
29960,0.744991
29961,0.687972
29962,0.811046
29963,0.61914
29964,0.870061
29965,0.563939
29966,0.824153
29967,0.859904
29968,0.673202
29969,0.725679
29970,0.713545
29971,0.732158
29972,0.902295
29973,0.900722
29974,0.914909
29975,0.752945
29976,0.673643
29977,0.632061
29978,0.584881
29979,0.496608
29980,0.841008
29981,0.483223
29982,0.886728
29983,0.748421
29984,0.721587
29985,0.621838
29986,0.439544
29987,0.662204
29988,0.778999
29989,0.474615
29990,0.661469
29991,0.800869
29992,0.614764
29993,0.84128
29994,0.502795
29995,0.684638
29996,0.81281
29997,0.968655
29998,0.527871
29999,0.815335
30000,0.595267
30001,0.38826
30002,0.667362
30003,0.962732
30004,0.729003
30005,0.930075
30006,0.594094
30007,0.930323
30008,0.973095
30009,0.923833
30010,0.759641
30011,0.785885
30012,0.671006
30013,0.788555
30014,0.73276
30015,0.486761
30016,0.941139
30017,0.638864
30018,0.665958
30019,0.977784
30020,0.495906
30021,0.63131
30022,0.46199
30023,0.700751
30024,0.667583
30025,0.980897
30026,0.882371
30027,0.846
30028,0.649877
30029,0.795115
30030,0.738974
30031,0.735685
30032,0.937797
30033,0.066998
30034,0.880635
30035,0.885658
30036,0.985968
30037,0.506866
30038,0.582923
30039,0.842246
30040,0.87036
30041,0.994658
30042,0.703113
30043,0.475
30044,0.871171
30045,0.628324
30046,0.583388
30047,0.597223
30048,0.604537
30049,0.990245
30050,0.723936
30051,0.819894
30052,0.757287
30053,0.648815
30054,0.936759
30055,0.977945
30056,0.719925
30057,0.745098
30058,0.837646
30059,0.96813
30060,0.710217
30061,0.626256
30062,0.671623
30063,0.595575
30064,0.516168
30065,0.707148
30066,0.955585
30067,0.710428
30068,0.526752
30069,0.416911
30070,0.928486
30071,0.744541
30072,0.753088
30073,0.941299
30074,0.732034
30075,0.818544
30076,0.866983
30077,0.844447
30078,0.941087
30079,0.610544
30080,0.982643
30081,0.984428
30082,0.895483
30083,0.565179
30084,0.740714
30085,0.739617
30086,0.877939
30087,0.62641
30088,0.460338
30089,0.418142
30090,0.94333
30091,0.805141
30092,0.46981
30093,0.572444
30094,0.451564
30095,0.562708
30096,0.848336
30097,0.373135
30098,0.871912
30099,0.367151
30100,0.582189
30101,0.91218
30102,0.657817
30103,0.661602
30104,0.823867
30105,0.472991
30106,0.607724
30107,0.829684
30108,0.288543
30109,0.704982
30110,0.794021
30111,0.728228
30112,0.684557
30113,0.890162
30114,0.563024
30115,0.864584
30116,0.192905
30117,0.916075
30118,0.815035
30119,0.949756
30120,0.695269
30121,0.568988
30122,0.986297
30123,0.596112
30124,0.83342
30125,0.595501
30126,0.57075
30127,0.608133
30128,0.658312
30129,0.681071
30130,0.545967
30131,0.571323
30132,0.924083
30133,0.587365
30134,0.804367
30135,0.752135
30136,0.748137
30137,0.82649
30138,0.854834
30139,0.588543
30140,0.889848
30141,0.415659
30142,0.701235
30143,0.88168
30144,0.898065
30145,0.508643
30146,0.744617
30147,0.608569
30148,0.967995
30149,0.929243
30150,0.829762
30151,0.775972
30152,0.928785
30153,0.570119
30154,0.552248
30155,0.476321
30156,0.892328
30157,0.642804
30158,0.644821
30159,0.925878
30160,0.875657
30161,0.799496
30162,0.744247
30163,0.712579
30164,0.642833
30165,0.703845
30166,0.68493
30167,0.614984
30168,0.059992
30169,0.402533
30170,0.827269
30171,0.746982
30172,0.900833
30173,0.636134
30174,0.715367
30175,0.983704
30176,0.709233
30177,0.856427
30178,0.808984
30179,0.13526
30180,0.810898
30181,0.945296
30182,0.614324
30183,0.829439
30184,0.453767
30185,0.616258
30186,0.895446
30187,0.444133
30188,0.63649
30189,0.194668
30190,0.911566
30191,0.822988
30192,0.810058
30193,0.956555
30194,0.829936
30195,0.728108
30196,0.78241
30197,0.861591
30198,0.783141
30199,0.641974
30200,0.637303
30201,0.834579
30202,0.911818
30203,0.760456
30204,0.238853
30205,0.030556
30206,0.757186
30207,0.949801
30208,0.552175
30209,0.675687
30210,0.721489
30211,0.432096
30212,0.95569
30213,0.699719
30214,0.915874
30215,0.770347
30216,0.862861
30217,0.790637
30218,0.93535
30219,0.825508
30220,0.80186
30221,0.838027
30222,0.889403
30223,0.785602
30224,0.19492
30225,0.946543
30226,0.914559
30227,0.876602
30228,0.333977
30229,0.445918
30230,0.616429
30231,0.694737
30232,0.472822
30233,0.435751
30234,0.924139
30235,0.51123
30236,0.9112
30237,0.652578
30238,0.695201
30239,0.628815
30240,0.588874
30241,0.868979
30242,0.278705
30243,0.790142
30244,0.662195
30245,0.265533
30246,0.61897
30247,0.682243
30248,0.916298
30249,0.596922
30250,0.494293
30251,0.785193
30252,0.768109
30253,0.395949
30254,0.860761
30255,0.752105
30256,0.742425
30257,0.951353
30258,0.980269
30259,0.727003
30260,0.65459
30261,0.731272
30262,0.679642
30263,0.939756
30264,0.73139
30265,0.884863
30266,0.809383
30267,0.662269
30268,0.9269
30269,0.886269
30270,0.516592
30271,0.751292
30272,0.875098
30273,0.988848
30274,0.802145
30275,0.906187
30276,0.88538
30277,0.247567
30278,0.712262
30279,0.81411
30280,0.87974
30281,0.731165
30282,0.866939
30283,0.915029
30284,0.828167
30285,0.863036
30286,0.473268
30287,0.681484
30288,0.801976
30289,0.2479
30290,0.599203
30291,0.671803
30292,0.789627
30293,0.116253
30294,0.89192
30295,0.672711
30296,0.739389
30297,0.518226
30298,0.535299
30299,0.882919
30300,0.755954
30301,0.774259
30302,0.680924
30303,0.935743
30304,0.761288
30305,0.539036
30306,0.246427
30307,0.50831
30308,0.959258
30309,0.868622
30310,0.363831
30311,0.702655
30312,0.234281
30313,0.521467
30314,0.379464
30315,0.896106
30316,0.655789
30317,0.449244
30318,0.898121
30319,0.980027
30320,0.81468
30321,0.884848
30322,0.650875
30323,0.846823
30324,0.73974
30325,0.987759
30326,0.994166
30327,0.836013
30328,0.787525
30329,0.938029
30330,0.283802
30331,0.467955
30332,0.990069
30333,0.89093
30334,0.825333
30335,0.39938
30336,0.76209
30337,0.272464
30338,0.788275
30339,0.877606
30340,0.75276
30341,0.929007
30342,0.501915
30343,0.79642
30344,0.72517
30345,0.634903
30346,0.682689
30347,0.062573
30348,0.798261
30349,0.739135
30350,0.928844
30351,0.939541
30352,0.269499
30353,0.826969
30354,0.741406
30355,0.80209
30356,0.816773
30357,0.295644
30358,0.586799
30359,0.483102
30360,0.865261
30361,0.991411
30362,0.889452
30363,0.66945
30364,0.556385
30365,0.584794
30366,0.81419
30367,0.972849
30368,0.262541
30369,0.941511
30370,0.021823
30371,0.501443
30372,0.112564
30373,0.930228
30374,0.853
30375,0.906501
30376,0.83052
30377,0.861113
30378,0.038209
30379,0.839831
30380,0.869685
30381,0.883122
30382,0.919725
30383,0.713313
30384,0.620391
30385,0.97998
30386,0.84102
30387,0.884205
30388,0.992352
30389,0.827271
30390,0.940438
30391,0.782936
30392,0.874343
30393,0.701208
30394,0.787984
30395,0.700032
30396,0.883412
30397,0.646072
30398,0.655771
30399,0.907313
30400,0.529423
30401,0.93915
30402,0.649867
30403,0.590952
30404,0.933332
30405,0.987028
30406,0.925874
30407,0.92227
30408,0.648542
30409,0.779904
30410,0.545877
30411,0.672257
30412,0.591259
30413,0.338211
30414,0.802075
30415,0.943449
30416,0.733714
30417,0.591551
30418,0.805832
30419,0.76033
30420,0.586975
30421,0.630405
30422,0.782506
30423,0.815473
30424,0.40656
30425,0.989033
30426,0.532271
30427,0.777935
30428,0.464267
30429,0.7631
30430,0.894304
30431,0.924411
30432,0.86334
30433,0.866923
30434,0.773643
30435,0.560997
30436,0.842663
30437,0.938239
30438,0.573792
30439,0.791641
30440,0.575017
30441,0.596428
30442,0.714163
30443,0.992561
30444,0.499999
30445,0.607215
30446,0.424192
30447,0.570996
30448,0.786397
30449,0.700687
30450,0.683128
30451,0.913702
30452,0.893555
30453,0.943631
30454,0.569419
30455,0.891415
30456,0.948597
30457,0.867604
30458,0.919531
30459,0.947862
30460,0.782265
30461,0.976216
30462,0.754224
30463,0.641989
30464,0.67911
30465,0.765671
30466,0.830922
30467,0.880033
30468,0.901374
30469,0.923921
30470,0.963738
30471,0.704119
30472,0.709121
30473,0.781117
30474,0.545903
30475,0.765011
30476,0.811056
30477,0.973621
30478,0.785249
30479,0.516014
30480,0.420772
30481,0.559042
30482,0.949152
30483,0.515719
30484,0.919194
30485,0.643095
30486,0.741335
30487,0.937775
30488,0.393326
30489,0.978293
30490,0.592981
30491,0.9864
30492,0.912308
30493,0.601024
30494,0.595844
30495,0.387622
30496,0.953753
30497,0.987662
30498,0.466199
30499,0.537064
30500,0.803947
30501,0.665986
30502,0.406958
30503,0.807747
30504,0.961159
30505,0.775766
30506,0.69368
30507,0.864466
30508,0.518598
30509,0.844677
30510,0.541723
30511,0.551976
30512,0.700068
30513,0.955812
30514,0.804989
30515,0.835114
30516,0.837039
30517,0.927015
30518,0.039572
30519,0.54863
30520,0.980309
30521,0.780475
30522,0.861729
30523,0.688022
30524,0.69659
30525,0.497667
30526,0.923478
30527,0.234432
30528,0.916153
30529,0.974829
30530,0.400156
30531,0.957352
30532,0.944812
30533,0.934834
30534,0.433272
30535,0.330699
30536,0.840311
30537,0.593949
30538,0.740232
30539,0.546549
30540,0.351449
30541,0.788848
30542,0.970135
30543,0.731194
30544,0.857657
30545,0.557775
30546,0.644086
30547,0.834719
30548,0.801235
30549,0.658654
30550,0.857904
30551,0.983528
30552,0.489687
30553,0.849283
30554,0.145791
30555,0.404081
30556,0.530364
30557,0.756718
30558,0.580471
30559,0.97281
30560,0.832437
30561,0.929333
30562,0.212306
30563,0.587321
30564,0.857637
30565,0.875117
30566,0.568204
30567,0.784016
30568,0.980981
30569,0.682198
30570,0.645512
30571,0.943817
30572,0.765783
30573,0.845618
30574,0.732154
30575,0.713712
30576,0.920955
30577,0.535019
30578,0.5494
30579,0.688157
30580,0.865992
30581,0.747723
30582,0.611441
30583,0.785645
30584,0.704446
30585,0.600026
30586,0.407583
30587,0.683691
30588,0.872506
30589,0.929577
30590,0.724526
30591,0.78955
30592,0.916702
30593,0.780983
30594,0.725664
30595,0.025643
30596,0.987468
30597,0.243404
30598,0.667202
30599,0.811108
30600,0.884436
30601,0.85336
30602,0.641661
30603,0.958418
30604,0.987215
30605,0.545986
30606,0.920196
30607,0.605193
30608,0.768429
30609,0.880458
30610,0.536187
30611,0.966656
30612,0.750962
30613,0.668768
30614,0.75516
30615,0.943272
30616,0.960275
30617,0.74494
30618,0.87959
30619,0.609362
30620,0.54816
30621,0.5617
30622,0.917003
30623,0.806114
30624,0.899877
30625,0.769477
30626,0.635273
30627,0.618567
30628,0.980735
30629,0.910657
30630,0.663887
30631,0.636969
30632,0.530073
30633,0.6219
30634,0.791541
30635,0.811857
30636,0.686246
30637,0.452241
30638,0.859207
30639,0.785766
30640,0.057887
30641,0.024998
30642,0.617852
30643,0.985704
30644,0.915701
30645,0.615691
30646,0.433497
30647,0.929542
30648,0.949953
30649,0.778522
30650,0.571886
30651,0.709999
30652,0.75145
30653,0.719212
30654,0.92417
30655,0.119025
30656,0.808123
30657,0.547918
30658,0.92125
30659,0.725495
30660,0.887132
30661,0.725166
30662,0.763347
30663,0.91289
30664,0.968006
30665,0.588614
30666,0.97352
30667,0.871684
30668,0.879871
30669,0.989244
30670,0.910908
30671,0.901558
30672,0.815953
30673,0.429073
30674,0.792017
30675,0.748301
30676,0.655305
30677,0.818759
30678,0.655735
30679,0.702595
30680,0.506268
30681,0.528125
30682,0.62494
30683,0.493416
30684,0.915691
30685,0.760624
30686,0.240991
30687,0.445426
30688,0.983801
30689,0.889873
30690,0.786566
30691,0.701835
30692,0.690978
30693,0.682551
30694,0.871719
30695,0.814326
30696,0.652318
30697,0.604338
30698,0.744954
30699,0.745177
30700,0.861576
30701,0.392073
30702,0.918163
30703,0.756718
30704,0.687298
30705,0.619766
30706,0.849455
30707,0.892212
30708,0.663514
30709,0.620426
30710,0.653452
30711,0.472215
30712,0.764533
30713,0.761415
30714,0.865437
30715,0.951469
30716,0.549169
30717,0.980012
30718,0.535768
30719,0.904485
30720,0.822714
30721,0.874538
30722,0.670612
30723,0.91034
30724,0.824962
30725,0.75148
30726,0.942352
30727,0.776444
30728,0.762284
30729,0.033354
30730,0.677876
30731,0.934154
30732,0.049148
30733,0.357613
30734,0.970356
30735,0.785469
30736,0.910215
30737,0.963935
30738,0.90127
30739,0.698566
30740,0.63123
30741,0.594959
30742,0.591879
30743,0.673768
30744,0.805424
30745,0.614641
30746,0.709023
30747,0.910741
30748,0.83535
30749,0.978037
30750,0.488333
30751,0.687719
30752,0.784596
30753,0.694524
30754,0.63874
30755,0.66042
30756,0.674099
30757,0.722747
30758,0.867677
30759,0.628004
30760,0.749697
30761,0.762488
30762,0.680183
30763,0.838008
30764,0.697801
30765,0.955633
30766,0.733728
30767,0.357201
30768,0.919115
30769,0.854553
30770,0.735943
30771,0.471345
30772,0.788538
30773,0.687414
30774,0.747133
30775,0.929459
30776,0.635542
30777,0.82685
30778,0.590951
30779,0.808788
30780,0.992804
30781,0.920254
30782,0.791251
30783,0.324978
30784,0.778904
30785,0.389454
30786,0.844144
30787,0.877408
30788,0.574382
30789,0.825415
30790,0.910084
30791,0.037029
30792,0.654019
30793,0.728086
30794,0.648037
30795,0.681044
30796,0.864134
30797,0.417016
30798,0.408656
30799,0.984598
30800,0.660099
30801,0.835329
30802,0.723404
30803,0.543322
30804,0.726073
30805,0.838394
30806,0.796566
30807,0.819379
30808,0.449924
30809,0.788967
30810,0.858939
30811,0.564267
30812,0.846486
30813,0.984448
30814,0.907177
30815,0.628815
30816,0.969409
30817,0.980126
30818,0.734471
30819,0.473674
30820,0.829774
30821,0.776291
30822,0.320972
30823,0.766441
30824,0.99005
30825,0.702563
30826,0.865815
30827,0.949732
30828,0.585167
30829,0.211463
30830,0.778574
30831,0.908116
30832,0.619717
30833,0.579762
30834,0.966824
30835,0.709843
30836,0.876004
30837,0.726859
30838,0.758443
30839,0.987907
30840,0.788282
30841,0.770572
30842,0.92218
30843,0.662238
30844,0.638259
30845,0.739503
30846,0.445903
30847,0.956625
30848,0.798095
30849,0.057129
30850,0.757904
30851,0.938118
30852,0.702287
30853,0.812848
30854,0.96168
30855,0.80867
30856,0.680673
30857,0.95621
30858,0.848688
30859,0.364793
30860,0.546378
30861,0.588309
30862,0.699174
30863,0.882895
30864,0.565249
30865,0.777526
30866,0.748748
30867,0.668633
30868,0.579746
30869,0.756541
30870,0.696082
30871,0.91931
30872,0.384497
30873,0.737174
30874,0.812504
30875,0.884162
30876,0.600506
30877,0.531444
30878,0.770129
30879,0.771513
30880,0.608334
30881,0.687432
30882,0.984251
30883,0.846
30884,0.646867
30885,0.809455
30886,0.199007
30887,0.804016
30888,0.693153
30889,0.841574
30890,0.645744
30891,0.794491
30892,0.840626
30893,0.843757
30894,0.653562
30895,0.77816
30896,0.787335
30897,0.911615
30898,0.749831
30899,0.983709
30900,0.560737
30901,0.925618
30902,0.317822
30903,0.445916
30904,0.933037
30905,0.598505
30906,0.675712
30907,0.712713
30908,0.799766
30909,0.629628
30910,0.706237
30911,0.579324
30912,0.666994
30913,0.718419
30914,0.575305
30915,0.97033
30916,0.213783
30917,0.990987
30918,0.773259
30919,0.804642
30920,0.939578
30921,0.578092
30922,0.131744
30923,0.961915
30924,0.822528
30925,0.561082
30926,0.561098
30927,0.507212
30928,0.720652
30929,0.720535
30930,0.710576
30931,0.620644
30932,0.796588
30933,0.816095
30934,0.722605
30935,0.890598
30936,0.700223
30937,0.888778
30938,0.695088
30939,0.727253
30940,0.561988
30941,0.338657
30942,0.448306
30943,0.853998
30944,0.753874
30945,0.736515
30946,0.378695
30947,0.873457
30948,0.980546
30949,0.769321
30950,0.706417
30951,0.893858
30952,0.882703
30953,0.554684
30954,0.808455
30955,0.839952
30956,0.573768
30957,0.712523
30958,0.874196
30959,0.80714
30960,0.993716
30961,0.774111
30962,0.672909
30963,0.689066
30964,0.728885
30965,0.827758
30966,0.958127
30967,0.948415
30968,0.890542
30969,0.859528
30970,0.800232
30971,0.369128
30972,0.781733
30973,0.694221
30974,0.87083
30975,0.612661
30976,0.639177
30977,0.964069
30978,0.965996
30979,0.58146
30980,0.887797
30981,0.794071
30982,0.608179
30983,0.64713
30984,0.803527
30985,0.922329
30986,0.920318
30987,0.559838
30988,0.985395
30989,0.954614
30990,0.37246
30991,0.819475
30992,0.696572
30993,0.714331
30994,0.667476
30995,0.593246
30996,0.828589
30997,0.662309
30998,0.83881
30999,0.5068
31000,0.495599
31001,0.605281
31002,0.976228
31003,0.684603
31004,0.9109
31005,0.767225
31006,0.90732
31007,0.548374
31008,0.657992
31009,0.555634
31010,0.721398
31011,0.41416
31012,0.57421
31013,0.70729
31014,0.785916
31015,0.968201
31016,0.379097
31017,0.655951
31018,0.963956
31019,0.856399
31020,0.776306
31021,0.379561
31022,0.874425
31023,0.733286
31024,0.861265
31025,0.037613
31026,0.899372
31027,0.974133
31028,0.243985
31029,0.96376
31030,0.5346
31031,0.777668
31032,0.778403
31033,0.048499
31034,0.636727
31035,0.460983
31036,0.856197
31037,0.933129
31038,0.697384
31039,0.691876
31040,0.908899
31041,0.782698
31042,0.80181
31043,0.856737
31044,0.929727
31045,0.691935
31046,0.744256
31047,0.746236
31048,0.58128
31049,0.963836
31050,0.980228
31051,0.930302
31052,0.828822
31053,0.796892
31054,0.788778
31055,0.649022
31056,0.753702
31057,0.349416
31058,0.55905
31059,0.778166
31060,0.959335
31061,0.643462
31062,0.975442
31063,0.931109
31064,0.986363
31065,0.318111
31066,0.711333
31067,0.985338
31068,0.800846
31069,0.818382
31070,0.770598
31071,0.703862
31072,0.784282
31073,0.989023
31074,0.932952
31075,0.60887
31076,0.522314
31077,0.566638
31078,0.594394
31079,0.880169
31080,0.937237
31081,0.701509
31082,0.830026
31083,0.76102
31084,0.649268
31085,0.468655
31086,0.925232
31087,0.549863
31088,0.627355
31089,0.926248
31090,0.826478
31091,0.162871
31092,0.966656
31093,0.740953
31094,0.913563
31095,0.758788
31096,0.65426
31097,0.86414
31098,0.832528
31099,0.767576
31100,0.879804
31101,0.783154
31102,0.484388
31103,0.847185
31104,0.700925
31105,0.549237
31106,0.871807
31107,0.692459
31108,0.043785
31109,0.409366
31110,0.026033
31111,0.585621
31112,0.794742
31113,0.065984
31114,0.649194
31115,0.368603
31116,0.903061
31117,0.83715
31118,0.950023
31119,0.907273
31120,0.754833
31121,0.807588
31122,0.938003
31123,0.032848
31124,0.644803
31125,0.65815
31126,0.989285
31127,0.286776
31128,0.767714
31129,0.707937
31130,0.708313
31131,0.821058
31132,0.877474
31133,0.380664
31134,0.924159
31135,0.650231
31136,0.851123
31137,0.789405
31138,0.571846
31139,0.680529
31140,0.871058
31141,0.807462
31142,0.973531
31143,0.451204
31144,0.777007
31145,0.826461
31146,0.690986
31147,0.661282
31148,0.635693
31149,0.888398
31150,0.433392
31151,0.688451
31152,0.814053
31153,0.787484
31154,0.46412
31155,0.838048
31156,0.536945
31157,0.843512
31158,0.498295
31159,0.622255
31160,0.80837
31161,0.495949
31162,0.847499
31163,0.689572
31164,0.532075
31165,0.955573
31166,0.28425
31167,0.883686
31168,0.694118
31169,0.644844
31170,0.806041
31171,0.728774
31172,0.52102
31173,0.690186
31174,0.974026
31175,0.566396
31176,0.819858
31177,0.736454
31178,0.959516
31179,0.464438
31180,0.836833
31181,0.285444
31182,0.618649
31183,0.896947
31184,0.571708
31185,0.538167
31186,0.234711
31187,0.554206
31188,0.893401
31189,0.033269
31190,0.729088
31191,0.78005
31192,0.697148
31193,0.697005
31194,0.787925
31195,0.760088
31196,0.893683
31197,0.695847
31198,0.968759
31199,0.798879
31200,0.956696
31201,0.984713
31202,0.895791
31203,0.872592
31204,0.829959
31205,0.617708
31206,0.693968
31207,0.963828
31208,0.887999
31209,0.601794
31210,0.567909
31211,0.910037
31212,0.757705
31213,0.895956
31214,0.779103
31215,0.806457
31216,0.619243
31217,0.328218
31218,0.753449
31219,0.643087
31220,0.76651
31221,0.898134
31222,0.630109
31223,0.76818
31224,0.968264
31225,0.96217
31226,0.63927
31227,0.770327
31228,0.508446
31229,0.787195
31230,0.850618
31231,0.640341
31232,0.527633
31233,0.762212
31234,0.344418
31235,0.770967
31236,0.870818
31237,0.584823
31238,0.907642
31239,0.482006
31240,0.756664
31241,0.776455
31242,0.543944
31243,0.026777
31244,0.512871
31245,0.949071
31246,0.652638
31247,0.568434
31248,0.762637
31249,0.780974
31250,0.767135
31251,0.921154
31252,0.9824
31253,0.71764
31254,0.618203
31255,0.152921
31256,0.725826
31257,0.353358
31258,0.943641
31259,0.610676
31260,0.932726
31261,0.824468
31262,0.836193
31263,0.905014
31264,0.117763
31265,0.914459
31266,0.867219
31267,0.992734
31268,0.735907
31269,0.826942
31270,0.987712
31271,0.932799
31272,0.493361
31273,0.556394
31274,0.950095
31275,0.917949
31276,0.967554
31277,0.484683
31278,0.9553
31279,0.949727
31280,0.927074
31281,0.804066
31282,0.86929
31283,0.22186
31284,0.860164
31285,0.854418
31286,0.643903
31287,0.397472
31288,0.977192
31289,0.975441
31290,0.982881
31291,0.483226
31292,0.897858
31293,0.886513
31294,0.708328
31295,0.923874
31296,0.451731
31297,0.626894
31298,0.591505
31299,0.890401
31300,0.819994
31301,0.57156
31302,0.725674
31303,0.4126
31304,0.74335
31305,0.836348
31306,0.803433
31307,0.433226
31308,0.703214
31309,0.856695
31310,0.588961
31311,0.790807
31312,0.805656
31313,0.98323
31314,0.81283
31315,0.072632
31316,0.828908
31317,0.612254
31318,0.707506
31319,0.868614
31320,0.742421
31321,0.980813
31322,0.984791
31323,0.706055
31324,0.873337
31325,0.708111
31326,0.304649
31327,0.593026
31328,0.972359
31329,0.979091
31330,0.392886
31331,0.511069
31332,0.954755
31333,0.817765
31334,0.989175
31335,0.966091
31336,0.7007
31337,0.614672
31338,0.430697
31339,0.86353
31340,0.831152
31341,0.139885
31342,0.91398
31343,0.672355
31344,0.7048
31345,0.783377
31346,0.524936
31347,0.662094
31348,0.494174
31349,0.474429
31350,0.663508
31351,0.858772
31352,0.903716
31353,0.877384
31354,0.928972
31355,0.717916
31356,0.938963
31357,0.56273
31358,0.729954
31359,0.870805
31360,0.328162
31361,0.77782
31362,0.625284
31363,0.979258
31364,0.778784
31365,0.983193
31366,0.815867
31367,0.825288
31368,0.821449
31369,0.837802
31370,0.870418
31371,0.920695
31372,0.994382
31373,0.840947
31374,0.769078
31375,0.62915
31376,0.663289
31377,0.768465
31378,0.640811
31379,0.751237
31380,0.813831
31381,0.828921
31382,0.939438
31383,0.034985
31384,0.776556
31385,0.560482
31386,0.845773
31387,0.481003
31388,0.910932
31389,0.85345
31390,0.564515
31391,0.598262
31392,0.552529
31393,0.981072
31394,0.77231
31395,0.958487
31396,0.80975
31397,0.70852
31398,0.904523
31399,0.811448
31400,0.080521
31401,0.035362
31402,0.8698
31403,0.928741
31404,0.469706
31405,0.61255
31406,0.420442
31407,0.96441
31408,0.547557
31409,0.719193
31410,0.604639
31411,0.600158
31412,0.760871
31413,0.869838
31414,0.734581
31415,0.947968
31416,0.611945
31417,0.667779
31418,0.920784
31419,0.789338
31420,0.886053
31421,0.460249
31422,0.606698
31423,0.490224
31424,0.973601
31425,0.685652
31426,0.957576
31427,0.879204
31428,0.832983
31429,0.625455
31430,0.66313
31431,0.861297
31432,0.514907
31433,0.818901
31434,0.911989
31435,0.599226
31436,0.921515
31437,0.634324
31438,0.975577
31439,0.824714
31440,0.866775
31441,0.820779
31442,0.925251
31443,0.412775
31444,0.690123
31445,0.732506
31446,0.825799
31447,0.902166
31448,0.671667
31449,0.649635
31450,0.826428
31451,0.538312
31452,0.671458
31453,0.882859
31454,0.678397
31455,0.732087
31456,0.794281
31457,0.542189
31458,0.820719
31459,0.715636
31460,0.421174
31461,0.687155
31462,0.338486
31463,0.901839
31464,0.979219
31465,0.589066
31466,0.417648
31467,0.650216
31468,0.758008
31469,0.84578
31470,0.776604
31471,0.790503
31472,0.979176
31473,0.442284
31474,0.915352
31475,0.854962
31476,0.987893
31477,0.13459
31478,0.948591
31479,0.981098
31480,0.496897
31481,0.883087
31482,0.928056
31483,0.932076
31484,0.989465
31485,0.931338
31486,0.90545
31487,0.983452
31488,0.932926
31489,0.892845
31490,0.641875
31491,0.480466
31492,0.357531
31493,0.200498
31494,0.640145
31495,0.906065
31496,0.913786
31497,0.602516
31498,0.805883
31499,0.837591
31500,0.648911
31501,0.563442
31502,0.669806
31503,0.544633
31504,0.869193
31505,0.975925
31506,0.970199
31507,0.920667
31508,0.873917
31509,0.78413
31510,0.906665
31511,0.800845
31512,0.743994
31513,0.915153
31514,0.168669
31515,0.938417
31516,0.93767
31517,0.688546
31518,0.583615
31519,0.601045
31520,0.769191
31521,0.693932
31522,0.90147
31523,0.858607
31524,0.122675
31525,0.629435
31526,0.739288
31527,0.879423
31528,0.895031
31529,0.457771
31530,0.985566
31531,0.710488
31532,0.687687
31533,0.788146
31534,0.771664
31535,0.905968
31536,0.674761
31537,0.830621
31538,0.700274
31539,0.852509
31540,0.526491
31541,0.760791
31542,0.51859
31543,0.752532
31544,0.979388
31545,0.863736
31546,0.053517
31547,0.82421
31548,0.920078
31549,0.69695
31550,0.922986
31551,0.597797
31552,0.472475
31553,0.33197
31554,0.038989
31555,0.711496
31556,0.849046
31557,0.420251
31558,0.435538
31559,0.885307
31560,0.914213
31561,0.865348
31562,0.98554
31563,0.948048
31564,0.812315
31565,0.754089
31566,0.444904
31567,0.993937
31568,0.806517
31569,0.961805
31570,0.834229
31571,0.782519
31572,0.50472
31573,0.991905
31574,0.97512
31575,0.881313
31576,0.960154
31577,0.741725
31578,0.968431
31579,0.613927
31580,0.16359
31581,0.612062
31582,0.52714
31583,0.877063
31584,0.670137
31585,0.450552
31586,0.334208
31587,0.369544
31588,0.666136
31589,0.770413
31590,0.687793
31591,0.82145
31592,0.324663
31593,0.549474
31594,0.854017
31595,0.079694
31596,0.743027
31597,0.946358
31598,0.552426
31599,0.894767
31600,0.807143
31601,0.959131
31602,0.422793
31603,0.864841
31604,0.861326
31605,0.989731
31606,0.54898
31607,0.833452
31608,0.642417
31609,0.736708
31610,0.707212
31611,0.635271
31612,0.924302
31613,0.618768
31614,0.593516
31615,0.77364
31616,0.612853
31617,0.334328
31618,0.84972
31619,0.481529
31620,0.900239
31621,0.899903
31622,0.67204
31623,0.859714
31624,0.914106
31625,0.717865
31626,0.817333
31627,0.51578
31628,0.832067
31629,0.851366
31630,0.903948
31631,0.883621
31632,0.654325
31633,0.652467
31634,0.964841
31635,0.717018
31636,0.628042
31637,0.975127
31638,0.92404
31639,0.755529
31640,0.644128
31641,0.954964
31642,0.895789
31643,0.676729
31644,0.255478
31645,0.567772
31646,0.428585
31647,0.683815
31648,0.8014
31649,0.899568
31650,0.567763
31651,0.399662
31652,0.683702
31653,0.768362
31654,0.72852
31655,0.944615
31656,0.736239
31657,0.762962
31658,0.933948
31659,0.869127
31660,0.984996
31661,0.585941
31662,0.817425
31663,0.608841
31664,0.689046
31665,0.502891
31666,0.748352
31667,0.825428
31668,0.842167
31669,0.786143
31670,0.696014
31671,0.818518
31672,0.753134
31673,0.594874
31674,0.647653
31675,0.777615
31676,0.83288
31677,0.756911
31678,0.980615
31679,0.7052
31680,0.555356
31681,0.497589
31682,0.389729
31683,0.905695
31684,0.959404
31685,0.975382
31686,0.773743
31687,0.963355
31688,0.72895
31689,0.480039
31690,0.654809
31691,0.952376
31692,0.595986
31693,0.680175
31694,0.74099
31695,0.643133
31696,0.726552
31697,0.9363
31698,0.563742
31699,0.231762
31700,0.854427
31701,0.597355
31702,0.870224
31703,0.628225
31704,0.697982
31705,0.431413
31706,0.827995
31707,0.606589
31708,0.885218
31709,0.316176
31710,0.451007
31711,0.756925
31712,0.87526
31713,0.933645
31714,0.989196
31715,0.891971
31716,0.854852
31717,0.724709
31718,0.662359
31719,0.515525
31720,0.712438
31721,0.72217
31722,0.99314
31723,0.687281
31724,0.116376
31725,0.58456
31726,0.871918
31727,0.414501
31728,0.502833
31729,0.228574
31730,0.797085
31731,0.510538
31732,0.751974
31733,0.642094
31734,0.77093
31735,0.666354
31736,0.973867
31737,0.897993
31738,0.890154
31739,0.832076
31740,0.362813
31741,0.908796
31742,0.525519
31743,0.957462
31744,0.672966
31745,0.077238
31746,0.883794
31747,0.885535
31748,0.928356
31749,0.510385
31750,0.661706
31751,0.801486
31752,0.726483
31753,0.561914
31754,0.920705
31755,0.86357
31756,0.949495
31757,0.73313
31758,0.685175
31759,0.851981
31760,0.546239
31761,0.247649
31762,0.912488
31763,0.523758
31764,0.844354
31765,0.711941
31766,0.624383
31767,0.501392
31768,0.848491
31769,0.924997
31770,0.811005
31771,0.312048
31772,0.923466
31773,0.821732
31774,0.818852
31775,0.416615
31776,0.946875
31777,0.191667
31778,0.897999
31779,0.691612
31780,0.751013
31781,0.666584
31782,0.85288
31783,0.59684
31784,0.918062
31785,0.402372
31786,0.81837
31787,0.042027
31788,0.944119
31789,0.601495
31790,0.67068
31791,0.527256
31792,0.77666
31793,0.752274
31794,0.760472
31795,0.436235
31796,0.823031
31797,0.317472
31798,0.870427
31799,0.733193
31800,0.856252
31801,0.684525
31802,0.930981
31803,0.534839
31804,0.938138
31805,0.593252
31806,0.662796
31807,0.933944
31808,0.574506
31809,0.707438
31810,0.650084
31811,0.799341
31812,0.770289
31813,0.728452
31814,0.322727
31815,0.558133
31816,0.868453
31817,0.896086
31818,0.650483
31819,0.790553
31820,0.381152
31821,0.985124
31822,0.781973
31823,0.525955
31824,0.821653
31825,0.544432
31826,0.037793
31827,0.723423
31828,0.938287
31829,0.881691
31830,0.786756
31831,0.875637
31832,0.587018
31833,0.962947
31834,0.699587
31835,0.827662
31836,0.592712
31837,0.744805
31838,0.899596
31839,0.70609
31840,0.72471
31841,0.453167
31842,0.487343
31843,0.88588
31844,0.992036
31845,0.954416
31846,0.909729
31847,0.921787
31848,0.410316
31849,0.796139
31850,0.516866
31851,0.973867
31852,0.896127
31853,0.634351
31854,0.602075
31855,0.827687
31856,0.820116
31857,0.806632
31858,0.689315
31859,0.751184
31860,0.724778
31861,0.634804
31862,0.659682
31863,0.98682
31864,0.867857
31865,0.463446
31866,0.970938
31867,0.919433
31868,0.710813
31869,0.690939
31870,0.942282
31871,0.919637
31872,0.974023
31873,0.772183
31874,0.739977
31875,0.868355
31876,0.975336
31877,0.600585
31878,0.972282
31879,0.942602
31880,0.725962
31881,0.842763
31882,0.917289
31883,0.900567
31884,0.97824
31885,0.876876
31886,0.877145
31887,0.637452
31888,0.90991
31889,0.699689
31890,0.623443
31891,0.856073
31892,0.978093
31893,0.900572
31894,0.902324
31895,0.782986
31896,0.753047
31897,0.96428
31898,0.35588
31899,0.598508
31900,0.847107
31901,0.769912
31902,0.895952
31903,0.567967
31904,0.85262
31905,0.849347
31906,0.830995
31907,0.665602
31908,0.778225
31909,0.842806
31910,0.874317
31911,0.700784
31912,0.581218
31913,0.720413
31914,0.983463
31915,0.946915
31916,0.819219
31917,0.931939
31918,0.616451
31919,0.796204
31920,0.96343
31921,0.77798
31922,0.946555
31923,0.455701
31924,0.794958
31925,0.046961
31926,0.681915
31927,0.647268
31928,0.800301
31929,0.546611
31930,0.904174
31931,0.825496
31932,0.740894
31933,0.679786
31934,0.680712
31935,0.678498
31936,0.734727
31937,0.849916
31938,0.616172
31939,0.748976
31940,0.673891
31941,0.839653
31942,0.648666
31943,0.678441
31944,0.816463
31945,0.711908
31946,0.990998
31947,0.842373
31948,0.660192
31949,0.797147
31950,0.947866
31951,0.645352
31952,0.695688
31953,0.426745
31954,0.355305
31955,0.583258
31956,0.942965
31957,0.521719
31958,0.713392
31959,0.877079
31960,0.678322
31961,0.656403
31962,0.838082
31963,0.810513
31964,0.555192
31965,0.879967
31966,0.8925
31967,0.51955
31968,0.977482
31969,0.807106
31970,0.030802
31971,0.891858
31972,0.551141
31973,0.842429
31974,0.830081
31975,0.79313
31976,0.450504
31977,0.980553
31978,0.664966
31979,0.883597
31980,0.974671
31981,0.700825
31982,0.509136
31983,0.677281
31984,0.586081
31985,0.859485
31986,0.535467
31987,0.599352
31988,0.754015
31989,0.1805
31990,0.72142
31991,0.655052
31992,0.874423
31993,0.642009
31994,0.162714
31995,0.927299
31996,0.778458
31997,0.979954
31998,0.706689
31999,0.761385
32000,0.808813
32001,0.831519
32002,0.695964
32003,0.795327
32004,0.979733
32005,0.712968
32006,0.694167
32007,0.982173
32008,0.564873
32009,0.720891
32010,0.831304
32011,0.945828
32012,0.709118
32013,0.689711
32014,0.841016
32015,0.696644
32016,0.677305
32017,0.549139
32018,0.825418
32019,0.54952
32020,0.883179
32021,0.652933
32022,0.670865
32023,0.512142
32024,0.658079
32025,0.447836
32026,0.67713
32027,0.761121
32028,0.924469
32029,0.715717
32030,0.865198
32031,0.841397
32032,0.665969
32033,0.522564
32034,0.962735
32035,0.853172
32036,0.944604
32037,0.640311
32038,0.773789
32039,0.873933
32040,0.748595
32041,0.894368
32042,0.760329
32043,0.467535
32044,0.692627
32045,0.982576
32046,0.957963
32047,0.990086
32048,0.982317
32049,0.867112
32050,0.766149
32051,0.536082
32052,0.610659
32053,0.535614
32054,0.722976
32055,0.822699
32056,0.782695
32057,0.747081
32058,0.706399
32059,0.820147
32060,0.674503
32061,0.071361
32062,0.414259
32063,0.987947
32064,0.592583
32065,0.837265
32066,0.641921
32067,0.923428
32068,0.794467
32069,0.975532
32070,0.769426
32071,0.459084
32072,0.923729
32073,0.23981
32074,0.973235
32075,0.437906
32076,0.694488
32077,0.348926
32078,0.968604
32079,0.682141
32080,0.399264
32081,0.460339
32082,0.506962
32083,0.620574
32084,0.709372
32085,0.212046
32086,0.347545
32087,0.666683
32088,0.691507
32089,0.037635
32090,0.871905
32091,0.93872
32092,0.883032
32093,0.687997
32094,0.767842
32095,0.589001
32096,0.939692
32097,0.635844
32098,0.682124
32099,0.556956
32100,0.419983
32101,0.801202
32102,0.78669
32103,0.881342
32104,0.968458
32105,0.904654
32106,0.67459
32107,0.856608
32108,0.819263
32109,0.162616
32110,0.552486
32111,0.802609
32112,0.954991
32113,0.738009
32114,0.594128
32115,0.664357
32116,0.71426
32117,0.725836
32118,0.826701
32119,0.603886
32120,0.98228
32121,0.674605
32122,0.640039
32123,0.653284
32124,0.879667
32125,0.635962
32126,0.504779
32127,0.614932
32128,0.697223
32129,0.649122
32130,0.739756
32131,0.57253
32132,0.828502
32133,0.767566
32134,0.547272
32135,0.047517
32136,0.736748
32137,0.754853
32138,0.606683
32139,0.955947
32140,0.619744
32141,0.263136
32142,0.906863
32143,0.293068
32144,0.35254
32145,0.813877
32146,0.777707
32147,0.945231
32148,0.635733
32149,0.587797
32150,0.673716
32151,0.580355
32152,0.81589
32153,0.547996
32154,0.809896
32155,0.032399
32156,0.6339
32157,0.882113
32158,0.435834
32159,0.406575
32160,0.530158
32161,0.844623
32162,0.736224
32163,0.610077
32164,0.70435
32165,0.717927
32166,0.306813
32167,0.827685
32168,0.729826
32169,0.709062
32170,0.772706
32171,0.051757
32172,0.990318
32173,0.976526
32174,0.971195
32175,0.610972
32176,0.838411
32177,0.612204
32178,0.731476
32179,0.411833
32180,0.677402
32181,0.933071
32182,0.842547
32183,0.557759
32184,0.759912
32185,0.960276
32186,0.984345
32187,0.920707
32188,0.571483
32189,0.941336
32190,0.852087
32191,0.598564
32192,0.942413
32193,0.678245
32194,0.468952
32195,0.967263
32196,0.59218
32197,0.58883
32198,0.943024
32199,0.630406
32200,0.483149
32201,0.750995
32202,0.78302
32203,0.796604
32204,0.88876
32205,0.624234
32206,0.967642
32207,0.948342
32208,0.977665
32209,0.495455
32210,0.936239
32211,0.992271
32212,0.663937
32213,0.659105
32214,0.933212
32215,0.989441
32216,0.858382
32217,0.327587
32218,0.722089
32219,0.915894
32220,0.969656
32221,0.821168
32222,0.913741
32223,0.370447
32224,0.760946
32225,0.774653
32226,0.147416
32227,0.650008
32228,0.863787
32229,0.778995
32230,0.916599
32231,0.9252
32232,0.867207
32233,0.605216
32234,0.54776
32235,0.672945
32236,0.56637
32237,0.751732
32238,0.395467
32239,0.60495
32240,0.415598
32241,0.305803
32242,0.839745
32243,0.830851
32244,0.879382
32245,0.74409
32246,0.440442
32247,0.736026
32248,0.927776
32249,0.737828
32250,0.69556
32251,0.965383
32252,0.859647
32253,0.262093
32254,0.798084
32255,0.66555
32256,0.947668
32257,0.855353
32258,0.984444
32259,0.777021
32260,0.772196
32261,0.826231
32262,0.729756
32263,0.759053
32264,0.819157
32265,0.618557
32266,0.971884
32267,0.665527
32268,0.605601
32269,0.767007
32270,0.975664
32271,0.83552
32272,0.523579
32273,0.542538
32274,0.792994
32275,0.961167
32276,0.427961
32277,0.672737
32278,0.943359
32279,0.553053
32280,0.213441
32281,0.680165
32282,0.923948
32283,0.846119
32284,0.910105
32285,0.669805
32286,0.825559
32287,0.701972
32288,0.988026
32289,0.947463
32290,0.884867
32291,0.770703
32292,0.391289
32293,0.874195
32294,0.739019
32295,0.749533
32296,0.834685
32297,0.936323
32298,0.955041
32299,0.654587
32300,0.929887
32301,0.733432
32302,0.822017
32303,0.574505
32304,0.845196
32305,0.528444
32306,0.542626
32307,0.897675
32308,0.87763
32309,0.797864
32310,0.455892
32311,0.948352
32312,0.643573
32313,0.567006
32314,0.890271
32315,0.6472
32316,0.867088
32317,0.233341
32318,0.741465
32319,0.737232
32320,0.776343
32321,0.734445
32322,0.75192
32323,0.395415
32324,0.712609
32325,0.869482
32326,0.984195
32327,0.146302
32328,0.973146
32329,0.795403
32330,0.852043
32331,0.899111
32332,0.891004
32333,0.660434
32334,0.898327
32335,0.686231
32336,0.686472
32337,0.684547
32338,0.810116
32339,0.874489
32340,0.938231
32341,0.803714
32342,0.335296
32343,0.566869
32344,0.711539
32345,0.807844
32346,0.767763
32347,0.196512
32348,0.215938
32349,0.589208
32350,0.58464
32351,0.512069
32352,0.699842
32353,0.928379
32354,0.693169
32355,0.81226
32356,0.588873
32357,0.669609
32358,0.786797
32359,0.735908
32360,0.588857
32361,0.481871
32362,0.961833
32363,0.810385
32364,0.815467
32365,0.952044
32366,0.758407
32367,0.770923
32368,0.977087
32369,0.620445
32370,0.815146
32371,0.933286
32372,0.780709
32373,0.932019
32374,0.366953
32375,0.804154
32376,0.663758
32377,0.545013
32378,0.77194
32379,0.760016
32380,0.572649
32381,0.858369
32382,0.40532
32383,0.884935
32384,0.600612
32385,0.603995
32386,0.605819
32387,0.984194
32388,0.85508
32389,0.65282
32390,0.92517
32391,0.047383
32392,0.641234
32393,0.962184
32394,0.784893
32395,0.433494
32396,0.826607
32397,0.029906
32398,0.699759
32399,0.855752
32400,0.752354
32401,0.955772
32402,0.693351
32403,0.876261
32404,0.620176
32405,0.177032
32406,0.860186
32407,0.8541
32408,0.655371
32409,0.823326
32410,0.689231
32411,0.544164
32412,0.7348
32413,0.692481
32414,0.057124
32415,0.754274
32416,0.962534
32417,0.982885
32418,0.980841
32419,0.5423
32420,0.816121
32421,0.935291
32422,0.739271
32423,0.651857
32424,0.846508
32425,0.893905
32426,0.905025
32427,0.54048
32428,0.68209
32429,0.933033
32430,0.820271
32431,0.926083
32432,0.784136
32433,0.912061
32434,0.977096
32435,0.703257
32436,0.765886
32437,0.816839
32438,0.994909
32439,0.651565
32440,0.845506
32441,0.627384
32442,0.965801
32443,0.794624
32444,0.826803
32445,0.302698
32446,0.778613
32447,0.801523
32448,0.764624
32449,0.947421
32450,0.903577
32451,0.687252
32452,0.832018
32453,0.842618
32454,0.79986
32455,0.72318
32456,0.856085
32457,0.727311
32458,0.696711
32459,0.956278
32460,0.62645
32461,0.819908
32462,0.326551
32463,0.715381
32464,0.780691
32465,0.683849
32466,0.941503
32467,0.720356
32468,0.536187
32469,0.359137
32470,0.808582
32471,0.756594
32472,0.65632
32473,0.635172
32474,0.902156
32475,0.480848
32476,0.311417
32477,0.728775
32478,0.056417
32479,0.668647
32480,0.530299
32481,0.801479
32482,0.913725
32483,0.823672
32484,0.960956
32485,0.870629
32486,0.557414
32487,0.546676
32488,0.60431
32489,0.946998
32490,0.951509
32491,0.726764
32492,0.990198
32493,0.769712
32494,0.684
32495,0.72445
32496,0.843748
32497,0.744556
32498,0.492093
32499,0.636821
32500,0.856625
32501,0.550353
32502,0.804491
32503,0.604592
32504,0.878857
32505,0.725446
32506,0.956183
32507,0.864496
32508,0.7298
32509,0.815163
32510,0.779534
32511,0.704388
32512,0.758353
32513,0.100135
32514,0.622301
32515,0.8582
32516,0.719921
32517,0.757421
32518,0.724482
32519,0.919457
32520,0.730035
32521,0.438474
32522,0.955143
32523,0.874809
32524,0.516086
32525,0.359583
32526,0.722861
32527,0.639469
32528,0.828624
32529,0.534156
32530,0.947538
32531,0.707427
32532,0.617914
32533,0.689062
32534,0.85275
32535,0.806461
32536,0.641776
32537,0.989084
32538,0.737577
32539,0.840016
32540,0.607094
32541,0.961532
32542,0.670835
32543,0.68585
32544,0.917247
32545,0.41051
32546,0.496686
32547,0.953306
32548,0.931695
32549,0.97008
32550,0.744217
32551,0.651717
32552,0.868479
32553,0.766677
32554,0.484142
32555,0.658068
32556,0.845532
32557,0.703996
32558,0.397121
32559,0.712925
32560,0.711679
32561,0.774658
32562,0.981353
32563,0.842652
32564,0.043939
32565,0.678475
32566,0.877109
32567,0.967826
32568,0.742835
32569,0.841147
32570,0.912951
32571,0.622622
32572,0.410463
32573,0.58046
32574,0.882851
32575,0.703423
32576,0.94246
32577,0.635353
32578,0.576077
32579,0.494195
32580,0.96963
32581,0.921231
32582,0.719727
32583,0.870833
32584,0.786483
32585,0.452856
32586,0.18298
32587,0.569509
32588,0.740997
32589,0.650343
32590,0.88015
32591,0.958177
32592,0.895678
32593,0.170063
32594,0.938728
32595,0.718082
32596,0.675703
32597,0.488761
32598,0.74068
32599,0.684954
32600,0.843664
32601,0.691764
32602,0.626571
32603,0.672085
32604,0.755157
32605,0.990945
32606,0.608806
32607,0.667552
32608,0.622963
32609,0.843495
32610,0.603161
32611,0.702288
32612,0.730371
32613,0.8501
32614,0.532331
32615,0.603687
32616,0.987703
32617,0.622532
32618,0.569045
32619,0.468256
32620,0.793756
32621,0.8928
32622,0.924265
32623,0.81809
32624,0.710469
32625,0.75114
32626,0.878604
32627,0.448534
32628,0.819623
32629,0.959355
32630,0.782256
32631,0.832135
32632,0.890696
32633,0.808197
32634,0.960939
32635,0.737509
32636,0.558724
32637,0.901278
32638,0.722185
32639,0.91024
32640,0.769717
32641,0.902105
32642,0.986654
32643,0.605192
32644,0.371332
32645,0.749977
32646,0.84335
32647,0.464325
32648,0.493373
32649,0.964716
32650,0.984658
32651,0.61135
32652,0.953489
32653,0.69278
32654,0.330501
32655,0.758001
32656,0.520624
32657,0.976002
32658,0.483515
32659,0.474577
32660,0.669707
32661,0.69884
32662,0.640382
32663,0.418816
32664,0.978509
32665,0.682818
32666,0.803435
32667,0.600228
32668,0.791548
32669,0.976721
32670,0.978739
32671,0.759933
32672,0.69086
32673,0.703079
32674,0.655524
32675,0.922238
32676,0.786684
32677,0.808284
32678,0.628901
32679,0.9869
32680,0.827626
32681,0.761751
32682,0.028187
32683,0.820118
32684,0.919885
32685,0.193428
32686,0.944198
32687,0.916421
32688,0.939516
32689,0.88988
32690,0.895085
32691,0.688051
32692,0.696409
32693,0.701624
32694,0.945594
32695,0.894935
32696,0.558918
32697,0.784228
32698,0.477113
32699,0.334447
32700,0.830642
32701,0.715239
32702,0.787395
32703,0.928536
32704,0.860857
32705,0.400011
32706,0.832935
32707,0.528142
32708,0.855245
32709,0.743194
32710,0.408368
32711,0.77901
32712,0.847104
32713,0.629646
32714,0.837452
32715,0.928981
32716,0.859071
32717,0.804335
32718,0.954458
32719,0.991073
32720,0.726402
32721,0.67085
32722,0.533883
32723,0.557213
32724,0.981305
32725,0.42304
32726,0.402189
32727,0.911345
32728,0.855877
32729,0.643147
32730,0.640294
32731,0.087385
32732,0.78829
32733,0.814138
32734,0.616461
32735,0.944998
32736,0.886178
32737,0.813344
32738,0.970206
32739,0.858383
32740,0.859244
32741,0.692367
32742,0.04585
32743,0.810919
32744,0.574856
32745,0.167153
32746,0.912252
32747,0.848258
32748,0.069287
32749,0.585819
32750,0.538534
32751,0.713858
32752,0.957607
32753,0.937453
32754,0.812234
32755,0.974907
32756,0.870321
32757,0.932193
32758,0.799797
32759,0.538725
32760,0.794136
32761,0.966855
32762,0.873898
32763,0.760025
32764,0.787956
32765,0.031064
32766,0.352639
32767,0.641508
32768,0.673517
32769,0.993127
32770,0.602817
32771,0.767823
32772,0.643188
32773,0.734855
32774,0.780663
32775,0.963065
32776,0.916513
32777,0.961645
32778,0.73645
32779,0.805758
32780,0.838427
32781,0.532445
32782,0.797284
32783,0.691516
32784,0.926484
32785,0.530284
32786,0.048398
32787,0.586982
32788,0.745121
32789,0.833734
32790,0.753738
32791,0.851145
32792,0.870928
32793,0.526432
32794,0.684341
32795,0.761676
32796,0.519863
32797,0.989789
32798,0.665094
32799,0.747065
32800,0.710363
32801,0.986144
32802,0.654427
32803,0.989175
32804,0.361436
32805,0.960292
32806,0.841136
32807,0.207902
32808,0.871183
32809,0.623446
32810,0.756063
32811,0.712571
32812,0.889995
32813,0.764146
32814,0.860494
32815,0.831964
32816,0.93719
32817,0.797046
32818,0.782807
32819,0.431805
32820,0.688029
32821,0.597299
32822,0.644362
32823,0.898456
32824,0.885731
32825,0.273959
32826,0.907107
32827,0.894498
32828,0.774607
32829,0.843449
32830,0.467986
32831,0.880484
32832,0.79205
32833,0.569872
32834,0.705232
32835,0.794422
32836,0.82287
32837,0.644778
32838,0.90901
32839,0.920472
32840,0.65904
32841,0.705673
32842,0.931497
32843,0.691932
32844,0.819243
32845,0.846195
32846,0.626043
32847,0.843663
32848,0.905285
32849,0.473656
32850,0.895918
32851,0.472744
32852,0.695315
32853,0.841382
32854,0.337578
32855,0.727567
32856,0.973345
32857,0.576401
32858,0.833004
32859,0.795996
32860,0.828284
32861,0.589125
32862,0.855265
32863,0.555399
32864,0.880708
32865,0.376419
32866,0.970307
32867,0.684617
32868,0.634789
32869,0.773808
32870,0.615548
32871,0.663343
32872,0.495032
32873,0.649344
32874,0.803832
32875,0.721976
32876,0.867514
32877,0.892287
32878,0.799271
32879,0.762728
32880,0.079612
32881,0.949103
32882,0.787778
32883,0.884835
32884,0.988017
32885,0.905082
32886,0.905344
32887,0.689119
32888,0.389961
32889,0.610593
32890,0.888512
32891,0.951125
32892,0.706364
32893,0.17934
32894,0.899153
32895,0.92489
32896,0.546385
32897,0.647896
32898,0.89518
32899,0.407315
32900,0.893698
32901,0.604633
32902,0.542551
32903,0.783731
32904,0.248372
32905,0.972159
32906,0.75851
32907,0.896428
32908,0.795113
32909,0.951245
32910,0.783551
32911,0.878071
32912,0.79623
32913,0.976528
32914,0.601244
32915,0.96443
32916,0.45962
32917,0.896889
32918,0.988876
32919,0.86573
32920,0.422115
32921,0.536456
32922,0.565416
32923,0.653524
32924,0.988623
32925,0.68831
32926,0.944935
32927,0.979698
32928,0.319448
32929,0.831791
32930,0.882417
32931,0.880934
32932,0.653786
32933,0.691611
32934,0.957959
32935,0.72508
32936,0.539147
32937,0.950405
32938,0.616109
32939,0.757583
32940,0.789433
32941,0.69237
32942,0.634015
32943,0.915828
32944,0.971909
32945,0.958943
32946,0.829027
32947,0.700693
32948,0.956009
32949,0.619839
32950,0.95709
32951,0.916453
32952,0.706704
32953,0.881808
32954,0.816477
32955,0.601703
32956,0.940664
32957,0.577664
32958,0.498255
32959,0.942227
32960,0.69072
32961,0.820095
32962,0.928957
32963,0.130459
32964,0.75364
32965,0.718547
32966,0.453691
32967,0.839143
32968,0.927635
32969,0.534922
32970,0.884488
32971,0.279828
32972,0.914086
32973,0.594253
32974,0.529928
32975,0.355494
32976,0.700617
32977,0.831104
32978,0.810697
32979,0.791974
32980,0.865575
32981,0.905335
32982,0.601134
32983,0.967225
32984,0.688542
32985,0.750923
32986,0.874432
32987,0.470315
32988,0.687006
32989,0.650769
32990,0.933183
32991,0.950225
32992,0.783239
32993,0.896434
32994,0.538468
32995,0.830565
32996,0.680879
32997,0.766356
32998,0.947972
32999,0.753173
33000,0.555782
33001,0.692084
33002,0.940096
33003,0.881983
33004,0.554246
33005,0.845338
33006,0.438179
33007,0.479379
33008,0.435273
33009,0.708152
33010,0.991903
33011,0.124991
33012,0.543986
33013,0.854536
33014,0.682421
33015,0.912741
33016,0.571709
33017,0.89891
33018,0.52344
33019,0.870353
33020,0.980386
33021,0.770636
33022,0.490664
33023,0.858305
33024,0.616245
33025,0.985034
33026,0.756389
33027,0.548853
33028,0.750453
33029,0.918149
33030,0.829886
33031,0.875446
33032,0.970263
33033,0.915027
33034,0.819381
33035,0.871538
33036,0.742238
33037,0.658213
33038,0.937183
33039,0.566525
33040,0.87114
33041,0.734866
33042,0.108987
33043,0.986406
33044,0.649668
33045,0.906455
33046,0.720582
33047,0.512403
33048,0.81771
33049,0.506948
33050,0.886009
33051,0.138084
33052,0.979328
33053,0.577953
33054,0.978145
33055,0.293293
33056,0.843108
33057,0.236543
33058,0.907632
33059,0.588654
33060,0.618291
33061,0.248169
33062,0.550631
33063,0.944024
33064,0.483264
33065,0.667129
33066,0.589242
33067,0.927112
33068,0.130405
33069,0.881556
33070,0.924524
33071,0.905316
33072,0.766975
33073,0.653606
33074,0.660971
33075,0.020671
33076,0.615124
33077,0.632422
33078,0.722739
33079,0.498663
33080,0.776764
33081,0.855805
33082,0.938282
33083,0.821754
33084,0.701169
33085,0.707974
33086,0.749238
33087,0.856942
33088,0.480892
33089,0.748396
33090,0.749564
33091,0.97093
33092,0.819603
33093,0.720389
33094,0.707125
33095,0.754126
33096,0.887544
33097,0.736395
33098,0.57496
33099,0.495135
33100,0.955739
33101,0.716439
33102,0.971376
33103,0.297269
33104,0.792884
33105,0.964681
33106,0.594729
33107,0.539705
33108,0.783422
33109,0.528377
33110,0.819111
33111,0.863857
33112,0.891499
33113,0.621704
33114,0.808313
33115,0.773822
33116,0.69236
33117,0.764867
33118,0.725488
33119,0.727587
33120,0.886259
33121,0.885647
33122,0.888861
33123,0.78823
33124,0.775547
33125,0.863423
33126,0.670865
33127,0.542925
33128,0.517793
33129,0.708854
33130,0.550854
33131,0.895523
33132,0.672029
33133,0.892584
33134,0.911587
33135,0.84128
33136,0.615218
33137,0.790511
33138,0.928192
33139,0.967666
33140,0.694032
33141,0.797032
33142,0.500351
33143,0.822805
33144,0.609157
33145,0.747243
33146,0.562907
33147,0.665788
33148,0.949559
33149,0.834308
33150,0.529822
33151,0.652724
33152,0.843869
33153,0.889008
33154,0.947534
33155,0.873357
33156,0.935591
33157,0.947175
33158,0.677427
33159,0.552446
33160,0.984449
33161,0.602728
33162,0.832168
33163,0.918628
33164,0.906347
33165,0.821949
33166,0.564455
33167,0.441186
33168,0.939671
33169,0.982356
33170,0.944243
33171,0.919262
33172,0.905329
33173,0.71299
33174,0.452564
33175,0.731446
33176,0.826228
33177,0.984316
33178,0.793413
33179,0.804632
33180,0.954833
33181,0.897615
33182,0.046126
33183,0.895064
33184,0.536984
33185,0.874412
33186,0.509382
33187,0.373544
33188,0.360822
33189,0.858915
33190,0.961014
33191,0.835402
33192,0.055772
33193,0.915676
33194,0.871188
33195,0.87803
33196,0.828434
33197,0.591843
33198,0.928585
33199,0.438279
33200,0.025072
33201,0.773098
33202,0.917555
33203,0.879568
33204,0.289007
33205,0.990693
33206,0.991418
33207,0.595096
33208,0.803316
33209,0.530694
33210,0.743843
33211,0.045644
33212,0.691306
33213,0.605338
33214,0.721185
33215,0.692568
33216,0.375446
33217,0.739521
33218,0.68316
33219,0.971646
33220,0.660174
33221,0.745784
33222,0.556036
33223,0.878913
33224,0.026254
33225,0.552325
33226,0.692648
33227,0.573769
33228,0.981397
33229,0.738663
33230,0.618907
33231,0.660054
33232,0.781407
33233,0.913678
33234,0.718504
33235,0.919868
33236,0.711269
33237,0.124611
33238,0.885802
33239,0.634762
33240,0.635341
33241,0.917848
33242,0.863581
33243,0.45389
33244,0.677375
33245,0.69073
33246,0.54807
33247,0.594623
33248,0.450682
33249,0.709798
33250,0.642223
33251,0.778513
33252,0.592306
33253,0.686905
33254,0.509118
33255,0.884345
33256,0.862883
33257,0.451673
33258,0.945371
33259,0.847183
33260,0.57806
33261,0.659305
33262,0.487736
33263,0.846741
33264,0.407438
33265,0.750818
33266,0.668615
33267,0.840516
33268,0.886987
33269,0.416268
33270,0.58426
33271,0.743974
33272,0.801903
33273,0.64365
33274,0.783189
33275,0.931999
33276,0.803799
33277,0.962615
33278,0.738428
33279,0.920228
33280,0.677098
33281,0.744554
33282,0.526357
33283,0.735437
33284,0.950432
33285,0.582089
33286,0.269468
33287,0.485492
33288,0.685655
33289,0.853849
33290,0.062003
33291,0.628307
33292,0.678855
33293,0.335383
33294,0.407999
33295,0.822315
33296,0.974407
33297,0.878878
33298,0.871274
33299,0.732407
33300,0.039938
33301,0.782405
33302,0.774876
33303,0.430729
33304,0.58121
33305,0.594949
33306,0.313867
33307,0.921538
33308,0.691262
33309,0.76491
33310,0.859783
33311,0.640735
33312,0.954442
33313,0.898724
33314,0.681956
33315,0.982609
33316,0.55723
33317,0.985644
33318,0.664798
33319,0.836635
33320,0.343984
33321,0.884895
33322,0.970177
33323,0.417708
33324,0.910451
33325,0.699282
33326,0.548257
33327,0.869454
33328,0.977788
33329,0.810532
33330,0.924802
33331,0.080639
33332,0.845754
33333,0.65227
33334,0.566026
33335,0.553509
33336,0.619057
33337,0.964983
33338,0.725548
33339,0.711657
33340,0.568536
33341,0.8
33342,0.679121
33343,0.06384
33344,0.984418
33345,0.497413
33346,0.989227
33347,0.869615
33348,0.944055
33349,0.848941
33350,0.385656
33351,0.842986
33352,0.919976
33353,0.807391
33354,0.053068
33355,0.475091
33356,0.44937
33357,0.953924
33358,0.151948
33359,0.531719
33360,0.714574
33361,0.470529
33362,0.754046
33363,0.033471
33364,0.460001
33365,0.763336
33366,0.662861
33367,0.809548
33368,0.710419
33369,0.91772
33370,0.812895
33371,0.861107
33372,0.532992
33373,0.965883
33374,0.762677
33375,0.666816
33376,0.096527
33377,0.443374
33378,0.793736
33379,0.871824
33380,0.913173
33381,0.963969
33382,0.436479
33383,0.341115
33384,0.732687
33385,0.858961
33386,0.761674
33387,0.946974
33388,0.783613
33389,0.969999
33390,0.762082
33391,0.79718
33392,0.083756
33393,0.353004
33394,0.695477
33395,0.684102
33396,0.800842
33397,0.584869
33398,0.802087
33399,0.817003
33400,0.811707
33401,0.778281
33402,0.316636
33403,0.961038
33404,0.469977
33405,0.832405
33406,0.472767
33407,0.853425
33408,0.789661
33409,0.391659
33410,0.750904
33411,0.744216
33412,0.806825
33413,0.58117
33414,0.707698
33415,0.815353
33416,0.68698
33417,0.853991
33418,0.914176
33419,0.702721
33420,0.964454
33421,0.703501
33422,0.486828
33423,0.685841
33424,0.981611
33425,0.974778
33426,0.871762
33427,0.767956
33428,0.79758
33429,0.702491
33430,0.762559
33431,0.654168
33432,0.713151
33433,0.841116
33434,0.519556
33435,0.783247
33436,0.991195
33437,0.740033
33438,0.759057
33439,0.491852
33440,0.884248
33441,0.461304
33442,0.428279
33443,0.44566
33444,0.928827
33445,0.660654
33446,0.55487
33447,0.718582
33448,0.902353
33449,0.635091
33450,0.922463
33451,0.815716
33452,0.096795
33453,0.945303
33454,0.844529
33455,0.852758
33456,0.721349
33457,0.887116
33458,0.752641
33459,0.505229
33460,0.814792
33461,0.729176
33462,0.676022
33463,0.874604
33464,0.952676
33465,0.615322
33466,0.939907
33467,0.805819
33468,0.855751
33469,0.830009
33470,0.943473
33471,0.882139
33472,0.497994
33473,0.629878
33474,0.64993
33475,0.849762
33476,0.98286
33477,0.64965
33478,0.891766
33479,0.35743
33480,0.687038
33481,0.978888
33482,0.74173
33483,0.889446
33484,0.469577
33485,0.647157
33486,0.883568
33487,0.582496
33488,0.692371
33489,0.690309
33490,0.721113
33491,0.426577
33492,0.985289
33493,0.47726
33494,0.921297
33495,0.833048
33496,0.932586
33497,0.760781
33498,0.682813
33499,0.903931
33500,0.951254
33501,0.971395
33502,0.821145
33503,0.882768
33504,0.674671
33505,0.860047
33506,0.727067
33507,0.543099
33508,0.872428
33509,0.966999
33510,0.624548
33511,0.95417
33512,0.859717
33513,0.843033
33514,0.823837
33515,0.705432
33516,0.97258
33517,0.634199
33518,0.706623
33519,0.263218
33520,0.919522
33521,0.849618
33522,0.81092
33523,0.888297
33524,0.924034
33525,0.644081
33526,0.733509
33527,0.706503
33528,0.936253
33529,0.652409
33530,0.941094
33531,0.521846
33532,0.600145
33533,0.509558
33534,0.585021
33535,0.958278
33536,0.928383
33537,0.741589
33538,0.613871
33539,0.832489
33540,0.739844
33541,0.693263
33542,0.976986
33543,0.841277
33544,0.258116
33545,0.820076
33546,0.811938
33547,0.985301
33548,0.78051
33549,0.588148
33550,0.681635
33551,0.7348
33552,0.041671
33553,0.768089
33554,0.167914
33555,0.893821
33556,0.194984
33557,0.673647
33558,0.356556
33559,0.958807
33560,0.856662
33561,0.780458
33562,0.685031
33563,0.880003
33564,0.993509
33565,0.656718
33566,0.935597
33567,0.596387
33568,0.604333
33569,0.843088
33570,0.872269
33571,0.913229
33572,0.77723
33573,0.455773
33574,0.771589
33575,0.80768
33576,0.848756
33577,0.712313
33578,0.877695
33579,0.817774
33580,0.783278
33581,0.77266
33582,0.960362
33583,0.684919
33584,0.922934
33585,0.924597
33586,0.623198
33587,0.783709
33588,0.9724
33589,0.745711
33590,0.650437
33591,0.942488
33592,0.87291
33593,0.954964
33594,0.965243
33595,0.546938
33596,0.66982
33597,0.655293
33598,0.708228
33599,0.880918
33600,0.833667
33601,0.491125
33602,0.720351
33603,0.99258
33604,0.852424
33605,0.981412
33606,0.910357
33607,0.991388
33608,0.474288
33609,0.46725
33610,0.988802
33611,0.547067
33612,0.77315
33613,0.954616
33614,0.757782
33615,0.950787
33616,0.826629
33617,0.914585
33618,0.919412
33619,0.739706
33620,0.749447
33621,0.230422
33622,0.739271
33623,0.991561
33624,0.798693
33625,0.760538
33626,0.783981
33627,0.77912
33628,0.924469
33629,0.603169
33630,0.758216
33631,0.973242
33632,0.835118
33633,0.473323
33634,0.714368
33635,0.804893
33636,0.808806
33637,0.475641
33638,0.82403
33639,0.73002
33640,0.6149
33641,0.843821
33642,0.850735
33643,0.966932
33644,0.623948
33645,0.970504
33646,0.422242
33647,0.9112
33648,0.655385
33649,0.672895
33650,0.696655
33651,0.126147
33652,0.713534
33653,0.779226
33654,0.727447
33655,0.623614
33656,0.564945
33657,0.74651
33658,0.553224
33659,0.981056
33660,0.983553
33661,0.929228
33662,0.722162
33663,0.470495
33664,0.70901
33665,0.932151
33666,0.083013
33667,0.992582
33668,0.900204
33669,0.90604
33670,0.775907
33671,0.820019
33672,0.604591
33673,0.984975
33674,0.847126
33675,0.788765
33676,0.98287
33677,0.662726
33678,0.789172
33679,0.555502
33680,0.606349
33681,0.564926
33682,0.066188
33683,0.836103
33684,0.833571
33685,0.843084
33686,0.776075
33687,0.734729
33688,0.751254
33689,0.804615
33690,0.691875
33691,0.53084
33692,0.581231
33693,0.698224
33694,0.978354
33695,0.652818
33696,0.599219
33697,0.6343
33698,0.755627
33699,0.990869
33700,0.984288
33701,0.704899
33702,0.979403
33703,0.764112
33704,0.955968
33705,0.860213
33706,0.487784
33707,0.734851
33708,0.953537
33709,0.682627
33710,0.865178
33711,0.226958
33712,0.853677
33713,0.894852
33714,0.88867
33715,0.886202
33716,0.651189
33717,0.590426
33718,0.913112
33719,0.664777
33720,0.966649
33721,0.56064
33722,0.734059
33723,0.924141
33724,0.830023
33725,0.982246
33726,0.710937
33727,0.733376
33728,0.849808
33729,0.725401
33730,0.677102
33731,0.903195
33732,0.709161
33733,0.828847
33734,0.778627
33735,0.666138
33736,0.953437
33737,0.903216
33738,0.668349
33739,0.601271
33740,0.895191
33741,0.571813
33742,0.578288
33743,0.711574
33744,0.769194
33745,0.282762
33746,0.601836
33747,0.985757
33748,0.513167
33749,0.791544
33750,0.874449
33751,0.913013
33752,0.98032
33753,0.718771
33754,0.729813
33755,0.910995
33756,0.893192
33757,0.688041
33758,0.920046
33759,0.640973
33760,0.915386
33761,0.879882
33762,0.586503
33763,0.572612
33764,0.650321
33765,0.881185
33766,0.853864
33767,0.030508
33768,0.707551
33769,0.738966
33770,0.480247
33771,0.370794
33772,0.560668
33773,0.928664
33774,0.987815
33775,0.763938
33776,0.644218
33777,0.822268
33778,0.609788
33779,0.935318
33780,0.270099
33781,0.954016
33782,0.741882
33783,0.789105
33784,0.984938
33785,0.753339
33786,0.630268
33787,0.864359
33788,0.764929
33789,0.804859
33790,0.810164
33791,0.779601
33792,0.966728
33793,0.570944
33794,0.450289
33795,0.845616
33796,0.760729
33797,0.780605
33798,0.636471
33799,0.565988
33800,0.925421
33801,0.924647
33802,0.027335
33803,0.814851
33804,0.57048
33805,0.953947
33806,0.047051
33807,0.83071
33808,0.613274
33809,0.544563
33810,0.77636
33811,0.57941
33812,0.987834
33813,0.705979
33814,0.93921
33815,0.814521
33816,0.675594
33817,0.975341
33818,0.614961
33819,0.509379
33820,0.703103
33821,0.653239
33822,0.842777
33823,0.115786
33824,0.589805
33825,0.812028
33826,0.946517
33827,0.034518
33828,0.745699
33829,0.811237
33830,0.951474
33831,0.490059
33832,0.933305
33833,0.948167
33834,0.735951
33835,0.983537
33836,0.70837
33837,0.980142
33838,0.848346
33839,0.930574
33840,0.65272
33841,0.973774
33842,0.839168
33843,0.751798
33844,0.845774
33845,0.681489
33846,0.405081
33847,0.614538
33848,0.864371
33849,0.977618
33850,0.022583
33851,0.920636
33852,0.723862
33853,0.666709
33854,0.480223
33855,0.491925
33856,0.684238
33857,0.61465
33858,0.961106
33859,0.994201
33860,0.649547
33861,0.799068
33862,0.8704
33863,0.609182
33864,0.882612
33865,0.464128
33866,0.627451
33867,0.833487
33868,0.7551
33869,0.853868
33870,0.459182
33871,0.890328
33872,0.605232
33873,0.801233
33874,0.680621
33875,0.911745
33876,0.839456
33877,0.856536
33878,0.860133
33879,0.690725
33880,0.867834
33881,0.876235
33882,0.740932
33883,0.831873
33884,0.773427
33885,0.494607
33886,0.933452
33887,0.851586
33888,0.869778
33889,0.485041
33890,0.586554
33891,0.644156
33892,0.569462
33893,0.875284
33894,0.869925
33895,0.913468
33896,0.831079
33897,0.856004
33898,0.5335
33899,0.755437
33900,0.9596
33901,0.835013
33902,0.630023
33903,0.828308
33904,0.805441
33905,0.516554
33906,0.206735
33907,0.785771
33908,0.950045
33909,0.842533
33910,0.808435
33911,0.978342
33912,0.777333
33913,0.839913
33914,0.721079
33915,0.875042
33916,0.747417
33917,0.931077
33918,0.987263
33919,0.59318
33920,0.677363
33921,0.984355
33922,0.898617
33923,0.577
33924,0.709084
33925,0.692777
33926,0.37
33927,0.988014
33928,0.62856
33929,0.970082
33930,0.783804
33931,0.411237
33932,0.674824
33933,0.543472
33934,0.927613
33935,0.754954
33936,0.984706
33937,0.389388
33938,0.212344
33939,0.813856
33940,0.825221
33941,0.6965
33942,0.971908
33943,0.777892
33944,0.744197
33945,0.695298
33946,0.736849
33947,0.698998
33948,0.519989
33949,0.54508
33950,0.887769
33951,0.667574
33952,0.715039
33953,0.787108
33954,0.909665
33955,0.838358
33956,0.823082
33957,0.771883
33958,0.538907
33959,0.866605
33960,0.852253
33961,0.923431
33962,0.710732
33963,0.904406
33964,0.563054
33965,0.492309
33966,0.830757
33967,0.875887
33968,0.612864
33969,0.980064
33970,0.683033
33971,0.608317
33972,0.693748
33973,0.734052
33974,0.689823
33975,0.753068
33976,0.781244
33977,0.688043
33978,0.924261
33979,0.798872
33980,0.972369
33981,0.718179
33982,0.958382
33983,0.958735
33984,0.653396
33985,0.932513
33986,0.795909
33987,0.745116
33988,0.554551
33989,0.733629
33990,0.632383
33991,0.722616
33992,0.664103
33993,0.891555
33994,0.693368
33995,0.926586
33996,0.795446
33997,0.990123
33998,0.600387
33999,0.787719
34000,0.984808
34001,0.919726
34002,0.682967
34003,0.923254
34004,0.714683
34005,0.857354
34006,0.833753
34007,0.605539
34008,0.610742
34009,0.660308
34010,0.554953
34011,0.723062
34012,0.233934
34013,0.88703
34014,0.66934
34015,0.484145
34016,0.713362
34017,0.66895
34018,0.527716
34019,0.912635
34020,0.890721
34021,0.811584
34022,0.464342
34023,0.869516
34024,0.613001
34025,0.446736
34026,0.792253
34027,0.918634
34028,0.751954
34029,0.607354
34030,0.74598
34031,0.754707
34032,0.931023
34033,0.744559
34034,0.953716
34035,0.913782
34036,0.570699
34037,0.791095
34038,0.959911
34039,0.077711
34040,0.618956
34041,0.675962
34042,0.551161
34043,0.939087
34044,0.862453
34045,0.863533
34046,0.510548
34047,0.505891
34048,0.376703
34049,0.72239
34050,0.455688
34051,0.446839
34052,0.679298
34053,0.761662
34054,0.986181
34055,0.893177
34056,0.50964
34057,0.799592
34058,0.622311
34059,0.530842
34060,0.981699
34061,0.955706
34062,0.832467
34063,0.959982
34064,0.423816
34065,0.61369
34066,0.747723
34067,0.815526
34068,0.680945
34069,0.827187
34070,0.908635
34071,0.931957
34072,0.681338
34073,0.460727
34074,0.518059
34075,0.835771
34076,0.791431
34077,0.982062
34078,0.870829
34079,0.901214
34080,0.654674
34081,0.920349
34082,0.637066
34083,0.752311
34084,0.913586
34085,0.758241
34086,0.88019
34087,0.779109
34088,0.570756
34089,0.827749
34090,0.704185
34091,0.961126
34092,0.573202
34093,0.512337
34094,0.162105
34095,0.851661
34096,0.764958
34097,0.87248
34098,0.872607
34099,0.629423
34100,0.766186
34101,0.991803
34102,0.70478
34103,0.756844
34104,0.778484
34105,0.84339
34106,0.909614
34107,0.901569
34108,0.653149
34109,0.86158
34110,0.761131
34111,0.249587
34112,0.913804
34113,0.797283
34114,0.853212
34115,0.849767
34116,0.46572
34117,0.689192
34118,0.932195
34119,0.768644
34120,0.949983
34121,0.711262
34122,0.909899
34123,0.158056
34124,0.98809
34125,0.910223
34126,0.616123
34127,0.882661
34128,0.919621
34129,0.309608
34130,0.980336
34131,0.497283
34132,0.587709
34133,0.952486
34134,0.921574
34135,0.202345
34136,0.79978
34137,0.851346
34138,0.648965
34139,0.818485
34140,0.977596
34141,0.967476
34142,0.687242
34143,0.390476
34144,0.750499
34145,0.675374
34146,0.639562
34147,0.73699
34148,0.789004
34149,0.07289
34150,0.67839
34151,0.850271
34152,0.734276
34153,0.633132
34154,0.775288
34155,0.815539
34156,0.805695
34157,0.473351
34158,0.605561
34159,0.688809
34160,0.605696
34161,0.52124
34162,0.837685
34163,0.869993
34164,0.674684
34165,0.981303
34166,0.609665
34167,0.737212
34168,0.854459
34169,0.558375
34170,0.050485
34171,0.592712
34172,0.729725
34173,0.653097
34174,0.625455
34175,0.066844
34176,0.801392
34177,0.401165
34178,0.681858
34179,0.502503
34180,0.753142
34181,0.947384
34182,0.798253
34183,0.913231
34184,0.649818
34185,0.526358
34186,0.7867
34187,0.666976
34188,0.810668
34189,0.834737
34190,0.949482
34191,0.496669
34192,0.808368
34193,0.411175
34194,0.925081
34195,0.84451
34196,0.427253
34197,0.751424
34198,0.786703
34199,0.48964
34200,0.936338
34201,0.908617
34202,0.554365
34203,0.661253
34204,0.794777
34205,0.708712
34206,0.683607
34207,0.789734
34208,0.985952
34209,0.821015
34210,0.70772
34211,0.451725
34212,0.54943
34213,0.861912
34214,0.982967
34215,0.570215
34216,0.963648
34217,0.939986
34218,0.508347
34219,0.541254
34220,0.813627
34221,0.918083
34222,0.221484
34223,0.627636
34224,0.605726
34225,0.731753
34226,0.873417
34227,0.887317
34228,0.376631
34229,0.974709
34230,0.494622
34231,0.853451
34232,0.773209
34233,0.875454
34234,0.464103
34235,0.409018
34236,0.776242
34237,0.946629
34238,0.914713
34239,0.727333
34240,0.699299
34241,0.517817
34242,0.713688
34243,0.928148
34244,0.77006
34245,0.852513
34246,0.88673
34247,0.601621
34248,0.910282
34249,0.922404
34250,0.706851
34251,0.479753
34252,0.441295
34253,0.636332
34254,0.673678
34255,0.930544
34256,0.825997
34257,0.763221
34258,0.635918
34259,0.97327
34260,0.454962
34261,0.669325
34262,0.472249
34263,0.273153
34264,0.713251
34265,0.093506
34266,0.866434
34267,0.917065
34268,0.730497
34269,0.909739
34270,0.759305
34271,0.995094
34272,0.986793
34273,0.804081
34274,0.679104
34275,0.606231
34276,0.678427
34277,0.554656
34278,0.405823
34279,0.526782
34280,0.581231
34281,0.227082
34282,0.784161
34283,0.642906
34284,0.756592
34285,0.413333
34286,0.822469
34287,0.745311
34288,0.689659
34289,0.825779
34290,0.133417
34291,0.89965
34292,0.562309
34293,0.921473
34294,0.880039
34295,0.747631
34296,0.885247
34297,0.487373
34298,0.936278
34299,0.638601
34300,0.610905
34301,0.959836
34302,0.799588
34303,0.633961
34304,0.973686
34305,0.700216
34306,0.876124
34307,0.609741
34308,0.955365
34309,0.882185
34310,0.846299
34311,0.616013
34312,0.775042
34313,0.786346
34314,0.838932
34315,0.692245
34316,0.760726
34317,0.688561
34318,0.788227
34319,0.757924
34320,0.820987
34321,0.59438
34322,0.694214
34323,0.92834
34324,0.903876
34325,0.133562
34326,0.533128
34327,0.659245
34328,0.510725
34329,0.576016
34330,0.898586
34331,0.93838
34332,0.729116
34333,0.704383
34334,0.980033
34335,0.70333
34336,0.636848
34337,0.827289
34338,0.724722
34339,0.970008
34340,0.964812
34341,0.574002
34342,0.844374
34343,0.720675
34344,0.655768
34345,0.812564
34346,0.732465
34347,0.610669
34348,0.620704
34349,0.652437
34350,0.875936
34351,0.646949
34352,0.694123
34353,0.914628
34354,0.573291
34355,0.566262
34356,0.886481
34357,0.795471
34358,0.973551
34359,0.234237
34360,0.942921
34361,0.582177
34362,0.809174
34363,0.772837
34364,0.794596
34365,0.498149
34366,0.820429
34367,0.183237
34368,0.721385
34369,0.71611
34370,0.797645
34371,0.472227
34372,0.964886
34373,0.803795
34374,0.93753
34375,0.759273
34376,0.982466
34377,0.725471
34378,0.685089
34379,0.775232
34380,0.904064
34381,0.902795
34382,0.567488
34383,0.658112
34384,0.769092
34385,0.456749
34386,0.196887
34387,0.968742
34388,0.96153
34389,0.665936
34390,0.681845
34391,0.924783
34392,0.775704
34393,0.821168
34394,0.742559
34395,0.988007
34396,0.466577
34397,0.637496
34398,0.93226
34399,0.727848
34400,0.947142
34401,0.691997
34402,0.770163
34403,0.796669
34404,0.761446
34405,0.872145
34406,0.747831
34407,0.776937
34408,0.722412
34409,0.598194
34410,0.768523
34411,0.754705
34412,0.617217
34413,0.76786
34414,0.579417
34415,0.987964
34416,0.966219
34417,0.81669
34418,0.844866
34419,0.735754
34420,0.707036
34421,0.784859
34422,0.951668
34423,0.711416
34424,0.791957
34425,0.656562
34426,0.820949
34427,0.912694
34428,0.819658
34429,0.735185
34430,0.953328
34431,0.068695
34432,0.724051
34433,0.971644
34434,0.985071
34435,0.694403
34436,0.654704
34437,0.482885
34438,0.84893
34439,0.904402
34440,0.852981
34441,0.986317
34442,0.608483
34443,0.849745
34444,0.671995
34445,0.754274
34446,0.548409
34447,0.732482
34448,0.809312
34449,0.816985
34450,0.957204
34451,0.957526
34452,0.816996
34453,0.788265
34454,0.552121
34455,0.922334
34456,0.871998
34457,0.718715
34458,0.752819
34459,0.904359
34460,0.767504
34461,0.489861
34462,0.969037
34463,0.611118
34464,0.71933
34465,0.756463
34466,0.768642
34467,0.560736
34468,0.033056
34469,0.651444
34470,0.844017
34471,0.687613
34472,0.987425
34473,0.784142
34474,0.699519
34475,0.9097
34476,0.872212
34477,0.940325
34478,0.733252
34479,0.748533
34480,0.755243
34481,0.806897
34482,0.955259
34483,0.352949
34484,0.839508
34485,0.509216
34486,0.833786
34487,0.514909
34488,0.736595
34489,0.538714
34490,0.972295
34491,0.855825
34492,0.704883
34493,0.626398
34494,0.549829
34495,0.931498
34496,0.964688
34497,0.533936
34498,0.706486
34499,0.601947
34500,0.501652
34501,0.488754
34502,0.68345
34503,0.721783
34504,0.492894
34505,0.643418
34506,0.412466
34507,0.853588
34508,0.966378
34509,0.598827
34510,0.658262
34511,0.637553
34512,0.026628
34513,0.975084
34514,0.659512
34515,0.705307
34516,0.743765
34517,0.733629
34518,0.982935
34519,0.146227
34520,0.819361
34521,0.804651
34522,0.109687
34523,0.829958
34524,0.851342
34525,0.912942
34526,0.850414
34527,0.959045
34528,0.922413
34529,0.728865
34530,0.32493
34531,0.609908
34532,0.798209
34533,0.4745
34534,0.984437
34535,0.613303
34536,0.695244
34537,0.894451
34538,0.868706
34539,0.846828
34540,0.848963
34541,0.312853
34542,0.807289
34543,0.750577
34544,0.882223
34545,0.982725
34546,0.367381
34547,0.537492
34548,0.86078
34549,0.91567
34550,0.993668
34551,0.500733
34552,0.826758
34553,0.870156
34554,0.757739
34555,0.786077
34556,0.816844
34557,0.921698
34558,0.620229
34559,0.873164
34560,0.704928
34561,0.488476
34562,0.973616
34563,0.989474
34564,0.661551
34565,0.985588
34566,0.703211
34567,0.853772
34568,0.639795
34569,0.924286
34570,0.761309
34571,0.864495
34572,0.408242
34573,0.678514
34574,0.449896
34575,0.615463
34576,0.66245
34577,0.758823
34578,0.877091
34579,0.979432
34580,0.837613
34581,0.938335
34582,0.967161
34583,0.855194
34584,0.769225
34585,0.584118
34586,0.491431
34587,0.080778
34588,0.806297
34589,0.717676
34590,0.612736
34591,0.869282
34592,0.682415
34593,0.633352
34594,0.037612
34595,0.828596
34596,0.810794
34597,0.472619
34598,0.74597
34599,0.587259
34600,0.739713
34601,0.911126
34602,0.949599
34603,0.718335
34604,0.91478
34605,0.636362
34606,0.697632
34607,0.787809
34608,0.939806
34609,0.589986
34610,0.882612
34611,0.52381
34612,0.728889
34613,0.588943
34614,0.481627
34615,0.935
34616,0.943722
34617,0.691998
34618,0.815573
34619,0.144663
34620,0.701029
34621,0.919335
34622,0.693149
34623,0.826187
34624,0.978357
34625,0.450351
34626,0.657137
34627,0.874279
34628,0.668768
34629,0.572241
34630,0.915585
34631,0.631342
34632,0.625642
34633,0.970218
34634,0.452817
34635,0.755518
34636,0.446246
34637,0.422201
34638,0.270695
34639,0.947955
34640,0.132484
34641,0.754826
34642,0.963004
34643,0.484197
34644,0.629456
34645,0.935487
34646,0.884832
34647,0.933747
34648,0.360937
34649,0.844116
34650,0.812664
34651,0.318087
34652,0.301498
34653,0.819045
34654,0.970718
34655,0.656069
34656,0.987523
34657,0.925827
34658,0.981084
34659,0.890983
34660,0.023851
34661,0.659002
34662,0.542381
34663,0.890558
34664,0.983426
34665,0.833713
34666,0.851088
34667,0.924237
34668,0.505496
34669,0.866486
34670,0.864342
34671,0.860377
34672,0.976475
34673,0.753259
34674,0.906909
34675,0.73886
34676,0.978952
34677,0.541133
34678,0.637272
34679,0.193032
34680,0.729764
34681,0.706648
34682,0.739047
34683,0.906672
34684,0.816608
34685,0.732259
34686,0.459586
34687,0.647052
34688,0.545764
34689,0.734791
34690,0.932126
34691,0.656763
34692,0.55578
34693,0.874275
34694,0.924654
34695,0.506675
34696,0.720091
34697,0.677166
34698,0.790776
34699,0.85194
34700,0.747805
34701,0.742465
34702,0.673627
34703,0.66867
34704,0.675794
34705,0.922273
34706,0.976788
34707,0.849729
34708,0.898337
34709,0.817674
34710,0.779676
34711,0.979789
34712,0.742027
34713,0.594116
34714,0.968459
34715,0.898696
34716,0.762532
34717,0.758848
34718,0.990084
34719,0.955693
34720,0.575641
34721,0.896875
34722,0.802751
34723,0.086152
34724,0.649054
34725,0.848
34726,0.866277
34727,0.974031
34728,0.898472
34729,0.950528
34730,0.705126
34731,0.785
34732,0.668542
34733,0.90769
34734,0.617733
34735,0.677337
34736,0.710503
34737,0.811666
34738,0.864531
34739,0.916275
34740,0.594236
34741,0.576657
34742,0.717342
34743,0.652157
34744,0.768502
34745,0.810165
34746,0.853677
34747,0.903048
34748,0.473484
34749,0.510875
34750,0.369322
34751,0.937129
34752,0.672551
34753,0.773627
34754,0.699549
34755,0.978858
34756,0.733833
34757,0.894323
34758,0.585023
34759,0.537773
34760,0.931612
34761,0.73244
34762,0.84928
34763,0.889537
34764,0.805068
34765,0.885786
34766,0.924394
34767,0.887397
34768,0.569945
34769,0.726298
34770,0.739112
34771,0.499939
34772,0.881751
34773,0.983143
34774,0.755601
34775,0.597565
34776,0.759454
34777,0.94849
34778,0.141882
34779,0.91929
34780,0.841485
34781,0.606528
34782,0.981144
34783,0.78939
34784,0.873236
34785,0.824505
34786,0.295721
34787,0.544845
34788,0.451969
34789,0.793522
34790,0.68766
34791,0.45437
34792,0.936679
34793,0.727696
34794,0.688907
34795,0.913661
34796,0.753132
34797,0.877792
34798,0.891607
34799,0.48861
34800,0.819687
34801,0.988281
34802,0.988607
34803,0.51603
34804,0.64713
34805,0.509094
34806,0.852043
34807,0.430928
34808,0.717079
34809,0.519264
34810,0.500964
34811,0.814011
34812,0.724697
34813,0.829232
34814,0.683466
34815,0.970405
34816,0.743387
34817,0.396036
34818,0.878962
34819,0.779626
34820,0.973587
34821,0.607759
34822,0.624423
34823,0.889398
34824,0.698269
34825,0.651185
34826,0.912215
34827,0.803053
34828,0.993349
34829,0.426931
34830,0.971681
34831,0.676033
34832,0.723699
34833,0.83989
34834,0.594926
34835,0.553417
34836,0.946772
34837,0.961215
34838,0.835935
34839,0.669312
34840,0.385005
34841,0.605792
34842,0.813819
34843,0.867827
34844,0.697351
34845,0.820941
34846,0.782769
34847,0.816484
34848,0.492937
34849,0.532163
34850,0.070027
34851,0.427569
34852,0.964043
34853,0.880535
34854,0.066273
34855,0.973717
34856,0.793954
34857,0.965891
34858,0.401026
34859,0.721582
34860,0.504167
34861,0.611203
34862,0.521766
34863,0.697679
34864,0.902954
34865,0.946021
34866,0.982078
34867,0.708152
34868,0.742103
34869,0.618762
34870,0.918105
34871,0.758226
34872,0.849851
34873,0.968992
34874,0.749777
34875,0.562774
34876,0.574598
34877,0.584861
34878,0.967911
34879,0.453281
34880,0.925732
34881,0.738563
34882,0.683137
34883,0.90235
34884,0.585304
34885,0.941522
34886,0.565926
34887,0.739188
34888,0.671441
34889,0.700485
34890,0.968318
34891,0.761228
34892,0.826818
34893,0.753331
34894,0.416315
34895,0.966621
34896,0.686585
34897,0.772731
34898,0.671148
34899,0.951714
34900,0.54909
34901,0.938456
34902,0.726584
34903,0.670228
34904,0.566208
34905,0.724122
34906,0.784971
34907,0.877298
34908,0.808264
34909,0.92328
34910,0.403386
34911,0.825333
34912,0.972159
34913,0.862266
34914,0.720349
34915,0.630231
34916,0.215036
34917,0.83795
34918,0.722451
34919,0.871775
34920,0.526685
34921,0.785272
34922,0.156564
34923,0.593578
34924,0.590857
34925,0.890679
34926,0.081543
34927,0.893
34928,0.674779
34929,0.806667
34930,0.717898
34931,0.658089
34932,0.682342
34933,0.9739
34934,0.032917
34935,0.65065
34936,0.976301
34937,0.718265
34938,0.448194
34939,0.672615
34940,0.898244
34941,0.550184
34942,0.363722
34943,0.039078
34944,0.98796
34945,0.426232
34946,0.823846
34947,0.317573
34948,0.606638
34949,0.95704
34950,0.69291
34951,0.769071
34952,0.686297
34953,0.821753
34954,0.931832
34955,0.984907
34956,0.74138
34957,0.776494
34958,0.755468
34959,0.94275
34960,0.738471
34961,0.339459
34962,0.244366
34963,0.842873
34964,0.554624
34965,0.731221
34966,0.980695
34967,0.457323
34968,0.683992
34969,0.516695
34970,0.77858
34971,0.88409
34972,0.776882
34973,0.467983
34974,0.493471
34975,0.93656
34976,0.817076
34977,0.862918
34978,0.735045
34979,0.975765
34980,0.761804
34981,0.905305
34982,0.981257
34983,0.817979
34984,0.43732
34985,0.814698
34986,0.771639
34987,0.734317
34988,0.713752
34989,0.741353
34990,0.9484
34991,0.690485
34992,0.910912
34993,0.892363
34994,0.894715
34995,0.84688
34996,0.928888
34997,0.880974
34998,0.959921
34999,0.637455
35000,0.814255
35001,0.751152
35002,0.978947
35003,0.8996
35004,0.429068
35005,0.975681
35006,0.73635
35007,0.850636
35008,0.788452
35009,0.9855
35010,0.981475
35011,0.868869
35012,0.698923
35013,0.939689
35014,0.808073
35015,0.608977
35016,0.738201
35017,0.467735
35018,0.895972
35019,0.813038
35020,0.542333
35021,0.851509
35022,0.904583
35023,0.876955
35024,0.928215
35025,0.743618
35026,0.764995
35027,0.677385
35028,0.987904
35029,0.97548
35030,0.617989
35031,0.699848
35032,0.701159
35033,0.449087
35034,0.94254
35035,0.691601
35036,0.756194
35037,0.794959
35038,0.172928
35039,0.902583
35040,0.803283
35041,0.611592
35042,0.761672
35043,0.638806
35044,0.523196
35045,0.77215
35046,0.91796
35047,0.855058
35048,0.567208
35049,0.917411
35050,0.798055
35051,0.563566
35052,0.989017
35053,0.686024
35054,0.330602
35055,0.871511
35056,0.837867
35057,0.713787
35058,0.741903
35059,0.509665
35060,0.813627
35061,0.652057
35062,0.338215
35063,0.701531
35064,0.606497
35065,0.770955
35066,0.742734
35067,0.632008
35068,0.838544
35069,0.700698
35070,0.794567
35071,0.542415
35072,0.365186
35073,0.987648
35074,0.826698
35075,0.626736
35076,0.793647
35077,0.64044
35078,0.857682
35079,0.706098
35080,0.804384
35081,0.961327
35082,0.93114
35083,0.881032
35084,0.97905
35085,0.771149
35086,0.703096
35087,0.809397
35088,0.938268
35089,0.886983
35090,0.659924
35091,0.984144
35092,0.954282
35093,0.454564
35094,0.583869
35095,0.324362
35096,0.928112
35097,0.96629
35098,0.531507
35099,0.663519
35100,0.031654
35101,0.631681
35102,0.856139
35103,0.317766
35104,0.937009
35105,0.516438
35106,0.571883
35107,0.724914
35108,0.670727
35109,0.555435
35110,0.579936
35111,0.330476
35112,0.68713
35113,0.940228
35114,0.562789
35115,0.742386
35116,0.894594
35117,0.842403
35118,0.922289
35119,0.897347
35120,0.659641
35121,0.656626
35122,0.682208
35123,0.180322
35124,0.943134
35125,0.723057
35126,0.868578
35127,0.968266
35128,0.889482
35129,0.801433
35130,0.987326
35131,0.952529
35132,0.52474
35133,0.560407
35134,0.861005
35135,0.933329
35136,0.028133
35137,0.899675
35138,0.553162
35139,0.659129
35140,0.680132
35141,0.416469
35142,0.760503
35143,0.990038
35144,0.726818
35145,0.972237
35146,0.921731
35147,0.363152
35148,0.810738
35149,0.811945
35150,0.892598
35151,0.966555
35152,0.458992
35153,0.82501
35154,0.540124
35155,0.806824
35156,0.90507
35157,0.952566
35158,0.166325
35159,0.795986
35160,0.576852
35161,0.932735
35162,0.512146
35163,0.935406
35164,0.943388
35165,0.921321
35166,0.817434
35167,0.652706
35168,0.961925
35169,0.373456
35170,0.544931
35171,0.536208
35172,0.850148
35173,0.453229
35174,0.037458
35175,0.798739
35176,0.943301
35177,0.953493
35178,0.923405
35179,0.958618
35180,0.797945
35181,0.827721
35182,0.967115
35183,0.967824
35184,0.559292
35185,0.920197
35186,0.949082
35187,0.563225
35188,0.865699
35189,0.733504
35190,0.665145
35191,0.894132
35192,0.65903
35193,0.971811
35194,0.913808
35195,0.727713
35196,0.279093
35197,0.636384
35198,0.749205
35199,0.858144
35200,0.511955
35201,0.657728
35202,0.940089
35203,0.630361
35204,0.813195
35205,0.566673
35206,0.467551
35207,0.558996
35208,0.72987
35209,0.74377
35210,0.437735
35211,0.559411
35212,0.677577
35213,0.726887
35214,0.859786
35215,0.94565
35216,0.23503
35217,0.742629
35218,0.80843
35219,0.660132
35220,0.774456
35221,0.983026
35222,0.900559
35223,0.730557
35224,0.882105
35225,0.983499
35226,0.609125
35227,0.844458
35228,0.635755
35229,0.513191
35230,0.654802
35231,0.896063
35232,0.833333
35233,0.894392
35234,0.485959
35235,0.82269
35236,0.622514
35237,0.25743
35238,0.798073
35239,0.69327
35240,0.863539
35241,0.508605
35242,0.955467
35243,0.614871
35244,0.980757
35245,0.864104
35246,0.669005
35247,0.801252
35248,0.936938
35249,0.71439
35250,0.809869
35251,0.935585
35252,0.300864
35253,0.800961
35254,0.789338
35255,0.555165
35256,0.360423
35257,0.586759
35258,0.992706
35259,0.856055
35260,0.622868
35261,0.537065
35262,0.802091
35263,0.983012
35264,0.649085
35265,0.907094
35266,0.779678
35267,0.959219
35268,0.698923
35269,0.846764
35270,0.513768
35271,0.579831
35272,0.798687
35273,0.759498
35274,0.505937
35275,0.048064
35276,0.784122
35277,0.663446
35278,0.465172
35279,0.890145
35280,0.801363
35281,0.739722
35282,0.79353
35283,0.905734
35284,0.970239
35285,0.303075
35286,0.778962
35287,0.671203
35288,0.721697
35289,0.990454
35290,0.61487
35291,0.709903
35292,0.92863
35293,0.978095
35294,0.562642
35295,0.035138
35296,0.661543
35297,0.819383
35298,0.035304
35299,0.707951
35300,0.868142
35301,0.951793
35302,0.437176
35303,0.894553
35304,0.844114
35305,0.844891
35306,0.870128
35307,0.519656
35308,0.635014
35309,0.686958
35310,0.733168
35311,0.905215
35312,0.813897
35313,0.780054
35314,0.970917
35315,0.799422
35316,0.776684
35317,0.665333
35318,0.798779
35319,0.362045
35320,0.609015
35321,0.587157
35322,0.434429
35323,0.875391
35324,0.91329
35325,0.839314
35326,0.453005
35327,0.961722
35328,0.875673
35329,0.710042
35330,0.838173
35331,0.735444
35332,0.713678
35333,0.861035
35334,0.194346
35335,0.760757
35336,0.909688
35337,0.954636
35338,0.883908
35339,0.584315
35340,0.935581
35341,0.047379
35342,0.884862
35343,0.762669
35344,0.956166
35345,0.89809
35346,0.916787
35347,0.717167
35348,0.928986
35349,0.657185
35350,0.523229
35351,0.464643
35352,0.944884
35353,0.710571
35354,0.568876
35355,0.887241
35356,0.229252
35357,0.751435
35358,0.655891
35359,0.635838
35360,0.391821
35361,0.737407
35362,0.459228
35363,0.76656
35364,0.806861
35365,0.844421
35366,0.763798
35367,0.847427
35368,0.931009
35369,0.968955
35370,0.972315
35371,0.852327
35372,0.651428
35373,0.639437
35374,0.576415
35375,0.911185
35376,0.198161
35377,0.807395
35378,0.95027
35379,0.960734
35380,0.8794
35381,0.686814
35382,0.96791
35383,0.964506
35384,0.32043
35385,0.788543
35386,0.357924
35387,0.49003
35388,0.848325
35389,0.855865
35390,0.572329
35391,0.938465
35392,0.534555
35393,0.686296
35394,0.457791
35395,0.793386
35396,0.611748
35397,0.464061
35398,0.812193
35399,0.781323
35400,0.883106
35401,0.608814
35402,0.82963
35403,0.8805
35404,0.520841
35405,0.725268
35406,0.351281
35407,0.690823
35408,0.962809
35409,0.759695
35410,0.983558
35411,0.74645
35412,0.476905
35413,0.953959
35414,0.921082
35415,0.863306
35416,0.521023
35417,0.602243
35418,0.672153
35419,0.843158
35420,0.582526
35421,0.971194
35422,0.58288
35423,0.973966
35424,0.345834
35425,0.506997
35426,0.783321
35427,0.917501
35428,0.659373
35429,0.959317
35430,0.173485
35431,0.714042
35432,0.751471
35433,0.817413
35434,0.548826
35435,0.027102
35436,0.507998
35437,0.562695
35438,0.874702
35439,0.674631
35440,0.579636
35441,0.975527
35442,0.482274
35443,0.71174
35444,0.620531
35445,0.99539
35446,0.540383
35447,0.907322
35448,0.732965
35449,0.849441
35450,0.93319
35451,0.93592
35452,0.597192
35453,0.540931
35454,0.991036
35455,0.727369
35456,0.747905
35457,0.654087
35458,0.693328
35459,0.621025
35460,0.687953
35461,0.552161
35462,0.633996
35463,0.553407
35464,0.786418
35465,0.854386
35466,0.841858
35467,0.551838
35468,0.856457
35469,0.717671
35470,0.774364
35471,0.618229
35472,0.360065
35473,0.632448
35474,0.850813
35475,0.289617
35476,0.870338
35477,0.714749
35478,0.902338
35479,0.70835
35480,0.845478
35481,0.967324
35482,0.226387
35483,0.620138
35484,0.953417
35485,0.758428
35486,0.664721
35487,0.948231
35488,0.963455
35489,0.928151
35490,0.774152
35491,0.658762
35492,0.716888
35493,0.826307
35494,0.925553
35495,0.900651
35496,0.768576
35497,0.534234
35498,0.882484
35499,0.606233
35500,0.627
35501,0.895973
35502,0.881433
35503,0.785571
35504,0.84962
35505,0.0271
35506,0.366793
35507,0.896132
35508,0.740863
35509,0.863415
35510,0.692616
35511,0.462268
35512,0.968327
35513,0.558349
35514,0.953004
35515,0.944555
35516,0.812967
35517,0.892005
35518,0.73206
35519,0.87643
35520,0.914605
35521,0.869498
35522,0.09715
35523,0.737232
35524,0.612251
35525,0.979907
35526,0.896581
35527,0.734675
35528,0.713118
35529,0.693107
35530,0.856088
35531,0.840118
35532,0.740965
35533,0.634509
35534,0.520269
35535,0.486523
35536,0.551082
35537,0.693401
35538,0.339369
35539,0.912054
35540,0.696454
35541,0.740357
35542,0.880258
35543,0.703805
35544,0.268925
35545,0.900652
35546,0.973664
35547,0.800198
35548,0.871579
35549,0.817348
35550,0.971402
35551,0.512996
35552,0.779882
35553,0.817872
35554,0.06354
35555,0.616488
35556,0.595669
35557,0.892167
35558,0.843168
35559,0.3895
35560,0.789385
35561,0.510918
35562,0.29675
35563,0.902567
35564,0.828107
35565,0.854881
35566,0.78903
35567,0.582396
35568,0.971622
35569,0.893803
35570,0.239966
35571,0.81894
35572,0.586855
35573,0.331243
35574,0.524094
35575,0.351922
35576,0.639802
35577,0.63736
35578,0.712601
35579,0.760614
35580,0.283951
35581,0.683274
35582,0.791572
35583,0.180209
35584,0.643649
35585,0.59461
35586,0.832363
35587,0.63344
35588,0.793628
35589,0.510512
35590,0.90339
35591,0.898909
35592,0.69559
35593,0.605678
35594,0.729689
35595,0.368137
35596,0.926151
35597,0.980771
35598,0.938052
35599,0.717415
35600,0.96591
35601,0.535352
35602,0.96808
35603,0.985607
35604,0.992255
35605,0.046448
35606,0.804876
35607,0.802905
35608,0.943481
35609,0.829818
35610,0.77188
35611,0.698315
35612,0.33152
35613,0.712009
35614,0.886294
35615,0.510131
35616,0.800913
35617,0.948244
35618,0.667085
35619,0.823665
35620,0.501412
35621,0.901488
35622,0.915955
35623,0.509327
35624,0.901871
35625,0.951434
35626,0.825773
35627,0.719041
35628,0.764484
35629,0.723833
35630,0.954322
35631,0.487971
35632,0.645852
35633,0.364451
35634,0.730191
35635,0.645079
35636,0.993163
35637,0.755963
35638,0.601694
35639,0.928559
35640,0.863821
35641,0.775044
35642,0.84338
35643,0.985325
35644,0.943323
35645,0.746875
35646,0.448498
35647,0.981837
35648,0.822697
35649,0.709794
35650,0.788096
35651,0.757139
35652,0.767774
35653,0.468208
35654,0.695696
35655,0.479778
35656,0.756087
35657,0.723307
35658,0.924762
35659,0.847808
35660,0.978787
35661,0.44483
35662,0.754501
35663,0.542147
35664,0.817958
35665,0.501371
35666,0.642495
35667,0.777368
35668,0.971459
35669,0.68343
35670,0.86263
35671,0.786133
35672,0.273932
35673,0.615599
35674,0.55765
35675,0.960122
35676,0.527159
35677,0.949555
35678,0.8571
35679,0.934998
35680,0.72542
35681,0.790319
35682,0.827871
35683,0.880525
35684,0.837771
35685,0.776245
35686,0.813023
35687,0.316325
35688,0.927267
35689,0.427945
35690,0.933661
35691,0.823237
35692,0.859112
35693,0.882567
35694,0.735374
35695,0.741147
35696,0.043184
35697,0.884765
35698,0.518992
35699,0.431199
35700,0.810196
35701,0.723052
35702,0.672834
35703,0.550389
35704,0.552564
35705,0.706626
35706,0.963854
35707,0.534257
35708,0.961713
35709,0.961905
35710,0.819661
35711,0.755712
35712,0.799666
35713,0.64942
35714,0.325275
35715,0.867873
35716,0.640979
35717,0.815603
35718,0.57423
35719,0.650784
35720,0.86207
35721,0.264302
35722,0.953971
35723,0.482691
35724,0.898833
35725,0.899348
35726,0.76843
35727,0.814232
35728,0.78223
35729,0.931887
35730,0.8081
35731,0.703911
35732,0.692155
35733,0.599545
35734,0.731618
35735,0.600476
35736,0.737077
35737,0.681571
35738,0.179856
35739,0.965545
35740,0.893355
35741,0.929382
35742,0.597837
35743,0.466486
35744,0.774753
35745,0.640672
35746,0.85403
35747,0.418666
35748,0.926261
35749,0.656137
35750,0.935145
35751,0.480638
35752,0.968198
35753,0.611247
35754,0.640578
35755,0.766691
35756,0.954023
35757,0.937987
35758,0.926104
35759,0.574701
35760,0.944566
35761,0.542658
35762,0.556439
35763,0.735297
35764,0.504092
35765,0.501182
35766,0.394511
35767,0.856385
35768,0.87921
35769,0.521013
35770,0.771091
35771,0.732723
35772,0.981657
35773,0.507536
35774,0.788376
35775,0.481836
35776,0.478099
35777,0.92301
35778,0.663314
35779,0.53303
35780,0.964121
35781,0.46511
35782,0.943061
35783,0.945913
35784,0.893264
35785,0.705
35786,0.790446
35787,0.969432
35788,0.954745
35789,0.979715
35790,0.650589
35791,0.549794
35792,0.914181
35793,0.622816
35794,0.691623
35795,0.960379
35796,0.417059
35797,0.656625
35798,0.948101
35799,0.305614
35800,0.989162
35801,0.989547
35802,0.803326
35803,0.40181
35804,0.281364
35805,0.76265
35806,0.9477
35807,0.704274
35808,0.878585
35809,0.933009
35810,0.875242
35811,0.709939
35812,0.772366
35813,0.682974
35814,0.627072
35815,0.82775
35816,0.979539
35817,0.811383
35818,0.336609
35819,0.779053
35820,0.893877
35821,0.666565
35822,0.696704
35823,0.730467
35824,0.716785
35825,0.862181
35826,0.697408
35827,0.708234
35828,0.827565
35829,0.787716
35830,0.849244
35831,0.938795
35832,0.589582
35833,0.644712
35834,0.57373
35835,0.471903
35836,0.886879
35837,0.500228
35838,0.907784
35839,0.509806
35840,0.551732
35841,0.797592
35842,0.704114
35843,0.883778
35844,0.859569
35845,0.721712
35846,0.976728
35847,0.638518
35848,0.319817
35849,0.261225
35850,0.908022
35851,0.843927
35852,0.586038
35853,0.358198
35854,0.498789
35855,0.864109
35856,0.090657
35857,0.882923
35858,0.447536
35859,0.892614
35860,0.600928
35861,0.787059
35862,0.664857
35863,0.925397
35864,0.876096
35865,0.679154
35866,0.956389
35867,0.851276
35868,0.915933
35869,0.419444
35870,0.809827
35871,0.896505
35872,0.834207
35873,0.696201
35874,0.460748
35875,0.70438
35876,0.72496
35877,0.741999
35878,0.752854
35879,0.47037
35880,0.508474
35881,0.517087
35882,0.433302
35883,0.860803
35884,0.541018
35885,0.952994
35886,0.576437
35887,0.850943
35888,0.6842
35889,0.601319
35890,0.912895
35891,0.942545
35892,0.849859
35893,0.92157
35894,0.759825
35895,0.675328
35896,0.942102
35897,0.715898
35898,0.64234
35899,0.989093
35900,0.670711
35901,0.296696
35902,0.878443
35903,0.632446
35904,0.631068
35905,0.561709
35906,0.259151
35907,0.887694
35908,0.925593
35909,0.656556
35910,0.930228
35911,0.512413
35912,0.599669
35913,0.936864
35914,0.421428
35915,0.95002
35916,0.222672
35917,0.024595
35918,0.595176
35919,0.541117
35920,0.722579
35921,0.607742
35922,0.777166
35923,0.694505
35924,0.474058
35925,0.623146
35926,0.606448
35927,0.66922
35928,0.664012
35929,0.91919
35930,0.957706
35931,0.973422
35932,0.53362
35933,0.944593
35934,0.471485
35935,0.877248
35936,0.620414
35937,0.506572
35938,0.955182
35939,0.70122
35940,0.744544
35941,0.773452
35942,0.196199
35943,0.789982
35944,0.627368
35945,0.306101
35946,0.932071
35947,0.386639
35948,0.759872
35949,0.576896
35950,0.756872
35951,0.984516
35952,0.687091
35953,0.734195
35954,0.854653
35955,0.795991
35956,0.923279
35957,0.070756
35958,0.845649
35959,0.690444
35960,0.548022
35961,0.692412
35962,0.98415
35963,0.56049
35964,0.648689
35965,0.913097
35966,0.799625
35967,0.237068
35968,0.933757
35969,0.731502
35970,0.798297
35971,0.725825
35972,0.841732
35973,0.972051
35974,0.665055
35975,0.766875
35976,0.121179
35977,0.860645
35978,0.835655
35979,0.548129
35980,0.797436
35981,0.456045
35982,0.897078
35983,0.676185
35984,0.492102
35985,0.458446
35986,0.733293
35987,0.822959
35988,0.857632
35989,0.712457
35990,0.316777
35991,0.887202
35992,0.6245
35993,0.491949
35994,0.853828
35995,0.985095
35996,0.86747
35997,0.76535
35998,0.815286
35999,0.517762
36000,0.798243
36001,0.78189
36002,0.318535
36003,0.568382
36004,0.583642
36005,0.970073
36006,0.907929
36007,0.080632
36008,0.830998
36009,0.72137
36010,0.825377
36011,0.922239
36012,0.986304
36013,0.772604
36014,0.836944
36015,0.828894
36016,0.887364
36017,0.038122
36018,0.425013
36019,0.101845
36020,0.97304
36021,0.73737
36022,0.954121
36023,0.817381
36024,0.958045
36025,0.973958
36026,0.735733
36027,0.888333
36028,0.616876
36029,0.945572
36030,0.751412
36031,0.881427
36032,0.553556
36033,0.716317
36034,0.937208
36035,0.828862
36036,0.909071
36037,0.718175
36038,0.623059
36039,0.694296
36040,0.463354
36041,0.040656
36042,0.602892
36043,0.813202
36044,0.954887
36045,0.736332
36046,0.990911
36047,0.633285
36048,0.775073
36049,0.505319
36050,0.879705
36051,0.984526
36052,0.679637
36053,0.19101
36054,0.883988
36055,0.699586
36056,0.666373
36057,0.569042
36058,0.949779
36059,0.508349
36060,0.758522
36061,0.955858
36062,0.468903
36063,0.705966
36064,0.762542
36065,0.933785
36066,0.827254
36067,0.413924
36068,0.748134
36069,0.434635
36070,0.718917
36071,0.616082
36072,0.858446
36073,0.939053
36074,0.811794
36075,0.584487
36076,0.484032
36077,0.957416
36078,0.576446
36079,0.660715
36080,0.764093
36081,0.759661
36082,0.401862
36083,0.638349
36084,0.693937
36085,0.664035
36086,0.969774
36087,0.589792
36088,0.408551
36089,0.62709
36090,0.839239
36091,0.561389
36092,0.839919
36093,0.628566
36094,0.846134
36095,0.966306
36096,0.483149
36097,0.570586
36098,0.030638
36099,0.951266
36100,0.757103
36101,0.951857
36102,0.851069
36103,0.536941
36104,0.82217
36105,0.795039
36106,0.885744
36107,0.411313
36108,0.745465
36109,0.805005
36110,0.707816
36111,0.770125
36112,0.822672
36113,0.701809
36114,0.688405
36115,0.941102
36116,0.685867
36117,0.98832
36118,0.950917
36119,0.92033
36120,0.935053
36121,0.947962
36122,0.682034
36123,0.857217
36124,0.756947
36125,0.761063
36126,0.814177
36127,0.628398
36128,0.696132
36129,0.65532
36130,0.885195
36131,0.953447
36132,0.664779
36133,0.939597
36134,0.632231
36135,0.92635
36136,0.844736
36137,0.733639
36138,0.784904
36139,0.790979
36140,0.980336
36141,0.944667
36142,0.859067
36143,0.486638
36144,0.654331
36145,0.740406
36146,0.955185
36147,0.850332
36148,0.687638
36149,0.631716
36150,0.717419
36151,0.91398
36152,0.659196
36153,0.38013
36154,0.920917
36155,0.947132
36156,0.886398
36157,0.916582
36158,0.87503
36159,0.73736
36160,0.171054
36161,0.913347
36162,0.697568
36163,0.457799
36164,0.853923
36165,0.697388
36166,0.734476
36167,0.741151
36168,0.861084
36169,0.570856
36170,0.692073
36171,0.963537
36172,0.172855
36173,0.641209
36174,0.81681
36175,0.780718
36176,0.890979
36177,0.852924
36178,0.446043
36179,0.912689
36180,0.958345
36181,0.918996
36182,0.75377
36183,0.642164
36184,0.829947
36185,0.478273
36186,0.979378
36187,0.777254
36188,0.781617
36189,0.854967
36190,0.595979
36191,0.498308
36192,0.933824
36193,0.398634
36194,0.607834
36195,0.824295
36196,0.643194
36197,0.980921
36198,0.899697
36199,0.820389
36200,0.835049
36201,0.970862
36202,0.905598
36203,0.839334
36204,0.70857
36205,0.920738
36206,0.269535
36207,0.578915
36208,0.812647
36209,0.83457
36210,0.751943
36211,0.878756
36212,0.758933
36213,0.906741
36214,0.926562
36215,0.559491
36216,0.752457
36217,0.074706
36218,0.660127
36219,0.797163
36220,0.470747
36221,0.920646
36222,0.875011
36223,0.969553
36224,0.647902
36225,0.802497
36226,0.884155
36227,0.966109
36228,0.516921
36229,0.883204
36230,0.553391
36231,0.075816
36232,0.98963
36233,0.788796
36234,0.841687
36235,0.808821
36236,0.713667
36237,0.757366
36238,0.822201
36239,0.19207
36240,0.849506
36241,0.68668
36242,0.760874
36243,0.98329
36244,0.831071
36245,0.726462
36246,0.666255
36247,0.669494
36248,0.923507
36249,0.661118
36250,0.779247
36251,0.758462
36252,0.918656
36253,0.452133
36254,0.228
36255,0.776451
36256,0.925064
36257,0.247802
36258,0.967981
36259,0.688757
36260,0.742062
36261,0.906279
36262,0.79024
36263,0.86004
36264,0.941112
36265,0.603802
36266,0.820558
36267,0.121159
36268,0.943228
36269,0.635436
36270,0.810804
36271,0.734768
36272,0.606669
36273,0.857951
36274,0.084907
36275,0.562568
36276,0.662625
36277,0.721915
36278,0.819731
36279,0.775142
36280,0.953411
36281,0.870309
36282,0.614204
36283,0.659593
36284,0.892966
36285,0.537423
36286,0.810133
36287,0.864432
36288,0.966311
36289,0.986272
36290,0.6245
36291,0.546067
36292,0.873556
36293,0.597537
36294,0.737787
36295,0.933165
36296,0.797169
36297,0.801251
36298,0.840583
36299,0.568177
36300,0.427082
36301,0.544008
36302,0.787936
36303,0.948273
36304,0.751757
36305,0.907269
36306,0.958981
36307,0.971995
36308,0.988646
36309,0.727224
36310,0.904159
36311,0.946283
36312,0.513312
36313,0.912695
36314,0.744983
36315,0.916384
36316,0.885935
36317,0.852476
36318,0.833016
36319,0.793032
36320,0.928299
36321,0.9114
36322,0.554244
36323,0.148165
36324,0.837876
36325,0.698933
36326,0.794816
36327,0.958524
36328,0.671264
36329,0.691671
36330,0.956119
36331,0.76604
36332,0.66248
36333,0.647932
36334,0.670858
36335,0.735181
36336,0.872781
36337,0.984633
36338,0.198431
36339,0.98409
36340,0.570596
36341,0.986438
36342,0.816265
36343,0.936019
36344,0.938515
36345,0.828555
36346,0.819471
36347,0.675666
36348,0.769387
36349,0.80629
36350,0.978213
36351,0.555376
36352,0.628159
36353,0.541424
36354,0.394774
36355,0.896639
36356,0.605863
36357,0.895368
36358,0.879322
36359,0.874901
36360,0.93504
36361,0.769943
36362,0.747732
36363,0.485058
36364,0.695586
36365,0.366252
36366,0.819161
36367,0.432382
36368,0.939882
36369,0.492035
36370,0.612803
36371,0.874627
36372,0.770788
36373,0.487324
36374,0.259909
36375,0.790737
36376,0.641536
36377,0.791447
36378,0.786798
36379,0.719252
36380,0.293845
36381,0.482478
36382,0.947343
36383,0.81205
36384,0.945761
36385,0.959191
36386,0.926391
36387,0.77394
36388,0.942579
36389,0.658011
36390,0.943302
36391,0.80642
36392,0.614558
36393,0.893019
36394,0.67308
36395,0.746561
36396,0.437241
36397,0.045872
36398,0.978606
36399,0.790029
36400,0.923615
36401,0.728021
36402,0.674738
36403,0.927518
36404,0.653101
36405,0.591639
36406,0.763965
36407,0.953841
36408,0.63885
36409,0.82686
36410,0.908106
36411,0.078003
36412,0.828521
36413,0.234727
36414,0.981847
36415,0.885111
36416,0.766898
36417,0.855503
36418,0.699763
36419,0.857039
36420,0.832147
36421,0.943702
36422,0.504583
36423,0.850931
36424,0.628255
36425,0.630308
36426,0.442027
36427,0.46684
36428,0.915236
36429,0.946723
36430,0.620056
36431,0.886423
36432,0.823548
36433,0.761646
36434,0.822947
36435,0.438013
36436,0.927061
36437,0.582553
36438,0.83003
36439,0.447279
36440,0.941909
36441,0.782063
36442,0.817882
36443,0.776841
36444,0.687615
36445,0.981052
36446,0.987301
36447,0.113223
36448,0.681244
36449,0.781743
36450,0.730344
36451,0.927807
36452,0.61475
36453,0.621325
36454,0.722337
36455,0.386012
36456,0.890817
36457,0.760753
36458,0.860933
36459,0.633349
36460,0.608981
36461,0.628356
36462,0.392661
36463,0.02325
36464,0.024622
36465,0.922651
36466,0.703619
36467,0.74247
36468,0.939679
36469,0.734365
36470,0.745812
36471,0.854076
36472,0.032861
36473,0.862448
36474,0.585765
36475,0.638929
36476,0.78665
36477,0.610278
36478,0.892801
36479,0.850642
36480,0.650245
36481,0.585393
36482,0.936836
36483,0.981181
36484,0.710787
36485,0.956367
36486,0.527655
36487,0.916803
36488,0.781893
36489,0.975474
36490,0.884669
36491,0.651588
36492,0.566756
36493,0.624005
36494,0.525281
36495,0.754104
36496,0.63176
36497,0.527788
36498,0.939981
36499,0.837936
36500,0.832827
36501,0.585851
36502,0.915429
36503,0.703479
36504,0.219972
36505,0.88096
36506,0.476853
36507,0.986874
36508,0.882886
36509,0.703518
36510,0.984376
36511,0.416413
36512,0.609336
36513,0.218141
36514,0.923558
36515,0.376792
36516,0.640487
36517,0.594932
36518,0.349894
36519,0.990737
36520,0.808313
36521,0.575356
36522,0.864407
36523,0.666834
36524,0.713055
36525,0.977427
36526,0.693715
36527,0.669076
36528,0.930089
36529,0.567677
36530,0.697214
36531,0.735456
36532,0.518017
36533,0.630103
36534,0.806218
36535,0.698959
36536,0.373071
36537,0.969046
36538,0.50893
36539,0.618293
36540,0.842327
36541,0.877938
36542,0.634456
36543,0.675822
36544,0.933839
36545,0.954301
36546,0.660491
36547,0.763757
36548,0.653936
36549,0.622977
36550,0.760665
36551,0.824797
36552,0.903131
36553,0.328833
36554,0.844321
36555,0.663307
36556,0.808736
36557,0.745468
36558,0.940591
36559,0.9279
36560,0.725626
36561,0.983018
36562,0.632472
36563,0.815257
36564,0.761131
36565,0.79384
36566,0.718014
36567,0.810948
36568,0.735316
36569,0.78492
36570,0.604389
36571,0.798734
36572,0.759835
36573,0.966165
36574,0.041865
36575,0.955586
36576,0.649913
36577,0.964942
36578,0.813849
36579,0.943228
36580,0.821078
36581,0.982453
36582,0.788246
36583,0.749374
36584,0.979813
36585,0.616579
36586,0.867358
36587,0.527704
36588,0.715902
36589,0.874812
36590,0.450834
36591,0.661827
36592,0.762348
36593,0.799348
36594,0.967986
36595,0.829136
36596,0.932992
36597,0.620738
36598,0.775892
36599,0.692367
36600,0.928028
36601,0.868775
36602,0.865758
36603,0.397163
36604,0.794257
36605,0.67006
36606,0.813629
36607,0.851903
36608,0.385298
36609,0.729437
36610,0.653032
36611,0.879924
36612,0.838325
36613,0.887148
36614,0.97374
36615,0.937025
36616,0.701569
36617,0.957921
36618,0.969982
36619,0.543621
36620,0.550692
36621,0.535065
36622,0.737375
36623,0.75391
36624,0.959175
36625,0.748958
36626,0.647684
36627,0.734713
36628,0.69342
36629,0.967595
36630,0.671855
36631,0.407358
36632,0.770723
36633,0.734818
36634,0.762807
36635,0.920381
36636,0.634118
36637,0.760981
36638,0.892495
36639,0.655526
36640,0.747024
36641,0.437216
36642,0.218516
36643,0.766294
36644,0.948276
36645,0.70038
36646,0.44412
36647,0.828265
36648,0.731483
36649,0.921261
36650,0.807456
36651,0.961099
36652,0.800619
36653,0.985333
36654,0.877894
36655,0.892477
36656,0.783364
36657,0.767012
36658,0.59286
36659,0.969487
36660,0.822952
36661,0.973707
36662,0.898387
36663,0.955594
36664,0.846652
36665,0.795879
36666,0.340146
36667,0.97573
36668,0.900382
36669,0.598439
36670,0.913866
36671,0.425186
36672,0.776291
36673,0.886416
36674,0.839844
36675,0.342483
36676,0.862934
36677,0.967734
36678,0.857721
36679,0.870301
36680,0.793647
36681,0.817486
36682,0.992123
36683,0.032136
36684,0.524477
36685,0.720747
36686,0.868979
36687,0.608017
36688,0.885653
36689,0.835789
36690,0.752308
36691,0.710525
36692,0.837678
36693,0.658848
36694,0.659918
36695,0.931572
36696,0.141108
36697,0.689627
36698,0.620304
36699,0.564936
36700,0.572842
36701,0.707497
36702,0.964166
36703,0.609548
36704,0.752664
36705,0.530356
36706,0.733615
36707,0.902755
36708,0.597328
36709,0.607475
36710,0.870003
36711,0.905397
36712,0.846488
36713,0.756129
36714,0.583218
36715,0.75162
36716,0.656818
36717,0.486447
36718,0.776837
36719,0.598474
36720,0.812074
36721,0.895812
36722,0.62809
36723,0.829508
36724,0.737785
36725,0.913941
36726,0.714521
36727,0.400698
36728,0.732684
36729,0.664273
36730,0.977454
36731,0.756212
36732,0.798413
36733,0.950947
36734,0.766746
36735,0.489285
36736,0.776915
36737,0.561523
36738,0.615781
36739,0.649753
36740,0.074621
36741,0.946397
36742,0.724008
36743,0.539266
36744,0.91983
36745,0.675894
36746,0.856239
36747,0.600557
36748,0.885679
36749,0.93178
36750,0.712962
36751,0.878974
36752,0.524496
36753,0.447107
36754,0.522959
36755,0.840052
36756,0.912791
36757,0.947741
36758,0.412927
36759,0.731309
36760,0.469239
36761,0.83362
36762,0.819009
36763,0.970073
36764,0.790504
36765,0.680581
36766,0.448175
36767,0.755833
36768,0.904316
36769,0.641416
36770,0.025047
36771,0.831142
36772,0.776405
36773,0.782979
36774,0.364843
36775,0.880138
36776,0.824855
36777,0.152972
36778,0.9196
36779,0.952434
36780,0.750713
36781,0.695371
36782,0.976752
36783,0.969441
36784,0.034567
36785,0.769652
36786,0.811251
36787,0.861209
36788,0.976703
36789,0.639536
36790,0.397897
36791,0.814862
36792,0.981377
36793,0.48058
36794,0.856587
36795,0.737997
36796,0.851149
36797,0.810998
36798,0.490099
36799,0.892725
36800,0.825487
36801,0.995183
36802,0.671172
36803,0.75167
36804,0.839202
36805,0.796163
36806,0.676778
36807,0.894741
36808,0.589106
36809,0.605555
36810,0.776847
36811,0.602856
36812,0.817653
36813,0.88958
36814,0.318793
36815,0.802577
36816,0.755665
36817,0.904375
36818,0.617573
36819,0.577189
36820,0.404011
36821,0.708332
36822,0.844327
36823,0.605676
36824,0.928058
36825,0.478616
36826,0.689879
36827,0.633311
36828,0.743394
36829,0.733007
36830,0.741328
36831,0.969977
36832,0.66342
36833,0.693321
36834,0.472769
36835,0.525867
36836,0.834586
36837,0.753918
36838,0.95223
36839,0.379983
36840,0.785816
36841,0.60874
36842,0.774562
36843,0.787486
36844,0.798691
36845,0.892542
36846,0.533963
36847,0.664898
36848,0.982517
36849,0.710551
36850,0.779724
36851,0.95063
36852,0.816885
36853,0.858266
36854,0.403809
36855,0.450211
36856,0.790919
36857,0.979287
36858,0.911704
36859,0.900868
36860,0.761181
36861,0.887474
36862,0.936871
36863,0.747317
36864,0.970952
36865,0.927078
36866,0.467965
36867,0.892026
36868,0.744096
36869,0.553336
36870,0.549312
36871,0.929528
36872,0.919925
36873,0.945047
36874,0.91918
36875,0.417833
36876,0.760266
36877,0.503742
36878,0.563168
36879,0.552606
36880,0.729516
36881,0.811036
36882,0.430641
36883,0.868599
36884,0.602511
36885,0.654028
36886,0.702071
36887,0.843036
36888,0.681469
36889,0.624258
36890,0.912858
36891,0.881493
36892,0.538082
36893,0.252391
36894,0.091458
36895,0.752165
36896,0.646992
36897,0.87591
36898,0.956748
36899,0.754161
36900,0.71133
36901,0.863356
36902,0.089998
36903,0.915267
36904,0.761051
36905,0.0716
36906,0.769108
36907,0.248129
36908,0.546678
36909,0.864552
36910,0.708625
36911,0.59235
36912,0.714883
36913,0.877084
36914,0.719516
36915,0.706146
36916,0.990355
36917,0.668182
36918,0.793752
36919,0.896489
36920,0.803032
36921,0.133027
36922,0.544008
36923,0.583452
36924,0.47647
36925,0.647697
36926,0.707607
36927,0.719471
36928,0.942734
36929,0.858998
36930,0.738967
36931,0.561834
36932,0.521649
36933,0.893963
36934,0.871166
36935,0.975028
36936,0.925025
36937,0.704734
36938,0.575888
36939,0.589974
36940,0.89038
36941,0.790439
36942,0.493913
36943,0.807092
36944,0.925446
36945,0.737997
36946,0.955668
36947,0.874708
36948,0.383641
36949,0.930541
36950,0.879806
36951,0.932223
36952,0.865101
36953,0.619305
36954,0.670723
36955,0.870119
36956,0.957453
36957,0.878525
36958,0.939063
36959,0.783109
36960,0.602262
36961,0.626547
36962,0.968892
36963,0.835709
36964,0.865222
36965,0.874685
36966,0.980811
36967,0.83699
36968,0.857965
36969,0.800235
36970,0.887792
36971,0.851218
36972,0.945744
36973,0.915366
36974,0.561637
36975,0.504637
36976,0.948748
36977,0.693061
36978,0.6417
36979,0.739123
36980,0.574061
36981,0.994763
36982,0.977332
36983,0.524239
36984,0.748393
36985,0.939162
36986,0.786098
36987,0.796272
36988,0.506377
36989,0.851233
36990,0.883844
36991,0.417908
36992,0.805621
36993,0.600954
36994,0.861338
36995,0.737875
36996,0.288683
36997,0.45798
36998,0.541318
36999,0.120416
37000,0.59168
37001,0.787945
37002,0.52645
37003,0.751264
37004,0.815845
37005,0.851869
37006,0.703628
37007,0.69163
37008,0.705832
37009,0.417493
37010,0.791297
37011,0.931266
37012,0.540024
37013,0.983651
37014,0.471804
37015,0.627861
37016,0.058887
37017,0.991283
37018,0.473702
37019,0.80393
37020,0.76698
37021,0.93544
37022,0.359276
37023,0.582019
37024,0.65184
37025,0.914101
37026,0.914205
37027,0.725674
37028,0.358673
37029,0.948594
37030,0.907055
37031,0.615405
37032,0.627403
37033,0.659083
37034,0.833789
37035,0.528517
37036,0.891383
37037,0.877003
37038,0.530536
37039,0.51063
37040,0.826099
37041,0.601057
37042,0.631924
37043,0.065566
37044,0.985825
37045,0.652443
37046,0.029597
37047,0.845775
37048,0.763255
37049,0.670206
37050,0.970679
37051,0.1227
37052,0.023151
37053,0.878049
37054,0.838327
37055,0.775523
37056,0.445385
37057,0.715154
37058,0.719043
37059,0.722675
37060,0.630792
37061,0.906753
37062,0.647135
37063,0.81326
37064,0.100918
37065,0.961489
37066,0.66269
37067,0.862278
37068,0.909398
37069,0.540844
37070,0.536148
37071,0.450785
37072,0.775064
37073,0.84659
37074,0.500209
37075,0.933546
37076,0.99227
37077,0.423575
37078,0.344233
37079,0.806159
37080,0.907316
37081,0.889795
37082,0.710134
37083,0.576971
37084,0.97734
37085,0.541965
37086,0.972899
37087,0.80774
37088,0.811929
37089,0.888502
37090,0.50829
37091,0.758428
37092,0.733004
37093,0.81858
37094,0.92938
37095,0.987471
37096,0.917971
37097,0.543957
37098,0.544549
37099,0.588718
37100,0.976241
37101,0.154867
37102,0.775529
37103,0.710849
37104,0.023824
37105,0.821424
37106,0.743291
37107,0.742868
37108,0.883971
37109,0.989391
37110,0.334007
37111,0.749969
37112,0.689289
37113,0.672403
37114,0.935947
37115,0.715546
37116,0.526148
37117,0.985149
37118,0.959855
37119,0.798386
37120,0.656337
37121,0.459639
37122,0.557671
37123,0.889007
37124,0.982879
37125,0.919974
37126,0.500234
37127,0.76281
37128,0.458722
37129,0.54675
37130,0.040535
37131,0.660837
37132,0.824421
37133,0.662693
37134,0.667354
37135,0.816749
37136,0.913407
37137,0.702335
37138,0.055786
37139,0.747669
37140,0.476144
37141,0.628673
37142,0.614034
37143,0.659799
37144,0.874044
37145,0.830307
37146,0.945662
37147,0.532201
37148,0.025727
37149,0.186149
37150,0.735732
37151,0.786693
37152,0.811257
37153,0.89867
37154,0.521245
37155,0.73595
37156,0.468406
37157,0.608814
37158,0.969608
37159,0.406406
37160,0.747555
37161,0.896958
37162,0.902175
37163,0.917012
37164,0.630249
37165,0.78247
37166,0.583699
37167,0.516972
37168,0.965135
37169,0.663728
37170,0.887345
37171,0.359068
37172,0.585973
37173,0.891856
37174,0.91835
37175,0.64724
37176,0.956894
37177,0.771023
37178,0.969241
37179,0.887039
37180,0.850734
37181,0.94349
37182,0.894549
37183,0.653412
37184,0.708183
37185,0.061615
37186,0.894639
37187,0.725207
37188,0.655914
37189,0.8561
37190,0.649044
37191,0.836589
37192,0.400918
37193,0.916515
37194,0.85294
37195,0.988448
37196,0.796101
37197,0.586998
37198,0.702879
37199,0.629543
37200,0.830604
37201,0.702059
37202,0.756737
37203,0.498042
37204,0.984191
37205,0.93405
37206,0.453694
37207,0.957051
37208,0.547915
37209,0.876215
37210,0.85889
37211,0.892388
37212,0.631516
37213,0.984027
37214,0.508475
37215,0.721868
37216,0.972283
37217,0.566619
37218,0.273898
37219,0.758145
37220,0.969877
37221,0.504747
37222,0.761501
37223,0.875598
37224,0.791967
37225,0.897072
37226,0.541593
37227,0.980748
37228,0.560949
37229,0.347
37230,0.969712
37231,0.865014
37232,0.859841
37233,0.741538
37234,0.945825
37235,0.671975
37236,0.933882
37237,0.615281
37238,0.844802
37239,0.455035
37240,0.581063
37241,0.895237
37242,0.495541
37243,0.769438
37244,0.694084
37245,0.737866
37246,0.615985
37247,0.835395
37248,0.817515
37249,0.583731
37250,0.797214
37251,0.92777
37252,0.602753
37253,0.714295
37254,0.552259
37255,0.945063
37256,0.826167
37257,0.702974
37258,0.849208
37259,0.942131
37260,0.970016
37261,0.73032
37262,0.545519
37263,0.655452
37264,0.583599
37265,0.628986
37266,0.980734
37267,0.833352
37268,0.985419
37269,0.744088
37270,0.83073
37271,0.674858
37272,0.743664
37273,0.706948
37274,0.667897
37275,0.906806
37276,0.796986
37277,0.427377
37278,0.942516
37279,0.459377
37280,0.868641
37281,0.841192
37282,0.802113
37283,0.972754
37284,0.874864
37285,0.895788
37286,0.873437
37287,0.312371
37288,0.931735
37289,0.686756
37290,0.850345
37291,0.747442
37292,0.912416
37293,0.663356
37294,0.903094
37295,0.514785
37296,0.858359
37297,0.951863
37298,0.702182
37299,0.465536
37300,0.438806
37301,0.945186
37302,0.955034
37303,0.993036
37304,0.779552
37305,0.902625
37306,0.800811
37307,0.171576
37308,0.810748
37309,0.397151
37310,0.84874
37311,0.555493
37312,0.82655
37313,0.47113
37314,0.477755
37315,0.922878
37316,0.485289
37317,0.784449
37318,0.561063
37319,0.862032
37320,0.728684
37321,0.776389
37322,0.556159
37323,0.717681
37324,0.860375
37325,0.957805
37326,0.555609
37327,0.712095
37328,0.756396
37329,0.980192
37330,0.683895
37331,0.097567
37332,0.954787
37333,0.560077
37334,0.160331
37335,0.614706
37336,0.90892
37337,0.772169
37338,0.508724
37339,0.047253
37340,0.469636
37341,0.956075
37342,0.958952
37343,0.897684
37344,0.789921
37345,0.331932
37346,0.84178
37347,0.576541
37348,0.545157
37349,0.682779
37350,0.859287
37351,0.477239
37352,0.639759
37353,0.720358
37354,0.827766
37355,0.835966
37356,0.915569
37357,0.678128
37358,0.769176
37359,0.778019
37360,0.781397
37361,0.934229
37362,0.916175
37363,0.907223
37364,0.976314
37365,0.667673
37366,0.60059
37367,0.7875
37368,0.810975
37369,0.760897
37370,0.685555
37371,0.692116
37372,0.591375
37373,0.888061
37374,0.84443
37375,0.766422
37376,0.880221
37377,0.969843
37378,0.69757
37379,0.68204
37380,0.950716
37381,0.589478
37382,0.919989
37383,0.977686
37384,0.58091
37385,0.785495
37386,0.956373
37387,0.877761
37388,0.575997
37389,0.495265
37390,0.769482
37391,0.812591
37392,0.934374
37393,0.450729
37394,0.872736
37395,0.658862
37396,0.449179
37397,0.045351
37398,0.969473
37399,0.913961
37400,0.939898
37401,0.717586
37402,0.631503
37403,0.879591
37404,0.852136
37405,0.621112
37406,0.627629
37407,0.730961
37408,0.713513
37409,0.57249
37410,0.688754
37411,0.813668
37412,0.976855
37413,0.586391
37414,0.974357
37415,0.945503
37416,0.866863
37417,0.712239
37418,0.69457
37419,0.386509
37420,0.850475
37421,0.690748
37422,0.858385
37423,0.970123
37424,0.888044
37425,0.685758
37426,0.724204
37427,0.619208
37428,0.949329
37429,0.624085
37430,0.828561
37431,0.564031
37432,0.824736
37433,0.553368
37434,0.581438
37435,0.537085
37436,0.59225
37437,0.740539
37438,0.983467
37439,0.939617
37440,0.653502
37441,0.144696
37442,0.556587
37443,0.537337
37444,0.991535
37445,0.904291
37446,0.768739
37447,0.755835
37448,0.046399
37449,0.657913
37450,0.706795
37451,0.848702
37452,0.881527
37453,0.563977
37454,0.976591
37455,0.074175
37456,0.875111
37457,0.749416
37458,0.846953
37459,0.365996
37460,0.315366
37461,0.753468
37462,0.904372
37463,0.96485
37464,0.641257
37465,0.697553
37466,0.942598
37467,0.754099
37468,0.801258
37469,0.656967
37470,0.696334
37471,0.778992
37472,0.859177
37473,0.556563
37474,0.994518
37475,0.982083
37476,0.579084
37477,0.901303
37478,0.7337
37479,0.818026
37480,0.025605
37481,0.69946
37482,0.812756
37483,0.519708
37484,0.775563
37485,0.47089
37486,0.697792
37487,0.779348
37488,0.751078
37489,0.485094
37490,0.919589
37491,0.913339
37492,0.568881
37493,0.401183
37494,0.931488
37495,0.978686
37496,0.59527
37497,0.642723
37498,0.547358
37499,0.850882
37500,0.599742
37501,0.471039
37502,0.783727
37503,0.476874
37504,0.541995
37505,0.841037
37506,0.534078
37507,0.457981
37508,0.983115
37509,0.60772
37510,0.468914
37511,0.87469
37512,0.439136
37513,0.743898
37514,0.985184
37515,0.831965
37516,0.736219
37517,0.736473
37518,0.654725
37519,0.610174
37520,0.825004
37521,0.582279
37522,0.644617
37523,0.929583
37524,0.78556
37525,0.703832
37526,0.615728
37527,0.802729
37528,0.872534
37529,0.5399
37530,0.685648
37531,0.706477
37532,0.923232
37533,0.769841
37534,0.571339
37535,0.83945
37536,0.751672
37537,0.784598
37538,0.797878
37539,0.745345
37540,0.862479
37541,0.50377
37542,0.851205
37543,0.642673
37544,0.681549
37545,0.967954
37546,0.836916
37547,0.71269
37548,0.919793
37549,0.913393
37550,0.534866
37551,0.45433
37552,0.762706
37553,0.653257
37554,0.796542
37555,0.938877
37556,0.949119
37557,0.987256
37558,0.817901
37559,0.889725
37560,0.063128
37561,0.728128
37562,0.770515
37563,0.879238
37564,0.744229
37565,0.535301
37566,0.741039
37567,0.524743
37568,0.873512
37569,0.811569
37570,0.69489
37571,0.642886
37572,0.787529
37573,0.956094
37574,0.694993
37575,0.789072
37576,0.701566
37577,0.952782
37578,0.557001
37579,0.728297
37580,0.783211
37581,0.75531
37582,0.164914
37583,0.780755
37584,0.987825
37585,0.68598
37586,0.98416
37587,0.843568
37588,0.934135
37589,0.233883
37590,0.75606
37591,0.862135
37592,0.571452
37593,0.860382
37594,0.894826
37595,0.898107
37596,0.849225
37597,0.611079
37598,0.384987
37599,0.839239
37600,0.882885
37601,0.929608
37602,0.849466
37603,0.65693
37604,0.642251
37605,0.688852
37606,0.894741
37607,0.850387
37608,0.151256
37609,0.877667
37610,0.738697
37611,0.875012
37612,0.459831
37613,0.496699
37614,0.814654
37615,0.934526
37616,0.640716
37617,0.703742
37618,0.843426
37619,0.433394
37620,0.958125
37621,0.932465
37622,0.637699
37623,0.954115
37624,0.617091
37625,0.983342
37626,0.669961
37627,0.590063
37628,0.860642
37629,0.76725
37630,0.725552
37631,0.872546
37632,0.51325
37633,0.788656
37634,0.306696
37635,0.805928
37636,0.528828
37637,0.909288
37638,0.819903
37639,0.693352
37640,0.024804
37641,0.755039
37642,0.801829
37643,0.719822
37644,0.514369
37645,0.409809
37646,0.073609
37647,0.52719
37648,0.045089
37649,0.668523
37650,0.845567
37651,0.779015
37652,0.637113
37653,0.762969
37654,0.948468
37655,0.941868
37656,0.861617
37657,0.830097
37658,0.596706
37659,0.103617
37660,0.053136
37661,0.374263
37662,0.889039
37663,0.732466
37664,0.893538
37665,0.816808
37666,0.186898
37667,0.995719
37668,0.53052
37669,0.38673
37670,0.606156
37671,0.560551
37672,0.519944
37673,0.718899
37674,0.806518
37675,0.12858
37676,0.864691
37677,0.829966
37678,0.459727
37679,0.982462
37680,0.82145
37681,0.528225
37682,0.932864
37683,0.426194
37684,0.896429
37685,0.818287
37686,0.879183
37687,0.752491
37688,0.495415
37689,0.928836
37690,0.913343
37691,0.966301
37692,0.73318
37693,0.909016
37694,0.643746
37695,0.802984
37696,0.69708
37697,0.675727
37698,0.833776
37699,0.746453
37700,0.116774
37701,0.928887
37702,0.523796
37703,0.418013
37704,0.718412
37705,0.667964
37706,0.491
37707,0.701944
37708,0.685071
37709,0.868849
37710,0.94621
37711,0.756424
37712,0.798887
37713,0.450412
37714,0.760211
37715,0.667016
37716,0.163971
37717,0.728295
37718,0.548442
37719,0.9797
37720,0.214506
37721,0.638799
37722,0.797134
37723,0.694146
37724,0.962504
37725,0.862727
37726,0.811074
37727,0.873926
37728,0.780479
37729,0.872088
37730,0.663698
37731,0.707928
37732,0.821397
37733,0.815894
37734,0.752107
37735,0.732429
37736,0.823093
37737,0.786169
37738,0.974036
37739,0.972767
37740,0.704691
37741,0.933366
37742,0.770007
37743,0.777492
37744,0.626594
37745,0.89517
37746,0.501996
37747,0.782539
37748,0.842307
37749,0.724634
37750,0.905212
37751,0.792105
37752,0.918656
37753,0.63129
37754,0.919768
37755,0.837683
37756,0.899778
37757,0.659878
37758,0.982392
37759,0.895637
37760,0.849364
37761,0.751042
37762,0.511992
37763,0.370826
37764,0.751406
37765,0.80612
37766,0.992953
37767,0.854137
37768,0.979748
37769,0.542357
37770,0.878358
37771,0.702833
37772,0.420853
37773,0.395759
37774,0.505525
37775,0.833317
37776,0.841674
37777,0.773927
37778,0.771554
37779,0.975006
37780,0.812813
37781,0.841704
37782,0.568945
37783,0.930355
37784,0.988681
37785,0.879066
37786,0.615391
37787,0.957726
37788,0.289262
37789,0.802412
37790,0.687648
37791,0.991124
37792,0.702548
37793,0.636674
37794,0.833971
37795,0.879537
37796,0.674159
37797,0.586223
37798,0.770655
37799,0.73245
37800,0.895351
37801,0.674445
37802,0.701062
37803,0.853918
37804,0.788804
37805,0.686179
37806,0.964144
37807,0.862465
37808,0.854575
37809,0.591464
37810,0.123109
37811,0.898818
37812,0.501036
37813,0.420043
37814,0.66822
37815,0.847183
37816,0.801688
37817,0.872482
37818,0.726218
37819,0.459659
37820,0.762029
37821,0.685092
37822,0.956954
37823,0.902842
37824,0.915225
37825,0.818384
37826,0.775176
37827,0.903058
37828,0.908437
37829,0.880568
37830,0.600954
37831,0.849198
37832,0.689676
37833,0.934831
37834,0.814962
37835,0.727045
37836,0.833608
37837,0.395306
37838,0.826462
37839,0.738774
37840,0.738073
37841,0.955724
37842,0.87024
37843,0.650752
37844,0.781673
37845,0.626328
37846,0.713987
37847,0.985408
37848,0.965268
37849,0.993499
37850,0.581194
37851,0.861214
37852,0.561762
37853,0.674954
37854,0.646032
37855,0.707295
37856,0.919333
37857,0.793595
37858,0.940547
37859,0.737133
37860,0.701156
37861,0.789671
37862,0.314476
37863,0.787087
37864,0.609328
37865,0.757973
37866,0.76906
37867,0.92541
37868,0.670983
37869,0.539229
37870,0.602463
37871,0.610747
37872,0.604931
37873,0.816824
37874,0.575963
37875,0.77297
37876,0.607635
37877,0.672168
37878,0.683234
37879,0.792418
37880,0.676168
37881,0.54637
37882,0.975211
37883,0.878691
37884,0.857928
37885,0.775742
37886,0.639816
37887,0.859029
37888,0.595436
37889,0.712537
37890,0.555194
37891,0.733591
37892,0.989914
37893,0.913218
37894,0.567355
37895,0.772267
37896,0.842877
37897,0.468662
37898,0.985656
37899,0.843613
37900,0.780866
37901,0.852376
37902,0.901972
37903,0.793204
37904,0.30369
37905,0.871113
37906,0.679246
37907,0.625272
37908,0.983329
37909,0.689961
37910,0.769782
37911,0.893376
37912,0.940877
37913,0.184644
37914,0.885264
37915,0.893166
37916,0.800612
37917,0.741541
37918,0.421573
37919,0.993719
37920,0.693268
37921,0.857052
37922,0.963518
37923,0.962045
37924,0.438268
37925,0.711172
37926,0.524343
37927,0.776908
37928,0.608412
37929,0.799711
37930,0.487941
37931,0.836134
37932,0.7186
37933,0.987523
37934,0.251557
37935,0.706239
37936,0.558154
37937,0.721768
37938,0.608368
37939,0.751124
37940,0.704042
37941,0.957586
37942,0.781567
37943,0.938111
37944,0.955809
37945,0.803071
37946,0.593012
37947,0.683115
37948,0.176891
37949,0.378535
37950,0.942122
37951,0.976124
37952,0.779502
37953,0.865642
37954,0.794586
37955,0.662437
37956,0.398415
37957,0.789694
37958,0.938888
37959,0.689556
37960,0.970526
37961,0.750841
37962,0.945263
37963,0.936906
37964,0.605184
37965,0.623294
37966,0.49789
37967,0.959463
37968,0.75196
37969,0.647634
37970,0.876899
37971,0.961105
37972,0.910441
37973,0.686078
37974,0.679935
37975,0.682127
37976,0.580609
37977,0.977309
37978,0.774231
37979,0.687911
37980,0.919412
37981,0.808227
37982,0.979406
37983,0.762682
37984,0.166561
37985,0.943228
37986,0.51035
37987,0.702796
37988,0.703011
37989,0.568773
37990,0.804944
37991,0.735117
37992,0.577301
37993,0.891854
37994,0.642741
37995,0.95772
37996,0.917894
37997,0.902422
37998,0.982167
37999,0.513284
38000,0.229755
38001,0.59527
38002,0.754922
38003,0.861729
38004,0.391184
38005,0.631513
38006,0.933784
38007,0.914965
38008,0.176183
38009,0.566205
38010,0.75265
38011,0.950755
38012,0.902752
38013,0.766289
38014,0.660948
38015,0.546377
38016,0.758164
38017,0.140204
38018,0.970768
38019,0.849294
38020,0.942527
38021,0.655272
38022,0.520783
38023,0.719618
38024,0.951531
38025,0.704186
38026,0.911052
38027,0.986896
38028,0.823034
38029,0.962013
38030,0.832818
38031,0.041048
38032,0.961655
38033,0.973389
38034,0.797411
38035,0.937029
38036,0.809009
38037,0.817972
38038,0.640263
38039,0.903153
38040,0.481745
38041,0.797254
38042,0.685994
38043,0.703914
38044,0.817868
38045,0.891164
38046,0.685418
38047,0.475587
38048,0.430073
38049,0.907955
38050,0.865644
38051,0.9606
38052,0.923692
38053,0.8094
38054,0.826407
38055,0.936705
38056,0.77978
38057,0.788906
38058,0.631837
38059,0.902036
38060,0.796806
38061,0.875822
38062,0.898388
38063,0.047549
38064,0.468562
38065,0.80524
38066,0.695418
38067,0.067459
38068,0.11318
38069,0.814068
38070,0.536823
38071,0.909994
38072,0.966401
38073,0.819474
38074,0.820136
38075,0.990832
38076,0.656973
38077,0.947526
38078,0.840864
38079,0.286162
38080,0.954246
38081,0.258624
38082,0.874506
38083,0.955964
38084,0.939052
38085,0.426236
38086,0.825471
38087,0.830347
38088,0.894171
38089,0.896568
38090,0.986272
38091,0.593828
38092,0.625315
38093,0.708472
38094,0.831725
38095,0.612316
38096,0.813326
38097,0.837693
38098,0.66739
38099,0.991711
38100,0.745392
38101,0.941198
38102,0.983779
38103,0.883177
38104,0.979324
38105,0.669311
38106,0.924959
38107,0.546889
38108,0.683019
38109,0.428158
38110,0.523628
38111,0.883074
38112,0.748002
38113,0.701144
38114,0.880794
38115,0.451075
38116,0.924851
38117,0.850792
38118,0.975328
38119,0.611076
38120,0.824609
38121,0.44566
38122,0.975708
38123,0.890435
38124,0.840374
38125,0.83432
38126,0.738353
38127,0.666786
38128,0.791397
38129,0.815376
38130,0.97464
38131,0.060567
38132,0.625967
38133,0.766544
38134,0.702843
38135,0.687249
38136,0.946344
38137,0.616675
38138,0.817036
38139,0.471788
38140,0.531621
38141,0.953565
38142,0.986002
38143,0.697719
38144,0.44727
38145,0.642617
38146,0.745492
38147,0.703177
38148,0.916198
38149,0.78866
38150,0.732432
38151,0.931185
38152,0.532571
38153,0.64109
38154,0.812637
38155,0.598385
38156,0.815535
38157,0.849696
38158,0.665049
38159,0.804677
38160,0.930735
38161,0.849263
38162,0.814612
38163,0.528036
38164,0.945376
38165,0.370514
38166,0.665786
38167,0.870036
38168,0.972805
38169,0.894206
38170,0.834115
38171,0.752749
38172,0.537213
38173,0.624079
38174,0.889918
38175,0.453916
38176,0.628901
38177,0.852666
38178,0.595445
38179,0.933566
38180,0.994523
38181,0.85652
38182,0.598697
38183,0.540041
38184,0.612066
38185,0.839056
38186,0.835513
38187,0.715827
38188,0.834257
38189,0.799463
38190,0.813182
38191,0.925907
38192,0.855107
38193,0.953868
38194,0.755617
38195,0.667915
38196,0.98545
38197,0.97627
38198,0.995308
38199,0.905781
38200,0.525688
38201,0.871371
38202,0.301833
38203,0.714367
38204,0.980451
38205,0.544353
38206,0.504439
38207,0.047307
38208,0.981817
38209,0.603585
38210,0.844059
38211,0.810231
38212,0.85074
38213,0.047863
38214,0.356789
38215,0.780775
38216,0.080685
38217,0.759597
38218,0.573836
38219,0.971094
38220,0.620176
38221,0.859234
38222,0.286196
38223,0.71766
38224,0.890957
38225,0.881057
38226,0.946343
38227,0.894554
38228,0.427544
38229,0.535888
38230,0.426432
38231,0.977196
38232,0.800424
38233,0.769504
38234,0.963951
38235,0.620704
38236,0.982043
38237,0.762327
38238,0.809817
38239,0.54132
38240,0.743171
38241,0.843873
38242,0.735927
38243,0.707941
38244,0.701997
38245,0.779529
38246,0.898203
38247,0.837862
38248,0.264359
38249,0.896186
38250,0.963842
38251,0.435576
38252,0.74201
38253,0.888282
38254,0.969599
38255,0.730374
38256,0.481537
38257,0.807484
38258,0.85132
38259,0.708671
38260,0.867642
38261,0.598649
38262,0.416678
38263,0.637752
38264,0.387036
38265,0.658098
38266,0.719299
38267,0.856191
38268,0.982541
38269,0.759217
38270,0.974849
38271,0.038469
38272,0.916053
38273,0.860053
38274,0.61222
38275,0.894981
38276,0.84075
38277,0.736202
38278,0.968824
38279,0.432727
38280,0.880056
38281,0.794276
38282,0.336879
38283,0.811793
38284,0.626148
38285,0.811169
38286,0.922826
38287,0.65049
38288,0.983611
38289,0.529328
38290,0.865166
38291,0.986149
38292,0.751442
38293,0.916325
38294,0.97327
38295,0.885363
38296,0.924333
38297,0.709555
38298,0.933118
38299,0.654118
38300,0.889228
38301,0.649933
38302,0.989421
38303,0.697055
38304,0.179169
38305,0.619235
38306,0.709746
38307,0.914263
38308,0.773846
38309,0.579012
38310,0.781842
38311,0.564973
38312,0.860194
38313,0.697525
38314,0.704232
38315,0.891204
38316,0.906507
38317,0.858067
38318,0.676117
38319,0.812333
38320,0.977156
38321,0.815656
38322,0.827369
38323,0.879427
38324,0.921654
38325,0.39903
38326,0.869898
38327,0.674814
38328,0.672327
38329,0.926663
38330,0.815062
38331,0.949907
38332,0.650625
38333,0.888609
38334,0.150605
38335,0.420948
38336,0.664181
38337,0.583215
38338,0.83481
38339,0.678571
38340,0.750415
38341,0.575813
38342,0.816599
38343,0.764915
38344,0.925697
38345,0.720847
38346,0.982257
38347,0.794488
38348,0.956184
38349,0.58462
38350,0.887058
38351,0.761018
38352,0.598382
38353,0.931467
38354,0.646506
38355,0.66965
38356,0.771812
38357,0.54445
38358,0.828976
38359,0.955304
38360,0.989604
38361,0.366455
38362,0.736775
38363,0.726973
38364,0.55237
38365,0.471422
38366,0.898951
38367,0.519089
38368,0.79004
38369,0.728624
38370,0.711578
38371,0.939772
38372,0.589155
38373,0.97986
38374,0.841424
38375,0.964232
38376,0.983014
38377,0.954477
38378,0.469199
38379,0.881108
38380,0.7936
38381,0.7895
38382,0.62734
38383,0.961541
38384,0.594776
38385,0.781312
38386,0.708972
38387,0.583921
38388,0.795751
38389,0.970071
38390,0.756934
38391,0.808226
38392,0.932926
38393,0.542496
38394,0.492895
38395,0.446665
38396,0.9169
38397,0.788606
38398,0.903977
38399,0.838881
38400,0.72563
38401,0.96504
38402,0.927485
38403,0.77782
38404,0.920523
38405,0.575972
38406,0.616339
38407,0.791329
38408,0.544021
38409,0.974885
38410,0.566762
38411,0.981921
38412,0.813996
38413,0.201131
38414,0.596279
38415,0.977044
38416,0.870997
38417,0.661962
38418,0.887596
38419,0.757201
38420,0.800146
38421,0.98859
38422,0.575527
38423,0.840914
38424,0.793256
38425,0.899123
38426,0.507758
38427,0.613522
38428,0.500275
38429,0.98919
38430,0.595
38431,0.884682
38432,0.701548
38433,0.560504
38434,0.404117
38435,0.822961
38436,0.437221
38437,0.868402
38438,0.576069
38439,0.454786
38440,0.948717
38441,0.922948
38442,0.943225
38443,0.983775
38444,0.807904
38445,0.928624
38446,0.753462
38447,0.611367
38448,0.985841
38449,0.821825
38450,0.502132
38451,0.70582
38452,0.490408
38453,0.978422
38454,0.404729
38455,0.125393
38456,0.884717
38457,0.743254
38458,0.774873
38459,0.315613
38460,0.755883
38461,0.981969
38462,0.539755
38463,0.588389
38464,0.889627
38465,0.743818
38466,0.906457
38467,0.752647
38468,0.293817
38469,0.745161
38470,0.840774
38471,0.705156
38472,0.623457
38473,0.848931
38474,0.555653
38475,0.640999
38476,0.81196
38477,0.593545
38478,0.951827
38479,0.766454
38480,0.709782
38481,0.702353
38482,0.949942
38483,0.509814
38484,0.830859
38485,0.573502
38486,0.54799
38487,0.600593
38488,0.894032
38489,0.932565
38490,0.977364
38491,0.807651
38492,0.874898
38493,0.574987
38494,0.762898
38495,0.469075
38496,0.867047
38497,0.55354
38498,0.975458
38499,0.727248
38500,0.160477
38501,0.828325
38502,0.626498
38503,0.851271
38504,0.959205
38505,0.52901
38506,0.665578
38507,0.303955
38508,0.713863
38509,0.776146
38510,0.955999
38511,0.874592
38512,0.819843
38513,0.680653
38514,0.885589
38515,0.904818
38516,0.637859
38517,0.467803
38518,0.847177
38519,0.885523
38520,0.750313
38521,0.265989
38522,0.905316
38523,0.973189
38524,0.550848
38525,0.602469
38526,0.891745
38527,0.723678
38528,0.568444
38529,0.422768
38530,0.919371
38531,0.777629
38532,0.707534
38533,0.861505
38534,0.674176
38535,0.581661
38536,0.849027
38537,0.13826
38538,0.612481
38539,0.686114
38540,0.508949
38541,0.768781
38542,0.774
38543,0.972132
38544,0.645774
38545,0.632487
38546,0.735
38547,0.965183
38548,0.746473
38549,0.746733
38550,0.75462
38551,0.585742
38552,0.872976
38553,0.557609
38554,0.704845
38555,0.71765
38556,0.936327
38557,0.665054
38558,0.685609
38559,0.868989
38560,0.895414
38561,0.792811
38562,0.672789
38563,0.775371
38564,0.387574
38565,0.912002
38566,0.91263
38567,0.542832
38568,0.811067
38569,0.788216
38570,0.486961
38571,0.531312
38572,0.572406
38573,0.581834
38574,0.983905
38575,0.905801
38576,0.952542
38577,0.900391
38578,0.559631
38579,0.871521
38580,0.942131
38581,0.985595
38582,0.721513
38583,0.512358
38584,0.739762
38585,0.775062
38586,0.58057
38587,0.794496
38588,0.392131
38589,0.740956
38590,0.964727
38591,0.794299
38592,0.684412
38593,0.88834
38594,0.978674
38595,0.783342
38596,0.92597
38597,0.13531
38598,0.497026
38599,0.987378
38600,0.793448
38601,0.834641
38602,0.481133
38603,0.602706
38604,0.726408
38605,0.944174
38606,0.614897
38607,0.727929
38608,0.525908
38609,0.100595
38610,0.715689
38611,0.80348
38612,0.758071
38613,0.856248
38614,0.798544
38615,0.723955
38616,0.026372
38617,0.744381
38618,0.405026
38619,0.749919
38620,0.768406
38621,0.858405
38622,0.876253
38623,0.992622
38624,0.633581
38625,0.790311
38626,0.775675
38627,0.785415
38628,0.723569
38629,0.713744
38630,0.677133
38631,0.505849
38632,0.893688
38633,0.597108
38634,0.93015
38635,0.972431
38636,0.968721
38637,0.899852
38638,0.674674
38639,0.962065
38640,0.822669
38641,0.64473
38642,0.664207
38643,0.92238
38644,0.710181
38645,0.769419
38646,0.85802
38647,0.77629
38648,0.920343
38649,0.405205
38650,0.768596
38651,0.675276
38652,0.852425
38653,0.475513
38654,0.92061
38655,0.958393
38656,0.71364
38657,0.768161
38658,0.926817
38659,0.649048
38660,0.919853
38661,0.693021
38662,0.416087
38663,0.916673
38664,0.373423
38665,0.977099
38666,0.99117
38667,0.980324
38668,0.90489
38669,0.046565
38670,0.875222
38671,0.41465
38672,0.436653
38673,0.489924
38674,0.835657
38675,0.714382
38676,0.808886
38677,0.906478
38678,0.396826
38679,0.873632
38680,0.773477
38681,0.93767
38682,0.729147
38683,0.647941
38684,0.72263
38685,0.543601
38686,0.866569
38687,0.827627
38688,0.601484
38689,0.862838
38690,0.43151
38691,0.652033
38692,0.869818
38693,0.899998
38694,0.80625
38695,0.639391
38696,0.947802
38697,0.685712
38698,0.673885
38699,0.227317
38700,0.683636
38701,0.771629
38702,0.743874
38703,0.781952
38704,0.93197
38705,0.715961
38706,0.094196
38707,0.903543
38708,0.86702
38709,0.722211
38710,0.921314
38711,0.352003
38712,0.167738
38713,0.867319
38714,0.793023
38715,0.756208
38716,0.709774
38717,0.608764
38718,0.790191
38719,0.852777
38720,0.810758
38721,0.541682
38722,0.938998
38723,0.548068
38724,0.970365
38725,0.869566
38726,0.707746
38727,0.814429
38728,0.546428
38729,0.700246
38730,0.775221
38731,0.383009
38732,0.60348
38733,0.98655
38734,0.927401
38735,0.970838
38736,0.790182
38737,0.947803
38738,0.396976
38739,0.405855
38740,0.837431
38741,0.915973
38742,0.932904
38743,0.745578
38744,0.658235
38745,0.564042
38746,0.549463
38747,0.985715
38748,0.947367
38749,0.597193
38750,0.985148
38751,0.768852
38752,0.833719
38753,0.807014
38754,0.813595
38755,0.658982
38756,0.133586
38757,0.940494
38758,0.89033
38759,0.840324
38760,0.638685
38761,0.485207
38762,0.027155
38763,0.877571
38764,0.970904
38765,0.955126
38766,0.615701
38767,0.714354
38768,0.878238
38769,0.942753
38770,0.826432
38771,0.457658
38772,0.825538
38773,0.749745
38774,0.677361
38775,0.392409
38776,0.57562
38777,0.719472
38778,0.668132
38779,0.710017
38780,0.744689
38781,0.989321
38782,0.644963
38783,0.463886
38784,0.954431
38785,0.032479
38786,0.423785
38787,0.657524
38788,0.823311
38789,0.791386
38790,0.931614
38791,0.57084
38792,0.977629
38793,0.494794
38794,0.986551
38795,0.967175
38796,0.566016
38797,0.853286
38798,0.630687
38799,0.977352
38800,0.612117
38801,0.975857
38802,0.959816
38803,0.521097
38804,0.571838
38805,0.305593
38806,0.989058
38807,0.777372
38808,0.618374
38809,0.970066
38810,0.884816
38811,0.655063
38812,0.955855
38813,0.937652
38814,0.775209
38815,0.955095
38816,0.920645
38817,0.624132
38818,0.738249
38819,0.578263
38820,0.33148
38821,0.989715
38822,0.329923
38823,0.788971
38824,0.207389
38825,0.912163
38826,0.865509
38827,0.984814
38828,0.932217
38829,0.202661
38830,0.914492
38831,0.666777
38832,0.801681
38833,0.971319
38834,0.692915
38835,0.983767
38836,0.749522
38837,0.762083
38838,0.926098
38839,0.555812
38840,0.95341
38841,0.814274
38842,0.980424
38843,0.865265
38844,0.587558
38845,0.858844
38846,0.590373
38847,0.647216
38848,0.647269
38849,0.781314
38850,0.641448
38851,0.508335
38852,0.821217
38853,0.783781
38854,0.881049
38855,0.956363
38856,0.780995
38857,0.93348
38858,0.687496
38859,0.187267
38860,0.982537
38861,0.541127
38862,0.33475
38863,0.825394
38864,0.93846
38865,0.561043
38866,0.932374
38867,0.827625
38868,0.773249
38869,0.506111
38870,0.685123
38871,0.927718
38872,0.900502
38873,0.728191
38874,0.987698
38875,0.876539
38876,0.879604
38877,0.931129
38878,0.554901
38879,0.971519
38880,0.835731
38881,0.566451
38882,0.819321
38883,0.616885
38884,0.949468
38885,0.853789
38886,0.941141
38887,0.693994
38888,0.66322
38889,0.582241
38890,0.722633
38891,0.83591
38892,0.591714
38893,0.02946
38894,0.688288
38895,0.712107
38896,0.921089
38897,0.849116
38898,0.752945
38899,0.776896
38900,0.375575
38901,0.908537
38902,0.157522
38903,0.552821
38904,0.829873
38905,0.846199
38906,0.68842
38907,0.704394
38908,0.7435
38909,0.80949
38910,0.586996
38911,0.804882
38912,0.380997
38913,0.88961
38914,0.883655
38915,0.893864
38916,0.568822
38917,0.83313
38918,0.753639
38919,0.893652
38920,0.962462
38921,0.966162
38922,0.773772
38923,0.798512
38924,0.715978
38925,0.742055
38926,0.616868
38927,0.577533
38928,0.741536
38929,0.78993
38930,0.611106
38931,0.919764
38932,0.78291
38933,0.827061
38934,0.883866
38935,0.849734
38936,0.44675
38937,0.82556
38938,0.67483
38939,0.811683
38940,0.788204
38941,0.681915
38942,0.931072
38943,0.791457
38944,0.478071
38945,0.771684
38946,0.714225
38947,0.883425
38948,0.407932
38949,0.537843
38950,0.952211
38951,0.658255
38952,0.374303
38953,0.972131
38954,0.926435
38955,0.118891
38956,0.849781
38957,0.952607
38958,0.982669
38959,0.269997
38960,0.986271
38961,0.897374
38962,0.87995
38963,0.609727
38964,0.508262
38965,0.437668
38966,0.46523
38967,0.603825
38968,0.761329
38969,0.480697
38970,0.461687
38971,0.982935
38972,0.796565
38973,0.689695
38974,0.745701
38975,0.849038
38976,0.912516
38977,0.889422
38978,0.913296
38979,0.537902
38980,0.47313
38981,0.189093
38982,0.873882
38983,0.709637
38984,0.867686
38985,0.734388
38986,0.669589
38987,0.860716
38988,0.501891
38989,0.664737
38990,0.723785
38991,0.624971
38992,0.945365
38993,0.696233
38994,0.859343
38995,0.992989
38996,0.496593
38997,0.526543
38998,0.948984
38999,0.758131
39000,0.826583
39001,0.697561
39002,0.933724
39003,0.820249
39004,0.95934
39005,0.692119
39006,0.73091
39007,0.904071
39008,0.705727
39009,0.963985
39010,0.43317
39011,0.692473
39012,0.83914
39013,0.431072
39014,0.821424
39015,0.766882
39016,0.905623
39017,0.612503
39018,0.80289
39019,0.705641
39020,0.811807
39021,0.695523
39022,0.693036
39023,0.939542
39024,0.881155
39025,0.907566
39026,0.882927
39027,0.42099
39028,0.864007
39029,0.981505
39030,0.733961
39031,0.609172
39032,0.648338
39033,0.751637
39034,0.666103
39035,0.986159
39036,0.972991
39037,0.716656
39038,0.521114
39039,0.6521
39040,0.793654
39041,0.667279
39042,0.885034
39043,0.995799
39044,0.513563
39045,0.035313
39046,0.709097
39047,0.748915
39048,0.855174
39049,0.948272
39050,0.534414
39051,0.952795
39052,0.216444
39053,0.922704
39054,0.903631
39055,0.992378
39056,0.739237
39057,0.656837
39058,0.598923
39059,0.042024
39060,0.947092
39061,0.650282
39062,0.579806
39063,0.973318
39064,0.8568
39065,0.816629
39066,0.528225
39067,0.328439
39068,0.993588
39069,0.025498
39070,0.978451
39071,0.81946
39072,0.818879
39073,0.664522
39074,0.882553
39075,0.046559
39076,0.828605
39077,0.850476
39078,0.838302
39079,0.982093
39080,0.696644
39081,0.710705
39082,0.971986
39083,0.806114
39084,0.840774
39085,0.662479
39086,0.763779
39087,0.955198
39088,0.643909
39089,0.341854
39090,0.77701
39091,0.977088
39092,0.559859
39093,0.743217
39094,0.811358
39095,0.620482
39096,0.754266
39097,0.235163
39098,0.66529
39099,0.935896
39100,0.72828
39101,0.068681
39102,0.562748
39103,0.956758
39104,0.760217
39105,0.918284
39106,0.82999
39107,0.797076
39108,0.602428
39109,0.455452
39110,0.554495
39111,0.968229
39112,0.868313
39113,0.830077
39114,0.905281
39115,0.977574
39116,0.932498
39117,0.814397
39118,0.640454
39119,0.774504
39120,0.730581
39121,0.576709
39122,0.833546
39123,0.095198
39124,0.50945
39125,0.544015
39126,0.652351
39127,0.472862
39128,0.507454
39129,0.409707
39130,0.928593
39131,0.819378
39132,0.974481
39133,0.503244
39134,0.845047
39135,0.578233
39136,0.745021
39137,0.409753
39138,0.917458
39139,0.751314
39140,0.988674
39141,0.857515
39142,0.875184
39143,0.976234
39144,0.77012
39145,0.059165
39146,0.725973
39147,0.960271
39148,0.866594
39149,0.905752
39150,0.804385
39151,0.879268
39152,0.951555
39153,0.751036
39154,0.906072
39155,0.983525
39156,0.549542
39157,0.662932
39158,0.563323
39159,0.47595
39160,0.867948
39161,0.907119
39162,0.534138
39163,0.83753
39164,0.632218
39165,0.546705
39166,0.641078
39167,0.673492
39168,0.946426
39169,0.833925
39170,0.71405
39171,0.897144
39172,0.867289
39173,0.848773
39174,0.579939
39175,0.700952
39176,0.795776
39177,0.636653
39178,0.395435
39179,0.777491
39180,0.72015
39181,0.907234
39182,0.487109
39183,0.501682
39184,0.961205
39185,0.647885
39186,0.775734
39187,0.71052
39188,0.844391
39189,0.8824
39190,0.718364
39191,0.955036
39192,0.658938
39193,0.850041
39194,0.854924
39195,0.933451
39196,0.613274
39197,0.782674
39198,0.506431
39199,0.534236
39200,0.533567
39201,0.868583
39202,0.735838
39203,0.624231
39204,0.67969
39205,0.660852
39206,0.540672
39207,0.843346
39208,0.884292
39209,0.691627
39210,0.847098
39211,0.925734
39212,0.783493
39213,0.982857
39214,0.505565
39215,0.658434
39216,0.406298
39217,0.459459
39218,0.728373
39219,0.46001
39220,0.964243
39221,0.996172
39222,0.510582
39223,0.750236
39224,0.973417
39225,0.644617
39226,0.885826
39227,0.918576
39228,0.885936
39229,0.739481
39230,0.8179
39231,0.699569
39232,0.954081
39233,0.782944
39234,0.060091
39235,0.619862
39236,0.951865
39237,0.735145
39238,0.543908
39239,0.908259
39240,0.433232
39241,0.909925
39242,0.907048
39243,0.974471
39244,0.551084
39245,0.584153
39246,0.833161
39247,0.931883
39248,0.738995
39249,0.841555
39250,0.898415
39251,0.436732
39252,0.73786
39253,0.766928
39254,0.680419
39255,0.756017
39256,0.538036
39257,0.032913
39258,0.742224
39259,0.982866
39260,0.70862
39261,0.591573
39262,0.443651
39263,0.610657
39264,0.626048
39265,0.728923
39266,0.914066
39267,0.928161
39268,0.441872
39269,0.781492
39270,0.643887
39271,0.719218
39272,0.886801
39273,0.035957
39274,0.722174
39275,0.499657
39276,0.547463
39277,0.852219
39278,0.597583
39279,0.828114
39280,0.863392
39281,0.78913
39282,0.591179
39283,0.805666
39284,0.739334
39285,0.599227
39286,0.899926
39287,0.487236
39288,0.489667
39289,0.75388
39290,0.958588
39291,0.597997
39292,0.804721
39293,0.690736
39294,0.723204
39295,0.843134
39296,0.388154
39297,0.977476
39298,0.713176
39299,0.47848
39300,0.861231
39301,0.960164
39302,0.804749
39303,0.553029
39304,0.585783
39305,0.676109
39306,0.98149
39307,0.852371
39308,0.929311
39309,0.516652
39310,0.823316
39311,0.939818
39312,0.545185
39313,0.575283
39314,0.756963
39315,0.931679
39316,0.962852
39317,0.581428
39318,0.913344
39319,0.952796
39320,0.889041
39321,0.791806
39322,0.983484
39323,0.95913
39324,0.955987
39325,0.761985
39326,0.693005
39327,0.509346
39328,0.673234
39329,0.758343
39330,0.529761
39331,0.801974
39332,0.632531
39333,0.599181
39334,0.990238
39335,0.539772
39336,0.801221
39337,0.690773
39338,0.744151
39339,0.980118
39340,0.398681
39341,0.834678
39342,0.830417
39343,0.648049
39344,0.213362
39345,0.47743
39346,0.863561
39347,0.651396
39348,0.595897
39349,0.653258
39350,0.813565
39351,0.870744
39352,0.808126
39353,0.885571
39354,0.894113
39355,0.59855
39356,0.842599
39357,0.87136
39358,0.667458
39359,0.705275
39360,0.578725
39361,0.751252
39362,0.930828
39363,0.814598
39364,0.142018
39365,0.732588
39366,0.975892
39367,0.249433
39368,0.386039
39369,0.878161
39370,0.87451
39371,0.732819
39372,0.651045
39373,0.54084
39374,0.652777
39375,0.552448
39376,0.779341
39377,0.803372
39378,0.81777
39379,0.826972
39380,0.854738
39381,0.825148
39382,0.950034
39383,0.937493
39384,0.180738
39385,0.544781
39386,0.874706
39387,0.70718
39388,0.06385
39389,0.886246
39390,0.982726
39391,0.677432
39392,0.682813
39393,0.925943
39394,0.73786
39395,0.695755
39396,0.757114
39397,0.094195
39398,0.590336
39399,0.871751
39400,0.991497
39401,0.457558
39402,0.673958
39403,0.817439
39404,0.683239
39405,0.9208
39406,0.936568
39407,0.556187
39408,0.514487
39409,0.80813
39410,0.679668
39411,0.88756
39412,0.983085
39413,0.880352
39414,0.818799
39415,0.030721
39416,0.633892
39417,0.801379
39418,0.973727
39419,0.770065
39420,0.747603
39421,0.862592
39422,0.782567
39423,0.95622
39424,0.775531
39425,0.735739
39426,0.976079
39427,0.596161
39428,0.607032
39429,0.966472
39430,0.481293
39431,0.518864
39432,0.530337
39433,0.873762
39434,0.295001
39435,0.84232
39436,0.535519
39437,0.737976
39438,0.690452
39439,0.645807
39440,0.926206
39441,0.535889
39442,0.701619
39443,0.84577
39444,0.662838
39445,0.761284
39446,0.843365
39447,0.778712
39448,0.98763
39449,0.814131
39450,0.918827
39451,0.933047
39452,0.502329
39453,0.547901
39454,0.85992
39455,0.751716
39456,0.911241
39457,0.819502
39458,0.678015
39459,0.633302
39460,0.929771
39461,0.743826
39462,0.942431
39463,0.823783
39464,0.699367
39465,0.828762
39466,0.94915
39467,0.901007
39468,0.584656
39469,0.681924
39470,0.967792
39471,0.898276
39472,0.807367
39473,0.143826
39474,0.38551
39475,0.928062
39476,0.698816
39477,0.715883
39478,0.495161
39479,0.145594
39480,0.455612
39481,0.790609
39482,0.879968
39483,0.959434
39484,0.95349
39485,0.667192
39486,0.509852
39487,0.594212
39488,0.44037
39489,0.423931
39490,0.828814
39491,0.95661
39492,0.726112
39493,0.642545
39494,0.698215
39495,0.711096
39496,0.71174
39497,0.791017
39498,0.578617
39499,0.342281
39500,0.869923
39501,0.637683
39502,0.614866
39503,0.518186
39504,0.955405
39505,0.974839
39506,0.918187
39507,0.508941
39508,0.449787
39509,0.719177
39510,0.934372
39511,0.585758
39512,0.897528
39513,0.923785
39514,0.615575
39515,0.744312
39516,0.707005
39517,0.841716
39518,0.930221
39519,0.898674
39520,0.473781
39521,0.767929
39522,0.811873
39523,0.961443
39524,0.677355
39525,0.621934
39526,0.834961
39527,0.887506
39528,0.865579
39529,0.715849
39530,0.597131
39531,0.421988
39532,0.613269
39533,0.321671
39534,0.618903
39535,0.896161
39536,0.819176
39537,0.841745
39538,0.669123
39539,0.77426
39540,0.858591
39541,0.983688
39542,0.451894
39543,0.444491
39544,0.760485
39545,0.681745
39546,0.874946
39547,0.745027
39548,0.725695
39549,0.991003
39550,0.956194
39551,0.899817
39552,0.865559
39553,0.678396
39554,0.914054
39555,0.533607
39556,0.60287
39557,0.680558
39558,0.649586
39559,0.656921
39560,0.73837
39561,0.884594
39562,0.486187
39563,0.662568
39564,0.711304
39565,0.830329
39566,0.703474
39567,0.729097
39568,0.369026
39569,0.926179
39570,0.950793
39571,0.960731
39572,0.615013
39573,0.785899
39574,0.780705
39575,0.983995
39576,0.672895
39577,0.927333
39578,0.935019
39579,0.566239
39580,0.981676
39581,0.749448
39582,0.665694
39583,0.864634
39584,0.469238
39585,0.81173
39586,0.869639
39587,0.91459
39588,0.564535
39589,0.70334
39590,0.852625
39591,0.610639
39592,0.988467
39593,0.945081
39594,0.763344
39595,0.053673
39596,0.574271
39597,0.671275
39598,0.61998
39599,0.848117
39600,0.976482
39601,0.791941
39602,0.38759
39603,0.462133
39604,0.732939
39605,0.583507
39606,0.668847
39607,0.963803
39608,0.634765
39609,0.068833
39610,0.839193
39611,0.859036
39612,0.930643
39613,0.88164
39614,0.75334
39615,0.942993
39616,0.75154
39617,0.789767
39618,0.809668
39619,0.968643
39620,0.890416
39621,0.707983
39622,0.981524
39623,0.247254
39624,0.949729
39625,0.907508
39626,0.88154
39627,0.867593
39628,0.865041
39629,0.452989
39630,0.955407
39631,0.85021
39632,0.712542
39633,0.583583
39634,0.325096
39635,0.701743
39636,0.850662
39637,0.530244
39638,0.719449
39639,0.921216
39640,0.671793
39641,0.58698
39642,0.609658
39643,0.869333
39644,0.89871
39645,0.803714
39646,0.860365
39647,0.71633
39648,0.880506
39649,0.689198
39650,0.928226
39651,0.612685
39652,0.463739
39653,0.959549
39654,0.724013
39655,0.973541
39656,0.683358
39657,0.951852
39658,0.684743
39659,0.508276
39660,0.762792
39661,0.933656
39662,0.449655
39663,0.955644
39664,0.950629
39665,0.569609
39666,0.135597
39667,0.937936
39668,0.386582
39669,0.499894
39670,0.665481
39671,0.910357
39672,0.717052
39673,0.9118
39674,0.949297
39675,0.864621
39676,0.590187
39677,0.970451
39678,0.94711
39679,0.912251
39680,0.562191
39681,0.629467
39682,0.931788
39683,0.804255
39684,0.698703
39685,0.896144
39686,0.675036
39687,0.775008
39688,0.978433
39689,0.991466
39690,0.759524
39691,0.653814
39692,0.605795
39693,0.856305
39694,0.502992
39695,0.921979
39696,0.408031
39697,0.72978
39698,0.560303
39699,0.627853
39700,0.718937
39701,0.026439
39702,0.109627
39703,0.422739
39704,0.692452
39705,0.53116
39706,0.047499
39707,0.451024
39708,0.862296
39709,0.842821
39710,0.578842
39711,0.695126
39712,0.671585
39713,0.976225
39714,0.809205
39715,0.862886
39716,0.756536
39717,0.367356
39718,0.663339
39719,0.038052
39720,0.965564
39721,0.606021
39722,0.848497
39723,0.967453
39724,0.738565
39725,0.929973
39726,0.601927
39727,0.805529
39728,0.773905
39729,0.963179
39730,0.815467
39731,0.403509
39732,0.697646
39733,0.73551
39734,0.626206
39735,0.898663
39736,0.888943
39737,0.701632
39738,0.177579
39739,0.740239
39740,0.891783
39741,0.896705
39742,0.886813
39743,0.816819
39744,0.984228
39745,0.86606
39746,0.578849
39747,0.914489
39748,0.897682
39749,0.779908
39750,0.927193
39751,0.671399
39752,0.598913
39753,0.653547
39754,0.857768
39755,0.637357
39756,0.911399
39757,0.721016
39758,0.822854
39759,0.800849
39760,0.961195
39761,0.751439
39762,0.51146
39763,0.547668
39764,0.694795
39765,0.541392
39766,0.354358
39767,0.621533
39768,0.96474
39769,0.456589
39770,0.672372
39771,0.447188
39772,0.875378
39773,0.711765
39774,0.864788
39775,0.809326
39776,0.851389
39777,0.87501
39778,0.917681
39779,0.608128
39780,0.953016
39781,0.880359
39782,0.752026
39783,0.608895
39784,0.838972
39785,0.920344
39786,0.726053
39787,0.908892
39788,0.754305
39789,0.878118
39790,0.066655
39791,0.962035
39792,0.559028
39793,0.804642
39794,0.578238
39795,0.965978
39796,0.360382
39797,0.864654
39798,0.958558
39799,0.53776
39800,0.029566
39801,0.48449
39802,0.767945
39803,0.438854
39804,0.982094
39805,0.465944
39806,0.801751
39807,0.715665
39808,0.68821
39809,0.935399
39810,0.746301
39811,0.599565
39812,0.792411
39813,0.817567
39814,0.813952
39815,0.626768
39816,0.960829
39817,0.700088
39818,0.83369
39819,0.5546
39820,0.68379
39821,0.917219
39822,0.528171
39823,0.670067
39824,0.609451
39825,0.800713
39826,0.314142
39827,0.418771
39828,0.650963
39829,0.583927
39830,0.690308
39831,0.965282
39832,0.862469
39833,0.434665
39834,0.808242
39835,0.829755
39836,0.947512
39837,0.862512
39838,0.838
39839,0.766434
39840,0.741831
39841,0.972093
39842,0.439976
39843,0.8976
39844,0.935378
39845,0.927483
39846,0.954316
39847,0.936584
39848,0.279928
39849,0.868838
39850,0.699429
39851,0.565994
39852,0.765427
39853,0.574897
39854,0.829121
39855,0.502033
39856,0.868436
39857,0.954964
39858,0.573133
39859,0.917661
39860,0.818357
39861,0.806575
39862,0.780252
39863,0.90459
39864,0.984043
39865,0.339899
39866,0.856104
39867,0.724559
39868,0.966993
39869,0.628848
39870,0.822287
39871,0.547875
39872,0.800094
39873,0.414848
39874,0.650885
39875,0.719862
39876,0.990499
39877,0.754987
39878,0.714232
39879,0.465557
39880,0.46646
39881,0.888572
39882,0.661696
39883,0.744983
39884,0.905083
39885,0.728204
39886,0.983684
39887,0.660552
39888,0.897115
39889,0.941127
39890,0.563742
39891,0.594755
39892,0.820272
39893,0.921594
39894,0.872909
39895,0.565151
39896,0.755773
39897,0.523215
39898,0.905338
39899,0.757056
39900,0.617452
39901,0.786658
39902,0.831975
39903,0.96708
39904,0.9957
39905,0.398564
39906,0.648051
39907,0.058434
39908,0.857428
39909,0.86071
39910,0.821934
39911,0.885744
39912,0.674966
39913,0.624942
39914,0.526731
39915,0.974938
39916,0.879581
39917,0.966728
39918,0.690275
39919,0.884313
39920,0.691227
39921,0.510134
39922,0.931411
39923,0.700103
39924,0.037227
39925,0.8905
39926,0.985875
39927,0.764237
39928,0.790893
39929,0.82464
39930,0.612648
39931,0.431029
39932,0.683428
39933,0.943422
39934,0.035725
39935,0.481574
39936,0.658557
39937,0.811742
39938,0.573595
39939,0.956385
39940,0.90611
39941,0.712538
39942,0.496945
39943,0.599088
39944,0.547651
39945,0.679909
39946,0.775562
39947,0.666485
39948,0.827984
39949,0.961326
39950,0.716719
39951,0.54035
39952,0.867548
39953,0.522784
39954,0.833772
39955,0.461552
39956,0.918702
39957,0.840198
39958,0.68751
39959,0.913555
39960,0.633489
39961,0.922138
39962,0.627399
39963,0.672589
39964,0.772595
39965,0.710769
39966,0.815639
39967,0.963277
39968,0.807922
39969,0.627449
39970,0.91371
39971,0.527564
39972,0.985425
39973,0.988186
39974,0.602166
39975,0.055214
39976,0.602065
39977,0.758886
39978,0.659378
39979,0.768394
39980,0.674661
39981,0.895682
39982,0.985301
39983,0.963829
39984,0.911997
39985,0.832279
39986,0.851101
39987,0.577439
39988,0.592753
39989,0.701535
39990,0.485579
39991,0.933156
39992,0.426715
39993,0.416342
39994,0.73365
39995,0.501117
39996,0.531336
39997,0.665135
39998,0.803346
39999,0.66573
