id,pred
0,0.770067
1,0.741374
2,0.828293
3,0.833724
4,0.933194
5,0.931245
6,0.748331
7,0.940595
8,0.597644
9,0.74443
10,0.817685
11,0.787182
12,0.586723
13,0.710381
14,0.906816
15,0.769141
16,0.776111
17,0.59284
18,0.836882
19,0.712962
20,0.612967
21,0.924703
22,0.76884
23,0.142595
24,0.517213
25,0.881309
26,0.528802
27,0.701908
28,0.953856
29,0.879642
30,0.782944
31,0.943775
32,0.677845
33,0.745803
34,0.943004
35,0.621146
36,0.529213
37,0.863819
38,0.624649
39,0.361075
40,0.677751
41,0.760088
42,0.813569
43,0.901593
44,0.719501
45,0.930232
46,0.506698
47,0.825515
48,0.646933
49,0.781058
50,0.705115
51,0.183473
52,0.83989
53,0.947885
54,0.955687
55,0.927791
56,0.052427
57,0.879371
58,0.691738
59,0.876486
60,0.741241
61,0.906348
62,0.637276
63,0.771911
64,0.77585
65,0.637921
66,0.735631
67,0.682801
68,0.106708
69,0.893603
70,0.678674
71,0.890952
72,0.753825
73,0.689239
74,0.940379
75,0.544772
76,0.908769
77,0.954264
78,0.960708
79,0.851199
80,0.76153
81,0.595468
82,0.067995
83,0.807398
84,0.758047
85,0.68414
86,0.785196
87,0.792317
88,0.914427
89,0.89
90,0.923549
91,0.77991
92,0.957837
93,0.73845
94,0.958367
95,0.904447
96,0.722352
97,0.807895
98,0.741885
99,0.931745
100,0.740055
101,0.141509
102,0.568856
103,0.922771
104,0.263873
105,0.827594
106,0.581551
107,0.884458
108,0.573251
109,0.554526
110,0.6124
111,0.536981
112,0.813589
113,0.766576
114,0.665519
115,0.484871
116,0.721167
117,0.869983
118,0.777386
119,0.884396
120,0.716805
121,0.950377
122,0.562053
123,0.86333
124,0.888938
125,0.822357
126,0.597566
127,0.620608
128,0.873575
129,0.350979
130,0.55022
131,0.397003
132,0.832959
133,0.878958
134,0.609309
135,0.80056
136,0.652572
137,0.688409
138,0.70241
139,0.598009
140,0.796439
141,0.944123
142,0.312162
143,0.846542
144,0.932375
145,0.833715
146,0.860437
147,0.717156
148,0.644522
149,0.838669
150,0.750339
151,0.648906
152,0.723238
153,0.066559
154,0.958358
155,0.936692
156,0.914401
157,0.577018
158,0.918105
159,0.957882
160,0.627106
161,0.892886
162,0.808038
163,0.604665
164,0.616158
165,0.38538
166,0.689558
167,0.948705
168,0.681831
169,0.911824
170,0.725274
171,0.600193
172,0.811084
173,0.838215
174,0.819822
175,0.912151
176,0.949551
177,0.057867
178,0.247704
179,0.579987
180,0.729291
181,0.762213
182,0.661423
183,0.291584
184,0.830131
185,0.790557
186,0.774943
187,0.636627
188,0.91567
189,0.818777
190,0.920858
191,0.664117
192,0.603487
193,0.879115
194,0.878726
195,0.830099
196,0.543382
197,0.65029
198,0.729412
199,0.732631
200,0.623115
201,0.733867
202,0.602906
203,0.90477
204,0.829776
205,0.599153
206,0.852407
207,0.739863
208,0.587206
209,0.584063
210,0.571758
211,0.810964
212,0.435563
213,0.684607
214,0.724288
215,0.712367
216,0.781898
217,0.901033
218,0.231189
219,0.80704
220,0.399143
221,0.760585
222,0.693755
223,0.773871
224,0.614275
225,0.721725
226,0.637281
227,0.458175
228,0.581844
229,0.885134
230,0.729729
231,0.757348
232,0.82575
233,0.92587
234,0.89547
235,0.059706
236,0.591205
237,0.64307
238,0.885884
239,0.744694
240,0.888595
241,0.931114
242,0.797032
243,0.481121
244,0.12241
245,0.835988
246,0.529324
247,0.699644
248,0.727927
249,0.694364
250,0.658585
251,0.899956
252,0.951121
253,0.87586
254,0.837158
255,0.916752
256,0.772294
257,0.810602
258,0.654722
259,0.529212
260,0.496312
261,0.520391
262,0.928216
263,0.95436
264,0.953469
265,0.6859
266,0.736703
267,0.673835
268,0.876737
269,0.855988
270,0.797442
271,0.924997
272,0.655363
273,0.906174
274,0.672934
275,0.419479
276,0.598931
277,0.769575
278,0.60182
279,0.651794
280,0.951808
281,0.923855
282,0.923234
283,0.701771
284,0.67941
285,0.807277
286,0.835637
287,0.776861
288,0.481295
289,0.881589
290,0.955554
291,0.805936
292,0.574775
293,0.666844
294,0.619994
295,0.959669
296,0.929116
297,0.6082
298,0.614698
299,0.689282
300,0.869169
301,0.657246
302,0.7698
303,0.764565
304,0.868236
305,0.902813
306,0.748925
307,0.530032
308,0.647255
309,0.580807
310,0.760115
311,0.949555
312,0.728351
313,0.583654
314,0.773103
315,0.613151
316,0.721553
317,0.936604
318,0.870586
319,0.398604
320,0.711008
321,0.658345
322,0.60003
323,0.853154
324,0.905493
325,0.314536
326,0.617552
327,0.745788
328,0.175871
329,0.854783
330,0.62812
331,0.345491
332,0.583211
333,0.824233
334,0.744439
335,0.64111
336,0.763537
337,0.678908
338,0.670574
339,0.617734
340,0.446924
341,0.777493
342,0.576739
343,0.772515
344,0.575769
345,0.265328
346,0.858669
347,0.680973
348,0.708375
349,0.510578
350,0.669447
351,0.914445
352,0.932194
353,0.814208
354,0.949551
355,0.814188
356,0.697162
357,0.63212
358,0.905664
359,0.536006
360,0.744637
361,0.516966
362,0.658787
363,0.881306
364,0.85587
365,0.892676
366,0.952621
367,0.571698
368,0.94447
369,0.929637
370,0.587812
371,0.726763
372,0.895496
373,0.908412
374,0.561641
375,0.934168
376,0.413456
377,0.925357
378,0.706295
379,0.801448
380,0.052146
381,0.832512
382,0.707361
383,0.579663
384,0.657468
385,0.910578
386,0.6309
387,0.674376
388,0.255949
389,0.206404
390,0.57892
391,0.784886
392,0.92599
393,0.580321
394,0.503352
395,0.628603
396,0.667096
397,0.068667
398,0.629255
399,0.903066
400,0.90576
401,0.903913
402,0.726958
403,0.953707
404,0.809426
405,0.907546
406,0.939055
407,0.875262
408,0.94356
409,0.63195
410,0.583034
411,0.450843
412,0.868441
413,0.719041
414,0.614545
415,0.641954
416,0.551541
417,0.688027
418,0.929525
419,0.899326
420,0.895322
421,0.771132
422,0.791529
423,0.729811
424,0.695707
425,0.861506
426,0.561473
427,0.951053
428,0.612002
429,0.560816
430,0.41538
431,0.63677
432,0.592972
433,0.724448
434,0.761223
435,0.626207
436,0.902088
437,0.93355
438,0.728314
439,0.629222
440,0.677973
441,0.746225
442,0.630612
443,0.637133
444,0.297148
445,0.924503
446,0.892393
447,0.697625
448,0.864143
449,0.805401
450,0.616534
451,0.643654
452,0.618508
453,0.946717
454,0.915049
455,0.678411
456,0.663156
457,0.580643
458,0.920443
459,0.953878
460,0.467682
461,0.798695
462,0.721544
463,0.584316
464,0.759113
465,0.8105
466,0.769031
467,0.941621
468,0.799648
469,0.589621
470,0.621107
471,0.642348
472,0.708531
473,0.712644
474,0.760478
475,0.862402
476,0.577034
477,0.7446
478,0.912816
479,0.778416
480,0.876736
481,0.758981
482,0.648944
483,0.701908
484,0.945028
485,0.752379
486,0.892359
487,0.545011
488,0.742414
489,0.537209
490,0.757074
491,0.943083
492,0.346285
493,0.853347
494,0.647352
495,0.827244
496,0.943473
497,0.145414
498,0.88572
499,0.519996
500,0.777966
501,0.543256
502,0.791269
503,0.851189
504,0.716135
505,0.83981
506,0.866083
507,0.842257
508,0.628145
509,0.691818
510,0.916434
511,0.888322
512,0.560054
513,0.650168
514,0.431489
515,0.436123
516,0.665804
517,0.717077
518,0.651431
519,0.829856
520,0.803546
521,0.599739
522,0.853749
523,0.56828
524,0.783065
525,0.911
526,0.772825
527,0.906129
528,0.709556
529,0.927156
530,0.544802
531,0.724934
532,0.61958
533,0.899041
534,0.592743
535,0.423762
536,0.886134
537,0.054761
538,0.933756
539,0.8039
540,0.794383
541,0.81869
542,0.645028
543,0.435776
544,0.835401
545,0.166864
546,0.463171
547,0.763927
548,0.953326
549,0.958541
550,0.508007
551,0.714102
552,0.851166
553,0.772535
554,0.675977
555,0.69702
556,0.789128
557,0.913088
558,0.704083
559,0.950112
560,0.783905
561,0.898997
562,0.886392
563,0.484618
564,0.777753
565,0.481112
566,0.907819
567,0.834729
568,0.718913
569,0.759757
570,0.693401
571,0.743708
572,0.52594
573,0.723171
574,0.581402
575,0.908386
576,0.78851
577,0.792855
578,0.878134
579,0.46894
580,0.957088
581,0.532598
582,0.539172
583,0.823388
584,0.886615
585,0.698745
586,0.886668
587,0.812184
588,0.925372
589,0.391766
590,0.695314
591,0.764472
592,0.735027
593,0.902395
594,0.809467
595,0.90382
596,0.950951
597,0.78781
598,0.42581
599,0.764741
600,0.795638
601,0.658576
602,0.726579
603,0.32255
604,0.337875
605,0.668646
606,0.641791
607,0.818308
608,0.716108
609,0.921785
610,0.647274
611,0.931272
612,0.560981
613,0.679404
614,0.703657
615,0.640666
616,0.773864
617,0.934852
618,0.921292
619,0.738534
620,0.304818
621,0.927208
622,0.661123
623,0.946104
624,0.902766
625,0.820598
626,0.744959
627,0.927498
628,0.688452
629,0.959064
630,0.819671
631,0.935723
632,0.805142
633,0.88799
634,0.739877
635,0.917855
636,0.954356
637,0.833648
638,0.827998
639,0.711105
640,0.587602
641,0.843769
642,0.826453
643,0.728196
644,0.93799
645,0.820981
646,0.512257
647,0.74122
648,0.434847
649,0.598953
650,0.925772
651,0.643396
652,0.643693
653,0.809518
654,0.756558
655,0.907638
656,0.784296
657,0.595436
658,0.550806
659,0.547209
660,0.568133
661,0.923235
662,0.808291
663,0.806261
664,0.50791
665,0.651126
666,0.686472
667,0.807404
668,0.741621
669,0.703998
670,0.652924
671,0.810512
672,0.876837
673,0.165227
674,0.868154
675,0.719954
676,0.648624
677,0.941482
678,0.676941
679,0.91506
680,0.560785
681,0.890947
682,0.777059
683,0.938613
684,0.911006
685,0.712697
686,0.905932
687,0.842847
688,0.697426
689,0.689124
690,0.794234
691,0.694398
692,0.834379
693,0.915854
694,0.726135
695,0.76358
696,0.579229
697,0.586605
698,0.635326
699,0.637554
700,0.712905
701,0.832576
702,0.410549
703,0.283098
704,0.701436
705,0.827391
706,0.91291
707,0.949934
708,0.442688
709,0.565752
710,0.766749
711,0.671
712,0.966234
713,0.614751
714,0.506948
715,0.687343
716,0.828563
717,0.779321
718,0.747847
719,0.623435
720,0.66009
721,0.684804
722,0.931033
723,0.932723
724,0.943524
725,0.700414
726,0.767382
727,0.623037
728,0.478192
729,0.521492
730,0.575467
731,0.888265
732,0.07674
733,0.724135
734,0.900988
735,0.757368
736,0.961567
737,0.711975
738,0.654078
739,0.843196
740,0.659609
741,0.944548
742,0.889218
743,0.92347
744,0.906132
745,0.768086
746,0.860979
747,0.463389
748,0.673049
749,0.440561
750,0.938783
751,0.834763
752,0.757371
753,0.803207
754,0.549914
755,0.730876
756,0.721336
757,0.586088
758,0.847286
759,0.758254
760,0.77462
761,0.521519
762,0.929608
763,0.566312
764,0.941863
765,0.92752
766,0.94235
767,0.889898
768,0.763043
769,0.745331
770,0.95766
771,0.678685
772,0.216248
773,0.595273
774,0.739163
775,0.8518
776,0.696546
777,0.950758
778,0.796676
779,0.954011
780,0.570939
781,0.769314
782,0.620565
783,0.834358
784,0.588385
785,0.792243
786,0.778152
787,0.495026
788,0.779055
789,0.963414
790,0.788439
791,0.60658
792,0.595076
793,0.89749
794,0.85476
795,0.900662
796,0.943427
797,0.745956
798,0.684199
799,0.392015
800,0.446856
801,0.770538
802,0.835827
803,0.775118
804,0.637887
805,0.757972
806,0.589162
807,0.66658
808,0.932827
809,0.74082
810,0.50373
811,0.939245
812,0.947286
813,0.795302
814,0.702698
815,0.710804
816,0.531385
817,0.833997
818,0.712615
819,0.549161
820,0.694979
821,0.863299
822,0.59006
823,0.687037
824,0.190943
825,0.942648
826,0.473274
827,0.761249
828,0.916774
829,0.751544
830,0.818927
831,0.922578
832,0.725766
833,0.494591
834,0.958144
835,0.696497
836,0.87493
837,0.671648
838,0.8793
839,0.20507
840,0.921313
841,0.909189
842,0.925832
843,0.529939
844,0.676774
845,0.906686
846,0.712252
847,0.507402
848,0.893855
849,0.935672
850,0.694592
851,0.75393
852,0.754724
853,0.50653
854,0.778458
855,0.627384
856,0.787226
857,0.798313
858,0.794207
859,0.510673
860,0.614188
861,0.832666
862,0.849195
863,0.785226
864,0.895182
865,0.616162
866,0.752234
867,0.695419
868,0.519871
869,0.719262
870,0.717293
871,0.706377
872,0.646251
873,0.763523
874,0.613504
875,0.7626
876,0.756324
877,0.722025
878,0.894357
879,0.690595
880,0.808466
881,0.954226
882,0.777216
883,0.898949
884,0.948471
885,0.804766
886,0.957397
887,0.806794
888,0.935772
889,0.881366
890,0.629062
891,0.474286
892,0.730268
893,0.487278
894,0.072693
895,0.066309
896,0.931829
897,0.831599
898,0.928848
899,0.929543
900,0.703685
901,0.883939
902,0.917036
903,0.703936
904,0.753361
905,0.387976
906,0.635593
907,0.853271
908,0.949323
909,0.514287
910,0.736339
911,0.838751
912,0.66179
913,0.782079
914,0.831836
915,0.839024
916,0.950607
917,0.757816
918,0.818804
919,0.191994
920,0.52937
921,0.887173
922,0.703797
923,0.815327
924,0.933236
925,0.773256
926,0.695686
927,0.803569
928,0.814637
929,0.713056
930,0.644907
931,0.909758
932,0.605847
933,0.957548
934,0.908452
935,0.788823
936,0.908082
937,0.584534
938,0.72768
939,0.914911
940,0.946079
941,0.768231
942,0.919949
943,0.586447
944,0.821605
945,0.741437
946,0.648216
947,0.640106
948,0.89518
949,0.646042
950,0.555904
951,0.820444
952,0.941291
953,0.800717
954,0.899887
955,0.628136
956,0.819026
957,0.847755
958,0.77995
959,0.818628
960,0.663483
961,0.209217
962,0.302604
963,0.711258
964,0.836545
965,0.698755
966,0.886443
967,0.885934
968,0.529479
969,0.639139
970,0.935729
971,0.689813
972,0.689054
973,0.889696
974,0.542402
975,0.687022
976,0.420689
977,0.161407
978,0.514598
979,0.827835
980,0.893297
981,0.721615
982,0.639609
983,0.602349
984,0.648505
985,0.578403
986,0.307828
987,0.892268
988,0.753613
989,0.881402
990,0.72038
991,0.941437
992,0.833382
993,0.495794
994,0.666531
995,0.922624
996,0.461015
997,0.602389
998,0.667483
999,0.571537
1000,0.909406
1001,0.695169
1002,0.824025
1003,0.728214
1004,0.90077
1005,0.482424
1006,0.518094
1007,0.800011
1008,0.903796
1009,0.861254
1010,0.9012
1011,0.738071
1012,0.952265
1013,0.892783
1014,0.418331
1015,0.881664
1016,0.632664
1017,0.887473
1018,0.539435
1019,0.693063
1020,0.716653
1021,0.897704
1022,0.752589
1023,0.471868
1024,0.894993
1025,0.947446
1026,0.861378
1027,0.854224
1028,0.566614
1029,0.803557
1030,0.575552
1031,0.65545
1032,0.712924
1033,0.739867
1034,0.847455
1035,0.550604
1036,0.911769
1037,0.655365
1038,0.767382
1039,0.752808
1040,0.788988
1041,0.62026
1042,0.834387
1043,0.756307
1044,0.73358
1045,0.945966
1046,0.884109
1047,0.151312
1048,0.839374
1049,0.945499
1050,0.934009
1051,0.784514
1052,0.60158
1053,0.869313
1054,0.758743
1055,0.73945
1056,0.865855
1057,0.627412
1058,0.559238
1059,0.937998
1060,0.965743
1061,0.48141
1062,0.577372
1063,0.625478
1064,0.723009
1065,0.526726
1066,0.070563
1067,0.914577
1068,0.870427
1069,0.621809
1070,0.756805
1071,0.881818
1072,0.911205
1073,0.939835
1074,0.66394
1075,0.955195
1076,0.071098
1077,0.593891
1078,0.856513
1079,0.063364
1080,0.783366
1081,0.45149
1082,0.952598
1083,0.794745
1084,0.885887
1085,0.831449
1086,0.751639
1087,0.900391
1088,0.745901
1089,0.743122
1090,0.934815
1091,0.658759
1092,0.861592
1093,0.644038
1094,0.547107
1095,0.747007
1096,0.655028
1097,0.633808
1098,0.600988
1099,0.71032
1100,0.957212
1101,0.501848
1102,0.805571
1103,0.629256
1104,0.618218
1105,0.672471
1106,0.82965
1107,0.722543
1108,0.948944
1109,0.585152
1110,0.419157
1111,0.091406
1112,0.094086
1113,0.88132
1114,0.882125
1115,0.515617
1116,0.730439
1117,0.835152
1118,0.909372
1119,0.619463
1120,0.965047
1121,0.381791
1122,0.786134
1123,0.907374
1124,0.687735
1125,0.429539
1126,0.746087
1127,0.733696
1128,0.681565
1129,0.67637
1130,0.782424
1131,0.757123
1132,0.865243
1133,0.644267
1134,0.705514
1135,0.896132
1136,0.821791
1137,0.894566
1138,0.702536
1139,0.564029
1140,0.240755
1141,0.930873
1142,0.507993
1143,0.50486
1144,0.851565
1145,0.212619
1146,0.725765
1147,0.749968
1148,0.928733
1149,0.541188
1150,0.930037
1151,0.363767
1152,0.748341
1153,0.924748
1154,0.85361
1155,0.883788
1156,0.698615
1157,0.779121
1158,0.7206
1159,0.626923
1160,0.900232
1161,0.620136
1162,0.719729
1163,0.957036
1164,0.68642
1165,0.334897
1166,0.692439
1167,0.828071
1168,0.933481
1169,0.83395
1170,0.619547
1171,0.650707
1172,0.610582
1173,0.824027
1174,0.82143
1175,0.946198
1176,0.652156
1177,0.607284
1178,0.947856
1179,0.598533
1180,0.811159
1181,0.912161
1182,0.465934
1183,0.60704
1184,0.570954
1185,0.480158
1186,0.220588
1187,0.905397
1188,0.703511
1189,0.514483
1190,0.894712
1191,0.658484
1192,0.949958
1193,0.697309
1194,0.907603
1195,0.320868
1196,0.943216
1197,0.806419
1198,0.684315
1199,0.56754
1200,0.545066
1201,0.722866
1202,0.907601
1203,0.766008
1204,0.84385
1205,0.647151
1206,0.556847
1207,0.663838
1208,0.648257
1209,0.688636
1210,0.731245
1211,0.873321
1212,0.660982
1213,0.8828
1214,0.916516
1215,0.730314
1216,0.931513
1217,0.818657
1218,0.765122
1219,0.815198
1220,0.541083
1221,0.882162
1222,0.562288
1223,0.571186
1224,0.828215
1225,0.815329
1226,0.949789
1227,0.632115
1228,0.8642
1229,0.826681
1230,0.695641
1231,0.074621
1232,0.853304
1233,0.767826
1234,0.935164
1235,0.761764
1236,0.416737
1237,0.682192
1238,0.770682
1239,0.711273
1240,0.642549
1241,0.580335
1242,0.891033
1243,0.704831
1244,0.91132
1245,0.699134
1246,0.870762
1247,0.11129
1248,0.906155
1249,0.706412
1250,0.85452
1251,0.794905
1252,0.712131
1253,0.858857
1254,0.484533
1255,0.604545
1256,0.892013
1257,0.45577
1258,0.893367
1259,0.889059
1260,0.637666
1261,0.706121
1262,0.586271
1263,0.924088
1264,0.509851
1265,0.744472
1266,0.546154
1267,0.845086
1268,0.937857
1269,0.928248
1270,0.708569
1271,0.667219
1272,0.676428
1273,0.919951
1274,0.86581
1275,0.929299
1276,0.644193
1277,0.646859
1278,0.892689
1279,0.605492
1280,0.899366
1281,0.756475
1282,0.812496
1283,0.561451
1284,0.899941
1285,0.866048
1286,0.687974
1287,0.827396
1288,0.944672
1289,0.940837
1290,0.734224
1291,0.926527
1292,0.724381
1293,0.72986
1294,0.90546
1295,0.721319
1296,0.730046
1297,0.201347
1298,0.880936
1299,0.921213
1300,0.788814
1301,0.755359
1302,0.732855
1303,0.735792
1304,0.697601
1305,0.810046
1306,0.802824
1307,0.659245
1308,0.938522
1309,0.053264
1310,0.560821
1311,0.89324
1312,0.731546
1313,0.93348
1314,0.881771
1315,0.482111
1316,0.471386
1317,0.850031
1318,0.382158
1319,0.723373
1320,0.862603
1321,0.687385
1322,0.776064
1323,0.551937
1324,0.555717
1325,0.737974
1326,0.783008
1327,0.659669
1328,0.532311
1329,0.95048
1330,0.590597
1331,0.644993
1332,0.737668
1333,0.950737
1334,0.949526
1335,0.644047
1336,0.749514
1337,0.778208
1338,0.847073
1339,0.914714
1340,0.732189
1341,0.51165
1342,0.588171
1343,0.664157
1344,0.820117
1345,0.73421
1346,0.609484
1347,0.706105
1348,0.659038
1349,0.68112
1350,0.947566
1351,0.895913
1352,0.886899
1353,0.71727
1354,0.799751
1355,0.602231
1356,0.599117
1357,0.833045
1358,0.615433
1359,0.58442
1360,0.389226
1361,0.645148
1362,0.283412
1363,0.80809
1364,0.466233
1365,0.922237
1366,0.959865
1367,0.828414
1368,0.931565
1369,0.914435
1370,0.906163
1371,0.811774
1372,0.734535
1373,0.881386
1374,0.683139
1375,0.593413
1376,0.782075
1377,0.726226
1378,0.795924
1379,0.860176
1380,0.826308
1381,0.823255
1382,0.89006
1383,0.944537
1384,0.75692
1385,0.776379
1386,0.724908
1387,0.658221
1388,0.821615
1389,0.831265
1390,0.884964
1391,0.444899
1392,0.772386
1393,0.118954
1394,0.885365
1395,0.90461
1396,0.835881
1397,0.779632
1398,0.634645
1399,0.12824
1400,0.881761
1401,0.76809
1402,0.869237
1403,0.852692
1404,0.831425
1405,0.645287
1406,0.67702
1407,0.818479
1408,0.713669
1409,0.886673
1410,0.912691
1411,0.89213
1412,0.597993
1413,0.759892
1414,0.733027
1415,0.842854
1416,0.529087
1417,0.864106
1418,0.619496
1419,0.899922
1420,0.503826
1421,0.552403
1422,0.713982
1423,0.762906
1424,0.870485
1425,0.551648
1426,0.743218
1427,0.900526
1428,0.907325
1429,0.609177
1430,0.829573
1431,0.779372
1432,0.607547
1433,0.406094
1434,0.781107
1435,0.690232
1436,0.796599
1437,0.580921
1438,0.660298
1439,0.933664
1440,0.629849
1441,0.615547
1442,0.585819
1443,0.724266
1444,0.784594
1445,0.919275
1446,0.637761
1447,0.68549
1448,0.597032
1449,0.857712
1450,0.771032
1451,0.691986
1452,0.860409
1453,0.907564
1454,0.823132
1455,0.756749
1456,0.542747
1457,0.83132
1458,0.667652
1459,0.917566
1460,0.652613
1461,0.695936
1462,0.532589
1463,0.833766
1464,0.803982
1465,0.641589
1466,0.792026
1467,0.806478
1468,0.714563
1469,0.748104
1470,0.713693
1471,0.256835
1472,0.800222
1473,0.590789
1474,0.792854
1475,0.758846
1476,0.73216
1477,0.912375
1478,0.748652
1479,0.934954
1480,0.677553
1481,0.779725
1482,0.116796
1483,0.697337
1484,0.942446
1485,0.862658
1486,0.803187
1487,0.771577
1488,0.473624
1489,0.513562
1490,0.826981
1491,0.660724
1492,0.902306
1493,0.49929
1494,0.686891
1495,0.861831
1496,0.745308
1497,0.593257
1498,0.745588
1499,0.933755
1500,0.953482
1501,0.618901
1502,0.93356
1503,0.562606
1504,0.795463
1505,0.94002
1506,0.912681
1507,0.957486
1508,0.472212
1509,0.664399
1510,0.946767
1511,0.657703
1512,0.623422
1513,0.953227
1514,0.667059
1515,0.729866
1516,0.624946
1517,0.723886
1518,0.800563
1519,0.68657
1520,0.924124
1521,0.67028
1522,0.565189
1523,0.947976
1524,0.716175
1525,0.740861
1526,0.855815
1527,0.950799
1528,0.653593
1529,0.951794
1530,0.949376
1531,0.690862
1532,0.960347
1533,0.696476
1534,0.824802
1535,0.716396
1536,0.618674
1537,0.581887
1538,0.818791
1539,0.958676
1540,0.805435
1541,0.824191
1542,0.698611
1543,0.578447
1544,0.788083
1545,0.773014
1546,0.586652
1547,0.350249
1548,0.952931
1549,0.580937
1550,0.922391
1551,0.562881
1552,0.94056
1553,0.827226
1554,0.758741
1555,0.653314
1556,0.631536
1557,0.792155
1558,0.685982
1559,0.828323
1560,0.852358
1561,0.839731
1562,0.898535
1563,0.828809
1564,0.91306
1565,0.815392
1566,0.469757
1567,0.732525
1568,0.710224
1569,0.948677
1570,0.525725
1571,0.760268
1572,0.848225
1573,0.577425
1574,0.782508
1575,0.619108
1576,0.717785
1577,0.758334
1578,0.903032
1579,0.911182
1580,0.818592
1581,0.39547
1582,0.45965
1583,0.794906
1584,0.95969
1585,0.8763
1586,0.815908
1587,0.750667
1588,0.911916
1589,0.904373
1590,0.868941
1591,0.101337
1592,0.116169
1593,0.569228
1594,0.574946
1595,0.796079
1596,0.824854
1597,0.726859
1598,0.748352
1599,0.778662
1600,0.69518
1601,0.717881
1602,0.58831
1603,0.616038
1604,0.618062
1605,0.812034
1606,0.655373
1607,0.706433
1608,0.855373
1609,0.916989
1610,0.730468
1611,0.621815
1612,0.92366
1613,0.532504
1614,0.824116
1615,0.817633
1616,0.866259
1617,0.49239
1618,0.165193
1619,0.699375
1620,0.773087
1621,0.683648
1622,0.069371
1623,0.90684
1624,0.828948
1625,0.960033
1626,0.842891
1627,0.802819
1628,0.812894
1629,0.599588
1630,0.574561
1631,0.723058
1632,0.920575
1633,0.79899
1634,0.89589
1635,0.167886
1636,0.467664
1637,0.632293
1638,0.61074
1639,0.604942
1640,0.816801
1641,0.586067
1642,0.631532
1643,0.888072
1644,0.872342
1645,0.711443
1646,0.602035
1647,0.653535
1648,0.755079
1649,0.718433
1650,0.954606
1651,0.439441
1652,0.736538
1653,0.782186
1654,0.907834
1655,0.91667
1656,0.798338
1657,0.657106
1658,0.682436
1659,0.944081
1660,0.756303
1661,0.572846
1662,0.627077
1663,0.869691
1664,0.658653
1665,0.74302
1666,0.84193
1667,0.718807
1668,0.88305
1669,0.671457
1670,0.958114
1671,0.790128
1672,0.880299
1673,0.466876
1674,0.921924
1675,0.939837
1676,0.951939
1677,0.240672
1678,0.917528
1679,0.788487
1680,0.58442
1681,0.451213
1682,0.73749
1683,0.886166
1684,0.913843
1685,0.848738
1686,0.869629
1687,0.695578
1688,0.94846
1689,0.769486
1690,0.608528
1691,0.733099
1692,0.584461
1693,0.603444
1694,0.878693
1695,0.699096
1696,0.7995
1697,0.860832
1698,0.757391
1699,0.69283
1700,0.777585
1701,0.694885
1702,0.880206
1703,0.586722
1704,0.854003
1705,0.869908
1706,0.721976
1707,0.815256
1708,0.589261
1709,0.745856
1710,0.904869
1711,0.888617
1712,0.931278
1713,0.491326
1714,0.758671
1715,0.49839
1716,0.677787
1717,0.815299
1718,0.641331
1719,0.915304
1720,0.803032
1721,0.747509
1722,0.907226
1723,0.585788
1724,0.880839
1725,0.836846
1726,0.942748
1727,0.723772
1728,0.787709
1729,0.642456
1730,0.876388
1731,0.819498
1732,0.734961
1733,0.856088
1734,0.846211
1735,0.692884
1736,0.576143
1737,0.915458
1738,0.551222
1739,0.608209
1740,0.51455
1741,0.624271
1742,0.248158
1743,0.858797
1744,0.851451
1745,0.658771
1746,0.622224
1747,0.333719
1748,0.915211
1749,0.79404
1750,0.938845
1751,0.90994
1752,0.797158
1753,0.840589
1754,0.863793
1755,0.707801
1756,0.844513
1757,0.735351
1758,0.077267
1759,0.833296
1760,0.682789
1761,0.797302
1762,0.589254
1763,0.718863
1764,0.953053
1765,0.836632
1766,0.739224
1767,0.952655
1768,0.77288
1769,0.506465
1770,0.876475
1771,0.573611
1772,0.529047
1773,0.940208
1774,0.85846
1775,0.680389
1776,0.923917
1777,0.097597
1778,0.666244
1779,0.623804
1780,0.867904
1781,0.467334
1782,0.764656
1783,0.932026
1784,0.652715
1785,0.057822
1786,0.663466
1787,0.913835
1788,0.641522
1789,0.621378
1790,0.790665
1791,0.47324
1792,0.844682
1793,0.668067
1794,0.925836
1795,0.744147
1796,0.536475
1797,0.708461
1798,0.819913
1799,0.44916
1800,0.851457
1801,0.082417
1802,0.923193
1803,0.884302
1804,0.597027
1805,0.54663
1806,0.481242
1807,0.479461
1808,0.832544
1809,0.727884
1810,0.848188
1811,0.514408
1812,0.89887
1813,0.934119
1814,0.954125
1815,0.679796
1816,0.866442
1817,0.055552
1818,0.914989
1819,0.55362
1820,0.602864
1821,0.851007
1822,0.482431
1823,0.716497
1824,0.494227
1825,0.490077
1826,0.959489
1827,0.844145
1828,0.707881
1829,0.397877
1830,0.436791
1831,0.724676
1832,0.923843
1833,0.907053
1834,0.441555
1835,0.598531
1836,0.789456
1837,0.888248
1838,0.868492
1839,0.724391
1840,0.834179
1841,0.715001
1842,0.677988
1843,0.90861
1844,0.762056
1845,0.554989
1846,0.47586
1847,0.680598
1848,0.913845
1849,0.617496
1850,0.918766
1851,0.701911
1852,0.77749
1853,0.744972
1854,0.848509
1855,0.876271
1856,0.869547
1857,0.666147
1858,0.746179
1859,0.955461
1860,0.929341
1861,0.481678
1862,0.655882
1863,0.538209
1864,0.954503
1865,0.840709
1866,0.672292
1867,0.592729
1868,0.617573
1869,0.782291
1870,0.773233
1871,0.926741
1872,0.705412
1873,0.630523
1874,0.748322
1875,0.064967
1876,0.458605
1877,0.484401
1878,0.511483
1879,0.76026
1880,0.928553
1881,0.569728
1882,0.824524
1883,0.917747
1884,0.951305
1885,0.66853
1886,0.872702
1887,0.803944
1888,0.441728
1889,0.804892
1890,0.704504
1891,0.84248
1892,0.691079
1893,0.643832
1894,0.706087
1895,0.850581
1896,0.949094
1897,0.79623
1898,0.684848
1899,0.867743
1900,0.468047
1901,0.724024
1902,0.749364
1903,0.759307
1904,0.878684
1905,0.611506
1906,0.831981
1907,0.640854
1908,0.908906
1909,0.920774
1910,0.882427
1911,0.937355
1912,0.397907
1913,0.861681
1914,0.577302
1915,0.797308
1916,0.720349
1917,0.627626
1918,0.958847
1919,0.375058
1920,0.903215
1921,0.850321
1922,0.700792
1923,0.959618
1924,0.785037
1925,0.948022
1926,0.917818
1927,0.502672
1928,0.754158
1929,0.479185
1930,0.839086
1931,0.576971
1932,0.924861
1933,0.744139
1934,0.903467
1935,0.831831
1936,0.779075
1937,0.64521
1938,0.770704
1939,0.911858
1940,0.946003
1941,0.77807
1942,0.796247
1943,0.802408
1944,0.740973
1945,0.854988
1946,0.80338
1947,0.915711
1948,0.768525
1949,0.058833
1950,0.919181
1951,0.765461
1952,0.581722
1953,0.577605
1954,0.524681
1955,0.616363
1956,0.78246
1957,0.469871
1958,0.932903
1959,0.964744
1960,0.866437
1961,0.425455
1962,0.923915
1963,0.446204
1964,0.498071
1965,0.712339
1966,0.469306
1967,0.852808
1968,0.907843
1969,0.690684
1970,0.106406
1971,0.665147
1972,0.566293
1973,0.610147
1974,0.781988
1975,0.823819
1976,0.710843
1977,0.875679
1978,0.854404
1979,0.821852
1980,0.692526
1981,0.768077
1982,0.737909
1983,0.397627
1984,0.958316
1985,0.591575
1986,0.776841
1987,0.937134
1988,0.566683
1989,0.708144
1990,0.753657
1991,0.594952
1992,0.683159
1993,0.783822
1994,0.687109
1995,0.947616
1996,0.909385
1997,0.790404
1998,0.915444
1999,0.700678
2000,0.822616
2001,0.904649
2002,0.711036
2003,0.143296
2004,0.66637
2005,0.949982
2006,0.868797
2007,0.779491
2008,0.314265
2009,0.431365
2010,0.198101
2011,0.514915
2012,0.91231
2013,0.61647
2014,0.552325
2015,0.579278
2016,0.122326
2017,0.782851
2018,0.714893
2019,0.884382
2020,0.927803
2021,0.614238
2022,0.550469
2023,0.802049
2024,0.609028
2025,0.513737
2026,0.730559
2027,0.857606
2028,0.687374
2029,0.910973
2030,0.798841
2031,0.817224
2032,0.316455
2033,0.720738
2034,0.709114
2035,0.544738
2036,0.622232
2037,0.838635
2038,0.764697
2039,0.907227
2040,0.75837
2041,0.663916
2042,0.815824
2043,0.818055
2044,0.959233
2045,0.706833
2046,0.639447
2047,0.746389
2048,0.827203
2049,0.577297
2050,0.432715
2051,0.664836
2052,0.710108
2053,0.737752
2054,0.665
2055,0.92326
2056,0.602779
2057,0.871968
2058,0.88506
2059,0.724359
2060,0.954578
2061,0.852593
2062,0.676786
2063,0.607742
2064,0.721069
2065,0.878138
2066,0.516258
2067,0.80959
2068,0.664204
2069,0.850527
2070,0.898503
2071,0.833012
2072,0.916355
2073,0.598038
2074,0.659975
2075,0.884204
2076,0.59634
2077,0.697727
2078,0.58678
2079,0.844303
2080,0.911572
2081,0.956284
2082,0.785351
2083,0.645571
2084,0.668931
2085,0.857701
2086,0.966085
2087,0.836533
2088,0.912566
2089,0.636096
2090,0.692916
2091,0.611116
2092,0.950129
2093,0.810626
2094,0.797077
2095,0.934991
2096,0.647953
2097,0.757761
2098,0.823538
2099,0.865348
2100,0.530379
2101,0.56777
2102,0.619967
2103,0.840548
2104,0.526259
2105,0.671044
2106,0.520645
2107,0.927892
2108,0.078077
2109,0.802474
2110,0.430477
2111,0.843757
2112,0.735057
2113,0.935083
2114,0.600767
2115,0.855319
2116,0.883563
2117,0.635768
2118,0.963392
2119,0.699993
2120,0.90926
2121,0.940735
2122,0.934085
2123,0.886668
2124,0.753822
2125,0.546861
2126,0.779203
2127,0.558032
2128,0.164605
2129,0.953684
2130,0.65352
2131,0.075828
2132,0.678795
2133,0.774722
2134,0.92785
2135,0.785763
2136,0.849009
2137,0.586022
2138,0.94711
2139,0.683336
2140,0.926252
2141,0.500097
2142,0.787338
2143,0.709068
2144,0.645728
2145,0.645026
2146,0.555417
2147,0.955109
2148,0.534394
2149,0.574659
2150,0.676577
2151,0.96541
2152,0.628574
2153,0.904579
2154,0.604573
2155,0.649764
2156,0.523441
2157,0.686353
2158,0.609941
2159,0.731288
2160,0.575278
2161,0.571665
2162,0.064371
2163,0.529358
2164,0.682026
2165,0.598981
2166,0.682679
2167,0.764889
2168,0.923873
2169,0.741835
2170,0.51314
2171,0.787514
2172,0.677141
2173,0.690356
2174,0.699399
2175,0.929382
2176,0.059549
2177,0.876828
2178,0.937952
2179,0.934131
2180,0.900104
2181,0.24496
2182,0.801298
2183,0.736994
2184,0.191909
2185,0.83735
2186,0.876892
2187,0.652949
2188,0.657523
2189,0.837181
2190,0.592714
2191,0.714382
2192,0.480741
2193,0.832806
2194,0.743316
2195,0.619209
2196,0.951392
2197,0.653554
2198,0.90605
2199,0.92914
2200,0.822602
2201,0.618419
2202,0.790205
2203,0.792271
2204,0.538141
2205,0.873935
2206,0.855381
2207,0.402795
2208,0.651811
2209,0.761959
2210,0.763262
2211,0.950583
2212,0.740327
2213,0.739656
2214,0.960508
2215,0.748173
2216,0.593479
2217,0.956391
2218,0.602443
2219,0.676231
2220,0.697978
2221,0.509269
2222,0.69865
2223,0.793427
2224,0.711846
2225,0.80501
2226,0.754447
2227,0.687443
2228,0.597969
2229,0.229718
2230,0.675976
2231,0.692523
2232,0.578694
2233,0.434289
2234,0.079606
2235,0.465548
2236,0.935603
2237,0.860357
2238,0.785511
2239,0.420337
2240,0.664145
2241,0.915551
2242,0.532403
2243,0.740178
2244,0.867644
2245,0.741669
2246,0.604228
2247,0.660062
2248,0.930672
2249,0.794059
2250,0.744389
2251,0.696065
2252,0.904495
2253,0.093976
2254,0.801076
2255,0.690942
2256,0.390849
2257,0.435568
2258,0.76407
2259,0.786463
2260,0.607004
2261,0.049929
2262,0.806588
2263,0.379321
2264,0.89669
2265,0.57223
2266,0.886183
2267,0.722443
2268,0.866554
2269,0.779263
2270,0.811629
2271,0.935527
2272,0.559787
2273,0.774973
2274,0.661596
2275,0.863118
2276,0.824501
2277,0.699655
2278,0.179158
2279,0.750771
2280,0.759543
2281,0.596152
2282,0.815897
2283,0.881507
2284,0.683379
2285,0.51927
2286,0.170136
2287,0.938814
2288,0.40782
2289,0.582538
2290,0.848787
2291,0.871201
2292,0.599766
2293,0.820245
2294,0.09437
2295,0.495142
2296,0.788984
2297,0.588812
2298,0.780233
2299,0.696689
2300,0.744898
2301,0.939885
2302,0.958851
2303,0.884082
2304,0.868097
2305,0.63062
2306,0.548404
2307,0.392368
2308,0.412287
2309,0.779226
2310,0.928178
2311,0.051857
2312,0.890247
2313,0.191862
2314,0.941103
2315,0.578806
2316,0.942586
2317,0.433744
2318,0.882668
2319,0.864905
2320,0.532787
2321,0.870752
2322,0.929329
2323,0.756481
2324,0.881199
2325,0.492325
2326,0.905523
2327,0.33514
2328,0.603895
2329,0.950618
2330,0.921992
2331,0.641796
2332,0.769268
2333,0.713256
2334,0.614721
2335,0.697109
2336,0.960957
2337,0.795677
2338,0.11707
2339,0.889427
2340,0.705154
2341,0.459821
2342,0.82481
2343,0.47503
2344,0.831022
2345,0.810964
2346,0.8647
2347,0.802024
2348,0.759964
2349,0.580736
2350,0.54807
2351,0.88013
2352,0.922454
2353,0.744833
2354,0.80987
2355,0.653742
2356,0.803642
2357,0.753204
2358,0.815904
2359,0.925948
2360,0.548
2361,0.666268
2362,0.59368
2363,0.696821
2364,0.726566
2365,0.825611
2366,0.575605
2367,0.597827
2368,0.715981
2369,0.801471
2370,0.916523
2371,0.760698
2372,0.894842
2373,0.831232
2374,0.598057
2375,0.789316
2376,0.186146
2377,0.624425
2378,0.298771
2379,0.703609
2380,0.536387
2381,0.782074
2382,0.925685
2383,0.874131
2384,0.788152
2385,0.924832
2386,0.85833
2387,0.826369
2388,0.892256
2389,0.95822
2390,0.580721
2391,0.922993
2392,0.8168
2393,0.929634
2394,0.750446
2395,0.820106
2396,0.719164
2397,0.679573
2398,0.896409
2399,0.509042
2400,0.886275
2401,0.871629
2402,0.630867
2403,0.725439
2404,0.762539
2405,0.927345
2406,0.833031
2407,0.705348
2408,0.610246
2409,0.741818
2410,0.923747
2411,0.865698
2412,0.613769
2413,0.782552
2414,0.700237
2415,0.895267
2416,0.925453
2417,0.900673
2418,0.557616
2419,0.695655
2420,0.83517
2421,0.88223
2422,0.815199
2423,0.688024
2424,0.532259
2425,0.89926
2426,0.779133
2427,0.610696
2428,0.83848
2429,0.876174
2430,0.936963
2431,0.700758
2432,0.904431
2433,0.715671
2434,0.900994
2435,0.705326
2436,0.540816
2437,0.496114
2438,0.786522
2439,0.893112
2440,0.715124
2441,0.86785
2442,0.632128
2443,0.88155
2444,0.842658
2445,0.640498
2446,0.677417
2447,0.840256
2448,0.749017
2449,0.801013
2450,0.875647
2451,0.730431
2452,0.868951
2453,0.781079
2454,0.852916
2455,0.705645
2456,0.882541
2457,0.949747
2458,0.922756
2459,0.690136
2460,0.672405
2461,0.486667
2462,0.455798
2463,0.162561
2464,0.762071
2465,0.651435
2466,0.538545
2467,0.760472
2468,0.711153
2469,0.672464
2470,0.936431
2471,0.769779
2472,0.870899
2473,0.488601
2474,0.410893
2475,0.664011
2476,0.920175
2477,0.882628
2478,0.452562
2479,0.751942
2480,0.574239
2481,0.504877
2482,0.900764
2483,0.844757
2484,0.816353
2485,0.686315
2486,0.884362
2487,0.798869
2488,0.792121
2489,0.763847
2490,0.892719
2491,0.734284
2492,0.738058
2493,0.927185
2494,0.849866
2495,0.918887
2496,0.745398
2497,0.934805
2498,0.609356
2499,0.932037
2500,0.683714
2501,0.344824
2502,0.528944
2503,0.904896
2504,0.536551
2505,0.497389
2506,0.801781
2507,0.550211
2508,0.722192
2509,0.291645
2510,0.635002
2511,0.690398
2512,0.684572
2513,0.761383
2514,0.524835
2515,0.585875
2516,0.559612
2517,0.720187
2518,0.668341
2519,0.932322
2520,0.867419
2521,0.686912
2522,0.62554
2523,0.81964
2524,0.922035
2525,0.644498
2526,0.526611
2527,0.639833
2528,0.502291
2529,0.682458
2530,0.605587
2531,0.694789
2532,0.79576
2533,0.641092
2534,0.662529
2535,0.606504
2536,0.86858
2537,0.574067
2538,0.691463
2539,0.65016
2540,0.394977
2541,0.587692
2542,0.708491
2543,0.697047
2544,0.913366
2545,0.604626
2546,0.706947
2547,0.753857
2548,0.493015
2549,0.954739
2550,0.864859
2551,0.849372
2552,0.665184
2553,0.944008
2554,0.949611
2555,0.749646
2556,0.827694
2557,0.779476
2558,0.813153
2559,0.883548
2560,0.650297
2561,0.82561
2562,0.343054
2563,0.870361
2564,0.688019
2565,0.925314
2566,0.733706
2567,0.80098
2568,0.586208
2569,0.684854
2570,0.82597
2571,0.645361
2572,0.769991
2573,0.251051
2574,0.292018
2575,0.774532
2576,0.530152
2577,0.707679
2578,0.386344
2579,0.532932
2580,0.561536
2581,0.847661
2582,0.774892
2583,0.701125
2584,0.521263
2585,0.94027
2586,0.909006
2587,0.868986
2588,0.642739
2589,0.86538
2590,0.668095
2591,0.748476
2592,0.385014
2593,0.379862
2594,0.846149
2595,0.917303
2596,0.45161
2597,0.664276
2598,0.828379
2599,0.897278
2600,0.813525
2601,0.558698
2602,0.803079
2603,0.840959
2604,0.73029
2605,0.740156
2606,0.683526
2607,0.670907
2608,0.495533
2609,0.854258
2610,0.076777
2611,0.809176
2612,0.344271
2613,0.675732
2614,0.57307
2615,0.728112
2616,0.880485
2617,0.559348
2618,0.804972
2619,0.817373
2620,0.925413
2621,0.502257
2622,0.927393
2623,0.890847
2624,0.848858
2625,0.62161
2626,0.725909
2627,0.869635
2628,0.956483
2629,0.862181
2630,0.761194
2631,0.773643
2632,0.927197
2633,0.821143
2634,0.601449
2635,0.052004
2636,0.651657
2637,0.763169
2638,0.684899
2639,0.947127
2640,0.526522
2641,0.499542
2642,0.910489
2643,0.7619
2644,0.538758
2645,0.915483
2646,0.858253
2647,0.67408
2648,0.724848
2649,0.727602
2650,0.794491
2651,0.77897
2652,0.543968
2653,0.958336
2654,0.663591
2655,0.866188
2656,0.688934
2657,0.516153
2658,0.851248
2659,0.80132
2660,0.656774
2661,0.835657
2662,0.615163
2663,0.673212
2664,0.692618
2665,0.756508
2666,0.964814
2667,0.613813
2668,0.410379
2669,0.82429
2670,0.63638
2671,0.939986
2672,0.833129
2673,0.116265
2674,0.678103
2675,0.655315
2676,0.585034
2677,0.89978
2678,0.934945
2679,0.564684
2680,0.707843
2681,0.694659
2682,0.544117
2683,0.901983
2684,0.817525
2685,0.793061
2686,0.679732
2687,0.816681
2688,0.706054
2689,0.780617
2690,0.72293
2691,0.646648
2692,0.457396
2693,0.918978
2694,0.724018
2695,0.703224
2696,0.462274
2697,0.861218
2698,0.880424
2699,0.814326
2700,0.875166
2701,0.63516
2702,0.811829
2703,0.861409
2704,0.861101
2705,0.824149
2706,0.787851
2707,0.957903
2708,0.843736
2709,0.836925
2710,0.802943
2711,0.934489
2712,0.793483
2713,0.683309
2714,0.922388
2715,0.686713
2716,0.576225
2717,0.197984
2718,0.364835
2719,0.765152
2720,0.456657
2721,0.892783
2722,0.897919
2723,0.799929
2724,0.912148
2725,0.774673
2726,0.822712
2727,0.891903
2728,0.64428
2729,0.585611
2730,0.335862
2731,0.894864
2732,0.882712
2733,0.84596
2734,0.842538
2735,0.742363
2736,0.742112
2737,0.582447
2738,0.90853
2739,0.292472
2740,0.929077
2741,0.605431
2742,0.500653
2743,0.727363
2744,0.894397
2745,0.830265
2746,0.862911
2747,0.820845
2748,0.951592
2749,0.589568
2750,0.665817
2751,0.908555
2752,0.873793
2753,0.515766
2754,0.759532
2755,0.537432
2756,0.742949
2757,0.619819
2758,0.88482
2759,0.576282
2760,0.648284
2761,0.837797
2762,0.496114
2763,0.76024
2764,0.647388
2765,0.278747
2766,0.948774
2767,0.665878
2768,0.615521
2769,0.653036
2770,0.568534
2771,0.629413
2772,0.654477
2773,0.818127
2774,0.919194
2775,0.812582
2776,0.92024
2777,0.881236
2778,0.633768
2779,0.639407
2780,0.866909
2781,0.738143
2782,0.701141
2783,0.715508
2784,0.678566
2785,0.872078
2786,0.884309
2787,0.927457
2788,0.809598
2789,0.816006
2790,0.534619
2791,0.469768
2792,0.938725
2793,0.723348
2794,0.515657
2795,0.868202
2796,0.846072
2797,0.865258
2798,0.95344
2799,0.958392
2800,0.70922
2801,0.467734
2802,0.591607
2803,0.928087
2804,0.593887
2805,0.889598
2806,0.883149
2807,0.77158
2808,0.958576
2809,0.918333
2810,0.901353
2811,0.657004
2812,0.807387
2813,0.914578
2814,0.954256
2815,0.618324
2816,0.656006
2817,0.607248
2818,0.752566
2819,0.620646
2820,0.319517
2821,0.863642
2822,0.672528
2823,0.870593
2824,0.759575
2825,0.759394
2826,0.813062
2827,0.947421
2828,0.937642
2829,0.698858
2830,0.787629
2831,0.961132
2832,0.774305
2833,0.712375
2834,0.505539
2835,0.609967
2836,0.934134
2837,0.606223
2838,0.932882
2839,0.856669
2840,0.937946
2841,0.881244
2842,0.707943
2843,0.340789
2844,0.703395
2845,0.368978
2846,0.704331
2847,0.818178
2848,0.745974
2849,0.8737
2850,0.781075
2851,0.520735
2852,0.738214
2853,0.918278
2854,0.921041
2855,0.683281
2856,0.764082
2857,0.713328
2858,0.718571
2859,0.567453
2860,0.754805
2861,0.747787
2862,0.431901
2863,0.604674
2864,0.789209
2865,0.729504
2866,0.701681
2867,0.698224
2868,0.928113
2869,0.658066
2870,0.624825
2871,0.505478
2872,0.53842
2873,0.819747
2874,0.834515
2875,0.74624
2876,0.752433
2877,0.910531
2878,0.956478
2879,0.632562
2880,0.900744
2881,0.776457
2882,0.693574
2883,0.803813
2884,0.871089
2885,0.679467
2886,0.887174
2887,0.801403
2888,0.259513
2889,0.659377
2890,0.786904
2891,0.856716
2892,0.800895
2893,0.617632
2894,0.796988
2895,0.925059
2896,0.743799
2897,0.547405
2898,0.796979
2899,0.948173
2900,0.860699
2901,0.793052
2902,0.789367
2903,0.48134
2904,0.774228
2905,0.90737
2906,0.681907
2907,0.656143
2908,0.909531
2909,0.735253
2910,0.574039
2911,0.508022
2912,0.537997
2913,0.94676
2914,0.663909
2915,0.541005
2916,0.728402
2917,0.741529
2918,0.699891
2919,0.96077
2920,0.591948
2921,0.815889
2922,0.481568
2923,0.689724
2924,0.519479
2925,0.901149
2926,0.780055
2927,0.734561
2928,0.570675
2929,0.698413
2930,0.789166
2931,0.642876
2932,0.44026
2933,0.587349
2934,0.729018
2935,0.421252
2936,0.938048
2937,0.889059
2938,0.735702
2939,0.732022
2940,0.958789
2941,0.946621
2942,0.600512
2943,0.574494
2944,0.829423
2945,0.774033
2946,0.715046
2947,0.785084
2948,0.857249
2949,0.414364
2950,0.868267
2951,0.773522
2952,0.826002
2953,0.746015
2954,0.770877
2955,0.815746
2956,0.94317
2957,0.918554
2958,0.580985
2959,0.76182
2960,0.849523
2961,0.814966
2962,0.588211
2963,0.849343
2964,0.511243
2965,0.829212
2966,0.747367
2967,0.688135
2968,0.758283
2969,0.525208
2970,0.564051
2971,0.824333
2972,0.887154
2973,0.672641
2974,0.573732
2975,0.860586
2976,0.80903
2977,0.723229
2978,0.803187
2979,0.642686
2980,0.840617
2981,0.895572
2982,0.954629
2983,0.544793
2984,0.690704
2985,0.733343
2986,0.943434
2987,0.931048
2988,0.83584
2989,0.551005
2990,0.777574
2991,0.733494
2992,0.759489
2993,0.635382
2994,0.718479
2995,0.763437
2996,0.902683
2997,0.796109
2998,0.768621
2999,0.870618
3000,0.742482
3001,0.77851
3002,0.701988
3003,0.578015
3004,0.730087
3005,0.929946
3006,0.659994
3007,0.896654
3008,0.882185
3009,0.838486
3010,0.956741
3011,0.800404
3012,0.851348
3013,0.75527
3014,0.85441
3015,0.904592
3016,0.070354
3017,0.895513
3018,0.453358
3019,0.93213
3020,0.669226
3021,0.895619
3022,0.92645
3023,0.732677
3024,0.790861
3025,0.756831
3026,0.880081
3027,0.894667
3028,0.86211
3029,0.614639
3030,0.740885
3031,0.920422
3032,0.807785
3033,0.880262
3034,0.590731
3035,0.768025
3036,0.696373
3037,0.13738
3038,0.531144
3039,0.799253
3040,0.617545
3041,0.799635
3042,0.66931
3043,0.6832
3044,0.550986
3045,0.625191
3046,0.807664
3047,0.743315
3048,0.664717
3049,0.504769
3050,0.758159
3051,0.875097
3052,0.790711
3053,0.762983
3054,0.698569
3055,0.955925
3056,0.954356
3057,0.632109
3058,0.608454
3059,0.753038
3060,0.905897
3061,0.747023
3062,0.742331
3063,0.608499
3064,0.685032
3065,0.919403
3066,0.702311
3067,0.88931
3068,0.916039
3069,0.665285
3070,0.433259
3071,0.862713
3072,0.755037
3073,0.868475
3074,0.812021
3075,0.553645
3076,0.813603
3077,0.600541
3078,0.806513
3079,0.758448
3080,0.43345
3081,0.184948
3082,0.700319
3083,0.797181
3084,0.938866
3085,0.710957
3086,0.934853
3087,0.717081
3088,0.642308
3089,0.566153
3090,0.830465
3091,0.625678
3092,0.59665
3093,0.575478
3094,0.771923
3095,0.515153
3096,0.053808
3097,0.617801
3098,0.795342
3099,0.627572
3100,0.634808
3101,0.557437
3102,0.923078
3103,0.728942
3104,0.943569
3105,0.879561
3106,0.70519
3107,0.57819
3108,0.527978
3109,0.721053
3110,0.382463
3111,0.790233
3112,0.564628
3113,0.870146
3114,0.93578
3115,0.576234
3116,0.727125
3117,0.790299
3118,0.553731
3119,0.686013
3120,0.703686
3121,0.845557
3122,0.508019
3123,0.709285
3124,0.788246
3125,0.693541
3126,0.926381
3127,0.86283
3128,0.749525
3129,0.959739
3130,0.91904
3131,0.77956
3132,0.696243
3133,0.505616
3134,0.818894
3135,0.86228
3136,0.560766
3137,0.544948
3138,0.775776
3139,0.927977
3140,0.730152
3141,0.634785
3142,0.682141
3143,0.533753
3144,0.580184
3145,0.722713
3146,0.788958
3147,0.898774
3148,0.955829
3149,0.698782
3150,0.935908
3151,0.063879
3152,0.699757
3153,0.716765
3154,0.69395
3155,0.88642
3156,0.95601
3157,0.79098
3158,0.909638
3159,0.624207
3160,0.934793
3161,0.869353
3162,0.6724
3163,0.966929
3164,0.549125
3165,0.939128
3166,0.674189
3167,0.95375
3168,0.77921
3169,0.799853
3170,0.680268
3171,0.835949
3172,0.599992
3173,0.851885
3174,0.878013
3175,0.532866
3176,0.66633
3177,0.505893
3178,0.24147
3179,0.862107
3180,0.479831
3181,0.813754
3182,0.058526
3183,0.957891
3184,0.918542
3185,0.771871
3186,0.791974
3187,0.947717
3188,0.813026
3189,0.433635
3190,0.717123
3191,0.739398
3192,0.939225
3193,0.795966
3194,0.666678
3195,0.951848
3196,0.747438
3197,0.453804
3198,0.796216
3199,0.919227
3200,0.717953
3201,0.611154
3202,0.879667
3203,0.944133
3204,0.950235
3205,0.936829
3206,0.499909
3207,0.772751
3208,0.739768
3209,0.934975
3210,0.844882
3211,0.854101
3212,0.716539
3213,0.749108
3214,0.69883
3215,0.55763
3216,0.723137
3217,0.753898
3218,0.679639
3219,0.953762
3220,0.686389
3221,0.876579
3222,0.532346
3223,0.602647
3224,0.643596
3225,0.95028
3226,0.764859
3227,0.737078
3228,0.927941
3229,0.850453
3230,0.706654
3231,0.583878
3232,0.81992
3233,0.542619
3234,0.840707
3235,0.957131
3236,0.613824
3237,0.706675
3238,0.943597
3239,0.743978
3240,0.80794
3241,0.520223
3242,0.64528
3243,0.756305
3244,0.648262
3245,0.453843
3246,0.947747
3247,0.856176
3248,0.761735
3249,0.628591
3250,0.840967
3251,0.92115
3252,0.702194
3253,0.591773
3254,0.850898
3255,0.96076
3256,0.809031
3257,0.58104
3258,0.923959
3259,0.581627
3260,0.753211
3261,0.798857
3262,0.584167
3263,0.959033
3264,0.866291
3265,0.713884
3266,0.497856
3267,0.871113
3268,0.917214
3269,0.76466
3270,0.933839
3271,0.749362
3272,0.955454
3273,0.545086
3274,0.65721
3275,0.551962
3276,0.859958
3277,0.094296
3278,0.80125
3279,0.409548
3280,0.854902
3281,0.627311
3282,0.946918
3283,0.672143
3284,0.678658
3285,0.799315
3286,0.952946
3287,0.9559
3288,0.820077
3289,0.701232
3290,0.591185
3291,0.871045
3292,0.883433
3293,0.39942
3294,0.622646
3295,0.869483
3296,0.65925
3297,0.923485
3298,0.743888
3299,0.929316
3300,0.689722
3301,0.65359
3302,0.545528
3303,0.72635
3304,0.812544
3305,0.858637
3306,0.749031
3307,0.241338
3308,0.893878
3309,0.619098
3310,0.677377
3311,0.549318
3312,0.691111
3313,0.855186
3314,0.65376
3315,0.085726
3316,0.843205
3317,0.641527
3318,0.795745
3319,0.652229
3320,0.748762
3321,0.872162
3322,0.717494
3323,0.884357
3324,0.936598
3325,0.565683
3326,0.807734
3327,0.719302
3328,0.826261
3329,0.618574
3330,0.780824
3331,0.921608
3332,0.59263
3333,0.085118
3334,0.778042
3335,0.658073
3336,0.662769
3337,0.670162
3338,0.59618
3339,0.904968
3340,0.677961
3341,0.95246
3342,0.949247
3343,0.81865
3344,0.848125
3345,0.861533
3346,0.877168
3347,0.702031
3348,0.931673
3349,0.609512
3350,0.953794
3351,0.604503
3352,0.646858
3353,0.913075
3354,0.885293
3355,0.760316
3356,0.666627
3357,0.670371
3358,0.64194
3359,0.886404
3360,0.581636
3361,0.927092
3362,0.843759
3363,0.937335
3364,0.952069
3365,0.574949
3366,0.699769
3367,0.683632
3368,0.835468
3369,0.954417
3370,0.615849
3371,0.55138
3372,0.209371
3373,0.718821
3374,0.828743
3375,0.64651
3376,0.714481
3377,0.738148
3378,0.592555
3379,0.695658
3380,0.599369
3381,0.396652
3382,0.842095
3383,0.92842
3384,0.841676
3385,0.634358
3386,0.800011
3387,0.654563
3388,0.848877
3389,0.419756
3390,0.544031
3391,0.880096
3392,0.961038
3393,0.900576
3394,0.797646
3395,0.692123
3396,0.878139
3397,0.733023
3398,0.856077
3399,0.948069
3400,0.926594
3401,0.756362
3402,0.793292
3403,0.756883
3404,0.838434
3405,0.877679
3406,0.725835
3407,0.49058
3408,0.759056
3409,0.508538
3410,0.67606
3411,0.787292
3412,0.63615
3413,0.812694
3414,0.846241
3415,0.733566
3416,0.610744
3417,0.764868
3418,0.774638
3419,0.861554
3420,0.252592
3421,0.534683
3422,0.875677
3423,0.847137
3424,0.889316
3425,0.454155
3426,0.764594
3427,0.818753
3428,0.075918
3429,0.772394
3430,0.484774
3431,0.598794
3432,0.784191
3433,0.793976
3434,0.801783
3435,0.826573
3436,0.75216
3437,0.515638
3438,0.479408
3439,0.812833
3440,0.851504
3441,0.329478
3442,0.8281
3443,0.546106
3444,0.465488
3445,0.63446
3446,0.811661
3447,0.806284
3448,0.548452
3449,0.720974
3450,0.900291
3451,0.926221
3452,0.652452
3453,0.849792
3454,0.680573
3455,0.529325
3456,0.754102
3457,0.857294
3458,0.920663
3459,0.905458
3460,0.593414
3461,0.737955
3462,0.072663
3463,0.839463
3464,0.758275
3465,0.793057
3466,0.955535
3467,0.098424
3468,0.812894
3469,0.867788
3470,0.846658
3471,0.684397
3472,0.759316
3473,0.559034
3474,0.870618
3475,0.544382
3476,0.847706
3477,0.624541
3478,0.931354
3479,0.787797
3480,0.562054
3481,0.827603
3482,0.652696
3483,0.596842
3484,0.920373
3485,0.762619
3486,0.607366
3487,0.692613
3488,0.82884
3489,0.924547
3490,0.545105
3491,0.659433
3492,0.52634
3493,0.568394
3494,0.671212
3495,0.93309
3496,0.675702
3497,0.829562
3498,0.927476
3499,0.773419
3500,0.895269
3501,0.415096
3502,0.854635
3503,0.89752
3504,0.810424
3505,0.380457
3506,0.960466
3507,0.627017
3508,0.858541
3509,0.519566
3510,0.932425
3511,0.67599
3512,0.603635
3513,0.793538
3514,0.660705
3515,0.750631
3516,0.860648
3517,0.608245
3518,0.589812
3519,0.452193
3520,0.771976
3521,0.62375
3522,0.957346
3523,0.923322
3524,0.593811
3525,0.53322
3526,0.89551
3527,0.889562
3528,0.79803
3529,0.750364
3530,0.879209
3531,0.52253
3532,0.916962
3533,0.845944
3534,0.778258
3535,0.582112
3536,0.765191
3537,0.892483
3538,0.583947
3539,0.111688
3540,0.878251
3541,0.520031
3542,0.741168
3543,0.574103
3544,0.798353
3545,0.904413
3546,0.687067
3547,0.949582
3548,0.882018
3549,0.911589
3550,0.770269
3551,0.875384
3552,0.811294
3553,0.670866
3554,0.921539
3555,0.937346
3556,0.898452
3557,0.728586
3558,0.548624
3559,0.764041
3560,0.600428
3561,0.707524
3562,0.80021
3563,0.848933
3564,0.69285
3565,0.588188
3566,0.949394
3567,0.95526
3568,0.567514
3569,0.692478
3570,0.520384
3571,0.748183
3572,0.7174
3573,0.298594
3574,0.725887
3575,0.947882
3576,0.687677
3577,0.93845
3578,0.445585
3579,0.520499
3580,0.951613
3581,0.915915
3582,0.815303
3583,0.768043
3584,0.533571
3585,0.953431
3586,0.190979
3587,0.929479
3588,0.564844
3589,0.432994
3590,0.633999
3591,0.739693
3592,0.209577
3593,0.814524
3594,0.089302
3595,0.863768
3596,0.934282
3597,0.690823
3598,0.703267
3599,0.743837
3600,0.940279
3601,0.92839
3602,0.564573
3603,0.688702
3604,0.33032
3605,0.875238
3606,0.756963
3607,0.84876
3608,0.619503
3609,0.393288
3610,0.787675
3611,0.958457
3612,0.804886
3613,0.600234
3614,0.729684
3615,0.715631
3616,0.580341
3617,0.45422
3618,0.854391
3619,0.883598
3620,0.692748
3621,0.91535
3622,0.94686
3623,0.721875
3624,0.76177
3625,0.798881
3626,0.933482
3627,0.844375
3628,0.636092
3629,0.068992
3630,0.888632
3631,0.898532
3632,0.447257
3633,0.870817
3634,0.659062
3635,0.629896
3636,0.904181
3637,0.763381
3638,0.921421
3639,0.651478
3640,0.780699
3641,0.7677
3642,0.779234
3643,0.838565
3644,0.170305
3645,0.933718
3646,0.897542
3647,0.766398
3648,0.655627
3649,0.916176
3650,0.577222
3651,0.951422
3652,0.756444
3653,0.541734
3654,0.937332
3655,0.656483
3656,0.549751
3657,0.931095
3658,0.857445
3659,0.806239
3660,0.939206
3661,0.692142
3662,0.917687
3663,0.644614
3664,0.08347
3665,0.298863
3666,0.831752
3667,0.737871
3668,0.919524
3669,0.889008
3670,0.615106
3671,0.104278
3672,0.884544
3673,0.470341
3674,0.429308
3675,0.772311
3676,0.804037
3677,0.818237
3678,0.601359
3679,0.596729
3680,0.820583
3681,0.963052
3682,0.596472
3683,0.852197
3684,0.940371
3685,0.594117
3686,0.203829
3687,0.589205
3688,0.793474
3689,0.209771
3690,0.757821
3691,0.963102
3692,0.468135
3693,0.796217
3694,0.552827
3695,0.817218
3696,0.870151
3697,0.719201
3698,0.889989
3699,0.867212
3700,0.818942
3701,0.361715
3702,0.950911
3703,0.46531
3704,0.661332
3705,0.622812
3706,0.670667
3707,0.85341
3708,0.635102
3709,0.902138
3710,0.529846
3711,0.432305
3712,0.82223
3713,0.615979
3714,0.687971
3715,0.954636
3716,0.851389
3717,0.756722
3718,0.920401
3719,0.916282
3720,0.707937
3721,0.504635
3722,0.825208
3723,0.701952
3724,0.889051
3725,0.880093
3726,0.695732
3727,0.592562
3728,0.832628
3729,0.569498
3730,0.781108
3731,0.881782
3732,0.919132
3733,0.877807
3734,0.833063
3735,0.80975
3736,0.522817
3737,0.962793
3738,0.678004
3739,0.644542
3740,0.921619
3741,0.68629
3742,0.642
3743,0.947619
3744,0.512146
3745,0.710885
3746,0.939498
3747,0.659488
3748,0.744427
3749,0.802453
3750,0.749158
3751,0.715963
3752,0.868696
3753,0.711711
3754,0.824785
3755,0.605961
3756,0.809397
3757,0.663973
3758,0.712732
3759,0.794336
3760,0.612476
3761,0.765553
3762,0.479018
3763,0.94916
3764,0.648855
3765,0.93538
3766,0.660579
3767,0.859697
3768,0.908202
3769,0.725611
3770,0.610346
3771,0.566811
3772,0.923649
3773,0.706026
3774,0.938728
3775,0.89279
3776,0.931249
3777,0.580393
3778,0.668894
3779,0.52001
3780,0.903048
3781,0.132349
3782,0.518521
3783,0.835739
3784,0.672379
3785,0.909042
3786,0.562041
3787,0.86251
3788,0.700963
3789,0.917817
3790,0.488416
3791,0.947502
3792,0.662088
3793,0.671153
3794,0.817337
3795,0.877862
3796,0.833321
3797,0.652827
3798,0.499351
3799,0.662287
3800,0.815946
3801,0.739587
3802,0.722292
3803,0.732198
3804,0.569611
3805,0.723269
3806,0.605936
3807,0.882642
3808,0.820898
3809,0.653874
3810,0.857697
3811,0.75055
3812,0.479067
3813,0.553669
3814,0.667531
3815,0.924617
3816,0.110524
3817,0.453214
3818,0.934779
3819,0.700465
3820,0.736194
3821,0.749347
3822,0.646965
3823,0.836981
3824,0.446465
3825,0.752592
3826,0.835039
3827,0.765334
3828,0.899772
3829,0.9329
3830,0.952164
3831,0.70361
3832,0.85934
3833,0.765121
3834,0.640985
3835,0.845495
3836,0.814649
3837,0.691333
3838,0.915305
3839,0.660781
3840,0.844353
3841,0.859315
3842,0.464818
3843,0.714388
3844,0.723818
3845,0.695222
3846,0.752292
3847,0.923512
3848,0.506715
3849,0.886863
3850,0.757207
3851,0.5023
3852,0.945384
3853,0.522057
3854,0.669517
3855,0.557738
3856,0.864392
3857,0.797426
3858,0.546511
3859,0.865663
3860,0.77722
3861,0.384766
3862,0.345043
3863,0.645048
3864,0.917799
3865,0.957091
3866,0.484083
3867,0.95749
3868,0.815026
3869,0.63233
3870,0.715694
3871,0.655307
3872,0.619432
3873,0.581445
3874,0.607071
3875,0.566215
3876,0.659109
3877,0.380401
3878,0.959588
3879,0.659543
3880,0.878123
3881,0.847174
3882,0.481226
3883,0.741628
3884,0.615999
3885,0.673849
3886,0.919058
3887,0.691469
3888,0.600238
3889,0.959595
3890,0.849118
3891,0.538794
3892,0.6611
3893,0.887319
3894,0.438291
3895,0.728518
3896,0.538108
3897,0.912961
3898,0.842876
3899,0.799405
3900,0.855096
3901,0.879367
3902,0.74084
3903,0.591912
3904,0.498742
3905,0.84183
3906,0.638985
3907,0.644353
3908,0.941319
3909,0.944031
3910,0.695174
3911,0.831068
3912,0.679359
3913,0.622789
3914,0.060869
3915,0.646563
3916,0.826972
3917,0.882698
3918,0.473793
3919,0.746816
3920,0.677205
3921,0.817186
3922,0.174837
3923,0.813226
3924,0.658485
3925,0.709105
3926,0.708498
3927,0.661285
3928,0.887263
3929,0.689082
3930,0.740475
3931,0.691415
3932,0.397874
3933,0.888328
3934,0.587046
3935,0.643474
3936,0.630192
3937,0.928288
3938,0.722161
3939,0.903072
3940,0.773703
3941,0.949025
3942,0.856861
3943,0.650706
3944,0.853621
3945,0.911939
3946,0.767578
3947,0.680739
3948,0.77413
3949,0.958445
3950,0.413893
3951,0.731768
3952,0.739449
3953,0.799733
3954,0.226661
3955,0.889368
3956,0.579578
3957,0.326008
3958,0.663319
3959,0.85857
3960,0.715128
3961,0.920498
3962,0.754949
3963,0.848499
3964,0.900506
3965,0.731431
3966,0.481685
3967,0.952843
3968,0.630205
3969,0.684698
3970,0.223382
3971,0.435108
3972,0.847378
3973,0.741524
3974,0.83316
3975,0.605973
3976,0.814621
3977,0.85176
3978,0.612484
3979,0.930261
3980,0.80293
3981,0.740859
3982,0.309643
3983,0.753581
3984,0.531168
3985,0.926087
3986,0.957375
3987,0.930273
3988,0.77966
3989,0.818763
3990,0.422093
3991,0.709951
3992,0.449089
3993,0.936822
3994,0.659234
3995,0.816829
3996,0.671963
3997,0.632803
3998,0.109558
3999,0.678505
4000,0.849572
4001,0.534882
4002,0.773975
4003,0.602064
4004,0.872847
4005,0.719032
4006,0.18265
4007,0.838408
4008,0.651353
4009,0.583918
4010,0.915213
4011,0.873706
4012,0.645076
4013,0.651585
4014,0.560058
4015,0.927492
4016,0.560596
4017,0.486745
4018,0.579152
4019,0.782164
4020,0.673585
4021,0.898577
4022,0.792321
4023,0.624237
4024,0.936911
4025,0.609927
4026,0.908616
4027,0.783491
4028,0.75807
4029,0.656574
4030,0.812567
4031,0.640409
4032,0.91896
4033,0.921413
4034,0.532774
4035,0.797312
4036,0.55813
4037,0.663159
4038,0.922735
4039,0.528917
4040,0.662577
4041,0.673669
4042,0.543768
4043,0.672386
4044,0.7024
4045,0.223082
4046,0.670671
4047,0.896709
4048,0.708375
4049,0.633036
4050,0.722154
4051,0.756358
4052,0.632707
4053,0.751689
4054,0.916448
4055,0.885814
4056,0.112611
4057,0.689525
4058,0.528335
4059,0.552325
4060,0.798514
4061,0.897353
4062,0.632969
4063,0.640312
4064,0.581308
4065,0.665786
4066,0.740226
4067,0.19049
4068,0.857496
4069,0.672616
4070,0.899628
4071,0.953847
4072,0.707074
4073,0.518788
4074,0.144738
4075,0.257314
4076,0.74311
4077,0.855047
4078,0.68249
4079,0.50306
4080,0.396088
4081,0.914039
4082,0.114453
4083,0.944501
4084,0.944348
4085,0.5442
4086,0.707272
4087,0.605307
4088,0.711994
4089,0.926139
4090,0.960161
4091,0.578002
4092,0.733485
4093,0.868007
4094,0.957339
4095,0.856646
4096,0.770007
4097,0.625835
4098,0.611111
4099,0.701155
4100,0.903507
4101,0.777954
4102,0.852611
4103,0.736418
4104,0.741736
4105,0.943151
4106,0.872834
4107,0.882931
4108,0.868998
4109,0.685184
4110,0.838137
4111,0.855278
4112,0.922896
4113,0.681857
4114,0.932228
4115,0.80417
4116,0.652224
4117,0.842164
4118,0.900678
4119,0.687127
4120,0.614513
4121,0.725481
4122,0.775728
4123,0.59954
4124,0.086524
4125,0.853908
4126,0.656162
4127,0.870895
4128,0.579753
4129,0.795355
4130,0.809321
4131,0.390892
4132,0.859103
4133,0.571149
4134,0.641193
4135,0.566068
4136,0.930707
4137,0.747401
4138,0.685407
4139,0.765642
4140,0.818372
4141,0.661571
4142,0.842008
4143,0.602091
4144,0.656745
4145,0.766868
4146,0.381433
4147,0.849594
4148,0.618067
4149,0.677194
4150,0.896934
4151,0.962451
4152,0.665288
4153,0.955481
4154,0.802708
4155,0.908512
4156,0.717827
4157,0.786982
4158,0.721369
4159,0.490078
4160,0.710284
4161,0.958255
4162,0.890886
4163,0.700004
4164,0.704493
4165,0.692062
4166,0.728425
4167,0.923293
4168,0.78797
4169,0.522656
4170,0.784195
4171,0.852615
4172,0.933838
4173,0.672392
4174,0.939576
4175,0.68693
4176,0.514128
4177,0.783288
4178,0.818054
4179,0.788635
4180,0.951218
4181,0.618109
4182,0.917554
4183,0.192725
4184,0.950082
4185,0.830454
4186,0.78451
4187,0.95352
4188,0.724508
4189,0.736311
4190,0.734501
4191,0.916059
4192,0.338357
4193,0.907971
4194,0.734512
4195,0.760474
4196,0.93681
4197,0.065556
4198,0.670842
4199,0.759983
4200,0.896684
4201,0.686611
4202,0.522807
4203,0.957816
4204,0.870774
4205,0.79775
4206,0.924601
4207,0.682315
4208,0.913182
4209,0.815949
4210,0.894668
4211,0.7821
4212,0.617047
4213,0.847607
4214,0.881477
4215,0.568114
4216,0.86062
4217,0.658093
4218,0.894394
4219,0.75521
4220,0.833676
4221,0.697077
4222,0.925615
4223,0.328662
4224,0.702674
4225,0.662764
4226,0.759598
4227,0.623538
4228,0.939673
4229,0.575962
4230,0.729178
4231,0.91288
4232,0.863743
4233,0.876202
4234,0.581052
4235,0.890189
4236,0.6925
4237,0.631386
4238,0.959877
4239,0.835154
4240,0.817809
4241,0.721313
4242,0.84037
4243,0.647426
4244,0.609318
4245,0.655838
4246,0.615875
4247,0.587611
4248,0.923999
4249,0.318229
4250,0.944046
4251,0.722962
4252,0.198156
4253,0.853859
4254,0.818556
4255,0.954263
4256,0.681775
4257,0.748995
4258,0.953422
4259,0.844129
4260,0.945095
4261,0.493794
4262,0.763507
4263,0.798316
4264,0.720414
4265,0.955455
4266,0.541486
4267,0.060171
4268,0.811088
4269,0.947645
4270,0.74278
4271,0.730329
4272,0.797218
4273,0.792565
4274,0.563092
4275,0.754309
4276,0.797564
4277,0.602759
4278,0.632736
4279,0.336908
4280,0.881065
4281,0.831539
4282,0.930687
4283,0.867858
4284,0.85358
4285,0.306635
4286,0.675505
4287,0.820315
4288,0.694425
4289,0.956148
4290,0.895206
4291,0.807831
4292,0.687589
4293,0.643875
4294,0.759099
4295,0.898891
4296,0.705146
4297,0.956617
4298,0.772458
4299,0.898921
4300,0.68034
4301,0.926547
4302,0.313741
4303,0.643984
4304,0.875885
4305,0.841427
4306,0.832739
4307,0.643832
4308,0.617714
4309,0.927532
4310,0.88477
4311,0.875733
4312,0.833403
4313,0.769677
4314,0.917894
4315,0.79919
4316,0.913764
4317,0.652546
4318,0.813034
4319,0.867303
4320,0.460574
4321,0.87575
4322,0.891321
4323,0.67058
4324,0.844909
4325,0.892842
4326,0.916176
4327,0.414967
4328,0.853206
4329,0.76532
4330,0.822123
4331,0.725774
4332,0.810539
4333,0.509388
4334,0.731588
4335,0.546181
4336,0.710406
4337,0.055478
4338,0.956914
4339,0.959745
4340,0.449607
4341,0.755805
4342,0.850313
4343,0.919639
4344,0.861699
4345,0.80876
4346,0.633827
4347,0.622667
4348,0.895965
4349,0.812888
4350,0.864399
4351,0.60602
4352,0.771681
4353,0.214408
4354,0.713199
4355,0.461236
4356,0.379479
4357,0.712623
4358,0.928457
4359,0.921687
4360,0.753629
4361,0.616213
4362,0.078532
4363,0.785528
4364,0.838382
4365,0.7381
4366,0.462708
4367,0.937185
4368,0.632607
4369,0.832304
4370,0.32961
4371,0.786411
4372,0.726902
4373,0.928125
4374,0.801728
4375,0.948556
4376,0.660771
4377,0.449201
4378,0.644608
4379,0.928309
4380,0.809441
4381,0.61113
4382,0.592312
4383,0.918409
4384,0.738389
4385,0.682027
4386,0.689289
4387,0.887845
4388,0.570453
4389,0.839417
4390,0.957606
4391,0.822919
4392,0.746394
4393,0.60525
4394,0.908082
4395,0.909959
4396,0.713038
4397,0.751734
4398,0.74467
4399,0.473342
4400,0.643748
4401,0.73974
4402,0.564307
4403,0.881105
4404,0.942803
4405,0.602086
4406,0.893887
4407,0.901912
4408,0.61092
4409,0.746039
4410,0.715111
4411,0.945009
4412,0.805437
4413,0.709268
4414,0.950542
4415,0.607096
4416,0.930493
4417,0.674605
4418,0.934408
4419,0.787349
4420,0.093209
4421,0.473149
4422,0.638454
4423,0.912123
4424,0.921714
4425,0.653972
4426,0.955406
4427,0.877092
4428,0.49652
4429,0.784564
4430,0.620427
4431,0.665314
4432,0.306963
4433,0.912813
4434,0.694321
4435,0.672738
4436,0.912536
4437,0.614333
4438,0.514328
4439,0.681948
4440,0.913262
4441,0.662702
4442,0.712229
4443,0.932215
4444,0.92099
4445,0.753497
4446,0.605026
4447,0.87859
4448,0.937183
4449,0.904314
4450,0.875069
4451,0.571651
4452,0.860848
4453,0.598264
4454,0.692664
4455,0.820931
4456,0.661562
4457,0.840107
4458,0.407527
4459,0.857263
4460,0.713896
4461,0.614249
4462,0.844724
4463,0.853391
4464,0.579701
4465,0.725903
4466,0.801773
4467,0.875175
4468,0.850652
4469,0.166803
4470,0.714886
4471,0.922994
4472,0.59998
4473,0.867867
4474,0.476301
4475,0.876359
4476,0.855427
4477,0.777345
4478,0.677547
4479,0.910303
4480,0.126481
4481,0.547406
4482,0.466425
4483,0.621541
4484,0.677052
4485,0.876055
4486,0.782169
4487,0.688479
4488,0.762141
4489,0.734667
4490,0.796236
4491,0.901386
4492,0.525506
4493,0.636407
4494,0.879078
4495,0.75865
4496,0.784303
4497,0.922568
4498,0.575644
4499,0.511324
4500,0.943974
4501,0.443204
4502,0.909284
4503,0.924552
4504,0.763817
4505,0.529871
4506,0.451408
4507,0.896631
4508,0.792473
4509,0.914556
4510,0.893971
4511,0.666481
4512,0.71169
4513,0.739531
4514,0.825269
4515,0.535171
4516,0.653394
4517,0.800941
4518,0.81877
4519,0.662818
4520,0.795567
4521,0.884901
4522,0.718363
4523,0.688771
4524,0.821953
4525,0.813462
4526,0.944314
4527,0.958468
4528,0.858928
4529,0.519022
4530,0.571195
4531,0.696667
4532,0.943168
4533,0.943085
4534,0.677313
4535,0.761744
4536,0.683761
4537,0.958683
4538,0.573244
4539,0.871602
4540,0.661145
4541,0.629344
4542,0.602512
4543,0.788299
4544,0.715756
4545,0.714283
4546,0.916476
4547,0.902412
4548,0.639906
4549,0.771767
4550,0.874177
4551,0.585585
4552,0.767013
4553,0.942194
4554,0.676059
4555,0.961267
4556,0.518117
4557,0.524985
4558,0.516937
4559,0.95356
4560,0.923742
4561,0.6921
4562,0.82596
4563,0.780807
4564,0.571288
4565,0.720893
4566,0.720991
4567,0.750522
4568,0.765706
4569,0.847667
4570,0.924322
4571,0.091318
4572,0.66185
4573,0.929309
4574,0.952043
4575,0.747981
4576,0.692
4577,0.880621
4578,0.946631
4579,0.854946
4580,0.553157
4581,0.716722
4582,0.769819
4583,0.62887
4584,0.722626
4585,0.758491
4586,0.922702
4587,0.75893
4588,0.78587
4589,0.784093
4590,0.744022
4591,0.958292
4592,0.574689
4593,0.845585
4594,0.793385
4595,0.436374
4596,0.76044
4597,0.854441
4598,0.466705
4599,0.961763
4600,0.652812
4601,0.522683
4602,0.06629
4603,0.852884
4604,0.924607
4605,0.543441
4606,0.878892
4607,0.79292
4608,0.710546
4609,0.907424
4610,0.933384
4611,0.578799
4612,0.778392
4613,0.879276
4614,0.668942
4615,0.832179
4616,0.67333
4617,0.960012
4618,0.697831
4619,0.890669
4620,0.905626
4621,0.587303
4622,0.494557
4623,0.632446
4624,0.947487
4625,0.927165
4626,0.722092
4627,0.956561
4628,0.752787
4629,0.965478
4630,0.716215
4631,0.802204
4632,0.524642
4633,0.822276
4634,0.964565
4635,0.469497
4636,0.91903
4637,0.173175
4638,0.711419
4639,0.930704
4640,0.281165
4641,0.956339
4642,0.703084
4643,0.5697
4644,0.759943
4645,0.572847
4646,0.645889
4647,0.61943
4648,0.786486
4649,0.877932
4650,0.606857
4651,0.948615
4652,0.93039
4653,0.174475
4654,0.642234
4655,0.65641
4656,0.822724
4657,0.761437
4658,0.704192
4659,0.954418
4660,0.624811
4661,0.763769
4662,0.607892
4663,0.558131
4664,0.866327
4665,0.839779
4666,0.866515
4667,0.836285
4668,0.795525
4669,0.777862
4670,0.655918
4671,0.069327
4672,0.579666
4673,0.526891
4674,0.83276
4675,0.675971
4676,0.950978
4677,0.548882
4678,0.874665
4679,0.957181
4680,0.812916
4681,0.781487
4682,0.668353
4683,0.881868
4684,0.940012
4685,0.923854
4686,0.927113
4687,0.613322
4688,0.637122
4689,0.619915
4690,0.670245
4691,0.513746
4692,0.841102
4693,0.81468
4694,0.855331
4695,0.834689
4696,0.747577
4697,0.24235
4698,0.779807
4699,0.929574
4700,0.475121
4701,0.611154
4702,0.896265
4703,0.531996
4704,0.804947
4705,0.582337
4706,0.892316
4707,0.637698
4708,0.727063
4709,0.868812
4710,0.934825
4711,0.689091
4712,0.935156
4713,0.811845
4714,0.698404
4715,0.383501
4716,0.729091
4717,0.434113
4718,0.740085
4719,0.651626
4720,0.502141
4721,0.108778
4722,0.882747
4723,0.696382
4724,0.560271
4725,0.053029
4726,0.868529
4727,0.82464
4728,0.789651
4729,0.912105
4730,0.477331
4731,0.768712
4732,0.938248
4733,0.93013
4734,0.869844
4735,0.656639
4736,0.701206
4737,0.635382
4738,0.620554
4739,0.526417
4740,0.554132
4741,0.738503
4742,0.930227
4743,0.718938
4744,0.947959
4745,0.843225
4746,0.943043
4747,0.921821
4748,0.89073
4749,0.942122
4750,0.700821
4751,0.923417
4752,0.714108
4753,0.554011
4754,0.95994
4755,0.43557
4756,0.835562
4757,0.950922
4758,0.96541
4759,0.12513
4760,0.60277
4761,0.839582
4762,0.934318
4763,0.821028
4764,0.740886
4765,0.5762
4766,0.94282
4767,0.117409
4768,0.774739
4769,0.80018
4770,0.756502
4771,0.692199
4772,0.944331
4773,0.945267
4774,0.488967
4775,0.659856
4776,0.874736
4777,0.73369
4778,0.768353
4779,0.897151
4780,0.873504
4781,0.62813
4782,0.63684
4783,0.458821
4784,0.525453
4785,0.906103
4786,0.659343
4787,0.919511
4788,0.864211
4789,0.837262
4790,0.943582
4791,0.850398
4792,0.514446
4793,0.626055
4794,0.541708
4795,0.852651
4796,0.748872
4797,0.953762
4798,0.759267
4799,0.693461
4800,0.91475
4801,0.579761
4802,0.798201
4803,0.667666
4804,0.953476
4805,0.92736
4806,0.776246
4807,0.491126
4808,0.849564
4809,0.885512
4810,0.946273
4811,0.594727
4812,0.564278
4813,0.442071
4814,0.677782
4815,0.793548
4816,0.489783
4817,0.868403
4818,0.825892
4819,0.562136
4820,0.572369
4821,0.693419
4822,0.696459
4823,0.558991
4824,0.951376
4825,0.696675
4826,0.906655
4827,0.558533
4828,0.829106
4829,0.764518
4830,0.866047
4831,0.821336
4832,0.90959
4833,0.886644
4834,0.649749
4835,0.83841
4836,0.873633
4837,0.935218
4838,0.418921
4839,0.845189
4840,0.929436
4841,0.649391
4842,0.765681
4843,0.919434
4844,0.692208
4845,0.780133
4846,0.857299
4847,0.549208
4848,0.515475
4849,0.745585
4850,0.567507
4851,0.519653
4852,0.750554
4853,0.701542
4854,0.127717
4855,0.899761
4856,0.432106
4857,0.059603
4858,0.565589
4859,0.956921
4860,0.353472
4861,0.926656
4862,0.8462
4863,0.820076
4864,0.745307
4865,0.557326
4866,0.711524
4867,0.607093
4868,0.715906
4869,0.740023
4870,0.512724
4871,0.937953
4872,0.878805
4873,0.542157
4874,0.754927
4875,0.942093
4876,0.657047
4877,0.63351
4878,0.802322
4879,0.72042
4880,0.771411
4881,0.863899
4882,0.786217
4883,0.558855
4884,0.066549
4885,0.925852
4886,0.90047
4887,0.849424
4888,0.95119
4889,0.558465
4890,0.694459
4891,0.556301
4892,0.823942
4893,0.730152
4894,0.682751
4895,0.596701
4896,0.766878
4897,0.926793
4898,0.697491
4899,0.231371
4900,0.428298
4901,0.772494
4902,0.73711
4903,0.57433
4904,0.78323
4905,0.789018
4906,0.757128
4907,0.715846
4908,0.806499
4909,0.835174
4910,0.932107
4911,0.960029
4912,0.910575
4913,0.440349
4914,0.695569
4915,0.843873
4916,0.89624
4917,0.706303
4918,0.770828
4919,0.937119
4920,0.68438
4921,0.851361
4922,0.877157
4923,0.698393
4924,0.894456
4925,0.852697
4926,0.796459
4927,0.651757
4928,0.793982
4929,0.766349
4930,0.535478
4931,0.744164
4932,0.754923
4933,0.479476
4934,0.089005
4935,0.666631
4936,0.745402
4937,0.529849
4938,0.92379
4939,0.812976
4940,0.94951
4941,0.55555
4942,0.522128
4943,0.421974
4944,0.497884
4945,0.640951
4946,0.362375
4947,0.673181
4948,0.900326
4949,0.781422
4950,0.848203
4951,0.760514
4952,0.89109
4953,0.559598
4954,0.895014
4955,0.781915
4956,0.794792
4957,0.366313
4958,0.95629
4959,0.834321
4960,0.814179
4961,0.846765
4962,0.755921
4963,0.875881
4964,0.49447
4965,0.52301
4966,0.948928
4967,0.889032
4968,0.807766
4969,0.754033
4970,0.94996
4971,0.948836
4972,0.917226
4973,0.64114
4974,0.872594
4975,0.869574
4976,0.559556
4977,0.804459
4978,0.615959
4979,0.847792
4980,0.635711
4981,0.899267
4982,0.547133
4983,0.933918
4984,0.893016
4985,0.96337
4986,0.710785
4987,0.527726
4988,0.651064
4989,0.954421
4990,0.935426
4991,0.596418
4992,0.896401
4993,0.813182
4994,0.827938
4995,0.841483
4996,0.553903
4997,0.718464
4998,0.915654
4999,0.796841
5000,0.734259
5001,0.839515
5002,0.735991
5003,0.540419
5004,0.356802
5005,0.942815
5006,0.626187
5007,0.674281
5008,0.674236
5009,0.597935
5010,0.871964
5011,0.613296
5012,0.871063
5013,0.732392
5014,0.736839
5015,0.792549
5016,0.888503
5017,0.714217
5018,0.696328
5019,0.949502
5020,0.943231
5021,0.938539
5022,0.641256
5023,0.538977
5024,0.888701
5025,0.672006
5026,0.892194
5027,0.951959
5028,0.06417
5029,0.583361
5030,0.667208
5031,0.695186
5032,0.280689
5033,0.821796
5034,0.769595
5035,0.482418
5036,0.939338
5037,0.491434
5038,0.750722
5039,0.788652
5040,0.865541
5041,0.753834
5042,0.855167
5043,0.735289
5044,0.864343
5045,0.754651
5046,0.584965
5047,0.760404
5048,0.888066
5049,0.363012
5050,0.745353
5051,0.73347
5052,0.479804
5053,0.528734
5054,0.847726
5055,0.732831
5056,0.623442
5057,0.947166
5058,0.776473
5059,0.827583
5060,0.819308
5061,0.868505
5062,0.675761
5063,0.461765
5064,0.949518
5065,0.842063
5066,0.875576
5067,0.909054
5068,0.830303
5069,0.523181
5070,0.775183
5071,0.582024
5072,0.918879
5073,0.541638
5074,0.63956
5075,0.710113
5076,0.947911
5077,0.833418
5078,0.456235
5079,0.91359
5080,0.753523
5081,0.902204
5082,0.794699
5083,0.894195
5084,0.687493
5085,0.948446
5086,0.791466
5087,0.830041
5088,0.696355
5089,0.844487
5090,0.950274
5091,0.70012
5092,0.790897
5093,0.946614
5094,0.835408
5095,0.792423
5096,0.904185
5097,0.862151
5098,0.814213
5099,0.957705
5100,0.865919
5101,0.60836
5102,0.698116
5103,0.927688
5104,0.869169
5105,0.616815
5106,0.903691
5107,0.951185
5108,0.721461
5109,0.632171
5110,0.785983
5111,0.871924
5112,0.856234
5113,0.554393
5114,0.905205
5115,0.934686
5116,0.574272
5117,0.443511
5118,0.579751
5119,0.958346
5120,0.678236
5121,0.655484
5122,0.952088
5123,0.954323
5124,0.947055
5125,0.793371
5126,0.637806
5127,0.759219
5128,0.844339
5129,0.914744
5130,0.852825
5131,0.769783
5132,0.494091
5133,0.651315
5134,0.587479
5135,0.824084
5136,0.738506
5137,0.892484
5138,0.828935
5139,0.906404
5140,0.907816
5141,0.872387
5142,0.63223
5143,0.578822
5144,0.806853
5145,0.682206
5146,0.920305
5147,0.717029
5148,0.891077
5149,0.441781
5150,0.962272
5151,0.838219
5152,0.947294
5153,0.756564
5154,0.818609
5155,0.787709
5156,0.526965
5157,0.702945
5158,0.944849
5159,0.718774
5160,0.707537
5161,0.521458
5162,0.59043
5163,0.844275
5164,0.04873
5165,0.643403
5166,0.528875
5167,0.620963
5168,0.504231
5169,0.529908
5170,0.606243
5171,0.698333
5172,0.739005
5173,0.722974
5174,0.693275
5175,0.722895
5176,0.575037
5177,0.938653
5178,0.865154
5179,0.700426
5180,0.551377
5181,0.645262
5182,0.720402
5183,0.965905
5184,0.08667
5185,0.693132
5186,0.948356
5187,0.823496
5188,0.911707
5189,0.89625
5190,0.877689
5191,0.588296
5192,0.611825
5193,0.8814
5194,0.657714
5195,0.799744
5196,0.42752
5197,0.858104
5198,0.13133
5199,0.864614
5200,0.727856
5201,0.582072
5202,0.950218
5203,0.891327
5204,0.957756
5205,0.70601
5206,0.442675
5207,0.77744
5208,0.564844
5209,0.095762
5210,0.485442
5211,0.951414
5212,0.919954
5213,0.621884
5214,0.662449
5215,0.745329
5216,0.441334
5217,0.764902
5218,0.740051
5219,0.640475
5220,0.592677
5221,0.831221
5222,0.63012
5223,0.510836
5224,0.274271
5225,0.780009
5226,0.53609
5227,0.18559
5228,0.764427
5229,0.852348
5230,0.874872
5231,0.691284
5232,0.710341
5233,0.933842
5234,0.789838
5235,0.908991
5236,0.714031
5237,0.65659
5238,0.92627
5239,0.716051
5240,0.906044
5241,0.872762
5242,0.952503
5243,0.9174
5244,0.758504
5245,0.670565
5246,0.567541
5247,0.742891
5248,0.909812
5249,0.687478
5250,0.838729
5251,0.231843
5252,0.699404
5253,0.55182
5254,0.542469
5255,0.67066
5256,0.799354
5257,0.704699
5258,0.854702
5259,0.917663
5260,0.85695
5261,0.75232
5262,0.79547
5263,0.83938
5264,0.588775
5265,0.696605
5266,0.914438
5267,0.724803
5268,0.606174
5269,0.858644
5270,0.960042
5271,0.948608
5272,0.922422
5273,0.63913
5274,0.764455
5275,0.790566
5276,0.858621
5277,0.521969
5278,0.163038
5279,0.677621
5280,0.854702
5281,0.869319
5282,0.78196
5283,0.548687
5284,0.837443
5285,0.6607
5286,0.809905
5287,0.886081
5288,0.903467
5289,0.864463
5290,0.764063
5291,0.071925
5292,0.762286
5293,0.720267
5294,0.895492
5295,0.869552
5296,0.580476
5297,0.469218
5298,0.852669
5299,0.942825
5300,0.893837
5301,0.545312
5302,0.85927
5303,0.224959
5304,0.570355
5305,0.884587
5306,0.494986
5307,0.921387
5308,0.89168
5309,0.880726
5310,0.53933
5311,0.60878
5312,0.514284
5313,0.193915
5314,0.817946
5315,0.654536
5316,0.840449
5317,0.915245
5318,0.421665
5319,0.879499
5320,0.843937
5321,0.507295
5322,0.741466
5323,0.603992
5324,0.657358
5325,0.593471
5326,0.949149
5327,0.917397
5328,0.903668
5329,0.946786
5330,0.34001
5331,0.546575
5332,0.08787
5333,0.678801
5334,0.615309
5335,0.719429
5336,0.587814
5337,0.846032
5338,0.908498
5339,0.913805
5340,0.507864
5341,0.577065
5342,0.865089
5343,0.571778
5344,0.828144
5345,0.531218
5346,0.768252
5347,0.47421
5348,0.893887
5349,0.528214
5350,0.851097
5351,0.840456
5352,0.846723
5353,0.907986
5354,0.811937
5355,0.941306
5356,0.835157
5357,0.495381
5358,0.955786
5359,0.854364
5360,0.692259
5361,0.63695
5362,0.698014
5363,0.536751
5364,0.855785
5365,0.869939
5366,0.936241
5367,0.763248
5368,0.770605
5369,0.878078
5370,0.636192
5371,0.688985
5372,0.764203
5373,0.789516
5374,0.827063
5375,0.676698
5376,0.31767
5377,0.761538
5378,0.687372
5379,0.570494
5380,0.818658
5381,0.712108
5382,0.700096
5383,0.714412
5384,0.606685
5385,0.725484
5386,0.739363
5387,0.701326
5388,0.710005
5389,0.204926
5390,0.488196
5391,0.705875
5392,0.810763
5393,0.760914
5394,0.247641
5395,0.829744
5396,0.5294
5397,0.797981
5398,0.656123
5399,0.938417
5400,0.678659
5401,0.84661
5402,0.736167
5403,0.946572
5404,0.419882
5405,0.592777
5406,0.683405
5407,0.552201
5408,0.514067
5409,0.938739
5410,0.951179
5411,0.844319
5412,0.897092
5413,0.864168
5414,0.622454
5415,0.7457
5416,0.558974
5417,0.653078
5418,0.832525
5419,0.628149
5420,0.896012
5421,0.788885
5422,0.625252
5423,0.118268
5424,0.898548
5425,0.870028
5426,0.934903
5427,0.911635
5428,0.78914
5429,0.867147
5430,0.577461
5431,0.648602
5432,0.648141
5433,0.877192
5434,0.702124
5435,0.770212
5436,0.955829
5437,0.676495
5438,0.871225
5439,0.271938
5440,0.631965
5441,0.695902
5442,0.423473
5443,0.434335
5444,0.822089
5445,0.871433
5446,0.735197
5447,0.618874
5448,0.729265
5449,0.934094
5450,0.950965
5451,0.89856
5452,0.677093
5453,0.885877
5454,0.675498
5455,0.921261
5456,0.674091
5457,0.674789
5458,0.670233
5459,0.735973
5460,0.796258
5461,0.827096
5462,0.752951
5463,0.921153
5464,0.20122
5465,0.559417
5466,0.94678
5467,0.809838
5468,0.5736
5469,0.937849
5470,0.502641
5471,0.693349
5472,0.068984
5473,0.627975
5474,0.658087
5475,0.518721
5476,0.438317
5477,0.890264
5478,0.484952
5479,0.660521
5480,0.59652
5481,0.767595
5482,0.87379
5483,0.854522
5484,0.815117
5485,0.76833
5486,0.62571
5487,0.042806
5488,0.655078
5489,0.552861
5490,0.664176
5491,0.89147
5492,0.6741
5493,0.410662
5494,0.490832
5495,0.842437
5496,0.588938
5497,0.945165
5498,0.879315
5499,0.792888
5500,0.953968
5501,0.925518
5502,0.594462
5503,0.805922
5504,0.593312
5505,0.667242
5506,0.764987
5507,0.949351
5508,0.800106
5509,0.934721
5510,0.658215
5511,0.736175
5512,0.760214
5513,0.566316
5514,0.794019
5515,0.295711
5516,0.554642
5517,0.463597
5518,0.423137
5519,0.690758
5520,0.928436
5521,0.73277
5522,0.876439
5523,0.082157
5524,0.709809
5525,0.645798
5526,0.368012
5527,0.875228
5528,0.743689
5529,0.691976
5530,0.862727
5531,0.821135
5532,0.687105
5533,0.758297
5534,0.849976
5535,0.716188
5536,0.678392
5537,0.716102
5538,0.786508
5539,0.447192
5540,0.762275
5541,0.535704
5542,0.81152
5543,0.89048
5544,0.763145
5545,0.477495
5546,0.817493
5547,0.925933
5548,0.092727
5549,0.779037
5550,0.786531
5551,0.784731
5552,0.630493
5553,0.637675
5554,0.666128
5555,0.770519
5556,0.701787
5557,0.701766
5558,0.955741
5559,0.82202
5560,0.57932
5561,0.623607
5562,0.497587
5563,0.723148
5564,0.474416
5565,0.775565
5566,0.887662
5567,0.812735
5568,0.955338
5569,0.46167
5570,0.881696
5571,0.885596
5572,0.557349
5573,0.481868
5574,0.962218
5575,0.722869
5576,0.665892
5577,0.943531
5578,0.546816
5579,0.674222
5580,0.918099
5581,0.935
5582,0.61741
5583,0.84203
5584,0.319858
5585,0.816068
5586,0.807198
5587,0.834103
5588,0.851536
5589,0.05081
5590,0.532978
5591,0.908136
5592,0.684487
5593,0.718229
5594,0.519433
5595,0.619598
5596,0.890939
5597,0.685175
5598,0.065351
5599,0.578188
5600,0.822156
5601,0.880506
5602,0.690624
5603,0.713925
5604,0.847212
5605,0.746778
5606,0.843176
5607,0.936913
5608,0.536656
5609,0.569968
5610,0.868187
5611,0.397792
5612,0.762141
5613,0.855631
5614,0.946896
5615,0.805409
5616,0.734621
5617,0.908916
5618,0.743578
5619,0.636108
5620,0.685329
5621,0.821938
5622,0.89747
5623,0.71363
5624,0.119731
5625,0.269188
5626,0.790223
5627,0.783502
5628,0.803846
5629,0.507625
5630,0.905778
5631,0.852398
5632,0.829491
5633,0.415348
5634,0.57826
5635,0.948589
5636,0.838144
5637,0.516486
5638,0.95629
5639,0.836439
5640,0.693723
5641,0.235441
5642,0.634354
5643,0.653388
5644,0.893237
5645,0.945737
5646,0.690509
5647,0.715795
5648,0.752882
5649,0.813557
5650,0.707008
5651,0.496931
5652,0.830014
5653,0.961766
5654,0.54999
5655,0.400295
5656,0.805494
5657,0.957589
5658,0.906679
5659,0.879452
5660,0.859581
5661,0.549287
5662,0.558361
5663,0.767404
5664,0.816019
5665,0.920025
5666,0.523394
5667,0.88049
5668,0.902871
5669,0.765664
5670,0.550009
5671,0.949506
5672,0.699272
5673,0.608806
5674,0.902906
5675,0.815388
5676,0.816961
5677,0.846758
5678,0.920465
5679,0.836447
5680,0.919712
5681,0.936635
5682,0.680137
5683,0.910628
5684,0.771063
5685,0.668913
5686,0.900273
5687,0.577554
5688,0.888209
5689,0.958027
5690,0.817747
5691,0.879839
5692,0.895293
5693,0.560697
5694,0.651833
5695,0.948603
5696,0.368662
5697,0.677113
5698,0.560832
5699,0.942667
5700,0.837944
5701,0.84277
5702,0.614737
5703,0.853978
5704,0.741953
5705,0.832805
5706,0.529316
5707,0.850409
5708,0.458835
5709,0.831885
5710,0.847128
5711,0.158036
5712,0.596924
5713,0.305242
5714,0.748267
5715,0.424016
5716,0.742976
5717,0.883986
5718,0.951203
5719,0.739288
5720,0.871581
5721,0.736396
5722,0.810071
5723,0.756712
5724,0.569972
5725,0.725889
5726,0.793118
5727,0.914333
5728,0.554799
5729,0.810351
5730,0.857756
5731,0.691292
5732,0.894927
5733,0.613504
5734,0.932249
5735,0.708031
5736,0.700867
5737,0.805373
5738,0.119862
5739,0.87226
5740,0.753508
5741,0.6621
5742,0.96428
5743,0.790467
5744,0.597029
5745,0.803508
5746,0.933006
5747,0.222006
5748,0.861267
5749,0.936727
5750,0.715384
5751,0.838478
5752,0.922418
5753,0.921858
5754,0.806094
5755,0.8498
5756,0.71188
5757,0.627704
5758,0.476173
5759,0.722331
5760,0.674875
5761,0.8647
5762,0.686224
5763,0.957219
5764,0.627836
5765,0.812915
5766,0.647288
5767,0.330968
5768,0.889436
5769,0.674503
5770,0.927659
5771,0.594967
5772,0.592602
5773,0.662185
5774,0.849171
5775,0.166485
5776,0.735391
5777,0.91056
5778,0.808947
5779,0.719572
5780,0.78485
5781,0.880674
5782,0.540325
5783,0.868981
5784,0.677563
5785,0.632656
5786,0.874409
5787,0.528525
5788,0.954186
5789,0.751407
5790,0.915906
5791,0.770513
5792,0.863412
5793,0.1434
5794,0.574212
5795,0.725144
5796,0.732017
5797,0.561776
5798,0.713548
5799,0.542903
5800,0.901025
5801,0.821609
5802,0.827566
5803,0.899743
5804,0.547288
5805,0.563566
5806,0.725668
5807,0.86185
5808,0.586428
5809,0.782566
5810,0.7888
5811,0.925673
5812,0.473271
5813,0.956149
5814,0.650359
5815,0.691944
5816,0.553842
5817,0.665894
5818,0.746839
5819,0.442709
5820,0.352333
5821,0.709349
5822,0.563055
5823,0.714343
5824,0.721072
5825,0.661188
5826,0.46648
5827,0.523773
5828,0.764109
5829,0.886975
5830,0.604493
5831,0.682244
5832,0.957495
5833,0.671707
5834,0.939096
5835,0.799161
5836,0.551524
5837,0.837556
5838,0.8427
5839,0.68531
5840,0.729219
5841,0.467589
5842,0.8112
5843,0.2164
5844,0.630449
5845,0.520916
5846,0.72647
5847,0.725371
5848,0.959113
5849,0.81021
5850,0.770562
5851,0.76431
5852,0.763783
5853,0.836175
5854,0.818364
5855,0.826268
5856,0.827969
5857,0.671025
5858,0.656173
5859,0.725613
5860,0.880862
5861,0.183434
5862,0.884253
5863,0.935487
5864,0.962692
5865,0.630836
5866,0.946711
5867,0.65322
5868,0.784753
5869,0.799927
5870,0.725631
5871,0.666423
5872,0.648631
5873,0.962603
5874,0.690366
5875,0.813518
5876,0.69303
5877,0.760757
5878,0.638761
5879,0.138287
5880,0.555948
5881,0.682615
5882,0.544306
5883,0.72962
5884,0.701504
5885,0.891831
5886,0.782317
5887,0.071076
5888,0.474273
5889,0.555722
5890,0.557184
5891,0.738952
5892,0.501666
5893,0.562965
5894,0.861472
5895,0.782181
5896,0.959163
5897,0.838944
5898,0.801031
5899,0.467564
5900,0.77675
5901,0.882468
5902,0.521645
5903,0.946911
5904,0.561142
5905,0.845025
5906,0.802033
5907,0.886192
5908,0.864683
5909,0.684329
5910,0.714214
5911,0.715739
5912,0.529196
5913,0.95738
5914,0.506054
5915,0.763863
5916,0.927685
5917,0.240738
5918,0.870878
5919,0.911756
5920,0.921138
5921,0.845765
5922,0.873756
5923,0.913813
5924,0.804234
5925,0.767655
5926,0.698591
5927,0.93876
5928,0.611334
5929,0.787877
5930,0.650365
5931,0.935301
5932,0.922336
5933,0.649073
5934,0.524971
5935,0.739981
5936,0.912292
5937,0.747288
5938,0.736563
5939,0.961911
5940,0.521288
5941,0.694488
5942,0.865267
5943,0.632658
5944,0.700258
5945,0.797812
5946,0.563013
5947,0.898216
5948,0.513247
5949,0.885414
5950,0.616431
5951,0.852658
5952,0.472794
5953,0.705919
5954,0.853272
5955,0.83347
5956,0.508596
5957,0.687388
5958,0.878399
5959,0.872484
5960,0.658322
5961,0.818486
5962,0.786566
5963,0.915854
5964,0.885636
5965,0.835552
5966,0.762195
5967,0.623744
5968,0.92352
5969,0.592521
5970,0.558585
5971,0.641386
5972,0.484095
5973,0.488612
5974,0.910649
5975,0.938822
5976,0.673543
5977,0.650371
5978,0.926638
5979,0.857612
5980,0.853931
5981,0.835784
5982,0.301209
5983,0.676653
5984,0.657115
5985,0.097146
5986,0.761388
5987,0.815712
5988,0.705858
5989,0.571004
5990,0.921306
5991,0.698782
5992,0.798825
5993,0.411023
5994,0.766419
5995,0.640911
5996,0.94428
5997,0.90878
5998,0.622083
5999,0.672792
6000,0.885883
6001,0.502851
6002,0.905557
6003,0.60507
6004,0.724696
6005,0.657405
6006,0.807593
6007,0.752097
6008,0.918561
6009,0.790921
6010,0.912983
6011,0.772681
6012,0.785342
6013,0.902434
6014,0.651004
6015,0.714947
6016,0.877737
6017,0.954591
6018,0.890933
6019,0.687605
6020,0.665531
6021,0.696521
6022,0.840864
6023,0.793641
6024,0.825414
6025,0.913247
6026,0.810265
6027,0.567052
6028,0.317094
6029,0.855049
6030,0.820748
6031,0.868577
6032,0.749858
6033,0.569193
6034,0.901444
6035,0.647937
6036,0.790675
6037,0.470645
6038,0.58376
6039,0.482326
6040,0.724214
6041,0.883851
6042,0.756177
6043,0.936516
6044,0.646421
6045,0.778437
6046,0.859288
6047,0.646479
6048,0.758821
6049,0.791874
6050,0.88972
6051,0.37283
6052,0.671821
6053,0.695906
6054,0.641045
6055,0.358759
6056,0.720943
6057,0.673812
6058,0.754443
6059,0.653195
6060,0.589695
6061,0.917084
6062,0.078062
6063,0.833577
6064,0.835105
6065,0.769259
6066,0.098414
6067,0.200677
6068,0.597833
6069,0.66376
6070,0.931104
6071,0.64765
6072,0.128262
6073,0.652775
6074,0.809437
6075,0.873379
6076,0.773667
6077,0.152955
6078,0.875951
6079,0.938927
6080,0.816117
6081,0.74634
6082,0.648073
6083,0.687834
6084,0.468226
6085,0.74084
6086,0.599802
6087,0.939646
6088,0.871388
6089,0.848662
6090,0.758997
6091,0.657039
6092,0.825513
6093,0.769471
6094,0.065718
6095,0.575282
6096,0.831831
6097,0.382495
6098,0.957156
6099,0.916666
6100,0.747518
6101,0.674044
6102,0.547947
6103,0.590168
6104,0.928482
6105,0.71498
6106,0.874478
6107,0.061943
6108,0.623657
6109,0.656661
6110,0.565374
6111,0.47056
6112,0.740252
6113,0.756454
6114,0.79812
6115,0.939769
6116,0.953784
6117,0.954624
6118,0.724107
6119,0.647604
6120,0.537519
6121,0.945331
6122,0.894599
6123,0.707321
6124,0.630125
6125,0.645342
6126,0.789661
6127,0.677383
6128,0.543695
6129,0.760679
6130,0.640831
6131,0.805059
6132,0.852255
6133,0.500816
6134,0.519085
6135,0.87678
6136,0.645966
6137,0.874254
6138,0.641812
6139,0.825552
6140,0.740699
6141,0.690196
6142,0.450061
6143,0.788998
6144,0.860453
6145,0.850763
6146,0.609393
6147,0.681206
6148,0.77576
6149,0.963513
6150,0.515814
6151,0.950064
6152,0.534067
6153,0.950504
6154,0.575583
6155,0.856697
6156,0.685943
6157,0.583611
6158,0.1315
6159,0.747522
6160,0.726882
6161,0.454056
6162,0.950779
6163,0.869543
6164,0.959597
6165,0.812687
6166,0.955153
6167,0.264918
6168,0.824061
6169,0.638481
6170,0.822935
6171,0.102762
6172,0.608151
6173,0.681508
6174,0.649923
6175,0.246017
6176,0.875935
6177,0.618537
6178,0.449499
6179,0.776205
6180,0.718233
6181,0.885362
6182,0.940701
6183,0.686144
6184,0.060768
6185,0.629612
6186,0.431618
6187,0.949872
6188,0.689019
6189,0.633286
6190,0.925015
6191,0.813433
6192,0.475178
6193,0.888758
6194,0.74561
6195,0.91209
6196,0.94442
6197,0.750261
6198,0.884092
6199,0.561585
6200,0.782603
6201,0.366398
6202,0.686411
6203,0.714073
6204,0.85005
6205,0.927323
6206,0.786569
6207,0.796512
6208,0.849923
6209,0.840861
6210,0.558465
6211,0.91313
6212,0.748179
6213,0.602218
6214,0.829328
6215,0.502978
6216,0.783382
6217,0.738657
6218,0.822645
6219,0.853667
6220,0.959454
6221,0.694251
6222,0.942759
6223,0.821464
6224,0.914327
6225,0.49674
6226,0.832589
6227,0.579859
6228,0.80953
6229,0.054503
6230,0.628939
6231,0.834073
6232,0.916805
6233,0.765228
6234,0.488487
6235,0.718424
6236,0.951044
6237,0.789352
6238,0.570067
6239,0.862706
6240,0.570185
6241,0.683782
6242,0.817621
6243,0.869929
6244,0.814569
6245,0.744968
6246,0.871652
6247,0.655705
6248,0.433219
6249,0.585399
6250,0.818418
6251,0.590439
6252,0.706655
6253,0.829376
6254,0.858892
6255,0.388035
6256,0.924535
6257,0.556718
6258,0.855492
6259,0.848846
6260,0.639227
6261,0.872328
6262,0.584172
6263,0.677208
6264,0.638401
6265,0.571629
6266,0.137708
6267,0.805383
6268,0.758879
6269,0.83783
6270,0.600716
6271,0.919786
6272,0.956235
6273,0.73495
6274,0.547034
6275,0.731757
6276,0.553149
6277,0.833881
6278,0.643133
6279,0.868827
6280,0.945101
6281,0.903788
6282,0.570673
6283,0.937142
6284,0.867798
6285,0.595942
6286,0.80964
6287,0.628981
6288,0.544556
6289,0.914191
6290,0.569869
6291,0.75832
6292,0.067604
6293,0.687447
6294,0.82474
6295,0.801876
6296,0.531712
6297,0.92909
6298,0.879371
6299,0.061187
6300,0.65175
6301,0.701836
6302,0.264117
6303,0.510982
6304,0.660751
6305,0.656364
6306,0.391455
6307,0.719227
6308,0.729023
6309,0.753816
6310,0.585802
6311,0.649168
6312,0.583821
6313,0.455801
6314,0.926712
6315,0.954396
6316,0.954244
6317,0.625104
6318,0.74842
6319,0.581554
6320,0.720935
6321,0.920869
6322,0.65611
6323,0.66488
6324,0.725659
6325,0.578131
6326,0.070538
6327,0.626668
6328,0.695868
6329,0.900854
6330,0.632389
6331,0.0536
6332,0.922407
6333,0.700293
6334,0.615038
6335,0.818858
6336,0.638181
6337,0.441945
6338,0.623387
6339,0.672333
6340,0.747092
6341,0.750988
6342,0.962572
6343,0.909943
6344,0.929297
6345,0.08919
6346,0.407388
6347,0.06774
6348,0.743825
6349,0.785027
6350,0.941263
6351,0.721576
6352,0.963622
6353,0.78717
6354,0.964608
6355,0.952833
6356,0.737317
6357,0.903752
6358,0.793637
6359,0.740177
6360,0.490416
6361,0.791822
6362,0.852319
6363,0.620913
6364,0.728505
6365,0.858333
6366,0.440699
6367,0.818102
6368,0.899629
6369,0.878915
6370,0.585948
6371,0.475406
6372,0.621295
6373,0.783617
6374,0.904004
6375,0.711499
6376,0.595639
6377,0.671252
6378,0.877746
6379,0.604157
6380,0.842195
6381,0.939014
6382,0.707282
6383,0.842603
6384,0.745399
6385,0.855013
6386,0.668956
6387,0.770163
6388,0.698094
6389,0.96335
6390,0.759846
6391,0.9054
6392,0.771356
6393,0.525818
6394,0.540452
6395,0.654633
6396,0.369903
6397,0.453267
6398,0.80345
6399,0.821661
6400,0.465763
6401,0.756016
6402,0.720502
6403,0.795452
6404,0.788869
6405,0.630826
6406,0.734675
6407,0.943236
6408,0.902491
6409,0.52954
6410,0.574182
6411,0.697687
6412,0.681249
6413,0.6234
6414,0.756519
6415,0.762778
6416,0.953953
6417,0.564939
6418,0.954291
6419,0.647509
6420,0.964165
6421,0.73295
6422,0.831482
6423,0.682457
6424,0.799918
6425,0.69359
6426,0.870608
6427,0.750597
6428,0.956628
6429,0.766014
6430,0.891379
6431,0.881283
6432,0.84951
6433,0.717757
6434,0.947179
6435,0.700457
6436,0.955358
6437,0.627868
6438,0.624919
6439,0.628992
6440,0.585958
6441,0.910785
6442,0.740868
6443,0.46398
6444,0.956712
6445,0.402442
6446,0.82894
6447,0.909442
6448,0.739137
6449,0.711339
6450,0.925263
6451,0.915267
6452,0.831409
6453,0.84874
6454,0.776006
6455,0.738859
6456,0.065384
6457,0.496239
6458,0.526985
6459,0.936687
6460,0.737013
6461,0.72139
6462,0.739347
6463,0.672802
6464,0.717637
6465,0.815155
6466,0.693234
6467,0.941272
6468,0.684231
6469,0.960822
6470,0.68265
6471,0.672052
6472,0.830643
6473,0.565752
6474,0.869157
6475,0.680296
6476,0.926288
6477,0.806303
6478,0.557604
6479,0.657226
6480,0.553394
6481,0.804869
6482,0.944345
6483,0.562884
6484,0.729548
6485,0.592948
6486,0.798784
6487,0.850488
6488,0.758169
6489,0.739728
6490,0.870134
6491,0.914498
6492,0.761558
6493,0.848696
6494,0.719733
6495,0.87725
6496,0.915524
6497,0.921097
6498,0.643856
6499,0.800195
6500,0.822842
6501,0.552779
6502,0.118562
6503,0.681834
6504,0.887602
6505,0.650377
6506,0.751838
6507,0.524815
6508,0.94194
6509,0.785339
6510,0.892308
6511,0.733777
6512,0.847971
6513,0.804478
6514,0.35477
6515,0.352675
6516,0.93836
6517,0.620909
6518,0.877707
6519,0.641838
6520,0.808163
6521,0.82234
6522,0.805911
6523,0.879897
6524,0.620525
6525,0.573573
6526,0.43589
6527,0.895833
6528,0.962768
6529,0.698736
6530,0.073929
6531,0.730315
6532,0.788261
6533,0.935409
6534,0.755341
6535,0.606065
6536,0.801279
6537,0.665754
6538,0.055921
6539,0.858689
6540,0.94521
6541,0.078175
6542,0.657045
6543,0.808778
6544,0.784562
6545,0.735407
6546,0.781793
6547,0.884346
6548,0.42402
6549,0.720208
6550,0.792084
6551,0.912986
6552,0.534889
6553,0.667354
6554,0.9564
6555,0.823991
6556,0.558318
6557,0.869665
6558,0.524231
6559,0.156024
6560,0.584474
6561,0.830276
6562,0.764583
6563,0.924606
6564,0.672422
6565,0.739104
6566,0.887518
6567,0.928628
6568,0.756188
6569,0.657546
6570,0.782894
6571,0.918098
6572,0.89074
6573,0.914596
6574,0.706298
6575,0.739006
6576,0.759033
6577,0.874802
6578,0.950923
6579,0.706708
6580,0.763115
6581,0.870941
6582,0.948418
6583,0.934689
6584,0.936289
6585,0.794612
6586,0.641742
6587,0.852913
6588,0.843714
6589,0.775424
6590,0.62322
6591,0.453086
6592,0.769892
6593,0.860623
6594,0.133943
6595,0.621359
6596,0.72575
6597,0.602884
6598,0.7756
6599,0.931559
6600,0.775004
6601,0.652696
6602,0.788028
6603,0.693373
6604,0.655198
6605,0.662728
6606,0.886572
6607,0.770819
6608,0.738514
6609,0.674748
6610,0.685611
6611,0.071266
6612,0.731458
6613,0.890808
6614,0.634675
6615,0.382273
6616,0.517904
6617,0.941934
6618,0.565917
6619,0.742474
6620,0.538335
6621,0.322116
6622,0.764578
6623,0.466838
6624,0.740275
6625,0.767507
6626,0.95256
6627,0.750226
6628,0.947467
6629,0.875184
6630,0.827874
6631,0.670154
6632,0.793536
6633,0.730253
6634,0.825208
6635,0.593726
6636,0.936244
6637,0.809541
6638,0.955501
6639,0.768043
6640,0.594236
6641,0.397213
6642,0.654591
6643,0.777294
6644,0.44554
6645,0.919955
6646,0.5789
6647,0.832227
6648,0.953108
6649,0.743709
6650,0.775497
6651,0.638591
6652,0.252806
6653,0.663316
6654,0.748868
6655,0.716692
6656,0.63039
6657,0.607091
6658,0.747441
6659,0.876302
6660,0.745085
6661,0.86924
6662,0.697343
6663,0.574615
6664,0.846884
6665,0.73673
6666,0.653926
6667,0.600351
6668,0.939843
6669,0.955623
6670,0.567361
6671,0.555773
6672,0.962523
6673,0.688911
6674,0.841083
6675,0.661068
6676,0.737223
6677,0.683004
6678,0.569852
6679,0.467211
6680,0.800557
6681,0.653255
6682,0.600181
6683,0.080294
6684,0.930177
6685,0.947994
6686,0.574713
6687,0.944851
6688,0.918847
6689,0.779219
6690,0.565767
6691,0.542991
6692,0.868775
6693,0.705618
6694,0.893695
6695,0.719462
6696,0.92368
6697,0.562293
6698,0.658873
6699,0.922921
6700,0.807075
6701,0.843477
6702,0.916208
6703,0.668169
6704,0.525511
6705,0.601303
6706,0.338433
6707,0.672268
6708,0.647762
6709,0.626566
6710,0.604452
6711,0.544802
6712,0.673205
6713,0.726487
6714,0.743634
6715,0.90111
6716,0.469191
6717,0.446373
6718,0.743826
6719,0.738539
6720,0.853497
6721,0.880684
6722,0.877791
6723,0.839473
6724,0.590268
6725,0.723759
6726,0.937855
6727,0.702923
6728,0.40927
6729,0.878763
6730,0.954681
6731,0.762037
6732,0.824661
6733,0.948426
6734,0.680559
6735,0.738539
6736,0.949356
6737,0.508425
6738,0.929741
6739,0.775021
6740,0.834775
6741,0.767763
6742,0.943553
6743,0.679053
6744,0.722786
6745,0.572292
6746,0.55988
6747,0.700179
6748,0.736376
6749,0.905904
6750,0.8633
6751,0.845052
6752,0.912595
6753,0.762558
6754,0.762608
6755,0.586698
6756,0.66795
6757,0.892463
6758,0.665029
6759,0.858626
6760,0.709325
6761,0.930723
6762,0.933875
6763,0.923503
6764,0.734273
6765,0.572276
6766,0.746109
6767,0.633355
6768,0.640855
6769,0.747463
6770,0.535827
6771,0.729087
6772,0.95655
6773,0.47393
6774,0.934084
6775,0.722089
6776,0.692262
6777,0.527632
6778,0.843146
6779,0.536411
6780,0.88661
6781,0.644117
6782,0.95412
6783,0.759739
6784,0.879852
6785,0.941576
6786,0.840577
6787,0.678026
6788,0.721806
6789,0.910686
6790,0.682983
6791,0.736646
6792,0.485255
6793,0.62134
6794,0.510988
6795,0.769569
6796,0.917917
6797,0.729683
6798,0.459805
6799,0.954672
6800,0.784299
6801,0.879839
6802,0.683975
6803,0.810935
6804,0.910359
6805,0.963475
6806,0.897944
6807,0.713451
6808,0.59034
6809,0.503104
6810,0.326579
6811,0.856501
6812,0.609692
6813,0.956279
6814,0.626157
6815,0.577966
6816,0.55442
6817,0.887286
6818,0.73024
6819,0.587534
6820,0.730603
6821,0.542852
6822,0.800231
6823,0.953165
6824,0.566196
6825,0.857458
6826,0.691931
6827,0.659506
6828,0.444827
6829,0.774818
6830,0.73295
6831,0.704248
6832,0.83577
6833,0.599264
6834,0.821985
6835,0.697784
6836,0.853355
6837,0.828447
6838,0.891191
6839,0.700126
6840,0.811426
6841,0.94902
6842,0.741984
6843,0.775275
6844,0.810588
6845,0.937377
6846,0.872031
6847,0.61482
6848,0.505466
6849,0.950579
6850,0.905898
6851,0.73314
6852,0.845103
6853,0.794275
6854,0.698033
6855,0.558601
6856,0.928824
6857,0.630458
6858,0.894826
6859,0.903523
6860,0.647625
6861,0.835115
6862,0.387963
6863,0.876153
6864,0.800705
6865,0.86496
6866,0.450267
6867,0.838114
6868,0.921661
6869,0.889569
6870,0.76198
6871,0.712055
6872,0.53798
6873,0.828579
6874,0.810545
6875,0.516812
6876,0.713558
6877,0.893208
6878,0.111358
6879,0.725773
6880,0.892603
6881,0.776762
6882,0.442867
6883,0.503409
6884,0.961297
6885,0.806727
6886,0.656819
6887,0.806486
6888,0.608165
6889,0.874916
6890,0.752957
6891,0.894996
6892,0.886537
6893,0.734568
6894,0.803857
6895,0.663526
6896,0.532058
6897,0.659159
6898,0.897559
6899,0.963913
6900,0.848601
6901,0.926573
6902,0.919982
6903,0.762685
6904,0.072067
6905,0.945514
6906,0.737906
6907,0.78284
6908,0.907203
6909,0.449228
6910,0.789199
6911,0.950455
6912,0.890796
6913,0.434403
6914,0.567894
6915,0.764257
6916,0.888659
6917,0.505793
6918,0.908406
6919,0.727257
6920,0.769674
6921,0.664082
6922,0.800596
6923,0.588869
6924,0.920382
6925,0.817646
6926,0.698967
6927,0.737431
6928,0.569933
6929,0.953956
6930,0.927329
6931,0.894728
6932,0.21623
6933,0.829787
6934,0.720222
6935,0.861213
6936,0.957799
6937,0.68203
6938,0.911992
6939,0.812589
6940,0.62278
6941,0.68222
6942,0.7241
6943,0.784144
6944,0.434974
6945,0.694219
6946,0.91469
6947,0.687186
6948,0.693821
6949,0.952582
6950,0.959266
6951,0.769195
6952,0.866569
6953,0.159949
6954,0.856563
6955,0.845222
6956,0.641215
6957,0.667928
6958,0.582678
6959,0.904731
6960,0.775363
6961,0.830097
6962,0.732684
6963,0.783434
6964,0.895533
6965,0.879252
6966,0.847666
6967,0.575909
6968,0.672766
6969,0.712808
6970,0.932751
6971,0.942976
6972,0.816731
6973,0.924669
6974,0.935136
6975,0.633996
6976,0.809804
6977,0.548288
6978,0.67145
6979,0.784854
6980,0.881662
6981,0.925987
6982,0.65954
6983,0.682836
6984,0.87762
6985,0.448034
6986,0.641454
6987,0.876736
6988,0.610057
6989,0.511373
6990,0.959294
6991,0.837066
6992,0.654441
6993,0.478262
6994,0.897447
6995,0.17174
6996,0.763683
6997,0.724276
6998,0.787515
6999,0.451527
7000,0.494691
7001,0.918914
7002,0.868257
7003,0.483399
7004,0.667647
7005,0.837384
7006,0.726679
7007,0.641134
7008,0.681686
7009,0.735201
7010,0.88429
7011,0.79071
7012,0.900971
7013,0.685126
7014,0.900463
7015,0.86686
7016,0.528115
7017,0.046436
7018,0.572796
7019,0.68949
7020,0.899467
7021,0.830378
7022,0.624401
7023,0.921301
7024,0.92703
7025,0.656367
7026,0.737431
7027,0.845874
7028,0.60371
7029,0.791272
7030,0.74865
7031,0.662643
7032,0.137957
7033,0.711288
7034,0.564429
7035,0.818694
7036,0.552524
7037,0.712964
7038,0.714954
7039,0.508428
7040,0.663163
7041,0.853992
7042,0.919165
7043,0.682818
7044,0.91888
7045,0.721423
7046,0.745388
7047,0.514268
7048,0.77437
7049,0.907653
7050,0.644769
7051,0.953513
7052,0.830639
7053,0.655031
7054,0.734596
7055,0.887159
7056,0.908233
7057,0.612196
7058,0.910036
7059,0.531201
7060,0.73323
7061,0.912018
7062,0.912248
7063,0.938668
7064,0.632649
7065,0.338551
7066,0.67619
7067,0.570655
7068,0.863208
7069,0.59188
7070,0.897687
7071,0.855394
7072,0.757225
7073,0.291476
7074,0.869393
7075,0.958488
7076,0.552184
7077,0.504354
7078,0.920953
7079,0.714709
7080,0.776958
7081,0.769979
7082,0.943924
7083,0.916036
7084,0.74124
7085,0.778704
7086,0.551427
7087,0.948722
7088,0.797532
7089,0.913409
7090,0.397169
7091,0.777426
7092,0.925925
7093,0.91256
7094,0.712226
7095,0.815637
7096,0.854911
7097,0.578002
7098,0.642865
7099,0.895949
7100,0.939033
7101,0.70154
7102,0.571318
7103,0.901038
7104,0.740497
7105,0.700001
7106,0.719783
7107,0.711708
7108,0.950788
7109,0.716612
7110,0.573014
7111,0.852897
7112,0.833322
7113,0.7551
7114,0.676394
7115,0.880203
7116,0.945759
7117,0.749286
7118,0.849403
7119,0.789911
7120,0.73703
7121,0.794922
7122,0.141884
7123,0.602061
7124,0.907299
7125,0.698324
7126,0.70221
7127,0.668144
7128,0.795268
7129,0.076061
7130,0.925025
7131,0.859258
7132,0.712406
7133,0.493393
7134,0.557679
7135,0.499838
7136,0.69648
7137,0.750572
7138,0.772653
7139,0.885364
7140,0.924976
7141,0.57399
7142,0.286515
7143,0.926917
7144,0.840859
7145,0.720053
7146,0.810389
7147,0.669164
7148,0.931792
7149,0.616454
7150,0.899804
7151,0.725818
7152,0.698733
7153,0.894284
7154,0.759179
7155,0.339932
7156,0.501937
7157,0.891095
7158,0.840072
7159,0.88859
7160,0.355346
7161,0.880522
7162,0.516322
7163,0.791585
7164,0.462072
7165,0.878873
7166,0.881389
7167,0.800957
7168,0.708879
7169,0.822214
7170,0.525712
7171,0.547077
7172,0.599971
7173,0.834833
7174,0.794929
7175,0.515057
7176,0.596361
7177,0.661451
7178,0.858572
7179,0.59944
7180,0.42698
7181,0.895465
7182,0.200567
7183,0.697578
7184,0.824571
7185,0.866066
7186,0.691355
7187,0.786342
7188,0.58298
7189,0.612503
7190,0.571275
7191,0.906786
7192,0.646116
7193,0.61331
7194,0.956032
7195,0.865257
7196,0.950379
7197,0.923506
7198,0.916033
7199,0.944624
7200,0.806408
7201,0.714878
7202,0.734329
7203,0.887465
7204,0.681789
7205,0.706503
7206,0.947376
7207,0.760045
7208,0.74801
7209,0.556896
7210,0.925853
7211,0.765106
7212,0.650385
7213,0.620699
7214,0.563117
7215,0.595597
7216,0.851839
7217,0.602293
7218,0.583209
7219,0.520664
7220,0.919711
7221,0.773562
7222,0.636178
7223,0.795303
7224,0.86537
7225,0.566941
7226,0.605513
7227,0.480752
7228,0.652735
7229,0.756176
7230,0.527272
7231,0.600543
7232,0.901575
7233,0.840363
7234,0.951617
7235,0.761622
7236,0.875806
7237,0.779266
7238,0.582207
7239,0.664442
7240,0.646935
7241,0.661684
7242,0.19768
7243,0.954424
7244,0.731173
7245,0.617382
7246,0.549198
7247,0.940094
7248,0.940684
7249,0.892392
7250,0.529618
7251,0.868248
7252,0.746615
7253,0.281596
7254,0.927369
7255,0.718721
7256,0.942892
7257,0.853976
7258,0.705457
7259,0.773031
7260,0.865649
7261,0.921853
7262,0.647232
7263,0.711001
7264,0.784772
7265,0.838154
7266,0.512949
7267,0.728143
7268,0.828891
7269,0.563799
7270,0.882244
7271,0.646887
7272,0.919396
7273,0.697412
7274,0.67068
7275,0.783606
7276,0.776126
7277,0.868958
7278,0.61268
7279,0.367735
7280,0.766587
7281,0.770275
7282,0.927654
7283,0.810429
7284,0.826748
7285,0.600632
7286,0.629854
7287,0.943974
7288,0.961887
7289,0.745904
7290,0.96178
7291,0.918968
7292,0.747071
7293,0.672807
7294,0.823535
7295,0.530511
7296,0.721399
7297,0.67375
7298,0.80115
7299,0.608755
7300,0.629111
7301,0.689686
7302,0.888224
7303,0.822046
7304,0.785723
7305,0.538424
7306,0.910013
7307,0.876267
7308,0.89963
7309,0.878297
7310,0.953026
7311,0.952542
7312,0.62663
7313,0.829936
7314,0.910947
7315,0.877434
7316,0.425233
7317,0.673302
7318,0.920992
7319,0.593354
7320,0.877549
7321,0.787014
7322,0.961481
7323,0.858548
7324,0.758359
7325,0.647918
7326,0.678253
7327,0.521364
7328,0.938344
7329,0.555221
7330,0.952213
7331,0.57731
7332,0.606292
7333,0.897088
7334,0.071305
7335,0.5862
7336,0.563148
7337,0.785726
7338,0.693014
7339,0.649784
7340,0.706899
7341,0.712267
7342,0.604974
7343,0.718797
7344,0.908848
7345,0.69413
7346,0.431772
7347,0.789724
7348,0.834322
7349,0.427091
7350,0.8558
7351,0.941202
7352,0.72043
7353,0.780547
7354,0.715601
7355,0.88239
7356,0.662125
7357,0.619445
7358,0.533856
7359,0.644687
7360,0.601539
7361,0.704955
7362,0.529627
7363,0.125414
7364,0.948488
7365,0.870963
7366,0.666202
7367,0.78798
7368,0.851331
7369,0.899558
7370,0.486176
7371,0.644717
7372,0.875192
7373,0.928794
7374,0.89446
7375,0.596931
7376,0.2
7377,0.640125
7378,0.810187
7379,0.860126
7380,0.873022
7381,0.834203
7382,0.624205
7383,0.192521
7384,0.891702
7385,0.711419
7386,0.648322
7387,0.914132
7388,0.20816
7389,0.648589
7390,0.84006
7391,0.804691
7392,0.754274
7393,0.578048
7394,0.895797
7395,0.948606
7396,0.092109
7397,0.654255
7398,0.933855
7399,0.946086
7400,0.959694
7401,0.905426
7402,0.752157
7403,0.189586
7404,0.517038
7405,0.690435
7406,0.513484
7407,0.106652
7408,0.807669
7409,0.900415
7410,0.63435
7411,0.772919
7412,0.955542
7413,0.636902
7414,0.799063
7415,0.74828
7416,0.413873
7417,0.95056
7418,0.739054
7419,0.786984
7420,0.876921
7421,0.634117
7422,0.553466
7423,0.942472
7424,0.896316
7425,0.837971
7426,0.326325
7427,0.9232
7428,0.691966
7429,0.706623
7430,0.690624
7431,0.939376
7432,0.833857
7433,0.902982
7434,0.852433
7435,0.883518
7436,0.954675
7437,0.668962
7438,0.846431
7439,0.899424
7440,0.639518
7441,0.730974
7442,0.964291
7443,0.309659
7444,0.867028
7445,0.281394
7446,0.566857
7447,0.81085
7448,0.637915
7449,0.953635
7450,0.942314
7451,0.720503
7452,0.289722
7453,0.945117
7454,0.683606
7455,0.828417
7456,0.164682
7457,0.79143
7458,0.70683
7459,0.816019
7460,0.905656
7461,0.896391
7462,0.488996
7463,0.903001
7464,0.955562
7465,0.879038
7466,0.541438
7467,0.750767
7468,0.213416
7469,0.869562
7470,0.924358
7471,0.600972
7472,0.555145
7473,0.781851
7474,0.766515
7475,0.955838
7476,0.736119
7477,0.666888
7478,0.458494
7479,0.950651
7480,0.877036
7481,0.778173
7482,0.816249
7483,0.953872
7484,0.42944
7485,0.452721
7486,0.853755
7487,0.586095
7488,0.905322
7489,0.909284
7490,0.458297
7491,0.916086
7492,0.670911
7493,0.707977
7494,0.926082
7495,0.526932
7496,0.857796
7497,0.677239
7498,0.694484
7499,0.530521
7500,0.810271
7501,0.591254
7502,0.865111
7503,0.759892
7504,0.912368
7505,0.859549
7506,0.92509
7507,0.846475
7508,0.538757
7509,0.108895
7510,0.493144
7511,0.521655
7512,0.731181
7513,0.844256
7514,0.64931
7515,0.580047
7516,0.893361
7517,0.76665
7518,0.606772
7519,0.956092
7520,0.900215
7521,0.692143
7522,0.836705
7523,0.716153
7524,0.718137
7525,0.771113
7526,0.861683
7527,0.859184
7528,0.688656
7529,0.826148
7530,0.714337
7531,0.709623
7532,0.057736
7533,0.947895
7534,0.757903
7535,0.866976
7536,0.677848
7537,0.938961
7538,0.933477
7539,0.545247
7540,0.434348
7541,0.72425
7542,0.606976
7543,0.844981
7544,0.945501
7545,0.375694
7546,0.606323
7547,0.893988
7548,0.808961
7549,0.880772
7550,0.718037
7551,0.581409
7552,0.755697
7553,0.83525
7554,0.706748
7555,0.737576
7556,0.569801
7557,0.764496
7558,0.920218
7559,0.731088
7560,0.206466
7561,0.941566
7562,0.744909
7563,0.961713
7564,0.474493
7565,0.935689
7566,0.593058
7567,0.683136
7568,0.917124
7569,0.843948
7570,0.772182
7571,0.520862
7572,0.503904
7573,0.82674
7574,0.510074
7575,0.612139
7576,0.091335
7577,0.638249
7578,0.935807
7579,0.839576
7580,0.721133
7581,0.907571
7582,0.505687
7583,0.715705
7584,0.756445
7585,0.709078
7586,0.65058
7587,0.921267
7588,0.892408
7589,0.667746
7590,0.96205
7591,0.691441
7592,0.800914
7593,0.879006
7594,0.344794
7595,0.443729
7596,0.539887
7597,0.617719
7598,0.56645
7599,0.746013
7600,0.64028
7601,0.679491
7602,0.90081
7603,0.859853
7604,0.883922
7605,0.729156
7606,0.6529
7607,0.92503
7608,0.832236
7609,0.922864
7610,0.729328
7611,0.878445
7612,0.686381
7613,0.737339
7614,0.694473
7615,0.613066
7616,0.656766
7617,0.724856
7618,0.806629
7619,0.900013
7620,0.652163
7621,0.862252
7622,0.602753
7623,0.843844
7624,0.719479
7625,0.107258
7626,0.714017
7627,0.87239
7628,0.527978
7629,0.712186
7630,0.933397
7631,0.958579
7632,0.632603
7633,0.837703
7634,0.879117
7635,0.709439
7636,0.576596
7637,0.71646
7638,0.909484
7639,0.07768
7640,0.773433
7641,0.752098
7642,0.213575
7643,0.068916
7644,0.929858
7645,0.700487
7646,0.779297
7647,0.505649
7648,0.682409
7649,0.46102
7650,0.888957
7651,0.873643
7652,0.773536
7653,0.615139
7654,0.814741
7655,0.949252
7656,0.531752
7657,0.807485
7658,0.750184
7659,0.711173
7660,0.733824
7661,0.953325
7662,0.719886
7663,0.61059
7664,0.63333
7665,0.748598
7666,0.679626
7667,0.322286
7668,0.90923
7669,0.741792
7670,0.901591
7671,0.719119
7672,0.351174
7673,0.847927
7674,0.942291
7675,0.651401
7676,0.648905
7677,0.905223
7678,0.527119
7679,0.391837
7680,0.732646
7681,0.75344
7682,0.655121
7683,0.774959
7684,0.496438
7685,0.667846
7686,0.885549
7687,0.39307
7688,0.861156
7689,0.708586
7690,0.831507
7691,0.724852
7692,0.908269
7693,0.945356
7694,0.92004
7695,0.903747
7696,0.901997
7697,0.955938
7698,0.923385
7699,0.558289
7700,0.785262
7701,0.073389
7702,0.763248
7703,0.662891
7704,0.62656
7705,0.680244
7706,0.624596
7707,0.938135
7708,0.77116
7709,0.696723
7710,0.581879
7711,0.315158
7712,0.701729
7713,0.949671
7714,0.612678
7715,0.496558
7716,0.693119
7717,0.523071
7718,0.483949
7719,0.508524
7720,0.770104
7721,0.540818
7722,0.581331
7723,0.619549
7724,0.877487
7725,0.738696
7726,0.886779
7727,0.924336
7728,0.952088
7729,0.650515
7730,0.851076
7731,0.518015
7732,0.764122
7733,0.52641
7734,0.733716
7735,0.822384
7736,0.639902
7737,0.943058
7738,0.790504
7739,0.676351
7740,0.77265
7741,0.571814
7742,0.815907
7743,0.649681
7744,0.485942
7745,0.809107
7746,0.450735
7747,0.776266
7748,0.960853
7749,0.666694
7750,0.591839
7751,0.842806
7752,0.745987
7753,0.693256
7754,0.503942
7755,0.728379
7756,0.730038
7757,0.697032
7758,0.574256
7759,0.843087
7760,0.666615
7761,0.839306
7762,0.893149
7763,0.891766
7764,0.718551
7765,0.084178
7766,0.651855
7767,0.55515
7768,0.71874
7769,0.795351
7770,0.750404
7771,0.784854
7772,0.568793
7773,0.808585
7774,0.934813
7775,0.894393
7776,0.891959
7777,0.919829
7778,0.844672
7779,0.944496
7780,0.752284
7781,0.835374
7782,0.577922
7783,0.947479
7784,0.640353
7785,0.668663
7786,0.836579
7787,0.723506
7788,0.805277
7789,0.933081
7790,0.75972
7791,0.750997
7792,0.910935
7793,0.846435
7794,0.716657
7795,0.43165
7796,0.881953
7797,0.376803
7798,0.892925
7799,0.813887
7800,0.545771
7801,0.606916
7802,0.702243
7803,0.735889
7804,0.838212
7805,0.636772
7806,0.616525
7807,0.640365
7808,0.056807
7809,0.521105
7810,0.710625
7811,0.846286
7812,0.575868
7813,0.75643
7814,0.697796
7815,0.941124
7816,0.684819
7817,0.902417
7818,0.901818
7819,0.693943
7820,0.837219
7821,0.625527
7822,0.645049
7823,0.593973
7824,0.659848
7825,0.600093
7826,0.797203
7827,0.516375
7828,0.84588
7829,0.715344
7830,0.648274
7831,0.896267
7832,0.951055
7833,0.745958
7834,0.583464
7835,0.525052
7836,0.872032
7837,0.577156
7838,0.574298
7839,0.736567
7840,0.656998
7841,0.560322
7842,0.739238
7843,0.71752
7844,0.898947
7845,0.848358
7846,0.871542
7847,0.918713
7848,0.705887
7849,0.222113
7850,0.727092
7851,0.873216
7852,0.69785
7853,0.715013
7854,0.649065
7855,0.90693
7856,0.812424
7857,0.710955
7858,0.779018
7859,0.687741
7860,0.571622
7861,0.716046
7862,0.853507
7863,0.108088
7864,0.181905
7865,0.561588
7866,0.595834
7867,0.875784
7868,0.9001
7869,0.805932
7870,0.788555
7871,0.923497
7872,0.590186
7873,0.046894
7874,0.956836
7875,0.252549
7876,0.92241
7877,0.694298
7878,0.560158
7879,0.526177
7880,0.942397
7881,0.806302
7882,0.679821
7883,0.556816
7884,0.824024
7885,0.792862
7886,0.907957
7887,0.446296
7888,0.725376
7889,0.723348
7890,0.722333
7891,0.530527
7892,0.964479
7893,0.837138
7894,0.776914
7895,0.518744
7896,0.645039
7897,0.536861
7898,0.079217
7899,0.862454
7900,0.806891
7901,0.940513
7902,0.924161
7903,0.843626
7904,0.609386
7905,0.767873
7906,0.699828
7907,0.275519
7908,0.687021
7909,0.769963
7910,0.811036
7911,0.948247
7912,0.770775
7913,0.593596
7914,0.765695
7915,0.675067
7916,0.788959
7917,0.624793
7918,0.61869
7919,0.686967
7920,0.903279
7921,0.634713
7922,0.697268
7923,0.878409
7924,0.484108
7925,0.569243
7926,0.839168
7927,0.833871
7928,0.710609
7929,0.723094
7930,0.122573
7931,0.312746
7932,0.621764
7933,0.92542
7934,0.94421
7935,0.555863
7936,0.616698
7937,0.477975
7938,0.666042
7939,0.523912
7940,0.74786
7941,0.691231
7942,0.417071
7943,0.860457
7944,0.672514
7945,0.651655
7946,0.857793
7947,0.727422
7948,0.385727
7949,0.936939
7950,0.958712
7951,0.894064
7952,0.074273
7953,0.715588
7954,0.273793
7955,0.641474
7956,0.550514
7957,0.937213
7958,0.9354
7959,0.516389
7960,0.856967
7961,0.934084
7962,0.655735
7963,0.945583
7964,0.887212
7965,0.802682
7966,0.899318
7967,0.756859
7968,0.883035
7969,0.822306
7970,0.652187
7971,0.869984
7972,0.831285
7973,0.651543
7974,0.60018
7975,0.859372
7976,0.646343
7977,0.608511
7978,0.853786
7979,0.739924
7980,0.544968
7981,0.959463
7982,0.789165
7983,0.502394
7984,0.955256
7985,0.923463
7986,0.682712
7987,0.818722
7988,0.945555
7989,0.537632
7990,0.800004
7991,0.864998
7992,0.701462
7993,0.785724
7994,0.089601
7995,0.070734
7996,0.922877
7997,0.801882
7998,0.729585
7999,0.634348
8000,0.827239
8001,0.805963
8002,0.760305
8003,0.762698
8004,0.603969
8005,0.698982
8006,0.76011
8007,0.605054
8008,0.714515
8009,0.728208
8010,0.707242
8011,0.820215
8012,0.644661
8013,0.748122
8014,0.433213
8015,0.790494
8016,0.553496
8017,0.809159
8018,0.715503
8019,0.391751
8020,0.819001
8021,0.478835
8022,0.711945
8023,0.809723
8024,0.201413
8025,0.593702
8026,0.803207
8027,0.94131
8028,0.679688
8029,0.888032
8030,0.900445
8031,0.818832
8032,0.39376
8033,0.506442
8034,0.73518
8035,0.663252
8036,0.733754
8037,0.800077
8038,0.866953
8039,0.876891
8040,0.949492
8041,0.850105
8042,0.510971
8043,0.739778
8044,0.911181
8045,0.677315
8046,0.765791
8047,0.86958
8048,0.748732
8049,0.419498
8050,0.614975
8051,0.542318
8052,0.680293
8053,0.655327
8054,0.751683
8055,0.63666
8056,0.55874
8057,0.868384
8058,0.716011
8059,0.607272
8060,0.333973
8061,0.742553
8062,0.611213
8063,0.925546
8064,0.852078
8065,0.369702
8066,0.951681
8067,0.324495
8068,0.112813
8069,0.592791
8070,0.595747
8071,0.941715
8072,0.720746
8073,0.943762
8074,0.763436
8075,0.862844
8076,0.55093
8077,0.926346
8078,0.914397
8079,0.84009
8080,0.799279
8081,0.814638
8082,0.890772
8083,0.929528
8084,0.725381
8085,0.781898
8086,0.751358
8087,0.956842
8088,0.157502
8089,0.817763
8090,0.711976
8091,0.581179
8092,0.708966
8093,0.574917
8094,0.815428
8095,0.951562
8096,0.815295
8097,0.946268
8098,0.94274
8099,0.566797
8100,0.695356
8101,0.636145
8102,0.625156
8103,0.862092
8104,0.632353
8105,0.937726
8106,0.702301
8107,0.611871
8108,0.627253
8109,0.904149
8110,0.930125
8111,0.160345
8112,0.662328
8113,0.438936
8114,0.96368
8115,0.91449
8116,0.862892
8117,0.946079
8118,0.829427
8119,0.718329
8120,0.961412
8121,0.927304
8122,0.836291
8123,0.714459
8124,0.4976
8125,0.79561
8126,0.487204
8127,0.485216
8128,0.133059
8129,0.778013
8130,0.862852
8131,0.874507
8132,0.582395
8133,0.646495
8134,0.798943
8135,0.839856
8136,0.472196
8137,0.669336
8138,0.563036
8139,0.49398
8140,0.835939
8141,0.722839
8142,0.542248
8143,0.745883
8144,0.908622
8145,0.447324
8146,0.801606
8147,0.871263
8148,0.941185
8149,0.888798
8150,0.515964
8151,0.689358
8152,0.931339
8153,0.799934
8154,0.892577
8155,0.859003
8156,0.903179
8157,0.761554
8158,0.920763
8159,0.581337
8160,0.702053
8161,0.858094
8162,0.865605
8163,0.777366
8164,0.526392
8165,0.610773
8166,0.5518
8167,0.827931
8168,0.643576
8169,0.837431
8170,0.868816
8171,0.797314
8172,0.95051
8173,0.641122
8174,0.72554
8175,0.454971
8176,0.57521
8177,0.720378
8178,0.836751
8179,0.553648
8180,0.915654
8181,0.948868
8182,0.943658
8183,0.589429
8184,0.826929
8185,0.73157
8186,0.888962
8187,0.74223
8188,0.660856
8189,0.659573
8190,0.87864
8191,0.771085
8192,0.862344
8193,0.871014
8194,0.518142
8195,0.766171
8196,0.671334
8197,0.769453
8198,0.692451
8199,0.548781
8200,0.604717
8201,0.716555
8202,0.856551
8203,0.559461
8204,0.944501
8205,0.824178
8206,0.06403
8207,0.486876
8208,0.779446
8209,0.95338
8210,0.210557
8211,0.840085
8212,0.85621
8213,0.837633
8214,0.741855
8215,0.916188
8216,0.728738
8217,0.763487
8218,0.549282
8219,0.680114
8220,0.946313
8221,0.951987
8222,0.777024
8223,0.864841
8224,0.632476
8225,0.869088
8226,0.729905
8227,0.921242
8228,0.584988
8229,0.767333
8230,0.731636
8231,0.725159
8232,0.869585
8233,0.839086
8234,0.9376
8235,0.927332
8236,0.898383
8237,0.555374
8238,0.675619
8239,0.887192
8240,0.656038
8241,0.549702
8242,0.463359
8243,0.827645
8244,0.953288
8245,0.807512
8246,0.909444
8247,0.588048
8248,0.962182
8249,0.548161
8250,0.802588
8251,0.957223
8252,0.520135
8253,0.520061
8254,0.596357
8255,0.318017
8256,0.736733
8257,0.816678
8258,0.800691
8259,0.393125
8260,0.896691
8261,0.853865
8262,0.816904
8263,0.749261
8264,0.5975
8265,0.542093
8266,0.89091
8267,0.516857
8268,0.894056
8269,0.821119
8270,0.755842
8271,0.954004
8272,0.727295
8273,0.905929
8274,0.840011
8275,0.846338
8276,0.879969
8277,0.667532
8278,0.706749
8279,0.739947
8280,0.6583
8281,0.608877
8282,0.797293
8283,0.775882
8284,0.666211
8285,0.858147
8286,0.82491
8287,0.757351
8288,0.157197
8289,0.946293
8290,0.772599
8291,0.666318
8292,0.158892
8293,0.781512
8294,0.918364
8295,0.058691
8296,0.93575
8297,0.702812
8298,0.820243
8299,0.730471
8300,0.754503
8301,0.760051
8302,0.591291
8303,0.553767
8304,0.937421
8305,0.680914
8306,0.666147
8307,0.655517
8308,0.576648
8309,0.960207
8310,0.78595
8311,0.649401
8312,0.838677
8313,0.911344
8314,0.832395
8315,0.334195
8316,0.875748
8317,0.938941
8318,0.695817
8319,0.626851
8320,0.509633
8321,0.94585
8322,0.849448
8323,0.80102
8324,0.906097
8325,0.449509
8326,0.717447
8327,0.68217
8328,0.065376
8329,0.636802
8330,0.955526
8331,0.841735
8332,0.759885
8333,0.946454
8334,0.875242
8335,0.64842
8336,0.664864
8337,0.875415
8338,0.694264
8339,0.947108
8340,0.682629
8341,0.919251
8342,0.872855
8343,0.540367
8344,0.786472
8345,0.688821
8346,0.723727
8347,0.825143
8348,0.820001
8349,0.922093
8350,0.428388
8351,0.763365
8352,0.523129
8353,0.701974
8354,0.837808
8355,0.587901
8356,0.595809
8357,0.318563
8358,0.767882
8359,0.837354
8360,0.824496
8361,0.962244
8362,0.657989
8363,0.575589
8364,0.40278
8365,0.827659
8366,0.817772
8367,0.685568
8368,0.573931
8369,0.739814
8370,0.845309
8371,0.379962
8372,0.810594
8373,0.723061
8374,0.678903
8375,0.652049
8376,0.935908
8377,0.917763
8378,0.888168
8379,0.70374
8380,0.724226
8381,0.70863
8382,0.629621
8383,0.86732
8384,0.825636
8385,0.815717
8386,0.886472
8387,0.460458
8388,0.622951
8389,0.600599
8390,0.942614
8391,0.834043
8392,0.884901
8393,0.703973
8394,0.691749
8395,0.609589
8396,0.954627
8397,0.756487
8398,0.87944
8399,0.910236
8400,0.63189
8401,0.804074
8402,0.681629
8403,0.579674
8404,0.957489
8405,0.53531
8406,0.863065
8407,0.681411
8408,0.950891
8409,0.72125
8410,0.727532
8411,0.861817
8412,0.842439
8413,0.533763
8414,0.867939
8415,0.767018
8416,0.775071
8417,0.294782
8418,0.786448
8419,0.755322
8420,0.862722
8421,0.7965
8422,0.703531
8423,0.910895
8424,0.546357
8425,0.932475
8426,0.586974
8427,0.829248
8428,0.508524
8429,0.695714
8430,0.648832
8431,0.785187
8432,0.884115
8433,0.849561
8434,0.793333
8435,0.679391
8436,0.701948
8437,0.668622
8438,0.747213
8439,0.374135
8440,0.684515
8441,0.771501
8442,0.770224
8443,0.911191
8444,0.929203
8445,0.640508
8446,0.811166
8447,0.732479
8448,0.738068
8449,0.467587
8450,0.262972
8451,0.640634
8452,0.454112
8453,0.689286
8454,0.766846
8455,0.75309
8456,0.720127
8457,0.651509
8458,0.840738
8459,0.860819
8460,0.722642
8461,0.873274
8462,0.72216
8463,0.779472
8464,0.928021
8465,0.82542
8466,0.496
8467,0.909276
8468,0.930771
8469,0.65443
8470,0.603507
8471,0.956264
8472,0.486852
8473,0.877787
8474,0.908973
8475,0.659524
8476,0.693241
8477,0.825968
8478,0.86755
8479,0.521315
8480,0.818016
8481,0.591541
8482,0.661004
8483,0.712914
8484,0.71365
8485,0.608835
8486,0.936599
8487,0.858967
8488,0.677679
8489,0.863005
8490,0.859194
8491,0.897971
8492,0.518032
8493,0.591547
8494,0.591897
8495,0.918164
8496,0.487262
8497,0.772679
8498,0.514098
8499,0.539813
8500,0.559044
8501,0.673886
8502,0.707018
8503,0.609955
8504,0.592491
8505,0.920563
8506,0.314077
8507,0.921638
8508,0.721871
8509,0.962622
8510,0.751371
8511,0.060973
8512,0.8487
8513,0.842125
8514,0.723156
8515,0.885008
8516,0.722654
8517,0.422467
8518,0.768591
8519,0.82991
8520,0.84669
8521,0.803985
8522,0.780533
8523,0.188872
8524,0.676617
8525,0.962758
8526,0.091207
8527,0.672948
8528,0.532411
8529,0.785919
8530,0.476525
8531,0.470097
8532,0.691626
8533,0.714097
8534,0.905971
8535,0.838381
8536,0.690713
8537,0.463813
8538,0.694894
8539,0.613178
8540,0.713408
8541,0.081139
8542,0.956473
8543,0.846217
8544,0.74151
8545,0.937047
8546,0.840335
8547,0.679023
8548,0.690235
8549,0.763142
8550,0.670876
8551,0.718859
8552,0.577453
8553,0.19851
8554,0.906703
8555,0.740352
8556,0.588792
8557,0.674268
8558,0.841885
8559,0.344971
8560,0.914234
8561,0.663634
8562,0.882274
8563,0.922314
8564,0.823066
8565,0.097824
8566,0.960032
8567,0.665071
8568,0.917349
8569,0.846985
8570,0.784047
8571,0.691844
8572,0.921024
8573,0.790589
8574,0.695701
8575,0.81601
8576,0.635136
8577,0.715532
8578,0.848017
8579,0.763453
8580,0.803661
8581,0.88198
8582,0.731845
8583,0.869954
8584,0.699936
8585,0.803045
8586,0.74277
8587,0.624459
8588,0.572816
8589,0.870793
8590,0.902864
8591,0.844489
8592,0.956755
8593,0.91889
8594,0.747985
8595,0.846532
8596,0.66918
8597,0.957344
8598,0.572818
8599,0.883379
8600,0.790689
8601,0.571271
8602,0.057392
8603,0.70921
8604,0.90375
8605,0.832604
8606,0.598823
8607,0.556051
8608,0.53183
8609,0.902598
8610,0.847382
8611,0.503522
8612,0.644206
8613,0.600849
8614,0.760651
8615,0.840672
8616,0.723432
8617,0.734489
8618,0.802391
8619,0.663935
8620,0.627756
8621,0.757074
8622,0.552142
8623,0.746897
8624,0.714138
8625,0.60849
8626,0.726754
8627,0.831228
8628,0.417163
8629,0.841669
8630,0.771096
8631,0.846697
8632,0.891001
8633,0.623022
8634,0.625267
8635,0.671602
8636,0.779128
8637,0.677149
8638,0.949822
8639,0.652563
8640,0.547346
8641,0.814601
8642,0.723494
8643,0.946235
8644,0.699931
8645,0.869843
8646,0.619287
8647,0.77618
8648,0.808558
8649,0.767295
8650,0.948552
8651,0.817408
8652,0.537956
8653,0.833022
8654,0.899185
8655,0.951059
8656,0.729984
8657,0.601993
8658,0.573762
8659,0.878143
8660,0.949572
8661,0.738284
8662,0.73929
8663,0.814191
8664,0.512955
8665,0.820754
8666,0.620452
8667,0.67996
8668,0.354111
8669,0.898544
8670,0.744922
8671,0.946635
8672,0.750787
8673,0.835395
8674,0.637911
8675,0.700162
8676,0.072205
8677,0.621747
8678,0.070905
8679,0.839103
8680,0.884212
8681,0.640233
8682,0.913331
8683,0.818311
8684,0.56406
8685,0.690855
8686,0.697525
8687,0.880447
8688,0.768492
8689,0.622258
8690,0.804095
8691,0.955159
8692,0.719006
8693,0.894206
8694,0.683294
8695,0.517037
8696,0.918783
8697,0.873941
8698,0.947102
8699,0.73177
8700,0.872005
8701,0.782833
8702,0.89078
8703,0.591357
8704,0.604446
8705,0.884301
8706,0.666814
8707,0.859308
8708,0.549473
8709,0.100819
8710,0.855236
8711,0.875285
8712,0.747488
8713,0.930969
8714,0.951784
8715,0.739435
8716,0.58844
8717,0.721014
8718,0.25534
8719,0.952076
8720,0.894603
8721,0.774213
8722,0.879959
8723,0.834754
8724,0.962111
8725,0.901264
8726,0.755918
8727,0.713042
8728,0.584901
8729,0.939173
8730,0.881768
8731,0.922491
8732,0.753106
8733,0.855071
8734,0.585996
8735,0.947633
8736,0.591502
8737,0.901017
8738,0.783796
8739,0.687783
8740,0.874314
8741,0.622794
8742,0.878496
8743,0.949705
8744,0.668031
8745,0.958267
8746,0.816228
8747,0.911189
8748,0.675033
8749,0.066063
8750,0.961087
8751,0.851057
8752,0.925105
8753,0.695277
8754,0.884187
8755,0.191047
8756,0.888743
8757,0.596858
8758,0.712779
8759,0.910468
8760,0.894039
8761,0.645412
8762,0.590909
8763,0.745235
8764,0.745463
8765,0.488126
8766,0.539088
8767,0.481533
8768,0.628122
8769,0.602729
8770,0.653128
8771,0.65204
8772,0.950347
8773,0.909174
8774,0.572365
8775,0.603552
8776,0.858795
8777,0.72639
8778,0.714511
8779,0.483495
8780,0.4604
8781,0.542063
8782,0.533371
8783,0.786679
8784,0.82216
8785,0.485238
8786,0.787467
8787,0.931871
8788,0.740035
8789,0.756791
8790,0.673092
8791,0.772376
8792,0.686046
8793,0.85312
8794,0.822431
8795,0.583415
8796,0.855082
8797,0.709948
8798,0.859859
8799,0.488416
8800,0.651922
8801,0.746029
8802,0.917892
8803,0.880155
8804,0.9436
8805,0.960613
8806,0.646409
8807,0.445235
8808,0.700217
8809,0.681515
8810,0.37066
8811,0.713892
8812,0.899735
8813,0.912987
8814,0.804319
8815,0.924542
8816,0.956035
8817,0.935014
8818,0.649796
8819,0.742261
8820,0.829643
8821,0.76887
8822,0.946097
8823,0.613596
8824,0.924907
8825,0.764071
8826,0.643938
8827,0.901026
8828,0.596684
8829,0.946744
8830,0.935407
8831,0.773064
8832,0.523267
8833,0.446413
8834,0.943419
8835,0.689773
8836,0.878701
8837,0.504001
8838,0.733069
8839,0.915346
8840,0.512967
8841,0.760423
8842,0.920132
8843,0.525316
8844,0.689139
8845,0.751588
8846,0.946593
8847,0.639134
8848,0.589243
8849,0.769169
8850,0.956181
8851,0.583788
8852,0.837137
8853,0.789732
8854,0.656679
8855,0.082996
8856,0.599477
8857,0.817502
8858,0.702716
8859,0.304173
8860,0.390399
8861,0.594502
8862,0.852679
8863,0.942437
8864,0.950427
8865,0.886172
8866,0.434868
8867,0.482904
8868,0.640192
8869,0.718536
8870,0.592988
8871,0.899816
8872,0.519403
8873,0.692731
8874,0.792661
8875,0.667398
8876,0.092077
8877,0.76384
8878,0.656081
8879,0.932044
8880,0.583334
8881,0.956213
8882,0.909686
8883,0.63819
8884,0.768802
8885,0.553903
8886,0.651738
8887,0.920917
8888,0.656304
8889,0.611032
8890,0.735442
8891,0.468923
8892,0.64068
8893,0.66237
8894,0.537939
8895,0.922835
8896,0.668587
8897,0.916092
8898,0.755124
8899,0.555146
8900,0.887002
8901,0.209404
8902,0.090469
8903,0.608068
8904,0.843231
8905,0.453377
8906,0.87891
8907,0.792924
8908,0.660088
8909,0.801559
8910,0.924265
8911,0.619408
8912,0.894915
8913,0.665356
8914,0.466277
8915,0.715024
8916,0.88445
8917,0.667637
8918,0.582832
8919,0.689139
8920,0.6475
8921,0.556613
8922,0.301721
8923,0.690999
8924,0.673382
8925,0.571719
8926,0.907832
8927,0.557358
8928,0.892971
8929,0.6434
8930,0.54643
8931,0.121292
8932,0.901424
8933,0.666888
8934,0.682263
8935,0.945698
8936,0.91171
8937,0.584179
8938,0.860128
8939,0.678617
8940,0.948034
8941,0.953232
8942,0.599875
8943,0.732363
8944,0.916642
8945,0.733163
8946,0.750801
8947,0.8779
8948,0.632066
8949,0.774808
8950,0.959759
8951,0.933126
8952,0.726683
8953,0.710096
8954,0.951772
8955,0.59195
8956,0.51785
8957,0.616776
8958,0.671138
8959,0.58865
8960,0.747747
8961,0.913222
8962,0.779021
8963,0.955739
8964,0.553907
8965,0.739644
8966,0.908105
8967,0.762891
8968,0.790637
8969,0.780101
8970,0.789269
8971,0.542928
8972,0.896406
8973,0.874307
8974,0.541376
8975,0.932515
8976,0.676578
8977,0.272837
8978,0.704439
8979,0.712318
8980,0.642113
8981,0.697943
8982,0.867547
8983,0.753215
8984,0.671621
8985,0.694106
8986,0.814846
8987,0.683158
8988,0.585523
8989,0.701779
8990,0.729693
8991,0.883836
8992,0.823271
8993,0.61038
8994,0.622623
8995,0.628459
8996,0.860029
8997,0.751687
8998,0.956737
8999,0.622957
9000,0.874549
9001,0.836152
9002,0.788195
9003,0.78262
9004,0.931325
9005,0.454877
9006,0.932022
9007,0.918019
9008,0.741995
9009,0.603988
9010,0.793895
9011,0.812147
9012,0.518654
9013,0.598216
9014,0.589557
9015,0.637088
9016,0.955106
9017,0.841143
9018,0.687934
9019,0.226489
9020,0.595967
9021,0.789376
9022,0.727593
9023,0.765501
9024,0.948761
9025,0.735842
9026,0.910544
9027,0.079949
9028,0.872503
9029,0.069913
9030,0.936296
9031,0.792447
9032,0.607597
9033,0.869698
9034,0.916961
9035,0.812735
9036,0.183734
9037,0.65635
9038,0.783452
9039,0.94205
9040,0.762457
9041,0.907749
9042,0.948825
9043,0.785693
9044,0.739273
9045,0.789812
9046,0.71037
9047,0.721797
9048,0.781804
9049,0.88735
9050,0.893802
9051,0.827251
9052,0.635052
9053,0.798782
9054,0.696327
9055,0.497461
9056,0.943173
9057,0.784965
9058,0.770917
9059,0.682177
9060,0.816628
9061,0.69028
9062,0.955034
9063,0.769647
9064,0.774975
9065,0.781121
9066,0.78652
9067,0.052012
9068,0.77655
9069,0.722951
9070,0.961932
9071,0.61738
9072,0.640717
9073,0.779111
9074,0.485291
9075,0.92699
9076,0.51832
9077,0.556157
9078,0.774997
9079,0.491233
9080,0.582085
9081,0.86644
9082,0.683511
9083,0.793592
9084,0.746908
9085,0.766634
9086,0.709495
9087,0.899885
9088,0.81502
9089,0.842769
9090,0.960362
9091,0.084935
9092,0.09075
9093,0.694632
9094,0.815757
9095,0.958919
9096,0.650466
9097,0.412203
9098,0.714388
9099,0.863022
9100,0.698453
9101,0.917964
9102,0.718945
9103,0.472631
9104,0.818112
9105,0.078594
9106,0.839059
9107,0.907593
9108,0.823983
9109,0.776701
9110,0.672217
9111,0.674877
9112,0.485433
9113,0.84519
9114,0.708234
9115,0.231403
9116,0.632176
9117,0.786971
9118,0.933879
9119,0.493326
9120,0.592021
9121,0.889588
9122,0.530936
9123,0.95571
9124,0.937215
9125,0.965235
9126,0.954114
9127,0.545706
9128,0.768283
9129,0.90827
9130,0.757594
9131,0.477737
9132,0.486262
9133,0.732826
9134,0.921234
9135,0.835432
9136,0.881832
9137,0.902799
9138,0.928732
9139,0.718671
9140,0.84749
9141,0.739523
9142,0.63757
9143,0.798273
9144,0.934857
9145,0.883225
9146,0.748086
9147,0.848417
9148,0.139747
9149,0.922496
9150,0.962223
9151,0.605501
9152,0.921412
9153,0.932043
9154,0.933122
9155,0.661601
9156,0.714497
9157,0.861188
9158,0.946361
9159,0.904706
9160,0.94739
9161,0.638906
9162,0.553507
9163,0.68872
9164,0.952783
9165,0.459925
9166,0.612876
9167,0.395136
9168,0.864478
9169,0.878968
9170,0.623906
9171,0.826776
9172,0.675615
9173,0.85419
9174,0.887212
9175,0.864051
9176,0.865744
9177,0.683622
9178,0.761328
9179,0.658661
9180,0.788345
9181,0.80773
9182,0.799976
9183,0.954577
9184,0.941842
9185,0.502758
9186,0.70617
9187,0.805718
9188,0.853978
9189,0.859759
9190,0.618848
9191,0.207214
9192,0.759033
9193,0.610636
9194,0.908753
9195,0.759275
9196,0.870009
9197,0.383687
9198,0.528302
9199,0.77622
9200,0.819167
9201,0.659581
9202,0.884947
9203,0.820209
9204,0.826418
9205,0.464936
9206,0.418648
9207,0.883765
9208,0.615073
9209,0.890867
9210,0.590854
9211,0.785435
9212,0.925912
9213,0.21554
9214,0.667359
9215,0.855599
9216,0.689006
9217,0.750857
9218,0.74657
9219,0.591771
9220,0.691899
9221,0.566638
9222,0.795749
9223,0.914843
9224,0.387277
9225,0.830323
9226,0.892944
9227,0.834131
9228,0.732427
9229,0.941378
9230,0.850962
9231,0.748296
9232,0.950788
9233,0.129586
9234,0.747364
9235,0.753458
9236,0.677287
9237,0.486645
9238,0.727334
9239,0.751332
9240,0.574467
9241,0.910233
9242,0.519349
9243,0.956971
9244,0.762185
9245,0.572127
9246,0.750912
9247,0.60931
9248,0.545727
9249,0.69348
9250,0.78667
9251,0.5747
9252,0.846537
9253,0.889768
9254,0.837799
9255,0.934349
9256,0.944561
9257,0.527292
9258,0.957218
9259,0.940121
9260,0.557791
9261,0.699341
9262,0.62803
9263,0.774331
9264,0.570855
9265,0.516777
9266,0.817736
9267,0.767474
9268,0.809528
9269,0.711431
9270,0.955778
9271,0.872126
9272,0.947849
9273,0.590003
9274,0.788698
9275,0.607369
9276,0.659512
9277,0.93242
9278,0.695244
9279,0.878446
9280,0.741658
9281,0.94369
9282,0.66548
9283,0.923417
9284,0.893883
9285,0.879719
9286,0.753708
9287,0.071398
9288,0.542483
9289,0.938896
9290,0.879605
9291,0.559376
9292,0.786542
9293,0.825465
9294,0.844913
9295,0.866329
9296,0.768108
9297,0.728462
9298,0.871944
9299,0.707518
9300,0.948011
9301,0.515796
9302,0.36936
9303,0.576634
9304,0.944539
9305,0.368689
9306,0.869479
9307,0.204259
9308,0.57949
9309,0.850133
9310,0.450021
9311,0.629037
9312,0.669195
9313,0.871228
9314,0.799385
9315,0.86252
9316,0.774865
9317,0.724185
9318,0.704523
9319,0.804086
9320,0.699224
9321,0.839533
9322,0.725822
9323,0.496091
9324,0.717786
9325,0.746178
9326,0.884976
9327,0.667711
9328,0.586496
9329,0.935914
9330,0.762675
9331,0.720958
9332,0.747569
9333,0.704598
9334,0.42969
9335,0.704163
9336,0.624335
9337,0.667404
9338,0.739452
9339,0.768898
9340,0.848906
9341,0.837533
9342,0.739627
9343,0.777461
9344,0.512675
9345,0.54581
9346,0.805163
9347,0.495907
9348,0.89764
9349,0.768086
9350,0.797598
9351,0.603787
9352,0.7011
9353,0.686583
9354,0.921207
9355,0.749724
9356,0.811922
9357,0.850988
9358,0.922276
9359,0.652693
9360,0.576274
9361,0.655374
9362,0.630723
9363,0.501664
9364,0.750269
9365,0.794447
9366,0.857395
9367,0.711935
9368,0.698274
9369,0.876842
9370,0.841699
9371,0.752592
9372,0.736522
9373,0.448041
9374,0.855355
9375,0.818064
9376,0.682698
9377,0.617362
9378,0.925477
9379,0.952307
9380,0.548024
9381,0.880638
9382,0.852232
9383,0.552032
9384,0.789211
9385,0.928527
9386,0.70367
9387,0.90025
9388,0.861974
9389,0.356592
9390,0.619213
9391,0.669731
9392,0.845829
9393,0.937492
9394,0.930452
9395,0.73629
9396,0.528137
9397,0.818375
9398,0.395423
9399,0.905827
9400,0.944011
9401,0.868024
9402,0.954968
9403,0.261571
9404,0.959078
9405,0.709906
9406,0.819387
9407,0.833944
9408,0.898909
9409,0.884646
9410,0.929897
9411,0.609471
9412,0.953551
9413,0.882321
9414,0.734391
9415,0.934822
9416,0.7881
9417,0.62682
9418,0.70259
9419,0.869002
9420,0.894652
9421,0.820122
9422,0.564216
9423,0.871452
9424,0.781067
9425,0.789515
9426,0.846469
9427,0.893514
9428,0.956193
9429,0.937925
9430,0.956237
9431,0.921931
9432,0.839236
9433,0.788646
9434,0.732997
9435,0.535234
9436,0.755374
9437,0.462359
9438,0.776415
9439,0.698608
9440,0.690851
9441,0.582483
9442,0.809234
9443,0.760962
9444,0.86295
9445,0.522428
9446,0.637449
9447,0.807434
9448,0.629195
9449,0.61057
9450,0.94807
9451,0.920048
9452,0.110112
9453,0.91992
9454,0.58558
9455,0.936288
9456,0.867363
9457,0.861599
9458,0.918257
9459,0.722977
9460,0.83001
9461,0.685818
9462,0.718882
9463,0.687251
9464,0.650842
9465,0.818567
9466,0.920557
9467,0.712504
9468,0.744372
9469,0.939323
9470,0.846404
9471,0.068107
9472,0.761049
9473,0.546882
9474,0.731426
9475,0.901379
9476,0.779768
9477,0.749028
9478,0.937603
9479,0.920932
9480,0.584416
9481,0.777207
9482,0.888812
9483,0.659561
9484,0.664613
9485,0.783663
9486,0.255723
9487,0.580908
9488,0.95426
9489,0.640491
9490,0.750587
9491,0.900086
9492,0.544939
9493,0.847081
9494,0.699432
9495,0.77978
9496,0.429998
9497,0.661272
9498,0.619752
9499,0.821447
9500,0.943049
9501,0.886835
9502,0.303811
9503,0.758638
9504,0.676116
9505,0.548341
9506,0.707035
9507,0.562502
9508,0.941752
9509,0.560016
9510,0.742538
9511,0.741497
9512,0.660436
9513,0.853515
9514,0.903375
9515,0.655998
9516,0.59901
9517,0.42364
9518,0.904323
9519,0.494651
9520,0.913261
9521,0.883951
9522,0.656412
9523,0.686147
9524,0.57235
9525,0.900031
9526,0.802224
9527,0.920741
9528,0.917308
9529,0.920599
9530,0.882739
9531,0.70544
9532,0.738382
9533,0.668568
9534,0.633806
9535,0.424073
9536,0.378486
9537,0.739149
9538,0.920518
9539,0.707769
9540,0.963069
9541,0.71106
9542,0.845464
9543,0.78976
9544,0.621583
9545,0.866484
9546,0.907544
9547,0.863386
9548,0.900001
9549,0.55402
9550,0.647744
9551,0.854025
9552,0.948245
9553,0.760286
9554,0.644389
9555,0.944056
9556,0.589908
9557,0.813319
9558,0.612607
9559,0.778498
9560,0.846714
9561,0.8447
9562,0.573629
9563,0.949489
9564,0.694868
9565,0.643857
9566,0.955805
9567,0.870502
9568,0.761683
9569,0.914101
9570,0.607952
9571,0.916475
9572,0.804372
9573,0.858657
9574,0.758247
9575,0.848102
9576,0.650783
9577,0.770118
9578,0.880637
9579,0.896247
9580,0.681193
9581,0.875971
9582,0.78635
9583,0.57676
9584,0.946077
9585,0.781014
9586,0.443366
9587,0.582026
9588,0.946393
9589,0.802325
9590,0.641249
9591,0.87696
9592,0.508497
9593,0.624676
9594,0.744083
9595,0.686947
9596,0.529618
9597,0.105655
9598,0.785012
9599,0.820554
9600,0.685025
9601,0.84526
9602,0.751162
9603,0.760116
9604,0.582486
9605,0.863701
9606,0.659417
9607,0.444511
9608,0.74317
9609,0.842782
9610,0.695909
9611,0.462101
9612,0.953345
9613,0.598605
9614,0.742314
9615,0.82688
9616,0.925026
9617,0.771633
9618,0.805204
9619,0.702549
9620,0.769208
9621,0.536357
9622,0.850873
9623,0.836546
9624,0.872595
9625,0.717794
9626,0.747341
9627,0.801893
9628,0.944935
9629,0.388382
9630,0.655565
9631,0.932522
9632,0.886154
9633,0.893675
9634,0.830159
9635,0.870065
9636,0.909532
9637,0.618179
9638,0.706331
9639,0.637588
9640,0.645513
9641,0.681061
9642,0.487632
9643,0.694489
9644,0.739055
9645,0.722319
9646,0.59636
9647,0.756316
9648,0.672334
9649,0.955406
9650,0.622435
9651,0.960692
9652,0.849284
9653,0.703205
9654,0.939342
9655,0.702322
9656,0.92853
9657,0.762048
9658,0.659318
9659,0.861236
9660,0.644371
9661,0.56669
9662,0.956915
9663,0.587274
9664,0.946496
9665,0.767695
9666,0.883587
9667,0.787025
9668,0.633748
9669,0.555595
9670,0.835381
9671,0.810881
9672,0.751824
9673,0.912355
9674,0.872623
9675,0.554912
9676,0.843139
9677,0.954604
9678,0.706622
9679,0.423784
9680,0.094089
9681,0.4796
9682,0.751601
9683,0.652859
9684,0.619017
9685,0.850252
9686,0.789278
9687,0.914392
9688,0.942279
9689,0.066692
9690,0.823616
9691,0.819625
9692,0.864098
9693,0.750076
9694,0.818498
9695,0.67988
9696,0.740647
9697,0.529249
9698,0.710202
9699,0.899999
9700,0.644887
9701,0.123497
9702,0.717612
9703,0.924802
9704,0.61528
9705,0.948681
9706,0.545417
9707,0.376744
9708,0.637508
9709,0.764834
9710,0.841105
9711,0.945245
9712,0.838949
9713,0.94154
9714,0.967023
9715,0.595057
9716,0.943316
9717,0.5483
9718,0.926901
9719,0.743978
9720,0.842429
9721,0.828163
9722,0.812341
9723,0.473004
9724,0.707546
9725,0.924373
9726,0.903549
9727,0.501557
9728,0.821563
9729,0.496209
9730,0.945996
9731,0.761122
9732,0.91772
9733,0.921712
9734,0.902092
9735,0.793718
9736,0.101893
9737,0.859449
9738,0.110589
9739,0.401403
9740,0.954627
9741,0.542909
9742,0.536322
9743,0.726678
9744,0.915018
9745,0.624974
9746,0.888335
9747,0.59107
9748,0.871005
9749,0.616548
9750,0.790523
9751,0.074785
9752,0.903076
9753,0.886475
9754,0.59637
9755,0.86596
9756,0.636496
9757,0.762323
9758,0.817049
9759,0.784532
9760,0.949675
9761,0.758777
9762,0.603305
9763,0.758879
9764,0.464165
9765,0.839959
9766,0.579909
9767,0.771925
9768,0.930822
9769,0.757312
9770,0.235571
9771,0.717225
9772,0.57865
9773,0.492779
9774,0.87816
9775,0.952461
9776,0.772181
9777,0.676913
9778,0.581614
9779,0.132114
9780,0.581878
9781,0.689778
9782,0.573027
9783,0.673871
9784,0.596731
9785,0.075369
9786,0.89624
9787,0.789124
9788,0.959221
9789,0.660757
9790,0.569935
9791,0.181913
9792,0.910387
9793,0.889927
9794,0.840267
9795,0.741325
9796,0.915447
9797,0.688649
9798,0.737786
9799,0.63977
9800,0.529204
9801,0.572449
9802,0.089777
9803,0.940251
9804,0.741623
9805,0.489911
9806,0.923497
9807,0.824685
9808,0.486611
9809,0.844169
9810,0.94869
9811,0.902844
9812,0.888826
9813,0.133697
9814,0.667053
9815,0.903609
9816,0.716879
9817,0.634335
9818,0.921406
9819,0.893797
9820,0.868265
9821,0.052601
9822,0.927222
9823,0.48618
9824,0.770159
9825,0.797292
9826,0.547356
9827,0.862189
9828,0.530588
9829,0.643577
9830,0.814046
9831,0.487391
9832,0.59469
9833,0.923148
9834,0.936872
9835,0.38179
9836,0.855819
9837,0.515337
9838,0.719842
9839,0.613211
9840,0.619672
9841,0.823582
9842,0.124887
9843,0.960828
9844,0.952656
9845,0.598566
9846,0.937371
9847,0.89562
9848,0.853933
9849,0.699916
9850,0.803161
9851,0.888369
9852,0.82031
9853,0.580106
9854,0.938438
9855,0.70988
9856,0.891828
9857,0.765774
9858,0.797321
9859,0.127389
9860,0.738422
9861,0.664272
9862,0.674598
9863,0.920442
9864,0.908324
9865,0.641888
9866,0.650347
9867,0.626841
9868,0.910024
9869,0.814619
9870,0.85197
9871,0.544718
9872,0.730574
9873,0.943728
9874,0.87418
9875,0.584996
9876,0.118157
9877,0.748467
9878,0.757623
9879,0.686328
9880,0.778194
9881,0.767638
9882,0.638752
9883,0.761319
9884,0.671149
9885,0.904859
9886,0.788609
9887,0.638865
9888,0.675719
9889,0.931575
9890,0.724608
9891,0.820543
9892,0.840635
9893,0.670133
9894,0.735937
9895,0.669593
9896,0.754497
9897,0.688403
9898,0.746298
9899,0.663421
9900,0.847986
9901,0.281279
9902,0.563429
9903,0.955538
9904,0.723181
9905,0.069163
9906,0.802992
9907,0.847325
9908,0.720521
9909,0.615998
9910,0.434771
9911,0.847626
9912,0.927011
9913,0.733509
9914,0.940768
9915,0.713743
9916,0.876111
9917,0.659225
9918,0.70357
9919,0.773959
9920,0.147493
9921,0.546095
9922,0.719875
9923,0.691422
9924,0.621347
9925,0.875262
9926,0.851002
9927,0.92338
9928,0.345019
9929,0.718434
9930,0.625808
9931,0.941724
9932,0.80643
9933,0.592676
9934,0.516431
9935,0.631055
9936,0.690629
9937,0.532687
9938,0.518738
9939,0.409655
9940,0.67809
9941,0.870853
9942,0.594092
9943,0.637156
9944,0.628106
9945,0.707754
9946,0.810836
9947,0.954644
9948,0.91592
9949,0.76962
9950,0.648466
9951,0.52841
9952,0.903298
9953,0.930144
9954,0.178641
9955,0.69218
9956,0.871782
9957,0.614473
9958,0.769963
9959,0.646049
9960,0.919716
9961,0.885898
9962,0.677663
9963,0.633747
9964,0.867134
9965,0.82901
9966,0.837311
9967,0.894277
9968,0.929902
9969,0.958262
9970,0.77701
9971,0.795896
9972,0.775997
9973,0.541253
9974,0.552114
9975,0.739895
9976,0.909494
9977,0.050198
9978,0.686838
9979,0.920208
9980,0.833364
9981,0.585616
9982,0.662341
9983,0.735814
9984,0.579952
9985,0.837056
9986,0.650639
9987,0.554154
9988,0.609579
9989,0.726229
9990,0.665441
9991,0.644308
9992,0.584264
9993,0.557534
9994,0.571856
9995,0.620955
9996,0.815227
9997,0.623932
9998,0.33887
9999,0.516737
10000,0.917284
10001,0.95047
10002,0.79116
10003,0.532935
10004,0.844808
10005,0.792589
10006,0.719708
10007,0.68083
10008,0.262476
10009,0.789226
10010,0.753128
10011,0.76501
10012,0.688721
10013,0.33362
10014,0.691552
10015,0.495674
10016,0.751606
10017,0.865787
10018,0.819978
10019,0.760528
10020,0.582251
10021,0.133391
10022,0.928521
10023,0.261121
10024,0.89121
10025,0.918701
10026,0.415432
10027,0.603925
10028,0.862634
10029,0.960084
10030,0.944111
10031,0.752802
10032,0.820721
10033,0.81315
10034,0.598525
10035,0.926051
10036,0.635855
10037,0.511708
10038,0.6042
10039,0.707916
10040,0.932411
10041,0.952168
10042,0.914318
10043,0.750665
10044,0.949055
10045,0.571466
10046,0.950533
10047,0.642612
10048,0.822385
10049,0.703716
10050,0.926796
10051,0.601258
10052,0.823762
10053,0.720371
10054,0.843123
10055,0.421651
10056,0.726205
10057,0.589705
10058,0.81016
10059,0.856453
10060,0.955221
10061,0.691828
10062,0.500093
10063,0.694394
10064,0.837429
10065,0.929331
10066,0.649842
10067,0.948595
10068,0.792633
10069,0.606212
10070,0.791888
10071,0.832635
10072,0.883712
10073,0.859021
10074,0.568569
10075,0.888991
10076,0.935494
10077,0.435775
10078,0.796978
10079,0.169599
10080,0.786524
10081,0.959651
10082,0.670233
10083,0.839516
10084,0.899977
10085,0.765009
10086,0.900259
10087,0.812607
10088,0.706357
10089,0.834258
10090,0.8848
10091,0.800751
10092,0.692489
10093,0.497446
10094,0.749278
10095,0.9112
10096,0.878285
10097,0.471992
10098,0.871716
10099,0.819016
10100,0.511107
10101,0.930134
10102,0.71612
10103,0.491779
10104,0.689532
10105,0.852279
10106,0.818852
10107,0.716347
10108,0.961504
10109,0.511042
10110,0.887482
10111,0.944229
10112,0.67921
10113,0.912753
10114,0.890186
10115,0.233713
10116,0.776644
10117,0.722791
10118,0.933976
10119,0.796332
10120,0.810587
10121,0.905163
10122,0.057441
10123,0.412853
10124,0.953296
10125,0.875282
10126,0.878973
10127,0.856663
10128,0.863258
10129,0.722912
10130,0.4286
10131,0.914366
10132,0.734286
10133,0.747475
10134,0.824784
10135,0.890932
10136,0.906894
10137,0.748128
10138,0.773226
10139,0.569356
10140,0.753431
10141,0.581062
10142,0.849624
10143,0.955595
10144,0.649386
10145,0.784506
10146,0.669952
10147,0.938972
10148,0.471516
10149,0.690565
10150,0.929138
10151,0.449298
10152,0.777889
10153,0.613802
10154,0.56404
10155,0.666246
10156,0.571752
10157,0.922308
10158,0.576982
10159,0.727664
10160,0.477145
10161,0.889458
10162,0.814177
10163,0.913414
10164,0.938665
10165,0.583397
10166,0.509461
10167,0.857344
10168,0.841542
10169,0.554748
10170,0.53488
10171,0.6353
10172,0.385486
10173,0.798235
10174,0.741841
10175,0.510533
10176,0.865604
10177,0.890558
10178,0.725586
10179,0.69525
10180,0.895818
10181,0.579024
10182,0.816683
10183,0.961595
10184,0.636587
10185,0.756303
10186,0.862251
10187,0.746209
10188,0.807235
10189,0.890136
10190,0.754748
10191,0.757441
10192,0.906982
10193,0.945544
10194,0.536305
10195,0.554454
10196,0.744508
10197,0.795225
10198,0.917999
10199,0.955386
10200,0.668988
10201,0.563281
10202,0.859162
10203,0.743576
10204,0.951774
10205,0.681555
10206,0.857696
10207,0.936925
10208,0.818636
10209,0.770889
10210,0.570997
10211,0.722983
10212,0.570635
10213,0.8342
10214,0.8681
10215,0.646993
10216,0.566299
10217,0.87983
10218,0.667156
10219,0.428068
10220,0.922042
10221,0.813681
10222,0.726905
10223,0.60604
10224,0.656812
10225,0.896814
10226,0.580747
10227,0.80508
10228,0.661605
10229,0.587742
10230,0.705282
10231,0.740194
10232,0.676989
10233,0.87928
10234,0.751129
10235,0.709751
10236,0.698527
10237,0.250715
10238,0.760776
10239,0.845248
10240,0.600127
10241,0.845791
10242,0.488766
10243,0.682744
10244,0.683157
10245,0.333081
10246,0.604059
10247,0.707316
10248,0.518828
10249,0.783502
10250,0.620596
10251,0.440794
10252,0.529059
10253,0.886059
10254,0.70171
10255,0.889497
10256,0.708085
10257,0.879011
10258,0.615077
10259,0.851024
10260,0.857228
10261,0.959829
10262,0.822062
10263,0.960879
10264,0.822818
10265,0.64712
10266,0.682224
10267,0.851622
10268,0.849725
10269,0.522556
10270,0.876999
10271,0.742998
10272,0.962752
10273,0.312562
10274,0.818733
10275,0.823832
10276,0.70531
10277,0.678603
10278,0.70063
10279,0.910828
10280,0.946364
10281,0.729678
10282,0.920246
10283,0.729756
10284,0.721103
10285,0.891093
10286,0.60211
10287,0.878429
10288,0.753487
10289,0.67615
10290,0.635649
10291,0.674868
10292,0.922982
10293,0.618381
10294,0.878931
10295,0.556326
10296,0.918924
10297,0.692701
10298,0.720095
10299,0.061941
10300,0.427393
10301,0.559379
10302,0.940048
10303,0.896222
10304,0.520363
10305,0.65468
10306,0.718486
10307,0.059724
10308,0.849442
10309,0.8568
10310,0.930938
10311,0.78354
10312,0.774943
10313,0.489582
10314,0.781036
10315,0.883826
10316,0.477327
10317,0.839073
10318,0.48043
10319,0.902664
10320,0.494899
10321,0.646498
10322,0.674272
10323,0.930449
10324,0.629379
10325,0.682062
10326,0.104063
10327,0.381196
10328,0.74552
10329,0.922813
10330,0.88224
10331,0.817333
10332,0.944122
10333,0.745857
10334,0.950301
10335,0.781999
10336,0.74513
10337,0.493497
10338,0.65439
10339,0.044074
10340,0.781089
10341,0.913598
10342,0.954336
10343,0.532485
10344,0.890764
10345,0.84191
10346,0.759556
10347,0.628937
10348,0.391517
10349,0.851057
10350,0.686454
10351,0.683333
10352,0.76504
10353,0.686405
10354,0.672033
10355,0.951114
10356,0.726013
10357,0.82747
10358,0.803187
10359,0.867095
10360,0.655323
10361,0.916688
10362,0.621464
10363,0.930557
10364,0.442103
10365,0.443919
10366,0.629583
10367,0.952935
10368,0.678713
10369,0.827786
10370,0.798728
10371,0.650431
10372,0.939386
10373,0.61822
10374,0.907458
10375,0.893126
10376,0.572955
10377,0.537353
10378,0.735044
10379,0.653997
10380,0.611062
10381,0.81884
10382,0.687256
10383,0.7184
10384,0.690472
10385,0.720671
10386,0.576828
10387,0.954484
10388,0.225167
10389,0.697362
10390,0.841678
10391,0.406915
10392,0.711439
10393,0.92079
10394,0.522889
10395,0.69906
10396,0.723599
10397,0.930998
10398,0.814111
10399,0.929083
10400,0.690107
10401,0.742125
10402,0.719322
10403,0.552856
10404,0.453258
10405,0.719687
10406,0.780183
10407,0.672667
10408,0.590402
10409,0.883308
10410,0.304169
10411,0.80643
10412,0.78291
10413,0.827942
10414,0.928834
10415,0.471783
10416,0.847469
10417,0.841652
10418,0.289275
10419,0.89642
10420,0.590198
10421,0.707229
10422,0.893793
10423,0.916523
10424,0.733738
10425,0.959002
10426,0.450536
10427,0.755347
10428,0.563685
10429,0.743685
10430,0.943608
10431,0.798875
10432,0.791222
10433,0.857763
10434,0.949534
10435,0.828592
10436,0.438161
10437,0.806218
10438,0.918423
10439,0.912231
10440,0.396553
10441,0.633794
10442,0.812804
10443,0.585359
10444,0.758035
10445,0.800696
10446,0.82261
10447,0.859843
10448,0.546652
10449,0.864403
10450,0.830723
10451,0.653219
10452,0.297643
10453,0.472865
10454,0.927537
10455,0.770476
10456,0.623478
10457,0.525001
10458,0.845441
10459,0.955755
10460,0.569889
10461,0.904112
10462,0.574834
10463,0.330487
10464,0.702596
10465,0.893449
10466,0.467898
10467,0.083905
10468,0.946684
10469,0.647782
10470,0.933933
10471,0.933818
10472,0.583672
10473,0.59303
10474,0.785466
10475,0.892113
10476,0.637859
10477,0.922782
10478,0.863623
10479,0.607907
10480,0.810457
10481,0.712402
10482,0.849101
10483,0.851975
10484,0.909319
10485,0.940409
10486,0.957865
10487,0.406073
10488,0.932934
10489,0.818844
10490,0.797273
10491,0.79797
10492,0.741175
10493,0.759888
10494,0.54171
10495,0.832466
10496,0.908014
10497,0.740625
10498,0.58411
10499,0.241301
10500,0.552106
10501,0.555988
10502,0.688044
10503,0.673514
10504,0.733792
10505,0.68074
10506,0.893696
10507,0.836934
10508,0.688402
10509,0.696032
10510,0.665864
10511,0.666936
10512,0.522849
10513,0.913771
10514,0.569016
10515,0.93792
10516,0.731148
10517,0.946293
10518,0.943688
10519,0.859798
10520,0.601752
10521,0.548729
10522,0.678115
10523,0.635601
10524,0.678997
10525,0.904045
10526,0.816207
10527,0.928203
10528,0.651762
10529,0.592925
10530,0.888801
10531,0.958697
10532,0.941707
10533,0.903552
10534,0.813434
10535,0.908712
10536,0.778529
10537,0.797303
10538,0.912073
10539,0.683891
10540,0.944857
10541,0.730602
10542,0.134561
10543,0.750488
10544,0.743288
10545,0.608419
10546,0.959977
10547,0.517011
10548,0.610423
10549,0.62439
10550,0.712198
10551,0.806471
10552,0.894758
10553,0.830583
10554,0.67411
10555,0.491799
10556,0.687029
10557,0.722778
10558,0.514705
10559,0.446924
10560,0.057681
10561,0.795787
10562,0.938489
10563,0.657967
10564,0.565313
10565,0.960484
10566,0.71891
10567,0.892644
10568,0.804138
10569,0.532223
10570,0.924727
10571,0.763636
10572,0.45481
10573,0.938269
10574,0.908086
10575,0.800136
10576,0.632489
10577,0.692168
10578,0.954022
10579,0.948005
10580,0.671951
10581,0.57608
10582,0.771597
10583,0.878143
10584,0.934804
10585,0.897475
10586,0.795787
10587,0.751552
10588,0.899346
10589,0.746045
10590,0.837383
10591,0.611733
10592,0.929376
10593,0.810558
10594,0.77786
10595,0.710096
10596,0.67418
10597,0.525758
10598,0.877365
10599,0.665498
10600,0.06153
10601,0.564432
10602,0.79147
10603,0.818706
10604,0.643593
10605,0.935876
10606,0.55419
10607,0.750009
10608,0.66556
10609,0.617232
10610,0.679724
10611,0.807131
10612,0.620463
10613,0.903753
10614,0.847386
10615,0.515893
10616,0.666332
10617,0.474946
10618,0.690038
10619,0.884572
10620,0.633351
10621,0.778983
10622,0.718361
10623,0.726782
10624,0.070315
10625,0.555698
10626,0.571805
10627,0.848129
10628,0.860252
10629,0.803064
10630,0.898508
10631,0.708247
10632,0.697804
10633,0.766802
10634,0.907017
10635,0.769438
10636,0.957905
10637,0.530498
10638,0.807308
10639,0.667562
10640,0.754516
10641,0.653761
10642,0.090855
10643,0.836782
10644,0.949971
10645,0.107985
10646,0.741586
10647,0.226977
10648,0.716833
10649,0.735373
10650,0.731111
10651,0.604803
10652,0.941893
10653,0.840106
10654,0.606026
10655,0.59885
10656,0.492846
10657,0.559708
10658,0.904547
10659,0.308131
10660,0.480495
10661,0.875205
10662,0.872179
10663,0.169917
10664,0.810147
10665,0.74737
10666,0.573785
10667,0.55666
10668,0.912788
10669,0.751181
10670,0.746463
10671,0.934925
10672,0.63561
10673,0.737363
10674,0.562392
10675,0.73268
10676,0.943748
10677,0.589627
10678,0.802142
10679,0.954094
10680,0.317858
10681,0.45196
10682,0.519192
10683,0.878342
10684,0.726001
10685,0.923293
10686,0.860655
10687,0.679954
10688,0.677756
10689,0.933996
10690,0.247602
10691,0.156534
10692,0.619495
10693,0.829793
10694,0.480228
10695,0.659502
10696,0.836869
10697,0.941264
10698,0.690431
10699,0.591058
10700,0.658781
10701,0.925467
10702,0.79616
10703,0.825633
10704,0.585193
10705,0.669894
10706,0.599745
10707,0.805729
10708,0.600282
10709,0.855085
10710,0.580773
10711,0.852363
10712,0.572278
10713,0.705079
10714,0.495304
10715,0.569823
10716,0.925819
10717,0.581133
10718,0.666345
10719,0.456548
10720,0.746617
10721,0.785988
10722,0.950097
10723,0.823192
10724,0.744499
10725,0.703888
10726,0.736989
10727,0.811407
10728,0.630335
10729,0.782435
10730,0.935082
10731,0.93151
10732,0.872971
10733,0.525213
10734,0.673885
10735,0.954183
10736,0.820384
10737,0.56763
10738,0.70677
10739,0.905298
10740,0.71235
10741,0.866686
10742,0.71383
10743,0.95861
10744,0.570175
10745,0.632217
10746,0.688356
10747,0.761393
10748,0.648085
10749,0.702315
10750,0.821699
10751,0.781243
10752,0.718227
10753,0.509153
10754,0.689424
10755,0.964497
10756,0.640132
10757,0.781337
10758,0.69675
10759,0.883909
10760,0.773534
10761,0.621013
10762,0.715691
10763,0.819341
10764,0.5426
10765,0.925553
10766,0.783735
10767,0.701699
10768,0.882476
10769,0.720377
10770,0.928867
10771,0.92051
10772,0.887929
10773,0.583607
10774,0.80394
10775,0.904566
10776,0.81183
10777,0.90916
10778,0.921302
10779,0.55799
10780,0.555752
10781,0.701492
10782,0.420287
10783,0.922078
10784,0.777851
10785,0.836425
10786,0.698491
10787,0.93547
10788,0.626464
10789,0.856884
10790,0.735867
10791,0.575488
10792,0.529281
10793,0.57811
10794,0.848345
10795,0.944323
10796,0.739375
10797,0.934878
10798,0.946196
10799,0.720907
10800,0.921261
10801,0.824628
10802,0.6036
10803,0.933318
10804,0.932986
10805,0.646669
10806,0.912263
10807,0.654865
10808,0.949311
10809,0.941601
10810,0.495021
10811,0.866628
10812,0.688177
10813,0.619435
10814,0.875309
10815,0.536007
10816,0.534218
10817,0.648508
10818,0.90513
10819,0.852678
10820,0.356646
10821,0.960041
10822,0.764799
10823,0.959084
10824,0.734098
10825,0.832382
10826,0.917395
10827,0.80369
10828,0.746784
10829,0.557385
10830,0.783994
10831,0.803279
10832,0.803722
10833,0.884658
10834,0.58309
10835,0.499181
10836,0.693608
10837,0.66153
10838,0.832397
10839,0.685602
10840,0.754019
10841,0.909237
10842,0.783386
10843,0.778513
10844,0.617526
10845,0.56221
10846,0.710199
10847,0.890211
10848,0.942513
10849,0.933493
10850,0.854307
10851,0.360083
10852,0.759664
10853,0.786103
10854,0.650259
10855,0.608465
10856,0.608475
10857,0.908279
10858,0.661656
10859,0.693917
10860,0.825144
10861,0.951046
10862,0.600097
10863,0.879124
10864,0.623902
10865,0.49813
10866,0.816005
10867,0.892232
10868,0.73124
10869,0.838779
10870,0.552733
10871,0.273622
10872,0.876636
10873,0.279725
10874,0.627991
10875,0.762318
10876,0.683625
10877,0.911342
10878,0.604434
10879,0.927295
10880,0.701596
10881,0.945604
10882,0.669566
10883,0.811941
10884,0.732337
10885,0.626509
10886,0.942369
10887,0.61306
10888,0.746487
10889,0.338783
10890,0.961643
10891,0.639342
10892,0.617177
10893,0.711715
10894,0.933818
10895,0.874024
10896,0.828499
10897,0.834908
10898,0.745296
10899,0.90793
10900,0.851235
10901,0.363284
10902,0.753877
10903,0.27289
10904,0.743628
10905,0.708106
10906,0.747567
10907,0.44105
10908,0.63422
10909,0.674778
10910,0.912183
10911,0.899731
10912,0.153001
10913,0.130115
10914,0.618508
10915,0.81863
10916,0.562021
10917,0.925372
10918,0.771237
10919,0.910857
10920,0.843652
10921,0.913336
10922,0.758001
10923,0.537563
10924,0.715949
10925,0.764375
10926,0.688377
10927,0.801558
10928,0.608116
10929,0.535359
10930,0.917423
10931,0.800263
10932,0.843191
10933,0.870661
10934,0.420029
10935,0.717135
10936,0.404761
10937,0.713982
10938,0.858486
10939,0.906889
10940,0.72016
10941,0.695273
10942,0.730944
10943,0.938618
10944,0.786974
10945,0.835844
10946,0.827655
10947,0.636786
10948,0.566608
10949,0.66076
10950,0.908917
10951,0.785907
10952,0.712492
10953,0.849401
10954,0.759364
10955,0.53523
10956,0.645064
10957,0.680976
10958,0.799894
10959,0.916516
10960,0.65599
10961,0.862251
10962,0.806458
10963,0.132248
10964,0.839012
10965,0.88457
10966,0.84732
10967,0.887669
10968,0.825227
10969,0.903616
10970,0.417789
10971,0.81099
10972,0.883093
10973,0.743508
10974,0.787307
10975,0.891044
10976,0.827669
10977,0.857748
10978,0.455856
10979,0.597991
10980,0.9603
10981,0.912633
10982,0.661395
10983,0.807104
10984,0.694373
10985,0.238771
10986,0.696398
10987,0.630888
10988,0.870997
10989,0.597692
10990,0.540758
10991,0.706022
10992,0.759178
10993,0.940121
10994,0.830441
10995,0.508888
10996,0.831694
10997,0.392778
10998,0.559886
10999,0.883843
11000,0.376492
11001,0.78347
11002,0.640535
11003,0.886862
11004,0.208386
11005,0.665287
11006,0.783419
11007,0.724044
11008,0.760417
11009,0.64106
11010,0.853196
11011,0.620774
11012,0.706474
11013,0.672964
11014,0.793429
11015,0.810783
11016,0.737454
11017,0.73068
11018,0.864708
11019,0.522282
11020,0.882072
11021,0.737244
11022,0.766565
11023,0.853611
11024,0.735844
11025,0.751435
11026,0.895316
11027,0.243425
11028,0.608214
11029,0.876054
11030,0.772761
11031,0.879835
11032,0.633944
11033,0.882352
11034,0.544556
11035,0.778135
11036,0.884343
11037,0.571071
11038,0.585665
11039,0.737508
11040,0.818488
11041,0.860799
11042,0.918193
11043,0.756087
11044,0.690095
11045,0.850482
11046,0.819823
11047,0.541231
11048,0.714601
11049,0.058465
11050,0.557971
11051,0.438428
11052,0.885109
11053,0.799519
11054,0.749015
11055,0.943731
11056,0.508371
11057,0.378835
11058,0.616157
11059,0.747168
11060,0.057269
11061,0.808471
11062,0.168433
11063,0.844223
11064,0.532687
11065,0.774119
11066,0.759048
11067,0.520308
11068,0.320276
11069,0.764028
11070,0.950285
11071,0.698451
11072,0.787248
11073,0.830286
11074,0.554271
11075,0.881203
11076,0.940366
11077,0.741668
11078,0.943948
11079,0.761624
11080,0.639925
11081,0.815157
11082,0.466896
11083,0.559983
11084,0.852988
11085,0.612867
11086,0.172553
11087,0.698475
11088,0.420345
11089,0.900981
11090,0.954891
11091,0.53052
11092,0.710798
11093,0.771087
11094,0.463616
11095,0.931349
11096,0.546662
11097,0.584556
11098,0.771529
11099,0.925336
11100,0.758639
11101,0.81995
11102,0.806691
11103,0.866707
11104,0.879588
11105,0.664741
11106,0.802824
11107,0.075083
11108,0.879018
11109,0.552346
11110,0.627916
11111,0.949125
11112,0.681926
11113,0.625739
11114,0.706156
11115,0.740224
11116,0.570484
11117,0.751165
11118,0.445477
11119,0.955885
11120,0.568893
11121,0.940934
11122,0.700668
11123,0.896943
11124,0.625697
11125,0.654653
11126,0.455651
11127,0.888298
11128,0.846471
11129,0.700406
11130,0.80105
11131,0.435627
11132,0.473824
11133,0.817449
11134,0.372653
11135,0.782305
11136,0.802448
11137,0.860822
11138,0.702844
11139,0.698603
11140,0.129531
11141,0.874009
11142,0.869125
11143,0.876965
11144,0.88262
11145,0.65206
11146,0.887741
11147,0.712729
11148,0.639623
11149,0.694839
11150,0.831716
11151,0.583434
11152,0.87244
11153,0.908177
11154,0.754081
11155,0.950202
11156,0.817691
11157,0.71486
11158,0.330614
11159,0.94185
11160,0.905169
11161,0.518796
11162,0.059281
11163,0.557842
11164,0.892647
11165,0.601269
11166,0.879859
11167,0.846498
11168,0.927678
11169,0.929174
11170,0.677977
11171,0.873894
11172,0.684244
11173,0.510598
11174,0.079278
11175,0.563478
11176,0.731074
11177,0.88934
11178,0.780244
11179,0.715938
11180,0.616277
11181,0.852491
11182,0.566539
11183,0.855526
11184,0.745746
11185,0.744949
11186,0.638818
11187,0.531164
11188,0.911187
11189,0.623061
11190,0.890007
11191,0.781334
11192,0.953256
11193,0.689143
11194,0.790665
11195,0.91437
11196,0.852161
11197,0.889035
11198,0.954897
11199,0.621309
11200,0.812055
11201,0.922636
11202,0.92472
11203,0.556397
11204,0.692287
11205,0.879842
11206,0.950685
11207,0.606236
11208,0.804814
11209,0.751298
11210,0.885465
11211,0.604103
11212,0.722778
11213,0.559202
11214,0.602607
11215,0.725205
11216,0.523817
11217,0.945293
11218,0.793723
11219,0.898743
11220,0.72899
11221,0.939166
11222,0.685
11223,0.791746
11224,0.63055
11225,0.311705
11226,0.878546
11227,0.563925
11228,0.908558
11229,0.7386
11230,0.762563
11231,0.870654
11232,0.62268
11233,0.757075
11234,0.68503
11235,0.73678
11236,0.958743
11237,0.557536
11238,0.683898
11239,0.779117
11240,0.761927
11241,0.577337
11242,0.785998
11243,0.670385
11244,0.628423
11245,0.599927
11246,0.252537
11247,0.864755
11248,0.879393
11249,0.95155
11250,0.63488
11251,0.741031
11252,0.729977
11253,0.516356
11254,0.600088
11255,0.862231
11256,0.696795
11257,0.947159
11258,0.733402
11259,0.749
11260,0.925275
11261,0.767574
11262,0.851152
11263,0.651676
11264,0.725936
11265,0.928071
11266,0.949937
11267,0.512173
11268,0.715843
11269,0.58829
11270,0.940324
11271,0.841983
11272,0.939318
11273,0.90572
11274,0.609327
11275,0.926445
11276,0.633437
11277,0.49828
11278,0.680355
11279,0.819339
11280,0.892393
11281,0.806957
11282,0.650967
11283,0.664186
11284,0.813407
11285,0.861159
11286,0.912065
11287,0.640978
11288,0.897681
11289,0.951429
11290,0.652288
11291,0.904519
11292,0.899688
11293,0.720843
11294,0.563339
11295,0.925265
11296,0.640395
11297,0.331645
11298,0.516157
11299,0.71501
11300,0.623648
11301,0.604996
11302,0.697054
11303,0.88272
11304,0.892837
11305,0.215099
11306,0.578041
11307,0.928665
11308,0.709302
11309,0.706162
11310,0.814344
11311,0.58613
11312,0.282459
11313,0.857359
11314,0.099819
11315,0.77504
11316,0.269259
11317,0.423094
11318,0.448163
11319,0.620597
11320,0.38436
11321,0.835591
11322,0.521946
11323,0.725389
11324,0.597969
11325,0.674412
11326,0.959619
11327,0.808747
11328,0.549906
11329,0.918563
11330,0.623511
11331,0.932701
11332,0.865398
11333,0.806363
11334,0.845258
11335,0.94782
11336,0.841845
11337,0.727182
11338,0.832345
11339,0.783671
11340,0.885325
11341,0.530476
11342,0.603354
11343,0.819494
11344,0.434128
11345,0.829993
11346,0.756722
11347,0.90875
11348,0.693918
11349,0.450164
11350,0.499928
11351,0.959101
11352,0.69685
11353,0.831521
11354,0.729722
11355,0.889849
11356,0.662856
11357,0.673639
11358,0.858211
11359,0.936278
11360,0.663848
11361,0.257162
11362,0.802033
11363,0.911474
11364,0.778445
11365,0.846375
11366,0.740219
11367,0.778779
11368,0.885682
11369,0.812124
11370,0.593811
11371,0.773656
11372,0.296781
11373,0.516293
11374,0.722716
11375,0.844073
11376,0.856173
11377,0.732916
11378,0.894682
11379,0.670849
11380,0.745651
11381,0.495057
11382,0.542778
11383,0.944212
11384,0.6981
11385,0.42441
11386,0.567839
11387,0.791725
11388,0.91561
11389,0.118797
11390,0.92404
11391,0.742313
11392,0.730727
11393,0.854525
11394,0.69328
11395,0.95664
11396,0.610522
11397,0.926001
11398,0.763034
11399,0.731064
11400,0.870293
11401,0.160495
11402,0.880565
11403,0.749091
11404,0.745314
11405,0.759907
11406,0.960755
11407,0.611455
11408,0.938364
11409,0.826398
11410,0.730317
11411,0.663285
11412,0.286131
11413,0.420273
11414,0.46085
11415,0.751629
11416,0.69958
11417,0.703976
11418,0.799308
11419,0.638356
11420,0.953104
11421,0.157252
11422,0.781781
11423,0.701351
11424,0.863674
11425,0.944096
11426,0.640394
11427,0.51606
11428,0.47878
11429,0.66902
11430,0.805229
11431,0.809202
11432,0.719343
11433,0.78354
11434,0.829354
11435,0.794883
11436,0.346275
11437,0.627477
11438,0.827444
11439,0.934552
11440,0.598902
11441,0.684197
11442,0.860994
11443,0.822784
11444,0.572663
11445,0.949967
11446,0.806676
11447,0.604647
11448,0.947984
11449,0.350598
11450,0.38755
11451,0.59057
11452,0.831399
11453,0.865611
11454,0.511458
11455,0.350013
11456,0.087094
11457,0.70242
11458,0.511467
11459,0.54216
11460,0.912896
11461,0.740207
11462,0.828928
11463,0.764835
11464,0.08711
11465,0.61413
11466,0.924372
11467,0.091564
11468,0.834592
11469,0.548133
11470,0.570921
11471,0.890745
11472,0.833501
11473,0.611177
11474,0.483251
11475,0.895773
11476,0.900903
11477,0.717058
11478,0.928041
11479,0.52901
11480,0.670709
11481,0.58542
11482,0.538452
11483,0.796799
11484,0.869484
11485,0.951655
11486,0.957236
11487,0.670441
11488,0.729279
11489,0.726065
11490,0.720994
11491,0.960563
11492,0.570988
11493,0.703003
11494,0.538205
11495,0.806725
11496,0.709346
11497,0.866015
11498,0.817133
11499,0.921466
11500,0.520419
11501,0.717591
11502,0.950679
11503,0.842285
11504,0.930742
11505,0.676631
11506,0.924601
11507,0.530128
11508,0.26033
11509,0.852749
11510,0.770293
11511,0.066608
11512,0.822962
11513,0.943892
11514,0.92439
11515,0.710213
11516,0.955607
11517,0.957986
11518,0.723295
11519,0.823463
11520,0.713741
11521,0.956646
11522,0.87861
11523,0.909132
11524,0.776475
11525,0.534473
11526,0.948909
11527,0.671122
11528,0.905969
11529,0.918326
11530,0.743698
11531,0.568669
11532,0.93461
11533,0.910084
11534,0.756261
11535,0.809457
11536,0.919546
11537,0.912121
11538,0.611124
11539,0.385552
11540,0.077402
11541,0.914786
11542,0.901571
11543,0.848587
11544,0.638055
11545,0.47801
11546,0.941792
11547,0.667176
11548,0.762973
11549,0.940989
11550,0.866715
11551,0.608367
11552,0.355551
11553,0.582935
11554,0.783667
11555,0.529969
11556,0.796696
11557,0.408673
11558,0.414531
11559,0.60649
11560,0.700149
11561,0.519855
11562,0.508786
11563,0.923225
11564,0.842444
11565,0.895743
11566,0.574272
11567,0.784896
11568,0.934898
11569,0.940199
11570,0.791641
11571,0.737489
11572,0.667893
11573,0.098344
11574,0.839898
11575,0.574492
11576,0.876401
11577,0.957821
11578,0.876765
11579,0.843679
11580,0.878226
11581,0.60607
11582,0.718371
11583,0.450254
11584,0.585489
11585,0.816281
11586,0.622232
11587,0.429647
11588,0.72958
11589,0.807862
11590,0.832458
11591,0.897587
11592,0.368393
11593,0.669554
11594,0.527382
11595,0.744438
11596,0.871451
11597,0.684818
11598,0.943857
11599,0.64647
11600,0.326797
11601,0.727688
11602,0.659568
11603,0.781928
11604,0.865086
11605,0.544323
11606,0.91582
11607,0.737426
11608,0.933112
11609,0.515598
11610,0.793436
11611,0.558258
11612,0.705549
11613,0.741462
11614,0.955592
11615,0.61884
11616,0.76002
11617,0.808791
11618,0.925422
11619,0.809383
11620,0.888339
11621,0.78133
11622,0.948612
11623,0.60737
11624,0.784215
11625,0.329534
11626,0.495318
11627,0.615397
11628,0.76848
11629,0.835228
11630,0.581404
11631,0.780385
11632,0.952699
11633,0.479791
11634,0.629491
11635,0.403417
11636,0.930638
11637,0.689615
11638,0.943437
11639,0.749523
11640,0.892679
11641,0.959329
11642,0.709439
11643,0.722746
11644,0.614383
11645,0.92394
11646,0.86459
11647,0.760429
11648,0.73255
11649,0.864619
11650,0.933012
11651,0.740508
11652,0.837945
11653,0.612351
11654,0.464824
11655,0.711602
11656,0.818038
11657,0.792569
11658,0.900595
11659,0.926732
11660,0.45971
11661,0.537307
11662,0.676336
11663,0.746983
11664,0.617275
11665,0.85275
11666,0.699154
11667,0.598854
11668,0.69343
11669,0.738718
11670,0.857983
11671,0.605245
11672,0.867177
11673,0.826796
11674,0.894501
11675,0.695437
11676,0.92894
11677,0.685364
11678,0.850223
11679,0.235936
11680,0.904264
11681,0.923259
11682,0.810024
11683,0.596239
11684,0.897182
11685,0.905058
11686,0.961328
11687,0.633209
11688,0.85194
11689,0.75416
11690,0.627096
11691,0.087315
11692,0.938867
11693,0.959157
11694,0.757136
11695,0.934394
11696,0.814814
11697,0.826751
11698,0.757886
11699,0.954212
11700,0.952178
11701,0.943206
11702,0.659684
11703,0.786789
11704,0.741607
11705,0.66142
11706,0.717106
11707,0.957127
11708,0.874559
11709,0.789074
11710,0.802382
11711,0.832286
11712,0.874518
11713,0.773216
11714,0.401594
11715,0.653506
11716,0.84007
11717,0.942243
11718,0.937542
11719,0.913836
11720,0.762016
11721,0.809521
11722,0.858525
11723,0.797591
11724,0.891538
11725,0.659957
11726,0.192033
11727,0.766735
11728,0.918103
11729,0.397336
11730,0.924003
11731,0.592682
11732,0.875897
11733,0.719863
11734,0.828951
11735,0.715557
11736,0.583262
11737,0.866875
11738,0.614441
11739,0.739237
11740,0.672088
11741,0.730474
11742,0.901081
11743,0.962605
11744,0.86518
11745,0.782026
11746,0.384613
11747,0.702895
11748,0.716684
11749,0.722332
11750,0.810509
11751,0.806856
11752,0.841697
11753,0.853955
11754,0.619813
11755,0.521394
11756,0.828302
11757,0.941038
11758,0.829714
11759,0.709561
11760,0.942042
11761,0.862804
11762,0.577517
11763,0.957274
11764,0.724098
11765,0.93385
11766,0.487327
11767,0.486033
11768,0.918437
11769,0.773701
11770,0.682861
11771,0.59354
11772,0.693518
11773,0.728413
11774,0.683885
11775,0.561101
11776,0.667567
11777,0.960345
11778,0.952168
11779,0.763669
11780,0.749733
11781,0.889981
11782,0.801163
11783,0.625354
11784,0.927276
11785,0.846285
11786,0.800418
11787,0.912353
11788,0.708709
11789,0.664753
11790,0.661441
11791,0.691171
11792,0.804126
11793,0.736192
11794,0.537216
11795,0.753943
11796,0.903462
11797,0.049872
11798,0.755462
11799,0.651272
11800,0.856315
11801,0.884404
11802,0.91917
11803,0.728292
11804,0.955169
11805,0.79699
11806,0.521859
11807,0.607811
11808,0.555934
11809,0.562745
11810,0.044707
11811,0.748779
11812,0.8952
11813,0.858023
11814,0.682894
11815,0.72988
11816,0.947244
11817,0.631049
11818,0.732938
11819,0.907361
11820,0.729719
11821,0.587825
11822,0.824736
11823,0.906117
11824,0.867838
11825,0.708506
11826,0.821296
11827,0.904873
11828,0.563782
11829,0.517441
11830,0.543881
11831,0.902578
11832,0.68026
11833,0.596533
11834,0.641492
11835,0.896637
11836,0.87078
11837,0.896776
11838,0.859283
11839,0.78176
11840,0.507214
11841,0.798365
11842,0.520928
11843,0.727116
11844,0.885413
11845,0.915457
11846,0.820414
11847,0.842378
11848,0.940796
11849,0.809987
11850,0.742067
11851,0.089341
11852,0.596019
11853,0.924977
11854,0.498809
11855,0.837024
11856,0.549177
11857,0.85588
11858,0.756493
11859,0.918701
11860,0.602518
11861,0.745627
11862,0.702461
11863,0.589954
11864,0.858664
11865,0.708541
11866,0.516534
11867,0.669112
11868,0.783082
11869,0.861852
11870,0.957399
11871,0.561645
11872,0.893206
11873,0.941037
11874,0.849568
11875,0.876961
11876,0.837773
11877,0.948007
11878,0.670929
11879,0.918552
11880,0.887612
11881,0.879676
11882,0.224599
11883,0.92821
11884,0.958605
11885,0.739299
11886,0.893927
11887,0.918727
11888,0.951782
11889,0.710449
11890,0.904727
11891,0.607217
11892,0.915841
11893,0.856262
11894,0.700031
11895,0.582601
11896,0.72871
11897,0.845704
11898,0.776336
11899,0.087491
11900,0.877299
11901,0.912641
11902,0.668143
11903,0.557823
11904,0.930132
11905,0.934138
11906,0.751718
11907,0.779134
11908,0.61698
11909,0.724966
11910,0.728976
11911,0.846056
11912,0.534943
11913,0.581526
11914,0.704888
11915,0.939306
11916,0.605
11917,0.548899
11918,0.703325
11919,0.915038
11920,0.842582
11921,0.741414
11922,0.84911
11923,0.662125
11924,0.79307
11925,0.517035
11926,0.5355
11927,0.09217
11928,0.666582
11929,0.669608
11930,0.914943
11931,0.658383
11932,0.536979
11933,0.706132
11934,0.752509
11935,0.664338
11936,0.892543
11937,0.83873
11938,0.691592
11939,0.842556
11940,0.900148
11941,0.622713
11942,0.759351
11943,0.512079
11944,0.820405
11945,0.530752
11946,0.587047
11947,0.664886
11948,0.414513
11949,0.723625
11950,0.743584
11951,0.829507
11952,0.623597
11953,0.875196
11954,0.725552
11955,0.56607
11956,0.925965
11957,0.412382
11958,0.952739
11959,0.865972
11960,0.647948
11961,0.923388
11962,0.793202
11963,0.065743
11964,0.408434
11965,0.709266
11966,0.847341
11967,0.341497
11968,0.691246
11969,0.858673
11970,0.497893
11971,0.653359
11972,0.760755
11973,0.871644
11974,0.684887
11975,0.726497
11976,0.698899
11977,0.754474
11978,0.546244
11979,0.46647
11980,0.756914
11981,0.581041
11982,0.523162
11983,0.82765
11984,0.620083
11985,0.670362
11986,0.608052
11987,0.585139
11988,0.532478
11989,0.066791
11990,0.687467
11991,0.815006
11992,0.66552
11993,0.88745
11994,0.893728
11995,0.112879
11996,0.815204
11997,0.622565
11998,0.879433
11999,0.769263
12000,0.514246
12001,0.642127
12002,0.744828
12003,0.928881
12004,0.618243
12005,0.685394
12006,0.880103
12007,0.862183
12008,0.693207
12009,0.690177
12010,0.716927
12011,0.524624
12012,0.730652
12013,0.77611
12014,0.790638
12015,0.573777
12016,0.703894
12017,0.964152
12018,0.759619
12019,0.873678
12020,0.903803
12021,0.679341
12022,0.461406
12023,0.614335
12024,0.565751
12025,0.873661
12026,0.539012
12027,0.529977
12028,0.804129
12029,0.491024
12030,0.549257
12031,0.690919
12032,0.808518
12033,0.859271
12034,0.698436
12035,0.912877
12036,0.843798
12037,0.926163
12038,0.450996
12039,0.663846
12040,0.790007
12041,0.718114
12042,0.817531
12043,0.605121
12044,0.593076
12045,0.561114
12046,0.504454
12047,0.672403
12048,0.92979
12049,0.90744
12050,0.662165
12051,0.887672
12052,0.65577
12053,0.890092
12054,0.686746
12055,0.896331
12056,0.78177
12057,0.80213
12058,0.846523
12059,0.73049
12060,0.700821
12061,0.670472
12062,0.647661
12063,0.631434
12064,0.504239
12065,0.923918
12066,0.570723
12067,0.584002
12068,0.777319
12069,0.59703
12070,0.778524
12071,0.100628
12072,0.887714
12073,0.539792
12074,0.831237
12075,0.632254
12076,0.185094
12077,0.690256
12078,0.833125
12079,0.844481
12080,0.072802
12081,0.634738
12082,0.760224
12083,0.884778
12084,0.698965
12085,0.611371
12086,0.30316
12087,0.571462
12088,0.763536
12089,0.563563
12090,0.741367
12091,0.904237
12092,0.679522
12093,0.611738
12094,0.957163
12095,0.697933
12096,0.05583
12097,0.732392
12098,0.79174
12099,0.54936
12100,0.59086
12101,0.682689
12102,0.918503
12103,0.751269
12104,0.669707
12105,0.334563
12106,0.873146
12107,0.586916
12108,0.707769
12109,0.818589
12110,0.688302
12111,0.586134
12112,0.688833
12113,0.577414
12114,0.878509
12115,0.832152
12116,0.903518
12117,0.875827
12118,0.933023
12119,0.604316
12120,0.852062
12121,0.734637
12122,0.735214
12123,0.649947
12124,0.673086
12125,0.504473
12126,0.939965
12127,0.561991
12128,0.904533
12129,0.609715
12130,0.59883
12131,0.787888
12132,0.683343
12133,0.779461
12134,0.82979
12135,0.922968
12136,0.737443
12137,0.322745
12138,0.10523
12139,0.481272
12140,0.674343
12141,0.625411
12142,0.56667
12143,0.821207
12144,0.93219
12145,0.450513
12146,0.810203
12147,0.423312
12148,0.888162
12149,0.877845
12150,0.849163
12151,0.193081
12152,0.933826
12153,0.761509
12154,0.727125
12155,0.909101
12156,0.773687
12157,0.644535
12158,0.79963
12159,0.809386
12160,0.948749
12161,0.815367
12162,0.645553
12163,0.888145
12164,0.634371
12165,0.715855
12166,0.951779
12167,0.505699
12168,0.621483
12169,0.883519
12170,0.844134
12171,0.696462
12172,0.827572
12173,0.626316
12174,0.909651
12175,0.063
12176,0.920628
12177,0.819395
12178,0.862329
12179,0.53353
12180,0.898099
12181,0.671553
12182,0.59501
12183,0.732821
12184,0.638705
12185,0.611281
12186,0.717555
12187,0.530836
12188,0.962466
12189,0.627006
12190,0.815065
12191,0.539356
12192,0.968249
12193,0.783752
12194,0.845064
12195,0.899882
12196,0.835936
12197,0.893333
12198,0.910998
12199,0.78164
12200,0.592217
12201,0.535146
12202,0.932953
12203,0.91863
12204,0.605511
12205,0.775606
12206,0.769846
12207,0.934115
12208,0.559748
12209,0.906547
12210,0.894928
12211,0.786731
12212,0.93113
12213,0.78437
12214,0.841869
12215,0.573597
12216,0.681297
12217,0.940966
12218,0.724023
12219,0.628064
12220,0.649604
12221,0.720719
12222,0.722222
12223,0.882106
12224,0.739387
12225,0.437247
12226,0.822577
12227,0.829647
12228,0.53375
12229,0.789583
12230,0.927149
12231,0.487027
12232,0.7206
12233,0.54026
12234,0.795406
12235,0.68848
12236,0.948469
12237,0.849044
12238,0.811561
12239,0.723632
12240,0.704275
12241,0.564292
12242,0.838801
12243,0.462262
12244,0.84284
12245,0.825743
12246,0.776972
12247,0.237685
12248,0.791825
12249,0.702636
12250,0.746907
12251,0.798199
12252,0.583591
12253,0.590515
12254,0.863214
12255,0.579494
12256,0.961464
12257,0.686559
12258,0.697249
12259,0.958949
12260,0.941397
12261,0.142018
12262,0.755363
12263,0.791456
12264,0.493271
12265,0.742333
12266,0.82862
12267,0.766039
12268,0.945272
12269,0.842803
12270,0.873081
12271,0.778836
12272,0.923469
12273,0.710871
12274,0.936236
12275,0.7386
12276,0.613061
12277,0.644315
12278,0.80362
12279,0.584485
12280,0.871822
12281,0.831203
12282,0.75631
12283,0.533986
12284,0.729538
12285,0.871131
12286,0.841276
12287,0.657878
12288,0.802084
12289,0.466844
12290,0.803386
12291,0.91234
12292,0.636432
12293,0.719203
12294,0.494068
12295,0.915027
12296,0.854536
12297,0.60779
12298,0.921029
12299,0.765977
12300,0.925125
12301,0.416102
12302,0.774514
12303,0.948605
12304,0.589328
12305,0.838443
12306,0.935693
12307,0.675823
12308,0.95713
12309,0.716859
12310,0.865431
12311,0.878557
12312,0.842167
12313,0.877073
12314,0.074374
12315,0.405551
12316,0.826454
12317,0.760829
12318,0.157712
12319,0.767968
12320,0.658996
12321,0.748495
12322,0.597512
12323,0.589669
12324,0.744524
12325,0.561005
12326,0.390902
12327,0.616418
12328,0.812398
12329,0.5562
12330,0.81865
12331,0.712581
12332,0.516292
12333,0.800384
12334,0.807552
12335,0.799592
12336,0.674574
12337,0.383361
12338,0.807264
12339,0.602209
12340,0.841697
12341,0.685283
12342,0.792234
12343,0.610069
12344,0.883449
12345,0.84915
12346,0.892963
12347,0.88424
12348,0.619355
12349,0.741011
12350,0.927261
12351,0.618444
12352,0.961449
12353,0.78221
12354,0.699284
12355,0.943512
12356,0.923287
12357,0.701329
12358,0.917442
12359,0.053015
12360,0.949632
12361,0.629589
12362,0.874964
12363,0.732795
12364,0.862038
12365,0.861261
12366,0.611507
12367,0.665119
12368,0.718454
12369,0.567838
12370,0.715595
12371,0.913264
12372,0.373464
12373,0.905337
12374,0.892582
12375,0.675016
12376,0.641885
12377,0.89309
12378,0.727525
12379,0.834774
12380,0.58095
12381,0.696555
12382,0.926264
12383,0.761037
12384,0.857638
12385,0.490012
12386,0.641367
12387,0.598601
12388,0.787723
12389,0.727441
12390,0.700545
12391,0.944636
12392,0.541134
12393,0.729107
12394,0.92165
12395,0.955783
12396,0.685655
12397,0.7483
12398,0.558663
12399,0.911928
12400,0.664255
12401,0.766452
12402,0.159176
12403,0.654461
12404,0.525284
12405,0.8785
12406,0.697469
12407,0.786771
12408,0.549121
12409,0.725852
12410,0.813941
12411,0.867466
12412,0.629739
12413,0.517724
12414,0.91282
12415,0.881344
12416,0.862396
12417,0.589914
12418,0.804236
12419,0.721494
12420,0.954614
12421,0.782804
12422,0.576747
12423,0.860669
12424,0.877706
12425,0.712846
12426,0.865144
12427,0.957458
12428,0.89845
12429,0.078445
12430,0.670166
12431,0.185208
12432,0.78202
12433,0.92568
12434,0.917178
12435,0.199637
12436,0.789022
12437,0.958329
12438,0.86247
12439,0.824628
12440,0.858521
12441,0.761368
12442,0.961467
12443,0.728483
12444,0.902162
12445,0.895313
12446,0.825955
12447,0.827701
12448,0.20388
12449,0.735592
12450,0.938258
12451,0.598777
12452,0.620093
12453,0.766162
12454,0.74145
12455,0.712823
12456,0.880946
12457,0.929008
12458,0.864687
12459,0.59672
12460,0.514549
12461,0.709807
12462,0.79746
12463,0.817826
12464,0.851397
12465,0.519678
12466,0.959319
12467,0.811567
12468,0.696749
12469,0.889468
12470,0.662713
12471,0.545313
12472,0.865682
12473,0.789054
12474,0.957391
12475,0.852859
12476,0.737133
12477,0.718371
12478,0.623577
12479,0.521011
12480,0.632057
12481,0.715803
12482,0.76077
12483,0.923082
12484,0.752355
12485,0.532226
12486,0.500316
12487,0.911341
12488,0.91485
12489,0.91107
12490,0.076745
12491,0.930247
12492,0.899066
12493,0.665161
12494,0.908516
12495,0.668014
12496,0.923107
12497,0.766317
12498,0.772237
12499,0.724901
12500,0.717152
12501,0.811685
12502,0.935867
12503,0.694002
12504,0.602287
12505,0.896954
12506,0.832993
12507,0.686332
12508,0.34916
12509,0.569001
12510,0.074729
12511,0.763806
12512,0.862454
12513,0.750943
12514,0.854694
12515,0.645637
12516,0.638105
12517,0.890005
12518,0.855548
12519,0.760107
12520,0.807765
12521,0.52964
12522,0.952761
12523,0.484868
12524,0.611679
12525,0.786267
12526,0.726057
12527,0.883912
12528,0.635176
12529,0.846748
12530,0.699507
12531,0.949796
12532,0.727997
12533,0.953658
12534,0.66662
12535,0.722628
12536,0.574033
12537,0.838925
12538,0.53934
12539,0.629638
12540,0.456807
12541,0.816691
12542,0.694902
12543,0.681765
12544,0.698492
12545,0.677137
12546,0.584959
12547,0.773479
12548,0.165974
12549,0.891348
12550,0.557902
12551,0.701753
12552,0.683648
12553,0.949359
12554,0.742187
12555,0.791754
12556,0.851543
12557,0.619635
12558,0.89511
12559,0.90155
12560,0.541807
12561,0.697588
12562,0.123975
12563,0.853274
12564,0.423463
12565,0.554039
12566,0.813762
12567,0.567605
12568,0.911957
12569,0.908359
12570,0.860453
12571,0.931971
12572,0.953976
12573,0.920546
12574,0.867806
12575,0.741527
12576,0.90898
12577,0.678359
12578,0.923952
12579,0.505742
12580,0.565891
12581,0.460899
12582,0.761588
12583,0.905017
12584,0.776563
12585,0.502674
12586,0.847216
12587,0.498865
12588,0.615154
12589,0.568396
12590,0.890966
12591,0.651811
12592,0.945954
12593,0.534193
12594,0.419026
12595,0.601262
12596,0.845901
12597,0.066359
12598,0.79513
12599,0.831053
12600,0.612229
12601,0.89276
12602,0.88426
12603,0.94215
12604,0.726023
12605,0.894501
12606,0.921159
12607,0.830652
12608,0.65016
12609,0.780064
12610,0.425583
12611,0.863586
12612,0.791001
12613,0.828172
12614,0.73506
12615,0.786822
12616,0.705615
12617,0.76639
12618,0.795734
12619,0.584031
12620,0.295408
12621,0.828093
12622,0.787858
12623,0.72147
12624,0.615701
12625,0.696832
12626,0.739404
12627,0.630074
12628,0.587163
12629,0.957005
12630,0.543718
12631,0.745388
12632,0.943442
12633,0.962814
12634,0.892578
12635,0.667823
12636,0.856664
12637,0.824623
12638,0.672083
12639,0.072204
12640,0.567962
12641,0.699985
12642,0.617546
12643,0.760945
12644,0.938695
12645,0.680433
12646,0.634985
12647,0.752804
12648,0.815753
12649,0.53306
12650,0.928398
12651,0.89683
12652,0.607401
12653,0.558787
12654,0.678276
12655,0.859512
12656,0.865051
12657,0.841146
12658,0.724767
12659,0.834621
12660,0.687192
12661,0.76804
12662,0.77815
12663,0.817008
12664,0.137513
12665,0.655699
12666,0.550895
12667,0.824075
12668,0.917497
12669,0.661164
12670,0.73716
12671,0.962801
12672,0.658288
12673,0.891071
12674,0.74269
12675,0.701602
12676,0.640451
12677,0.6556
12678,0.782359
12679,0.838083
12680,0.635028
12681,0.402284
12682,0.825474
12683,0.95613
12684,0.67661
12685,0.894077
12686,0.683204
12687,0.58296
12688,0.503701
12689,0.617244
12690,0.911897
12691,0.701498
12692,0.845364
12693,0.740542
12694,0.548519
12695,0.923802
12696,0.667976
12697,0.74214
12698,0.912928
12699,0.380302
12700,0.858079
12701,0.114801
12702,0.682939
12703,0.817719
12704,0.872326
12705,0.551123
12706,0.76657
12707,0.949585
12708,0.948813
12709,0.896019
12710,0.700631
12711,0.686069
12712,0.800116
12713,0.610712
12714,0.751528
12715,0.693321
12716,0.774056
12717,0.857057
12718,0.843597
12719,0.503783
12720,0.739387
12721,0.765803
12722,0.085247
12723,0.581402
12724,0.772225
12725,0.756166
12726,0.803186
12727,0.545198
12728,0.60744
12729,0.498041
12730,0.350391
12731,0.655942
12732,0.620179
12733,0.480814
12734,0.5986
12735,0.605828
12736,0.579244
12737,0.869561
12738,0.843952
12739,0.52266
12740,0.741751
12741,0.578127
12742,0.767533
12743,0.877572
12744,0.829845
12745,0.679629
12746,0.354405
12747,0.655164
12748,0.819289
12749,0.143434
12750,0.920048
12751,0.779777
12752,0.934629
12753,0.955712
12754,0.835887
12755,0.864722
12756,0.816492
12757,0.563418
12758,0.906074
12759,0.899857
12760,0.776081
12761,0.551034
12762,0.732716
12763,0.790136
12764,0.654922
12765,0.875704
12766,0.642726
12767,0.810885
12768,0.722231
12769,0.921613
12770,0.690925
12771,0.802737
12772,0.685164
12773,0.622771
12774,0.757852
12775,0.778786
12776,0.72111
12777,0.709871
12778,0.698418
12779,0.769169
12780,0.78597
12781,0.720545
12782,0.700315
12783,0.790029
12784,0.325232
12785,0.591986
12786,0.527728
12787,0.877616
12788,0.688864
12789,0.654623
12790,0.887482
12791,0.720741
12792,0.456283
12793,0.943727
12794,0.793574
12795,0.689106
12796,0.878663
12797,0.830776
12798,0.594736
12799,0.905429
12800,0.459714
12801,0.683731
12802,0.544967
12803,0.717714
12804,0.926314
12805,0.692235
12806,0.607184
12807,0.755867
12808,0.892867
12809,0.054852
12810,0.463574
12811,0.578818
12812,0.798636
12813,0.587125
12814,0.667923
12815,0.842271
12816,0.692344
12817,0.746235
12818,0.912154
12819,0.74188
12820,0.697226
12821,0.926603
12822,0.572473
12823,0.566571
12824,0.917248
12825,0.451463
12826,0.51121
12827,0.720684
12828,0.855218
12829,0.874893
12830,0.745477
12831,0.95768
12832,0.953495
12833,0.528232
12834,0.704797
12835,0.937966
12836,0.515688
12837,0.852795
12838,0.672638
12839,0.545501
12840,0.086528
12841,0.709762
12842,0.7013
12843,0.83541
12844,0.830354
12845,0.91175
12846,0.811781
12847,0.665466
12848,0.749758
12849,0.392774
12850,0.712251
12851,0.782976
12852,0.512963
12853,0.95941
12854,0.792138
12855,0.834156
12856,0.702243
12857,0.940847
12858,0.12979
12859,0.809428
12860,0.452318
12861,0.925863
12862,0.780451
12863,0.740497
12864,0.66491
12865,0.959209
12866,0.89588
12867,0.966431
12868,0.650004
12869,0.679652
12870,0.534003
12871,0.709007
12872,0.916889
12873,0.63615
12874,0.901573
12875,0.789782
12876,0.924739
12877,0.378318
12878,0.84007
12879,0.925062
12880,0.850215
12881,0.170913
12882,0.711421
12883,0.693855
12884,0.646676
12885,0.951712
12886,0.780418
12887,0.837166
12888,0.955646
12889,0.766676
12890,0.847786
12891,0.851559
12892,0.94319
12893,0.76055
12894,0.909922
12895,0.895064
12896,0.720918
12897,0.631314
12898,0.672475
12899,0.698923
12900,0.626534
12901,0.894659
12902,0.882353
12903,0.712281
12904,0.851576
12905,0.716308
12906,0.577162
12907,0.834069
12908,0.91673
12909,0.806546
12910,0.786592
12911,0.734635
12912,0.544712
12913,0.749254
12914,0.938256
12915,0.535039
12916,0.651518
12917,0.606059
12918,0.243609
12919,0.650892
12920,0.650776
12921,0.71481
12922,0.554141
12923,0.718149
12924,0.721581
12925,0.7509
12926,0.618285
12927,0.624038
12928,0.556008
12929,0.637031
12930,0.774152
12931,0.390803
12932,0.557764
12933,0.780198
12934,0.746162
12935,0.689167
12936,0.717605
12937,0.933869
12938,0.7572
12939,0.856772
12940,0.907771
12941,0.830861
12942,0.686417
12943,0.644245
12944,0.308006
12945,0.117871
12946,0.870431
12947,0.957514
12948,0.83275
12949,0.945259
12950,0.54632
12951,0.814529
12952,0.848027
12953,0.834013
12954,0.835368
12955,0.744494
12956,0.568596
12957,0.103003
12958,0.821364
12959,0.8629
12960,0.492405
12961,0.518481
12962,0.889753
12963,0.798394
12964,0.950392
12965,0.648437
12966,0.900179
12967,0.700769
12968,0.629032
12969,0.614328
12970,0.645748
12971,0.723321
12972,0.387518
12973,0.702931
12974,0.707203
12975,0.92573
12976,0.890435
12977,0.676729
12978,0.933528
12979,0.786633
12980,0.701496
12981,0.651622
12982,0.621232
12983,0.807126
12984,0.611391
12985,0.851081
12986,0.761263
12987,0.07819
12988,0.408688
12989,0.736665
12990,0.960297
12991,0.063239
12992,0.740417
12993,0.645282
12994,0.651663
12995,0.68297
12996,0.553662
12997,0.896862
12998,0.513826
12999,0.905839
13000,0.714672
13001,0.817497
13002,0.74134
13003,0.758651
13004,0.721477
13005,0.805207
13006,0.592229
13007,0.629976
13008,0.673923
13009,0.40184
13010,0.517159
13011,0.803644
13012,0.840792
13013,0.943847
13014,0.366835
13015,0.902143
13016,0.589785
13017,0.824509
13018,0.904494
13019,0.837199
13020,0.756373
13021,0.837995
13022,0.774789
13023,0.701514
13024,0.771352
13025,0.301196
13026,0.512866
13027,0.618877
13028,0.906342
13029,0.94825
13030,0.738348
13031,0.367477
13032,0.806934
13033,0.873702
13034,0.592789
13035,0.880342
13036,0.69159
13037,0.931587
13038,0.693117
13039,0.58841
13040,0.943201
13041,0.736434
13042,0.530838
13043,0.682843
13044,0.889801
13045,0.578688
13046,0.92231
13047,0.915615
13048,0.890191
13049,0.779871
13050,0.502871
13051,0.424703
13052,0.906362
13053,0.65923
13054,0.599248
13055,0.626595
13056,0.722862
13057,0.696949
13058,0.118867
13059,0.791575
13060,0.553717
13061,0.612827
13062,0.877356
13063,0.562632
13064,0.604062
13065,0.837693
13066,0.774216
13067,0.896527
13068,0.748581
13069,0.776819
13070,0.291977
13071,0.555431
13072,0.82437
13073,0.575825
13074,0.786212
13075,0.535229
13076,0.735305
13077,0.813663
13078,0.503954
13079,0.761235
13080,0.877026
13081,0.416743
13082,0.677436
13083,0.836417
13084,0.738208
13085,0.413865
13086,0.499482
13087,0.586415
13088,0.701642
13089,0.85613
13090,0.791732
13091,0.818802
13092,0.567934
13093,0.889904
13094,0.857684
13095,0.810026
13096,0.541415
13097,0.5785
13098,0.530245
13099,0.686501
13100,0.235986
13101,0.726076
13102,0.767053
13103,0.691814
13104,0.864441
13105,0.212051
13106,0.75238
13107,0.537968
13108,0.728778
13109,0.670283
13110,0.544117
13111,0.69667
13112,0.928557
13113,0.754883
13114,0.461828
13115,0.650484
13116,0.515146
13117,0.746253
13118,0.684895
13119,0.931537
13120,0.721546
13121,0.737437
13122,0.864225
13123,0.445747
13124,0.760486
13125,0.757981
13126,0.657759
13127,0.554155
13128,0.515201
13129,0.790624
13130,0.813596
13131,0.766988
13132,0.831759
13133,0.939246
13134,0.890984
13135,0.508909
13136,0.685567
13137,0.653272
13138,0.608105
13139,0.952932
13140,0.889775
13141,0.565522
13142,0.691518
13143,0.681788
13144,0.567444
13145,0.575428
13146,0.844111
13147,0.893272
13148,0.666663
13149,0.837097
13150,0.506349
13151,0.560491
13152,0.068868
13153,0.750201
13154,0.547456
13155,0.669991
13156,0.835942
13157,0.588079
13158,0.628461
13159,0.930538
13160,0.805001
13161,0.85451
13162,0.902241
13163,0.800822
13164,0.917527
13165,0.729403
13166,0.604417
13167,0.679133
13168,0.764795
13169,0.40766
13170,0.602173
13171,0.921421
13172,0.810829
13173,0.693335
13174,0.922858
13175,0.61514
13176,0.771717
13177,0.931399
13178,0.736344
13179,0.511432
13180,0.910155
13181,0.705178
13182,0.570806
13183,0.736526
13184,0.873958
13185,0.669223
13186,0.335297
13187,0.936022
13188,0.870434
13189,0.706233
13190,0.488251
13191,0.835403
13192,0.619201
13193,0.95497
13194,0.534593
13195,0.363062
13196,0.752026
13197,0.78233
13198,0.628558
13199,0.965304
13200,0.931533
13201,0.947335
13202,0.886362
13203,0.910471
13204,0.881526
13205,0.800408
13206,0.910709
13207,0.50819
13208,0.700991
13209,0.843607
13210,0.608049
13211,0.564857
13212,0.836286
13213,0.587697
13214,0.830435
13215,0.684948
13216,0.778028
13217,0.534515
13218,0.90345
13219,0.856811
13220,0.795906
13221,0.863028
13222,0.668843
13223,0.947608
13224,0.839345
13225,0.669452
13226,0.767963
13227,0.662812
13228,0.711855
13229,0.675936
13230,0.394725
13231,0.348156
13232,0.664152
13233,0.830022
13234,0.612314
13235,0.735512
13236,0.811338
13237,0.85616
13238,0.806112
13239,0.729452
13240,0.908649
13241,0.71517
13242,0.664173
13243,0.861863
13244,0.940089
13245,0.740498
13246,0.820657
13247,0.618627
13248,0.848776
13249,0.849641
13250,0.531857
13251,0.681821
13252,0.53701
13253,0.710913
13254,0.531714
13255,0.817145
13256,0.70658
13257,0.807294
13258,0.927447
13259,0.704633
13260,0.834955
13261,0.902374
13262,0.566501
13263,0.929341
13264,0.888543
13265,0.842934
13266,0.827156
13267,0.590342
13268,0.862506
13269,0.865055
13270,0.097583
13271,0.574467
13272,0.820748
13273,0.596844
13274,0.590018
13275,0.668146
13276,0.834988
13277,0.875954
13278,0.852087
13279,0.856728
13280,0.612534
13281,0.904966
13282,0.732317
13283,0.275181
13284,0.816045
13285,0.567442
13286,0.078395
13287,0.57683
13288,0.936688
13289,0.076683
13290,0.725367
13291,0.856406
13292,0.671578
13293,0.888109
13294,0.55446
13295,0.902252
13296,0.895461
13297,0.765456
13298,0.690561
13299,0.696657
13300,0.938224
13301,0.717083
13302,0.922341
13303,0.675238
13304,0.965344
13305,0.723569
13306,0.614871
13307,0.905232
13308,0.568054
13309,0.77351
13310,0.952934
13311,0.780421
13312,0.076751
13313,0.777572
13314,0.724672
13315,0.69809
13316,0.568889
13317,0.901784
13318,0.468978
13319,0.836443
13320,0.913211
13321,0.070632
13322,0.162948
13323,0.925486
13324,0.36193
13325,0.65617
13326,0.757314
13327,0.576264
13328,0.634452
13329,0.827539
13330,0.922202
13331,0.941115
13332,0.960928
13333,0.930593
13334,0.840249
13335,0.690272
13336,0.812928
13337,0.407357
13338,0.715032
13339,0.891626
13340,0.682858
13341,0.687312
13342,0.802833
13343,0.519136
13344,0.379492
13345,0.8228
13346,0.763377
13347,0.853139
13348,0.588943
13349,0.596088
13350,0.627471
13351,0.638963
13352,0.769242
13353,0.898757
13354,0.363276
13355,0.723881
13356,0.835526
13357,0.550551
13358,0.636745
13359,0.272574
13360,0.718969
13361,0.885193
13362,0.793317
13363,0.742998
13364,0.816265
13365,0.956138
13366,0.672894
13367,0.45813
13368,0.672248
13369,0.658113
13370,0.590836
13371,0.714057
13372,0.905057
13373,0.607082
13374,0.855095
13375,0.869891
13376,0.833419
13377,0.717374
13378,0.598485
13379,0.938207
13380,0.09709
13381,0.690863
13382,0.910489
13383,0.806404
13384,0.503253
13385,0.72644
13386,0.853021
13387,0.81942
13388,0.91978
13389,0.918318
13390,0.131361
13391,0.182905
13392,0.518603
13393,0.93384
13394,0.963153
13395,0.824318
13396,0.850744
13397,0.651995
13398,0.708391
13399,0.714293
13400,0.773072
13401,0.630222
13402,0.735134
13403,0.696325
13404,0.566493
13405,0.689937
13406,0.905655
13407,0.947027
13408,0.754213
13409,0.529448
13410,0.911953
13411,0.958602
13412,0.781726
13413,0.916817
13414,0.467232
13415,0.830336
13416,0.463165
13417,0.77812
13418,0.521382
13419,0.916892
13420,0.881158
13421,0.249807
13422,0.900781
13423,0.70106
13424,0.930051
13425,0.719669
13426,0.895227
13427,0.572592
13428,0.686714
13429,0.821041
13430,0.912141
13431,0.563449
13432,0.625579
13433,0.767713
13434,0.495613
13435,0.846018
13436,0.803198
13437,0.878799
13438,0.741278
13439,0.821452
13440,0.806165
13441,0.759992
13442,0.161576
13443,0.846073
13444,0.677323
13445,0.542763
13446,0.938293
13447,0.869441
13448,0.944395
13449,0.742898
13450,0.90121
13451,0.803819
13452,0.889932
13453,0.59929
13454,0.751763
13455,0.758952
13456,0.082738
13457,0.9364
13458,0.730568
13459,0.70478
13460,0.655511
13461,0.748852
13462,0.649343
13463,0.611161
13464,0.567039
13465,0.377109
13466,0.521706
13467,0.643923
13468,0.7582
13469,0.556747
13470,0.944773
13471,0.902281
13472,0.757655
13473,0.73762
13474,0.572161
13475,0.708518
13476,0.388068
13477,0.860659
13478,0.820836
13479,0.749659
13480,0.546742
13481,0.921016
13482,0.639898
13483,0.923681
13484,0.692389
13485,0.881189
13486,0.728833
13487,0.806958
13488,0.45317
13489,0.637857
13490,0.859249
13491,0.760917
13492,0.951569
13493,0.812617
13494,0.646181
13495,0.570339
13496,0.803461
13497,0.832614
13498,0.763905
13499,0.667699
13500,0.910509
13501,0.788904
13502,0.9577
13503,0.93228
13504,0.708053
13505,0.7346
13506,0.753525
13507,0.831724
13508,0.06335
13509,0.885659
13510,0.836266
13511,0.703275
13512,0.802092
13513,0.866176
13514,0.750377
13515,0.802186
13516,0.704526
13517,0.859988
13518,0.650528
13519,0.604593
13520,0.476876
13521,0.674595
13522,0.867015
13523,0.656817
13524,0.448022
13525,0.5716
13526,0.924355
13527,0.848588
13528,0.369839
13529,0.783376
13530,0.918041
13531,0.535792
13532,0.775826
13533,0.752427
13534,0.774265
13535,0.059003
13536,0.767102
13537,0.367328
13538,0.326278
13539,0.886354
13540,0.810595
13541,0.751089
13542,0.781425
13543,0.927632
13544,0.873821
13545,0.787976
13546,0.808756
13547,0.534569
13548,0.314175
13549,0.727216
13550,0.830868
13551,0.590092
13552,0.560174
13553,0.831591
13554,0.842369
13555,0.773972
13556,0.500386
13557,0.916337
13558,0.895083
13559,0.8051
13560,0.943946
13561,0.8979
13562,0.955326
13563,0.744403
13564,0.06279
13565,0.554005
13566,0.680909
13567,0.770077
13568,0.961021
13569,0.866401
13570,0.698991
13571,0.69171
13572,0.950247
13573,0.572061
13574,0.851918
13575,0.81317
13576,0.586993
13577,0.71622
13578,0.527674
13579,0.85501
13580,0.379464
13581,0.765047
13582,0.930503
13583,0.407
13584,0.568491
13585,0.934292
13586,0.795631
13587,0.891526
13588,0.745218
13589,0.812157
13590,0.55637
13591,0.746667
13592,0.582023
13593,0.067348
13594,0.914818
13595,0.959919
13596,0.812205
13597,0.900201
13598,0.316803
13599,0.526892
13600,0.830369
13601,0.769308
13602,0.862924
13603,0.658452
13604,0.781841
13605,0.865144
13606,0.735619
13607,0.829252
13608,0.853478
13609,0.769578
13610,0.621498
13611,0.427266
13612,0.820475
13613,0.87726
13614,0.574786
13615,0.732853
13616,0.904156
13617,0.650684
13618,0.56269
13619,0.713526
13620,0.859706
13621,0.746056
13622,0.909943
13623,0.771644
13624,0.878633
13625,0.567817
13626,0.952799
13627,0.678235
13628,0.947088
13629,0.897651
13630,0.535935
13631,0.958438
13632,0.707035
13633,0.511264
13634,0.893187
13635,0.618601
13636,0.875616
13637,0.83678
13638,0.810538
13639,0.670086
13640,0.749834
13641,0.76959
13642,0.801457
13643,0.612588
13644,0.453558
13645,0.677448
13646,0.361516
13647,0.279566
13648,0.437267
13649,0.90565
13650,0.473553
13651,0.789634
13652,0.551891
13653,0.883872
13654,0.623002
13655,0.763136
13656,0.646028
13657,0.576349
13658,0.868019
13659,0.555478
13660,0.598259
13661,0.575051
13662,0.598967
13663,0.487882
13664,0.946179
13665,0.539482
13666,0.602912
13667,0.767826
13668,0.518299
13669,0.843201
13670,0.624142
13671,0.515802
13672,0.927975
13673,0.872226
13674,0.639342
13675,0.808525
13676,0.86567
13677,0.839921
13678,0.696606
13679,0.82872
13680,0.883503
13681,0.520867
13682,0.585695
13683,0.057634
13684,0.87462
13685,0.631896
13686,0.851533
13687,0.303994
13688,0.709595
13689,0.950205
13690,0.902874
13691,0.562771
13692,0.923926
13693,0.638129
13694,0.837045
13695,0.765371
13696,0.307853
13697,0.642975
13698,0.929139
13699,0.498591
13700,0.910305
13701,0.865406
13702,0.852056
13703,0.533184
13704,0.824428
13705,0.596531
13706,0.857146
13707,0.152897
13708,0.791932
13709,0.867867
13710,0.678879
13711,0.590827
13712,0.540799
13713,0.803626
13714,0.783705
13715,0.817998
13716,0.82391
13717,0.929708
13718,0.665445
13719,0.621063
13720,0.867748
13721,0.779087
13722,0.889129
13723,0.938374
13724,0.87787
13725,0.954456
13726,0.172951
13727,0.644173
13728,0.507594
13729,0.665842
13730,0.965561
13731,0.76043
13732,0.955499
13733,0.926443
13734,0.945292
13735,0.913912
13736,0.910613
13737,0.95427
13738,0.857685
13739,0.530247
13740,0.291659
13741,0.892752
13742,0.365495
13743,0.552351
13744,0.426237
13745,0.63312
13746,0.921432
13747,0.075074
13748,0.726638
13749,0.786706
13750,0.926864
13751,0.913996
13752,0.799424
13753,0.679917
13754,0.821139
13755,0.613251
13756,0.466019
13757,0.116781
13758,0.84529
13759,0.86514
13760,0.569813
13761,0.801046
13762,0.902232
13763,0.636465
13764,0.928886
13765,0.541775
13766,0.960244
13767,0.582578
13768,0.758985
13769,0.556448
13770,0.83364
13771,0.935985
13772,0.690571
13773,0.758971
13774,0.67431
13775,0.93282
13776,0.839256
13777,0.620974
13778,0.760325
13779,0.674098
13780,0.926265
13781,0.89055
13782,0.490372
13783,0.924762
13784,0.924015
13785,0.862556
13786,0.767138
13787,0.722178
13788,0.661127
13789,0.586721
13790,0.098558
13791,0.939836
13792,0.837312
13793,0.647565
13794,0.710322
13795,0.928594
13796,0.466236
13797,0.780759
13798,0.448377
13799,0.725115
13800,0.523586
13801,0.889574
13802,0.783207
13803,0.644269
13804,0.899203
13805,0.615896
13806,0.912626
13807,0.697953
13808,0.648075
13809,0.747206
13810,0.435065
13811,0.94916
13812,0.780762
13813,0.873028
13814,0.591933
13815,0.924718
13816,0.729396
13817,0.749141
13818,0.786232
13819,0.815395
13820,0.763201
13821,0.420626
13822,0.586214
13823,0.848679
13824,0.798688
13825,0.740051
13826,0.725551
13827,0.894441
13828,0.464438
13829,0.966581
13830,0.725995
13831,0.801488
13832,0.575811
13833,0.662075
13834,0.893297
13835,0.910466
13836,0.845426
13837,0.741639
13838,0.959509
13839,0.696657
13840,0.921241
13841,0.850453
13842,0.93498
13843,0.676206
13844,0.407954
13845,0.690006
13846,0.941027
13847,0.523752
13848,0.69091
13849,0.560512
13850,0.692155
13851,0.782017
13852,0.904954
13853,0.94929
13854,0.588603
13855,0.724388
13856,0.793862
13857,0.519007
13858,0.680831
13859,0.853136
13860,0.835944
13861,0.680605
13862,0.757003
13863,0.811299
13864,0.885055
13865,0.823447
13866,0.855397
13867,0.73785
13868,0.914833
13869,0.608859
13870,0.58256
13871,0.816629
13872,0.711574
13873,0.910094
13874,0.918889
13875,0.906835
13876,0.455555
13877,0.808762
13878,0.922048
13879,0.733416
13880,0.963324
13881,0.887755
13882,0.71227
13883,0.776865
13884,0.739103
13885,0.781465
13886,0.749964
13887,0.958329
13888,0.153941
13889,0.702128
13890,0.777517
13891,0.660684
13892,0.960089
13893,0.800475
13894,0.962318
13895,0.809112
13896,0.730673
13897,0.618863
13898,0.378928
13899,0.915501
13900,0.773436
13901,0.657937
13902,0.571434
13903,0.752209
13904,0.560146
13905,0.741826
13906,0.600507
13907,0.944207
13908,0.732933
13909,0.841308
13910,0.764623
13911,0.724886
13912,0.685423
13913,0.737652
13914,0.957507
13915,0.728063
13916,0.753027
13917,0.539298
13918,0.937862
13919,0.83832
13920,0.825003
13921,0.492114
13922,0.318949
13923,0.504711
13924,0.679629
13925,0.756929
13926,0.570005
13927,0.633107
13928,0.676704
13929,0.639708
13930,0.611787
13931,0.818189
13932,0.898212
13933,0.72257
13934,0.943115
13935,0.765591
13936,0.708487
13937,0.954798
13938,0.876628
13939,0.851855
13940,0.77908
13941,0.331151
13942,0.533985
13943,0.853999
13944,0.776167
13945,0.912913
13946,0.684039
13947,0.668319
13948,0.624699
13949,0.753752
13950,0.731312
13951,0.630814
13952,0.962054
13953,0.575585
13954,0.9646
13955,0.55097
13956,0.57217
13957,0.935582
13958,0.896846
13959,0.495719
13960,0.662839
13961,0.694616
13962,0.532127
13963,0.884295
13964,0.734634
13965,0.8651
13966,0.958884
13967,0.827298
13968,0.439082
13969,0.696989
13970,0.764759
13971,0.809716
13972,0.758893
13973,0.725749
13974,0.428363
13975,0.739912
13976,0.955971
13977,0.713443
13978,0.765682
13979,0.551998
13980,0.926669
13981,0.655493
13982,0.573257
13983,0.833644
13984,0.798906
13985,0.749724
13986,0.681534
13987,0.44542
13988,0.389625
13989,0.727582
13990,0.933577
13991,0.718757
13992,0.807733
13993,0.450049
13994,0.874459
13995,0.778656
13996,0.955363
13997,0.794752
13998,0.679062
13999,0.632499
14000,0.696113
14001,0.625402
14002,0.760503
14003,0.846713
14004,0.617021
14005,0.880731
14006,0.90449
14007,0.459747
14008,0.900579
14009,0.959728
14010,0.944837
14011,0.768411
14012,0.624694
14013,0.684125
14014,0.664415
14015,0.737554
14016,0.611253
14017,0.705821
14018,0.931512
14019,0.288784
14020,0.721234
14021,0.702863
14022,0.948989
14023,0.509974
14024,0.71981
14025,0.483078
14026,0.954413
14027,0.664381
14028,0.95117
14029,0.871582
14030,0.957955
14031,0.6113
14032,0.543749
14033,0.8298
14034,0.95214
14035,0.954368
14036,0.794319
14037,0.503833
14038,0.595921
14039,0.543728
14040,0.938605
14041,0.690787
14042,0.760799
14043,0.796123
14044,0.890099
14045,0.139702
14046,0.823099
14047,0.881259
14048,0.537702
14049,0.954276
14050,0.053945
14051,0.709694
14052,0.536963
14053,0.645511
14054,0.766864
14055,0.784262
14056,0.9249
14057,0.681349
14058,0.911658
14059,0.499887
14060,0.083598
14061,0.770874
14062,0.784709
14063,0.514981
14064,0.928405
14065,0.878419
14066,0.497263
14067,0.726564
14068,0.825401
14069,0.594508
14070,0.619465
14071,0.668694
14072,0.966668
14073,0.742435
14074,0.077465
14075,0.78095
14076,0.52423
14077,0.739951
14078,0.8228
14079,0.852894
14080,0.849983
14081,0.828494
14082,0.95995
14083,0.849568
14084,0.705505
14085,0.900159
14086,0.33012
14087,0.926106
14088,0.902873
14089,0.522068
14090,0.773367
14091,0.652372
14092,0.834
14093,0.748056
14094,0.67988
14095,0.809501
14096,0.876802
14097,0.614673
14098,0.69258
14099,0.883866
14100,0.51541
14101,0.911685
14102,0.459077
14103,0.64344
14104,0.881047
14105,0.784658
14106,0.87134
14107,0.958337
14108,0.505015
14109,0.490942
14110,0.810689
14111,0.760674
14112,0.947803
14113,0.519698
14114,0.640311
14115,0.900617
14116,0.631733
14117,0.906179
14118,0.716358
14119,0.913477
14120,0.527281
14121,0.93249
14122,0.889221
14123,0.797696
14124,0.832454
14125,0.487576
14126,0.83394
14127,0.662762
14128,0.598259
14129,0.931158
14130,0.704438
14131,0.600018
14132,0.594508
14133,0.309163
14134,0.792316
14135,0.787675
14136,0.691429
14137,0.83825
14138,0.924044
14139,0.689052
14140,0.875348
14141,0.878839
14142,0.60749
14143,0.637597
14144,0.84493
14145,0.348951
14146,0.427932
14147,0.540751
14148,0.694414
14149,0.941897
14150,0.915296
14151,0.685006
14152,0.849144
14153,0.069707
14154,0.896749
14155,0.803413
14156,0.824206
14157,0.54916
14158,0.811243
14159,0.934362
14160,0.494698
14161,0.516512
14162,0.466784
14163,0.161336
14164,0.932606
14165,0.679773
14166,0.952387
14167,0.693909
14168,0.513949
14169,0.72052
14170,0.932556
14171,0.439873
14172,0.875737
14173,0.914949
14174,0.680287
14175,0.618541
14176,0.823596
14177,0.743082
14178,0.339244
14179,0.453655
14180,0.722183
14181,0.097333
14182,0.854149
14183,0.865434
14184,0.80744
14185,0.917996
14186,0.917454
14187,0.931021
14188,0.598492
14189,0.830214
14190,0.666295
14191,0.834195
14192,0.843022
14193,0.964028
14194,0.687721
14195,0.69631
14196,0.946279
14197,0.351434
14198,0.839442
14199,0.857469
14200,0.758799
14201,0.955179
14202,0.814091
14203,0.772713
14204,0.8845
14205,0.89695
14206,0.602479
14207,0.540253
14208,0.486438
14209,0.893669
14210,0.856374
14211,0.956173
14212,0.751825
14213,0.636729
14214,0.64273
14215,0.366082
14216,0.484995
14217,0.606945
14218,0.957017
14219,0.776347
14220,0.920468
14221,0.714216
14222,0.584393
14223,0.658467
14224,0.897367
14225,0.956191
14226,0.692881
14227,0.683529
14228,0.703755
14229,0.638811
14230,0.631418
14231,0.788203
14232,0.894565
14233,0.762343
14234,0.630044
14235,0.901707
14236,0.664206
14237,0.90379
14238,0.554929
14239,0.523386
14240,0.662461
14241,0.945504
14242,0.681321
14243,0.946503
14244,0.601501
14245,0.648483
14246,0.933459
14247,0.760235
14248,0.830335
14249,0.853178
14250,0.888962
14251,0.761178
14252,0.799338
14253,0.723755
14254,0.812721
14255,0.909016
14256,0.928411
14257,0.464543
14258,0.950877
14259,0.510455
14260,0.562232
14261,0.55303
14262,0.84179
14263,0.915058
14264,0.803442
14265,0.631148
14266,0.632532
14267,0.880074
14268,0.801682
14269,0.951137
14270,0.892577
14271,0.845149
14272,0.90863
14273,0.807959
14274,0.537482
14275,0.85286
14276,0.845808
14277,0.429653
14278,0.713811
14279,0.929481
14280,0.957856
14281,0.58975
14282,0.876806
14283,0.908442
14284,0.929469
14285,0.731549
14286,0.775245
14287,0.695207
14288,0.435158
14289,0.906499
14290,0.686683
14291,0.749891
14292,0.720887
14293,0.553688
14294,0.735494
14295,0.799762
14296,0.081283
14297,0.727718
14298,0.521402
14299,0.845132
14300,0.730305
14301,0.950711
14302,0.894031
14303,0.89039
14304,0.88982
14305,0.804609
14306,0.961826
14307,0.596638
14308,0.931252
14309,0.521443
14310,0.942538
14311,0.704746
14312,0.693665
14313,0.758285
14314,0.831214
14315,0.720335
14316,0.815085
14317,0.638547
14318,0.721815
14319,0.672601
14320,0.510643
14321,0.825643
14322,0.837455
14323,0.888108
14324,0.666455
14325,0.806232
14326,0.564058
14327,0.683926
14328,0.513782
14329,0.780064
14330,0.385904
14331,0.291604
14332,0.551668
14333,0.953676
14334,0.742132
14335,0.509824
14336,0.818476
14337,0.733991
14338,0.86813
14339,0.767924
14340,0.814438
14341,0.516676
14342,0.689288
14343,0.766806
14344,0.170033
14345,0.483874
14346,0.594433
14347,0.870131
14348,0.594803
14349,0.864662
14350,0.063868
14351,0.665485
14352,0.487815
14353,0.899122
14354,0.794079
14355,0.304675
14356,0.921938
14357,0.908237
14358,0.727207
14359,0.533265
14360,0.95261
14361,0.708542
14362,0.945821
14363,0.521842
14364,0.219113
14365,0.918678
14366,0.73052
14367,0.85478
14368,0.611639
14369,0.681626
14370,0.716217
14371,0.843724
14372,0.841825
14373,0.525073
14374,0.843783
14375,0.540725
14376,0.546805
14377,0.900277
14378,0.103645
14379,0.64413
14380,0.677822
14381,0.951082
14382,0.599645
14383,0.600861
14384,0.598765
14385,0.634037
14386,0.170241
14387,0.891555
14388,0.889933
14389,0.632235
14390,0.84493
14391,0.387635
14392,0.626605
14393,0.535532
14394,0.698874
14395,0.542972
14396,0.476674
14397,0.681008
14398,0.862225
14399,0.60202
14400,0.705863
14401,0.437017
14402,0.675729
14403,0.958731
14404,0.732664
14405,0.763852
14406,0.811243
14407,0.902987
14408,0.899185
14409,0.944789
14410,0.290576
14411,0.949246
14412,0.716597
14413,0.794371
14414,0.962067
14415,0.56288
14416,0.955952
14417,0.611057
14418,0.440736
14419,0.736565
14420,0.799154
14421,0.752085
14422,0.707899
14423,0.831434
14424,0.945489
14425,0.776146
14426,0.869807
14427,0.699497
14428,0.381232
14429,0.7633
14430,0.536417
14431,0.055898
14432,0.718529
14433,0.768424
14434,0.26097
14435,0.673819
14436,0.335481
14437,0.915282
14438,0.706409
14439,0.822734
14440,0.658975
14441,0.764993
14442,0.863672
14443,0.688499
14444,0.683788
14445,0.706927
14446,0.73585
14447,0.908954
14448,0.750349
14449,0.949017
14450,0.780873
14451,0.929474
14452,0.84788
14453,0.615903
14454,0.744208
14455,0.756521
14456,0.367964
14457,0.899106
14458,0.754055
14459,0.462052
14460,0.803007
14461,0.725323
14462,0.878906
14463,0.683324
14464,0.815262
14465,0.905447
14466,0.787567
14467,0.45857
14468,0.874764
14469,0.717068
14470,0.887369
14471,0.831612
14472,0.807625
14473,0.632623
14474,0.85268
14475,0.484407
14476,0.438944
14477,0.667789
14478,0.687919
14479,0.738825
14480,0.892858
14481,0.722951
14482,0.656686
14483,0.819627
14484,0.55075
14485,0.613473
14486,0.938981
14487,0.871759
14488,0.042995
14489,0.702206
14490,0.576223
14491,0.887994
14492,0.84754
14493,0.955599
14494,0.783445
14495,0.834246
14496,0.607491
14497,0.965157
14498,0.695408
14499,0.733936
14500,0.568323
14501,0.648959
14502,0.942184
14503,0.773296
14504,0.78293
14505,0.584147
14506,0.765169
14507,0.595125
14508,0.902856
14509,0.772059
14510,0.772698
14511,0.609323
14512,0.63002
14513,0.591583
14514,0.579606
14515,0.486332
14516,0.82579
14517,0.620176
14518,0.851301
14519,0.74039
14520,0.760863
14521,0.856799
14522,0.768822
14523,0.900518
14524,0.461109
14525,0.047692
14526,0.825391
14527,0.680632
14528,0.425791
14529,0.828591
14530,0.629084
14531,0.74459
14532,0.679361
14533,0.849165
14534,0.831739
14535,0.290182
14536,0.534373
14537,0.886326
14538,0.629106
14539,0.803647
14540,0.440638
14541,0.826149
14542,0.594545
14543,0.863004
14544,0.640047
14545,0.81102
14546,0.58186
14547,0.52779
14548,0.570129
14549,0.553231
14550,0.752941
14551,0.903022
14552,0.791559
14553,0.514642
14554,0.83111
14555,0.79151
14556,0.820104
14557,0.771781
14558,0.686918
14559,0.641782
14560,0.756233
14561,0.744807
14562,0.60234
14563,0.611086
14564,0.669885
14565,0.927347
14566,0.812645
14567,0.645308
14568,0.876185
14569,0.577355
14570,0.938306
14571,0.938968
14572,0.835163
14573,0.861489
14574,0.660159
14575,0.786628
14576,0.757868
14577,0.82363
14578,0.757186
14579,0.5324
14580,0.246822
14581,0.912947
14582,0.792994
14583,0.79938
14584,0.744447
14585,0.629291
14586,0.948673
14587,0.926679
14588,0.448386
14589,0.393502
14590,0.931133
14591,0.878968
14592,0.836554
14593,0.197279
14594,0.769594
14595,0.527844
14596,0.715134
14597,0.831225
14598,0.591669
14599,0.634222
14600,0.420894
14601,0.566434
14602,0.902183
14603,0.663404
14604,0.625736
14605,0.586737
14606,0.614317
14607,0.840831
14608,0.57628
14609,0.69488
14610,0.836709
14611,0.535958
14612,0.643253
14613,0.748738
14614,0.86717
14615,0.416774
14616,0.897814
14617,0.869394
14618,0.703398
14619,0.678404
14620,0.927835
14621,0.76539
14622,0.754678
14623,0.778389
14624,0.738637
14625,0.76212
14626,0.680787
14627,0.171456
14628,0.710506
14629,0.827395
14630,0.882636
14631,0.485135
14632,0.744069
14633,0.757435
14634,0.751054
14635,0.842932
14636,0.813099
14637,0.702937
14638,0.541909
14639,0.863262
14640,0.654911
14641,0.629726
14642,0.808352
14643,0.906836
14644,0.82466
14645,0.80402
14646,0.781242
14647,0.928476
14648,0.864998
14649,0.945814
14650,0.907595
14651,0.218273
14652,0.475015
14653,0.667641
14654,0.926153
14655,0.127793
14656,0.876455
14657,0.941197
14658,0.531436
14659,0.789594
14660,0.823607
14661,0.849032
14662,0.955709
14663,0.843197
14664,0.68918
14665,0.619585
14666,0.891094
14667,0.794031
14668,0.787196
14669,0.640611
14670,0.8286
14671,0.942544
14672,0.423576
14673,0.500851
14674,0.907244
14675,0.962448
14676,0.95926
14677,0.46234
14678,0.593753
14679,0.764973
14680,0.827417
14681,0.567624
14682,0.77378
14683,0.854029
14684,0.920625
14685,0.459716
14686,0.673549
14687,0.905298
14688,0.950726
14689,0.874294
14690,0.935714
14691,0.830494
14692,0.650793
14693,0.803509
14694,0.668344
14695,0.707774
14696,0.900941
14697,0.459468
14698,0.455696
14699,0.840058
14700,0.829568
14701,0.328594
14702,0.739812
14703,0.556911
14704,0.688758
14705,0.605949
14706,0.694121
14707,0.697051
14708,0.710058
14709,0.745436
14710,0.653504
14711,0.884106
14712,0.902461
14713,0.787316
14714,0.22156
14715,0.728694
14716,0.802491
14717,0.658419
14718,0.489733
14719,0.585381
14720,0.700138
14721,0.828456
14722,0.71214
14723,0.787016
14724,0.58462
14725,0.687052
14726,0.83991
14727,0.887751
14728,0.199352
14729,0.930684
14730,0.782898
14731,0.880241
14732,0.819803
14733,0.791668
14734,0.684183
14735,0.927609
14736,0.909784
14737,0.898084
14738,0.933348
14739,0.898689
14740,0.80459
14741,0.698173
14742,0.891603
14743,0.898322
14744,0.625401
14745,0.68808
14746,0.617144
14747,0.573562
14748,0.756195
14749,0.745553
14750,0.711835
14751,0.9288
14752,0.80887
14753,0.529552
14754,0.085
14755,0.957699
14756,0.866559
14757,0.772329
14758,0.888496
14759,0.633094
14760,0.711287
14761,0.382445
14762,0.537674
14763,0.851436
14764,0.935237
14765,0.775313
14766,0.689599
14767,0.65482
14768,0.935292
14769,0.71248
14770,0.441467
14771,0.952762
14772,0.783776
14773,0.943783
14774,0.922753
14775,0.723808
14776,0.779338
14777,0.604871
14778,0.59654
14779,0.785874
14780,0.557769
14781,0.780142
14782,0.736901
14783,0.576691
14784,0.791787
14785,0.857233
14786,0.710234
14787,0.842072
14788,0.838008
14789,0.577167
14790,0.676282
14791,0.906402
14792,0.876272
14793,0.533398
14794,0.813183
14795,0.938326
14796,0.716136
14797,0.745209
14798,0.83321
14799,0.688841
14800,0.760522
14801,0.798162
14802,0.74668
14803,0.526848
14804,0.667842
14805,0.59782
14806,0.878055
14807,0.554404
14808,0.604025
14809,0.932611
14810,0.843069
14811,0.770283
14812,0.899561
14813,0.707512
14814,0.660039
14815,0.588017
14816,0.864148
14817,0.82839
14818,0.895134
14819,0.433052
14820,0.870154
14821,0.750683
14822,0.776432
14823,0.530614
14824,0.762406
14825,0.702796
14826,0.551785
14827,0.944886
14828,0.679582
14829,0.965178
14830,0.960202
14831,0.613195
14832,0.887941
14833,0.676482
14834,0.757698
14835,0.561367
14836,0.742538
14837,0.77203
14838,0.590462
14839,0.876572
14840,0.830035
14841,0.466931
14842,0.765677
14843,0.84424
14844,0.494841
14845,0.673992
14846,0.635787
14847,0.930053
14848,0.834992
14849,0.386515
14850,0.964847
14851,0.947446
14852,0.752834
14853,0.887852
14854,0.629914
14855,0.953819
14856,0.054155
14857,0.571796
14858,0.50621
14859,0.738844
14860,0.865458
14861,0.907
14862,0.696754
14863,0.68388
14864,0.718471
14865,0.728609
14866,0.524532
14867,0.125218
14868,0.771167
14869,0.637604
14870,0.863125
14871,0.82502
14872,0.248832
14873,0.851593
14874,0.612438
14875,0.85987
14876,0.508879
14877,0.563552
14878,0.75436
14879,0.850905
14880,0.83964
14881,0.908165
14882,0.822454
14883,0.205099
14884,0.705085
14885,0.890596
14886,0.55072
14887,0.691123
14888,0.946786
14889,0.152469
14890,0.713067
14891,0.680386
14892,0.566127
14893,0.825174
14894,0.660268
14895,0.947902
14896,0.725303
14897,0.93943
14898,0.91611
14899,0.932044
14900,0.723216
14901,0.48552
14902,0.708531
14903,0.610152
14904,0.69972
14905,0.754073
14906,0.810333
14907,0.56923
14908,0.940082
14909,0.63339
14910,0.920932
14911,0.793589
14912,0.914044
14913,0.741136
14914,0.744924
14915,0.543215
14916,0.820905
14917,0.967079
14918,0.697277
14919,0.715779
14920,0.892052
14921,0.800379
14922,0.771571
14923,0.548926
14924,0.862097
14925,0.809082
14926,0.887021
14927,0.918811
14928,0.753233
14929,0.752258
14930,0.739454
14931,0.75344
14932,0.662093
14933,0.852382
14934,0.56464
14935,0.588541
14936,0.570192
14937,0.474714
14938,0.594927
14939,0.623162
14940,0.870801
14941,0.957259
14942,0.614257
14943,0.767651
14944,0.711522
14945,0.535719
14946,0.576712
14947,0.54148
14948,0.605652
14949,0.722209
14950,0.611298
14951,0.819539
14952,0.792412
14953,0.456286
14954,0.942449
14955,0.838788
14956,0.321552
14957,0.700617
14958,0.702038
14959,0.516772
14960,0.783611
14961,0.620313
14962,0.556492
14963,0.873536
14964,0.80865
14965,0.71008
14966,0.704277
14967,0.796729
14968,0.910074
14969,0.562898
14970,0.819474
14971,0.733053
14972,0.896625
14973,0.949069
14974,0.640082
14975,0.576584
14976,0.779878
14977,0.904143
14978,0.846161
14979,0.71335
14980,0.606362
14981,0.913384
14982,0.599053
14983,0.712019
14984,0.727901
14985,0.966382
14986,0.763845
14987,0.911471
14988,0.721086
14989,0.839048
14990,0.761875
14991,0.898893
14992,0.659527
14993,0.878474
14994,0.955766
14995,0.883677
14996,0.484226
14997,0.950841
14998,0.758741
14999,0.532787
15000,0.909824
15001,0.693766
15002,0.931733
15003,0.930233
15004,0.676544
15005,0.893127
15006,0.692168
15007,0.822062
15008,0.857974
15009,0.606462
15010,0.536219
15011,0.652183
15012,0.882757
15013,0.363271
15014,0.588344
15015,0.87857
15016,0.825052
15017,0.66481
15018,0.961949
15019,0.714196
15020,0.648041
15021,0.717855
15022,0.736037
15023,0.615369
15024,0.92215
15025,0.772759
15026,0.633367
15027,0.602325
15028,0.826834
15029,0.62925
15030,0.530981
15031,0.428617
15032,0.772882
15033,0.552556
15034,0.865242
15035,0.674993
15036,0.953429
15037,0.690531
15038,0.751272
15039,0.667404
15040,0.459838
15041,0.889139
15042,0.718857
15043,0.535324
15044,0.565615
15045,0.407225
15046,0.732035
15047,0.723535
15048,0.682588
15049,0.864645
15050,0.687084
15051,0.71739
15052,0.611422
15053,0.879477
15054,0.687164
15055,0.57595
15056,0.777632
15057,0.650725
15058,0.658779
15059,0.928461
15060,0.276474
15061,0.78936
15062,0.579162
15063,0.865311
15064,0.945013
15065,0.913357
15066,0.74463
15067,0.766854
15068,0.90396
15069,0.628959
15070,0.691898
15071,0.795758
15072,0.339311
15073,0.869436
15074,0.902576
15075,0.585787
15076,0.701666
15077,0.928892
15078,0.914791
15079,0.744722
15080,0.77357
15081,0.742237
15082,0.70543
15083,0.869849
15084,0.758702
15085,0.818665
15086,0.720277
15087,0.813571
15088,0.48644
15089,0.948651
15090,0.825256
15091,0.903886
15092,0.769575
15093,0.610723
15094,0.953799
15095,0.829266
15096,0.960717
15097,0.786616
15098,0.622286
15099,0.739301
15100,0.885773
15101,0.347028
15102,0.582769
15103,0.625648
15104,0.864167
15105,0.700392
15106,0.551178
15107,0.956529
15108,0.498164
15109,0.588162
15110,0.779283
15111,0.822607
15112,0.761012
15113,0.661428
15114,0.865813
15115,0.765293
15116,0.679172
15117,0.825443
15118,0.90055
15119,0.548821
15120,0.626576
15121,0.884419
15122,0.958878
15123,0.652155
15124,0.571192
15125,0.645218
15126,0.902437
15127,0.719347
15128,0.896863
15129,0.827205
15130,0.708838
15131,0.569005
15132,0.667791
15133,0.814406
15134,0.600759
15135,0.610681
15136,0.710661
15137,0.738575
15138,0.618859
15139,0.941001
15140,0.832241
15141,0.513062
15142,0.55524
15143,0.68982
15144,0.908636
15145,0.611116
15146,0.648898
15147,0.733385
15148,0.699685
15149,0.92059
15150,0.699514
15151,0.913545
15152,0.828649
15153,0.497425
15154,0.793569
15155,0.703816
15156,0.744672
15157,0.639405
15158,0.710351
15159,0.910132
15160,0.875857
15161,0.957409
15162,0.513405
15163,0.689931
15164,0.45034
15165,0.631228
15166,0.788855
15167,0.399958
15168,0.69998
15169,0.64978
15170,0.776822
15171,0.962854
15172,0.059488
15173,0.961179
15174,0.952206
15175,0.777797
15176,0.507446
15177,0.058979
15178,0.488985
15179,0.913051
15180,0.847183
15181,0.756599
15182,0.777554
15183,0.506282
15184,0.691893
15185,0.855459
15186,0.822567
15187,0.504255
15188,0.839243
15189,0.639386
15190,0.858685
15191,0.738421
15192,0.842811
15193,0.838234
15194,0.903097
15195,0.740074
15196,0.678301
15197,0.739334
15198,0.552255
15199,0.951708
15200,0.825482
15201,0.776303
15202,0.595604
15203,0.719922
15204,0.813701
15205,0.957511
15206,0.693021
15207,0.719683
15208,0.675517
15209,0.942087
15210,0.528639
15211,0.556768
15212,0.919421
15213,0.503659
15214,0.931687
15215,0.956967
15216,0.424372
15217,0.662984
15218,0.631712
15219,0.128146
15220,0.807716
15221,0.773346
15222,0.726058
15223,0.81309
15224,0.73139
15225,0.155766
15226,0.658773
15227,0.816424
15228,0.535853
15229,0.947523
15230,0.615526
15231,0.610526
15232,0.691289
15233,0.445287
15234,0.844598
15235,0.794489
15236,0.761701
15237,0.902209
15238,0.835828
15239,0.897709
15240,0.812916
15241,0.887903
15242,0.755367
15243,0.889968
15244,0.684606
15245,0.857669
15246,0.59217
15247,0.939245
15248,0.84576
15249,0.758757
15250,0.607522
15251,0.59114
15252,0.726386
15253,0.615459
15254,0.596722
15255,0.295814
15256,0.548285
15257,0.812703
15258,0.657916
15259,0.917356
15260,0.672128
15261,0.888794
15262,0.791505
15263,0.424943
15264,0.687864
15265,0.69495
15266,0.455617
15267,0.953513
15268,0.2238
15269,0.837195
15270,0.691641
15271,0.775204
15272,0.598832
15273,0.547835
15274,0.675457
15275,0.749237
15276,0.473271
15277,0.367442
15278,0.692322
15279,0.863275
15280,0.756215
15281,0.829093
15282,0.677175
15283,0.949224
15284,0.819665
15285,0.518124
15286,0.550236
15287,0.702916
15288,0.689448
15289,0.700096
15290,0.498022
15291,0.931533
15292,0.844649
15293,0.585423
15294,0.775413
15295,0.761237
15296,0.937764
15297,0.887884
15298,0.951611
15299,0.95264
15300,0.698372
15301,0.775503
15302,0.776515
15303,0.593178
15304,0.788082
15305,0.41098
15306,0.704851
15307,0.901795
15308,0.070025
15309,0.823791
15310,0.651846
15311,0.642685
15312,0.78384
15313,0.545714
15314,0.645035
15315,0.233704
15316,0.491324
15317,0.923822
15318,0.522707
15319,0.647645
15320,0.939864
15321,0.700524
15322,0.572523
15323,0.86122
15324,0.476069
15325,0.543269
15326,0.812642
15327,0.62091
15328,0.625874
15329,0.578214
15330,0.760306
15331,0.095067
15332,0.901683
15333,0.55111
15334,0.669889
15335,0.168725
15336,0.66778
15337,0.553558
15338,0.953177
15339,0.932997
15340,0.638888
15341,0.74967
15342,0.625766
15343,0.698103
15344,0.715126
15345,0.842084
15346,0.553546
15347,0.652704
15348,0.941564
15349,0.813187
15350,0.75972
15351,0.93924
15352,0.750719
15353,0.691024
15354,0.662536
15355,0.585209
15356,0.389794
15357,0.959238
15358,0.595526
15359,0.786312
15360,0.615801
15361,0.624339
15362,0.551067
15363,0.708581
15364,0.68402
15365,0.829452
15366,0.937744
15367,0.550009
15368,0.63081
15369,0.637243
15370,0.652752
15371,0.569116
15372,0.810217
15373,0.865707
15374,0.188469
15375,0.959749
15376,0.940364
15377,0.903873
15378,0.050992
15379,0.884041
15380,0.746667
15381,0.731912
15382,0.594336
15383,0.893795
15384,0.784201
15385,0.895899
15386,0.545168
15387,0.489095
15388,0.817842
15389,0.682934
15390,0.480394
15391,0.803568
15392,0.81597
15393,0.527525
15394,0.893139
15395,0.769564
15396,0.599536
15397,0.705636
15398,0.847276
15399,0.133326
15400,0.874527
15401,0.800317
15402,0.654661
15403,0.802901
15404,0.757807
15405,0.797832
15406,0.708406
15407,0.825021
15408,0.813665
15409,0.9236
15410,0.822201
15411,0.420677
15412,0.588025
15413,0.961498
15414,0.788695
15415,0.526947
15416,0.572714
15417,0.688137
15418,0.584546
15419,0.903898
15420,0.596429
15421,0.76274
15422,0.780794
15423,0.711699
15424,0.080505
15425,0.275105
15426,0.764964
15427,0.472302
15428,0.675054
15429,0.869262
15430,0.215101
15431,0.686687
15432,0.925508
15433,0.062728
15434,0.674883
15435,0.953232
15436,0.624356
15437,0.625557
15438,0.484192
15439,0.838529
15440,0.742087
15441,0.500705
15442,0.499125
15443,0.624
15444,0.769758
15445,0.822036
15446,0.720116
15447,0.675417
15448,0.898852
15449,0.759913
15450,0.21928
15451,0.838698
15452,0.884597
15453,0.886577
15454,0.827287
15455,0.731958
15456,0.623952
15457,0.755892
15458,0.852863
15459,0.688133
15460,0.848304
15461,0.711908
15462,0.610615
15463,0.756291
15464,0.770472
15465,0.280195
15466,0.832224
15467,0.744597
15468,0.5877
15469,0.906529
15470,0.936543
15471,0.860894
15472,0.896087
15473,0.903638
15474,0.943102
15475,0.74867
15476,0.79093
15477,0.810265
15478,0.800662
15479,0.81985
15480,0.867165
15481,0.568825
15482,0.840797
15483,0.762889
15484,0.462277
15485,0.92737
15486,0.761147
15487,0.545843
15488,0.898102
15489,0.515951
15490,0.584397
15491,0.751849
15492,0.600605
15493,0.600578
15494,0.819622
15495,0.41124
15496,0.52845
15497,0.926874
15498,0.07316
15499,0.909694
15500,0.691969
15501,0.749579
15502,0.68298
15503,0.08911
15504,0.413051
15505,0.807736
15506,0.464269
15507,0.519663
15508,0.663224
15509,0.956731
15510,0.419221
15511,0.940615
15512,0.659138
15513,0.945775
15514,0.723376
15515,0.489562
15516,0.479432
15517,0.58309
15518,0.965225
15519,0.909494
15520,0.459213
15521,0.77718
15522,0.880159
15523,0.957085
15524,0.84037
15525,0.837718
15526,0.930375
15527,0.806857
15528,0.745617
15529,0.831418
15530,0.887315
15531,0.729102
15532,0.771949
15533,0.445103
15534,0.891626
15535,0.752061
15536,0.95275
15537,0.859825
15538,0.790068
15539,0.686243
15540,0.939704
15541,0.757933
15542,0.630479
15543,0.867817
15544,0.474769
15545,0.090584
15546,0.722877
15547,0.667409
15548,0.669582
15549,0.708778
15550,0.774993
15551,0.858683
15552,0.663308
15553,0.8906
15554,0.544702
15555,0.710853
15556,0.826375
15557,0.10193
15558,0.050223
15559,0.943138
15560,0.431268
15561,0.829377
15562,0.73519
15563,0.721707
15564,0.730351
15565,0.728388
15566,0.813032
15567,0.730213
15568,0.880724
15569,0.537755
15570,0.538555
15571,0.906105
15572,0.844784
15573,0.610443
15574,0.966869
15575,0.845224
15576,0.725674
15577,0.895019
15578,0.947508
15579,0.927744
15580,0.639127
15581,0.56391
15582,0.922505
15583,0.963607
15584,0.580096
15585,0.567936
15586,0.240422
15587,0.792225
15588,0.706093
15589,0.868854
15590,0.316248
15591,0.742249
15592,0.921991
15593,0.717025
15594,0.872666
15595,0.768794
15596,0.807198
15597,0.631832
15598,0.522973
15599,0.545145
15600,0.534073
15601,0.855634
15602,0.859331
15603,0.594365
15604,0.830577
15605,0.682976
15606,0.948659
15607,0.965424
15608,0.926097
15609,0.571172
15610,0.888829
15611,0.596715
15612,0.872271
15613,0.754222
15614,0.434371
15615,0.804764
15616,0.443171
15617,0.578526
15618,0.93395
15619,0.828585
15620,0.526999
15621,0.423431
15622,0.606092
15623,0.958034
15624,0.69503
15625,0.542693
15626,0.715525
15627,0.950151
15628,0.439754
15629,0.873566
15630,0.690386
15631,0.757089
15632,0.534503
15633,0.889547
15634,0.920028
15635,0.553403
15636,0.738244
15637,0.281611
15638,0.540569
15639,0.859894
15640,0.888736
15641,0.640027
15642,0.797432
15643,0.375938
15644,0.833924
15645,0.725121
15646,0.756174
15647,0.136596
15648,0.921311
15649,0.890968
15650,0.932374
15651,0.874926
15652,0.738656
15653,0.811173
15654,0.52449
15655,0.8955
15656,0.787376
15657,0.808725
15658,0.6081
15659,0.601109
15660,0.868179
15661,0.665909
15662,0.96406
15663,0.689974
15664,0.59667
15665,0.568069
15666,0.961067
15667,0.753628
15668,0.935882
15669,0.904017
15670,0.830069
15671,0.890606
15672,0.655016
15673,0.56949
15674,0.962305
15675,0.927742
15676,0.526334
15677,0.716355
15678,0.844702
15679,0.7815
15680,0.847812
15681,0.675186
15682,0.935583
15683,0.551903
15684,0.687631
15685,0.832735
15686,0.865932
15687,0.880303
15688,0.800588
15689,0.817131
15690,0.599979
15691,0.935786
15692,0.899483
15693,0.672903
15694,0.624027
15695,0.689265
15696,0.921094
15697,0.87818
15698,0.772228
15699,0.813423
15700,0.070968
15701,0.745832
15702,0.625598
15703,0.856543
15704,0.639616
15705,0.751124
15706,0.815411
15707,0.963537
15708,0.965478
15709,0.882757
15710,0.870698
15711,0.960474
15712,0.88569
15713,0.756619
15714,0.761153
15715,0.82581
15716,0.871724
15717,0.897619
15718,0.928818
15719,0.637981
15720,0.511685
15721,0.818075
15722,0.487581
15723,0.627946
15724,0.870189
15725,0.851687
15726,0.673606
15727,0.902762
15728,0.841759
15729,0.937934
15730,0.571266
15731,0.359887
15732,0.723737
15733,0.537544
15734,0.797426
15735,0.535819
15736,0.948507
15737,0.226084
15738,0.797309
15739,0.626489
15740,0.631521
15741,0.539568
15742,0.77588
15743,0.766734
15744,0.880067
15745,0.772448
15746,0.611778
15747,0.697698
15748,0.930692
15749,0.916141
15750,0.957678
15751,0.510439
15752,0.532311
15753,0.581875
15754,0.919702
15755,0.59383
15756,0.905697
15757,0.696715
15758,0.74308
15759,0.699655
15760,0.860147
15761,0.850363
15762,0.704708
15763,0.838199
15764,0.793624
15765,0.932187
15766,0.929935
15767,0.462881
15768,0.684265
15769,0.712612
15770,0.881791
15771,0.88445
15772,0.659786
15773,0.771689
15774,0.729835
15775,0.561715
15776,0.835861
15777,0.5278
15778,0.236816
15779,0.450134
15780,0.486046
15781,0.787074
15782,0.868287
15783,0.732621
15784,0.401459
15785,0.742188
15786,0.916348
15787,0.833509
15788,0.658437
15789,0.946092
15790,0.796207
15791,0.829302
15792,0.944001
15793,0.686579
15794,0.614507
15795,0.498594
15796,0.645682
15797,0.796489
15798,0.818059
15799,0.632245
15800,0.581558
15801,0.662109
15802,0.792427
15803,0.766919
15804,0.608176
15805,0.928083
15806,0.71141
15807,0.566871
15808,0.72673
15809,0.486273
15810,0.908505
15811,0.862611
15812,0.421896
15813,0.6156
15814,0.698903
15815,0.744982
15816,0.474204
15817,0.734371
15818,0.828229
15819,0.92228
15820,0.840449
15821,0.682042
15822,0.869224
15823,0.821687
15824,0.937483
15825,0.799019
15826,0.60617
15827,0.498925
15828,0.941151
15829,0.947278
15830,0.785536
15831,0.721771
15832,0.149525
15833,0.668157
15834,0.798579
15835,0.958755
15836,0.762642
15837,0.752748
15838,0.780338
15839,0.883816
15840,0.725746
15841,0.557343
15842,0.789807
15843,0.63417
15844,0.63457
15845,0.186879
15846,0.892542
15847,0.675779
15848,0.929179
15849,0.66287
15850,0.717543
15851,0.80467
15852,0.827889
15853,0.455465
15854,0.405447
15855,0.888528
15856,0.919332
15857,0.780997
15858,0.164893
15859,0.614148
15860,0.838829
15861,0.675458
15862,0.814101
15863,0.618628
15864,0.90343
15865,0.612471
15866,0.098034
15867,0.203344
15868,0.892751
15869,0.952324
15870,0.826149
15871,0.831613
15872,0.900496
15873,0.918961
15874,0.666428
15875,0.957559
15876,0.904279
15877,0.80382
15878,0.941643
15879,0.596243
15880,0.724057
15881,0.870608
15882,0.67831
15883,0.661632
15884,0.354147
15885,0.845053
15886,0.598057
15887,0.866324
15888,0.851563
15889,0.734312
15890,0.513504
15891,0.590636
15892,0.963243
15893,0.775278
15894,0.761781
15895,0.592798
15896,0.7132
15897,0.955049
15898,0.76334
15899,0.579109
15900,0.836628
15901,0.507254
15902,0.500733
15903,0.652601
15904,0.859742
15905,0.959089
15906,0.644506
15907,0.960978
15908,0.205416
15909,0.909864
15910,0.653511
15911,0.635715
15912,0.28057
15913,0.918902
15914,0.960229
15915,0.842439
15916,0.707891
15917,0.673337
15918,0.947649
15919,0.399978
15920,0.79569
15921,0.774034
15922,0.740425
15923,0.893782
15924,0.922785
15925,0.626059
15926,0.68156
15927,0.797087
15928,0.541973
15929,0.887324
15930,0.354965
15931,0.718876
15932,0.942113
15933,0.872707
15934,0.715258
15935,0.951353
15936,0.609455
15937,0.846406
15938,0.708439
15939,0.614446
15940,0.823369
15941,0.665241
15942,0.598957
15943,0.864231
15944,0.957502
15945,0.887358
15946,0.533819
15947,0.83596
15948,0.050341
15949,0.944229
15950,0.690214
15951,0.919397
15952,0.82296
15953,0.759669
15954,0.921527
15955,0.681068
15956,0.513029
15957,0.194911
15958,0.784482
15959,0.941481
15960,0.765451
15961,0.793382
15962,0.532603
15963,0.70599
15964,0.784119
15965,0.903732
15966,0.717189
15967,0.949732
15968,0.937669
15969,0.782161
15970,0.907701
15971,0.505491
15972,0.540395
15973,0.957723
15974,0.717315
15975,0.826785
15976,0.85032
15977,0.685815
15978,0.798858
15979,0.547619
15980,0.931941
15981,0.884971
15982,0.626435
15983,0.710032
15984,0.626354
15985,0.956114
15986,0.792227
15987,0.625786
15988,0.61689
15989,0.716405
15990,0.924438
15991,0.552015
15992,0.809119
15993,0.922534
15994,0.654453
15995,0.906519
15996,0.729581
15997,0.871865
15998,0.929811
15999,0.899066
16000,0.748017
16001,0.927837
16002,0.655583
16003,0.536998
16004,0.679108
16005,0.748557
16006,0.867632
16007,0.813613
16008,0.854275
16009,0.683336
16010,0.937806
16011,0.788566
16012,0.726439
16013,0.821575
16014,0.749688
16015,0.681336
16016,0.797172
16017,0.921996
16018,0.592837
16019,0.074997
16020,0.860003
16021,0.938068
16022,0.740018
16023,0.70699
16024,0.944169
16025,0.740181
16026,0.590435
16027,0.511996
16028,0.690435
16029,0.938869
16030,0.848487
16031,0.575319
16032,0.632313
16033,0.864563
16034,0.955836
16035,0.542983
16036,0.856673
16037,0.653015
16038,0.577774
16039,0.545919
16040,0.726177
16041,0.706566
16042,0.863047
16043,0.695878
16044,0.674432
16045,0.554477
16046,0.819954
16047,0.661371
16048,0.948321
16049,0.823977
16050,0.468541
16051,0.542815
16052,0.71145
16053,0.856421
16054,0.537363
16055,0.820064
16056,0.837929
16057,0.718753
16058,0.610934
16059,0.670579
16060,0.823665
16061,0.865516
16062,0.626967
16063,0.899022
16064,0.893074
16065,0.814895
16066,0.8231
16067,0.656599
16068,0.644088
16069,0.956101
16070,0.950261
16071,0.868372
16072,0.773243
16073,0.609635
16074,0.907913
16075,0.128422
16076,0.860679
16077,0.931196
16078,0.154447
16079,0.743019
16080,0.792382
16081,0.058785
16082,0.564444
16083,0.945389
16084,0.716057
16085,0.750841
16086,0.685794
16087,0.605494
16088,0.413006
16089,0.761648
16090,0.448839
16091,0.801449
16092,0.666509
16093,0.553406
16094,0.742799
16095,0.672205
16096,0.793913
16097,0.848463
16098,0.744477
16099,0.919822
16100,0.880452
16101,0.822248
16102,0.568787
16103,0.585564
16104,0.654864
16105,0.517886
16106,0.754728
16107,0.913622
16108,0.710995
16109,0.768973
16110,0.775277
16111,0.659396
16112,0.759321
16113,0.846694
16114,0.904615
16115,0.926666
16116,0.80869
16117,0.079739
16118,0.913925
16119,0.812853
16120,0.873479
16121,0.897532
16122,0.746331
16123,0.885972
16124,0.805563
16125,0.720267
16126,0.701569
16127,0.618902
16128,0.519208
16129,0.801589
16130,0.642732
16131,0.698751
16132,0.756663
16133,0.759501
16134,0.718746
16135,0.704258
16136,0.570972
16137,0.183522
16138,0.664822
16139,0.663596
16140,0.820051
16141,0.568397
16142,0.907895
16143,0.487741
16144,0.572461
16145,0.933872
16146,0.645767
16147,0.592323
16148,0.307503
16149,0.229211
16150,0.75678
16151,0.707528
16152,0.930156
16153,0.140756
16154,0.649274
16155,0.625655
16156,0.591069
16157,0.775069
16158,0.787154
16159,0.798772
16160,0.735838
16161,0.934123
16162,0.888348
16163,0.749199
16164,0.773869
16165,0.569334
16166,0.855279
16167,0.370307
16168,0.75411
16169,0.917197
16170,0.695963
16171,0.452888
16172,0.899156
16173,0.86571
16174,0.731408
16175,0.847388
16176,0.716947
16177,0.629435
16178,0.598252
16179,0.597082
16180,0.885313
16181,0.692655
16182,0.710345
16183,0.898233
16184,0.675414
16185,0.766203
16186,0.614697
16187,0.754714
16188,0.929052
16189,0.482282
16190,0.701772
16191,0.841278
16192,0.829154
16193,0.590298
16194,0.814574
16195,0.655026
16196,0.076784
16197,0.936308
16198,0.816227
16199,0.78964
16200,0.800055
16201,0.603317
16202,0.642552
16203,0.911667
16204,0.904283
16205,0.577958
16206,0.890442
16207,0.792248
16208,0.733418
16209,0.669929
16210,0.946206
16211,0.517211
16212,0.839387
16213,0.718969
16214,0.75135
16215,0.900602
16216,0.861673
16217,0.422468
16218,0.921278
16219,0.865061
16220,0.546889
16221,0.909308
16222,0.938608
16223,0.937106
16224,0.204631
16225,0.749474
16226,0.857073
16227,0.937258
16228,0.853173
16229,0.764487
16230,0.892721
16231,0.655893
16232,0.681283
16233,0.568861
16234,0.520439
16235,0.929904
16236,0.704698
16237,0.218474
16238,0.921401
16239,0.911266
16240,0.672634
16241,0.855782
16242,0.778512
16243,0.588668
16244,0.872317
16245,0.585453
16246,0.757558
16247,0.687757
16248,0.609841
16249,0.956748
16250,0.627443
16251,0.714681
16252,0.93188
16253,0.786933
16254,0.822025
16255,0.858611
16256,0.652491
16257,0.790173
16258,0.956371
16259,0.583884
16260,0.569578
16261,0.612158
16262,0.635816
16263,0.952794
16264,0.67259
16265,0.698702
16266,0.770314
16267,0.835848
16268,0.698514
16269,0.91425
16270,0.670572
16271,0.65378
16272,0.498922
16273,0.933781
16274,0.528807
16275,0.908691
16276,0.930926
16277,0.478504
16278,0.07136
16279,0.044959
16280,0.626371
16281,0.757191
16282,0.580451
16283,0.694179
16284,0.849977
16285,0.751743
16286,0.723306
16287,0.523477
16288,0.704408
16289,0.585104
16290,0.915942
16291,0.937775
16292,0.365803
16293,0.886585
16294,0.716144
16295,0.571322
16296,0.865087
16297,0.609094
16298,0.532223
16299,0.713334
16300,0.475811
16301,0.834674
16302,0.925536
16303,0.582249
16304,0.885234
16305,0.878953
16306,0.715268
16307,0.896003
16308,0.315161
16309,0.694536
16310,0.486776
16311,0.897557
16312,0.352733
16313,0.541355
16314,0.45732
16315,0.515705
16316,0.815384
16317,0.826989
16318,0.632255
16319,0.695736
16320,0.533177
16321,0.748742
16322,0.566679
16323,0.824145
16324,0.918509
16325,0.52451
16326,0.834304
16327,0.716478
16328,0.949732
16329,0.700383
16330,0.810878
16331,0.851066
16332,0.420307
16333,0.710135
16334,0.735676
16335,0.826058
16336,0.078983
16337,0.918612
16338,0.926085
16339,0.677792
16340,0.828297
16341,0.864531
16342,0.91017
16343,0.708416
16344,0.692303
16345,0.780665
16346,0.912131
16347,0.810249
16348,0.907321
16349,0.751204
16350,0.690394
16351,0.753264
16352,0.60369
16353,0.694912
16354,0.743335
16355,0.768057
16356,0.694735
16357,0.911722
16358,0.812494
16359,0.716159
16360,0.848286
16361,0.681775
16362,0.839792
16363,0.592663
16364,0.757687
16365,0.449567
16366,0.579184
16367,0.829792
16368,0.648129
16369,0.850566
16370,0.741515
16371,0.899775
16372,0.862111
16373,0.95786
16374,0.739274
16375,0.947865
16376,0.897383
16377,0.543114
16378,0.744167
16379,0.885511
16380,0.904123
16381,0.928739
16382,0.796332
16383,0.925613
16384,0.065646
16385,0.686725
16386,0.561673
16387,0.429356
16388,0.58564
16389,0.850149
16390,0.925132
16391,0.887017
16392,0.923805
16393,0.67493
16394,0.67726
16395,0.48495
16396,0.752793
16397,0.911119
16398,0.526527
16399,0.91683
16400,0.891738
16401,0.618509
16402,0.442329
16403,0.774787
16404,0.689644
16405,0.054262
16406,0.80439
16407,0.767118
16408,0.963569
16409,0.835424
16410,0.655851
16411,0.795494
16412,0.614915
16413,0.680641
16414,0.924401
16415,0.568223
16416,0.947075
16417,0.118831
16418,0.503283
16419,0.702174
16420,0.831138
16421,0.77205
16422,0.911976
16423,0.597663
16424,0.533105
16425,0.82842
16426,0.559916
16427,0.814126
16428,0.91058
16429,0.662224
16430,0.509504
16431,0.67954
16432,0.815475
16433,0.689432
16434,0.791332
16435,0.913449
16436,0.868178
16437,0.810754
16438,0.82636
16439,0.237906
16440,0.438702
16441,0.750496
16442,0.935403
16443,0.763685
16444,0.392997
16445,0.581326
16446,0.838751
16447,0.596932
16448,0.932554
16449,0.812508
16450,0.557428
16451,0.819957
16452,0.740853
16453,0.875176
16454,0.803366
16455,0.442684
16456,0.807535
16457,0.658223
16458,0.933899
16459,0.789643
16460,0.745898
16461,0.059427
16462,0.847602
16463,0.565231
16464,0.555099
16465,0.946092
16466,0.952882
16467,0.83947
16468,0.763669
16469,0.681547
16470,0.825856
16471,0.879721
16472,0.431776
16473,0.764366
16474,0.697084
16475,0.689064
16476,0.930883
16477,0.935522
16478,0.769233
16479,0.728117
16480,0.957706
16481,0.942491
16482,0.735812
16483,0.921653
16484,0.572035
16485,0.8471
16486,0.71931
16487,0.525757
16488,0.862152
16489,0.785325
16490,0.961508
16491,0.705938
16492,0.84839
16493,0.648743
16494,0.917876
16495,0.693475
16496,0.829145
16497,0.95757
16498,0.501598
16499,0.869971
16500,0.566036
16501,0.76144
16502,0.6828
16503,0.633626
16504,0.63559
16505,0.439265
16506,0.957213
16507,0.783557
16508,0.511644
16509,0.446455
16510,0.081746
16511,0.189137
16512,0.912527
16513,0.812003
16514,0.913826
16515,0.899734
16516,0.509359
16517,0.813231
16518,0.837936
16519,0.598611
16520,0.600636
16521,0.47722
16522,0.543234
16523,0.842495
16524,0.594883
16525,0.565185
16526,0.725631
16527,0.672602
16528,0.67816
16529,0.601405
16530,0.811185
16531,0.67054
16532,0.958338
16533,0.741275
16534,0.920137
16535,0.60037
16536,0.880537
16537,0.933144
16538,0.762424
16539,0.596935
16540,0.603071
16541,0.819857
16542,0.849325
16543,0.764837
16544,0.747371
16545,0.625536
16546,0.436655
16547,0.952936
16548,0.595425
16549,0.54055
16550,0.628265
16551,0.554608
16552,0.623268
16553,0.63643
16554,0.567831
16555,0.951879
16556,0.193892
16557,0.954699
16558,0.906128
16559,0.550139
16560,0.545896
16561,0.722433
16562,0.745503
16563,0.900559
16564,0.833922
16565,0.474952
16566,0.9482
16567,0.689901
16568,0.944855
16569,0.607446
16570,0.83908
16571,0.640018
16572,0.65077
16573,0.880162
16574,0.575714
16575,0.383081
16576,0.833359
16577,0.465991
16578,0.73071
16579,0.771766
16580,0.642636
16581,0.484977
16582,0.759836
16583,0.77287
16584,0.699266
16585,0.648232
16586,0.838215
16587,0.95458
16588,0.288377
16589,0.342622
16590,0.621483
16591,0.495156
16592,0.740981
16593,0.919609
16594,0.931558
16595,0.938572
16596,0.570249
16597,0.902111
16598,0.70355
16599,0.75843
16600,0.548999
16601,0.652579
16602,0.584571
16603,0.805763
16604,0.925092
16605,0.71024
16606,0.864048
16607,0.854611
16608,0.815076
16609,0.904586
16610,0.904089
16611,0.915622
16612,0.616116
16613,0.856478
16614,0.803645
16615,0.861557
16616,0.553942
16617,0.110423
16618,0.93145
16619,0.507196
16620,0.770224
16621,0.960745
16622,0.714559
16623,0.190258
16624,0.588885
16625,0.490487
16626,0.860633
16627,0.061172
16628,0.717217
16629,0.603179
16630,0.959281
16631,0.629406
16632,0.525914
16633,0.872952
16634,0.737533
16635,0.616117
16636,0.740188
16637,0.921662
16638,0.711043
16639,0.688159
16640,0.640102
16641,0.788658
16642,0.965351
16643,0.238406
16644,0.951429
16645,0.514471
16646,0.937609
16647,0.857707
16648,0.943654
16649,0.735191
16650,0.406793
16651,0.628901
16652,0.734077
16653,0.961167
16654,0.949435
16655,0.616251
16656,0.764648
16657,0.350229
16658,0.452331
16659,0.835596
16660,0.577327
16661,0.679197
16662,0.439635
16663,0.656468
16664,0.768046
16665,0.837106
16666,0.514848
16667,0.930738
16668,0.823809
16669,0.656318
16670,0.841123
16671,0.883756
16672,0.764656
16673,0.613713
16674,0.636537
16675,0.943373
16676,0.883287
16677,0.586654
16678,0.060316
16679,0.889597
16680,0.84099
16681,0.804072
16682,0.498859
16683,0.697867
16684,0.846586
16685,0.543802
16686,0.543712
16687,0.697152
16688,0.535749
16689,0.787509
16690,0.851687
16691,0.874177
16692,0.857188
16693,0.497557
16694,0.520857
16695,0.752206
16696,0.955553
16697,0.866776
16698,0.686468
16699,0.607319
16700,0.603197
16701,0.587674
16702,0.195901
16703,0.947307
16704,0.904165
16705,0.637939
16706,0.840213
16707,0.91174
16708,0.421674
16709,0.943812
16710,0.295215
16711,0.86693
16712,0.84722
16713,0.684054
16714,0.877076
16715,0.561838
16716,0.738771
16717,0.788302
16718,0.696396
16719,0.640783
16720,0.919944
16721,0.741218
16722,0.589925
16723,0.598181
16724,0.76126
16725,0.779043
16726,0.887538
16727,0.746484
16728,0.836668
16729,0.905652
16730,0.951138
16731,0.791639
16732,0.595361
16733,0.187924
16734,0.844976
16735,0.620873
16736,0.729826
16737,0.597296
16738,0.609617
16739,0.727391
16740,0.817136
16741,0.895181
16742,0.537794
16743,0.751275
16744,0.955238
16745,0.860183
16746,0.965618
16747,0.493853
16748,0.585676
16749,0.582213
16750,0.945287
16751,0.764293
16752,0.845726
16753,0.795567
16754,0.631124
16755,0.792738
16756,0.866198
16757,0.542176
16758,0.671127
16759,0.666184
16760,0.735693
16761,0.751877
16762,0.949998
16763,0.688592
16764,0.945396
16765,0.386045
16766,0.75933
16767,0.679852
16768,0.89027
16769,0.856147
16770,0.922614
16771,0.647034
16772,0.533547
16773,0.912368
16774,0.54914
16775,0.864037
16776,0.469354
16777,0.730987
16778,0.878265
16779,0.914383
16780,0.808384
16781,0.837685
16782,0.804007
16783,0.85452
16784,0.621337
16785,0.715169
16786,0.950686
16787,0.270866
16788,0.949044
16789,0.636478
16790,0.752657
16791,0.907991
16792,0.601422
16793,0.957959
16794,0.684221
16795,0.845061
16796,0.930186
16797,0.757472
16798,0.622733
16799,0.529215
16800,0.92066
16801,0.911434
16802,0.773867
16803,0.956594
16804,0.826999
16805,0.87836
16806,0.637801
16807,0.847914
16808,0.361273
16809,0.774501
16810,0.915297
16811,0.802399
16812,0.773934
16813,0.427306
16814,0.838117
16815,0.794313
16816,0.96368
16817,0.872003
16818,0.815754
16819,0.919211
16820,0.617877
16821,0.690007
16822,0.936216
16823,0.743077
16824,0.855255
16825,0.514912
16826,0.732147
16827,0.550113
16828,0.62984
16829,0.691776
16830,0.747707
16831,0.560981
16832,0.645903
16833,0.732768
16834,0.834973
16835,0.684678
16836,0.840361
16837,0.949124
16838,0.804068
16839,0.615217
16840,0.570618
16841,0.795966
16842,0.91362
16843,0.605733
16844,0.867624
16845,0.514531
16846,0.894136
16847,0.726252
16848,0.779163
16849,0.530077
16850,0.901166
16851,0.917286
16852,0.316396
16853,0.552402
16854,0.739102
16855,0.713399
16856,0.629344
16857,0.855602
16858,0.763601
16859,0.580952
16860,0.844917
16861,0.871089
16862,0.778591
16863,0.80412
16864,0.8114
16865,0.551852
16866,0.884769
16867,0.886853
16868,0.517368
16869,0.699111
16870,0.758014
16871,0.749329
16872,0.904041
16873,0.869331
16874,0.853376
16875,0.371695
16876,0.549545
16877,0.53705
16878,0.488369
16879,0.838493
16880,0.413946
16881,0.779951
16882,0.725624
16883,0.611895
16884,0.797112
16885,0.726777
16886,0.680068
16887,0.706174
16888,0.395204
16889,0.884021
16890,0.918756
16891,0.728293
16892,0.863347
16893,0.593114
16894,0.893962
16895,0.674554
16896,0.948317
16897,0.873246
16898,0.796719
16899,0.610344
16900,0.602338
16901,0.536688
16902,0.773797
16903,0.763713
16904,0.844906
16905,0.400295
16906,0.903087
16907,0.396813
16908,0.763332
16909,0.21633
16910,0.757102
16911,0.706404
16912,0.722588
16913,0.044107
16914,0.758293
16915,0.710138
16916,0.622952
16917,0.86972
16918,0.668267
16919,0.701085
16920,0.664556
16921,0.617903
16922,0.670894
16923,0.9235
16924,0.724134
16925,0.748763
16926,0.671315
16927,0.793971
16928,0.836788
16929,0.731482
16930,0.522623
16931,0.825782
16932,0.939049
16933,0.931269
16934,0.72526
16935,0.786706
16936,0.932251
16937,0.705084
16938,0.72527
16939,0.82108
16940,0.835176
16941,0.748058
16942,0.905102
16943,0.935116
16944,0.930326
16945,0.901598
16946,0.72628
16947,0.932032
16948,0.796915
16949,0.831549
16950,0.593748
16951,0.064968
16952,0.842952
16953,0.789988
16954,0.778921
16955,0.959015
16956,0.920932
16957,0.715665
16958,0.896096
16959,0.754933
16960,0.639423
16961,0.702697
16962,0.881793
16963,0.824215
16964,0.806881
16965,0.651594
16966,0.784561
16967,0.711333
16968,0.898714
16969,0.837329
16970,0.857096
16971,0.954065
16972,0.840692
16973,0.80133
16974,0.692814
16975,0.760665
16976,0.852136
16977,0.194298
16978,0.798669
16979,0.815737
16980,0.799803
16981,0.818461
16982,0.913624
16983,0.678345
16984,0.769013
16985,0.533625
16986,0.787788
16987,0.615527
16988,0.697929
16989,0.847614
16990,0.761008
16991,0.829737
16992,0.737289
16993,0.821862
16994,0.725916
16995,0.777601
16996,0.946909
16997,0.592469
16998,0.514768
16999,0.24498
17000,0.804097
17001,0.173447
17002,0.856835
17003,0.603202
17004,0.859139
17005,0.254901
17006,0.549512
17007,0.878027
17008,0.777061
17009,0.825921
17010,0.74542
17011,0.865834
17012,0.8171
17013,0.944529
17014,0.760406
17015,0.961073
17016,0.94334
17017,0.404448
17018,0.724039
17019,0.786638
17020,0.681555
17021,0.467506
17022,0.959015
17023,0.628152
17024,0.700939
17025,0.711703
17026,0.653911
17027,0.840381
17028,0.838618
17029,0.804997
17030,0.083263
17031,0.466149
17032,0.762666
17033,0.863713
17034,0.808815
17035,0.50619
17036,0.596736
17037,0.50156
17038,0.783642
17039,0.671307
17040,0.641962
17041,0.950841
17042,0.675588
17043,0.202499
17044,0.530518
17045,0.619045
17046,0.847548
17047,0.515396
17048,0.491196
17049,0.911166
17050,0.822476
17051,0.83516
17052,0.687414
17053,0.651262
17054,0.883196
17055,0.565648
17056,0.839257
17057,0.889367
17058,0.640216
17059,0.520995
17060,0.678378
17061,0.751952
17062,0.91987
17063,0.847699
17064,0.682026
17065,0.865638
17066,0.114782
17067,0.531568
17068,0.634439
17069,0.685569
17070,0.052669
17071,0.618016
17072,0.836822
17073,0.858845
17074,0.851266
17075,0.866482
17076,0.895911
17077,0.943523
17078,0.67709
17079,0.662567
17080,0.921251
17081,0.864541
17082,0.068284
17083,0.860169
17084,0.875049
17085,0.547212
17086,0.811024
17087,0.867557
17088,0.916324
17089,0.668157
17090,0.718012
17091,0.764076
17092,0.805429
17093,0.783123
17094,0.631598
17095,0.909457
17096,0.927071
17097,0.784999
17098,0.946583
17099,0.955115
17100,0.72321
17101,0.560518
17102,0.950046
17103,0.674844
17104,0.77429
17105,0.073844
17106,0.650415
17107,0.76927
17108,0.799227
17109,0.945354
17110,0.796258
17111,0.718937
17112,0.671203
17113,0.879135
17114,0.731369
17115,0.558124
17116,0.838388
17117,0.821947
17118,0.855733
17119,0.641847
17120,0.932267
17121,0.437897
17122,0.870892
17123,0.718153
17124,0.857006
17125,0.957269
17126,0.72661
17127,0.886282
17128,0.565821
17129,0.690828
17130,0.959271
17131,0.659039
17132,0.782783
17133,0.668944
17134,0.698892
17135,0.588899
17136,0.552707
17137,0.683994
17138,0.35102
17139,0.787273
17140,0.944387
17141,0.681605
17142,0.644632
17143,0.300879
17144,0.889715
17145,0.700977
17146,0.91601
17147,0.615678
17148,0.506226
17149,0.607766
17150,0.711605
17151,0.898631
17152,0.812966
17153,0.927429
17154,0.710379
17155,0.554702
17156,0.949529
17157,0.689024
17158,0.855686
17159,0.843735
17160,0.897536
17161,0.729532
17162,0.625319
17163,0.626294
17164,0.88955
17165,0.433422
17166,0.701973
17167,0.938285
17168,0.895733
17169,0.854558
17170,0.163374
17171,0.555316
17172,0.498064
17173,0.93583
17174,0.742474
17175,0.657272
17176,0.873846
17177,0.74075
17178,0.621873
17179,0.670546
17180,0.899503
17181,0.719609
17182,0.753202
17183,0.63891
17184,0.797014
17185,0.811843
17186,0.855451
17187,0.830632
17188,0.58775
17189,0.780193
17190,0.905693
17191,0.661072
17192,0.88359
17193,0.826043
17194,0.750557
17195,0.928566
17196,0.771624
17197,0.682495
17198,0.613194
17199,0.527905
17200,0.877176
17201,0.691126
17202,0.71976
17203,0.957474
17204,0.375667
17205,0.566606
17206,0.807844
17207,0.767642
17208,0.809904
17209,0.6783
17210,0.571683
17211,0.685193
17212,0.637472
17213,0.929355
17214,0.908256
17215,0.733006
17216,0.703316
17217,0.944709
17218,0.937505
17219,0.684439
17220,0.925937
17221,0.751812
17222,0.832191
17223,0.923057
17224,0.790191
17225,0.951021
17226,0.706053
17227,0.82352
17228,0.094026
17229,0.646655
17230,0.463052
17231,0.492465
17232,0.810862
17233,0.845312
17234,0.755305
17235,0.400613
17236,0.924649
17237,0.83839
17238,0.73949
17239,0.867443
17240,0.844022
17241,0.858936
17242,0.566071
17243,0.804261
17244,0.589473
17245,0.835853
17246,0.671722
17247,0.957863
17248,0.694035
17249,0.943391
17250,0.681899
17251,0.81297
17252,0.647695
17253,0.898269
17254,0.789672
17255,0.9182
17256,0.539363
17257,0.652924
17258,0.618706
17259,0.383709
17260,0.718373
17261,0.725007
17262,0.591939
17263,0.759309
17264,0.844112
17265,0.949796
17266,0.633813
17267,0.830113
17268,0.811492
17269,0.76083
17270,0.674974
17271,0.838272
17272,0.697027
17273,0.690992
17274,0.324711
17275,0.918154
17276,0.95707
17277,0.962203
17278,0.945644
17279,0.290316
17280,0.938128
17281,0.776024
17282,0.746868
17283,0.545389
17284,0.836432
17285,0.606958
17286,0.879408
17287,0.954254
17288,0.762742
17289,0.73244
17290,0.680309
17291,0.875392
17292,0.705405
17293,0.108802
17294,0.72503
17295,0.66342
17296,0.775147
17297,0.795296
17298,0.495294
17299,0.668397
17300,0.122797
17301,0.622881
17302,0.629426
17303,0.854882
17304,0.749379
17305,0.558366
17306,0.956964
17307,0.928297
17308,0.520178
17309,0.692601
17310,0.701536
17311,0.73564
17312,0.760699
17313,0.704781
17314,0.906413
17315,0.785916
17316,0.915747
17317,0.879922
17318,0.84306
17319,0.954127
17320,0.840713
17321,0.581314
17322,0.85175
17323,0.929336
17324,0.943275
17325,0.957793
17326,0.872008
17327,0.535905
17328,0.741002
17329,0.625446
17330,0.940623
17331,0.53428
17332,0.858817
17333,0.816281
17334,0.960075
17335,0.610392
17336,0.898065
17337,0.776643
17338,0.675066
17339,0.551153
17340,0.488003
17341,0.841736
17342,0.880825
17343,0.829732
17344,0.42191
17345,0.936761
17346,0.951199
17347,0.757998
17348,0.716196
17349,0.783888
17350,0.758674
17351,0.189252
17352,0.893973
17353,0.844406
17354,0.952344
17355,0.949176
17356,0.961033
17357,0.803202
17358,0.628552
17359,0.097588
17360,0.885253
17361,0.778559
17362,0.780678
17363,0.549843
17364,0.942295
17365,0.903106
17366,0.603709
17367,0.69961
17368,0.573887
17369,0.538408
17370,0.818352
17371,0.810723
17372,0.834988
17373,0.794292
17374,0.822139
17375,0.659583
17376,0.143987
17377,0.625353
17378,0.505374
17379,0.68023
17380,0.532281
17381,0.712989
17382,0.738736
17383,0.125589
17384,0.913783
17385,0.741788
17386,0.659972
17387,0.656189
17388,0.915266
17389,0.528012
17390,0.565557
17391,0.732234
17392,0.335132
17393,0.932321
17394,0.91146
17395,0.835312
17396,0.965089
17397,0.903349
17398,0.746399
17399,0.587128
17400,0.652028
17401,0.87447
17402,0.843576
17403,0.776386
17404,0.871977
17405,0.827308
17406,0.880727
17407,0.618961
17408,0.765934
17409,0.456611
17410,0.507583
17411,0.798294
17412,0.766906
17413,0.732522
17414,0.862103
17415,0.574468
17416,0.912521
17417,0.534174
17418,0.621587
17419,0.80339
17420,0.873155
17421,0.680289
17422,0.616986
17423,0.810856
17424,0.58931
17425,0.723618
17426,0.897582
17427,0.828131
17428,0.772237
17429,0.900073
17430,0.718408
17431,0.532211
17432,0.939381
17433,0.806169
17434,0.554731
17435,0.949381
17436,0.634711
17437,0.057095
17438,0.946699
17439,0.449529
17440,0.841189
17441,0.842024
17442,0.784649
17443,0.480026
17444,0.742394
17445,0.570074
17446,0.92131
17447,0.591216
17448,0.479337
17449,0.956211
17450,0.936444
17451,0.411978
17452,0.544263
17453,0.66823
17454,0.758091
17455,0.766385
17456,0.687572
17457,0.646138
17458,0.684231
17459,0.946873
17460,0.644917
17461,0.755311
17462,0.40938
17463,0.058434
17464,0.655019
17465,0.487749
17466,0.940835
17467,0.924294
17468,0.731994
17469,0.956138
17470,0.815934
17471,0.95709
17472,0.919189
17473,0.650377
17474,0.527862
17475,0.791779
17476,0.519713
17477,0.879623
17478,0.947561
17479,0.735404
17480,0.578792
17481,0.913328
17482,0.580265
17483,0.955313
17484,0.956481
17485,0.857641
17486,0.538023
17487,0.941622
17488,0.837987
17489,0.888779
17490,0.633405
17491,0.947391
17492,0.897514
17493,0.872018
17494,0.810973
17495,0.789904
17496,0.809886
17497,0.875653
17498,0.766006
17499,0.885284
17500,0.791576
17501,0.904526
17502,0.607266
17503,0.588356
17504,0.671992
17505,0.700793
17506,0.863911
17507,0.616853
17508,0.892347
17509,0.902032
17510,0.903502
17511,0.823673
17512,0.939847
17513,0.653201
17514,0.717431
17515,0.485425
17516,0.861774
17517,0.561242
17518,0.611993
17519,0.735554
17520,0.765347
17521,0.76892
17522,0.854764
17523,0.919274
17524,0.438154
17525,0.870496
17526,0.914938
17527,0.630893
17528,0.767566
17529,0.543277
17530,0.908187
17531,0.923878
17532,0.66696
17533,0.883238
17534,0.679392
17535,0.771262
17536,0.93539
17537,0.701876
17538,0.530533
17539,0.709301
17540,0.824246
17541,0.82654
17542,0.697386
17543,0.695683
17544,0.649067
17545,0.820158
17546,0.7704
17547,0.88756
17548,0.922536
17549,0.893449
17550,0.441044
17551,0.806404
17552,0.784342
17553,0.88689
17554,0.929134
17555,0.831173
17556,0.936038
17557,0.890161
17558,0.142314
17559,0.69126
17560,0.837075
17561,0.92953
17562,0.812471
17563,0.930124
17564,0.874265
17565,0.505496
17566,0.807211
17567,0.655201
17568,0.927458
17569,0.866564
17570,0.512367
17571,0.715705
17572,0.65802
17573,0.714228
17574,0.904303
17575,0.778397
17576,0.867908
17577,0.938726
17578,0.614614
17579,0.630245
17580,0.948391
17581,0.920247
17582,0.96518
17583,0.913362
17584,0.908274
17585,0.645586
17586,0.591488
17587,0.678388
17588,0.910467
17589,0.698126
17590,0.780033
17591,0.751454
17592,0.874172
17593,0.740591
17594,0.733038
17595,0.798044
17596,0.691856
17597,0.798412
17598,0.654995
17599,0.675122
17600,0.453716
17601,0.572832
17602,0.666131
17603,0.646508
17604,0.575529
17605,0.713245
17606,0.748288
17607,0.559185
17608,0.893517
17609,0.784087
17610,0.414109
17611,0.753334
17612,0.76503
17613,0.718478
17614,0.674402
17615,0.805451
17616,0.909936
17617,0.169546
17618,0.132914
17619,0.821868
17620,0.93332
17621,0.857063
17622,0.596819
17623,0.586874
17624,0.367284
17625,0.750015
17626,0.956742
17627,0.86113
17628,0.875273
17629,0.619094
17630,0.774549
17631,0.84673
17632,0.741576
17633,0.541559
17634,0.179517
17635,0.132326
17636,0.79034
17637,0.667377
17638,0.823427
17639,0.862145
17640,0.709483
17641,0.587683
17642,0.753105
17643,0.823337
17644,0.706687
17645,0.656786
17646,0.95935
17647,0.702763
17648,0.524877
17649,0.738469
17650,0.878338
17651,0.938297
17652,0.654133
17653,0.722273
17654,0.656728
17655,0.925285
17656,0.943746
17657,0.763872
17658,0.952058
17659,0.919791
17660,0.553244
17661,0.936237
17662,0.732371
17663,0.887131
17664,0.544302
17665,0.619434
17666,0.750866
17667,0.747784
17668,0.913474
17669,0.602451
17670,0.523762
17671,0.670212
17672,0.821722
17673,0.483875
17674,0.90755
17675,0.934939
17676,0.656057
17677,0.863914
17678,0.923184
17679,0.882337
17680,0.529269
17681,0.780453
17682,0.839756
17683,0.774374
17684,0.539417
17685,0.796682
17686,0.701572
17687,0.759267
17688,0.676887
17689,0.0627
17690,0.910795
17691,0.766388
17692,0.667127
17693,0.63203
17694,0.536533
17695,0.782826
17696,0.6028
17697,0.770929
17698,0.1516
17699,0.881212
17700,0.92814
17701,0.923632
17702,0.717444
17703,0.886558
17704,0.884144
17705,0.631734
17706,0.730536
17707,0.784713
17708,0.703178
17709,0.872559
17710,0.583001
17711,0.947354
17712,0.877848
17713,0.655703
17714,0.779391
17715,0.778001
17716,0.821233
17717,0.571097
17718,0.721559
17719,0.823524
17720,0.433402
17721,0.80675
17722,0.902266
17723,0.918593
17724,0.557993
17725,0.870614
17726,0.828044
17727,0.861435
17728,0.666017
17729,0.152637
17730,0.859687
17731,0.791184
17732,0.070062
17733,0.688776
17734,0.802681
17735,0.880164
17736,0.774559
17737,0.77646
17738,0.737246
17739,0.357544
17740,0.913159
17741,0.768019
17742,0.643628
17743,0.912644
17744,0.897671
17745,0.668868
17746,0.588696
17747,0.953776
17748,0.926145
17749,0.231417
17750,0.660357
17751,0.868901
17752,0.821333
17753,0.870396
17754,0.965013
17755,0.89259
17756,0.849859
17757,0.846019
17758,0.868246
17759,0.534237
17760,0.696387
17761,0.906939
17762,0.876512
17763,0.58659
17764,0.72319
17765,0.576072
17766,0.93812
17767,0.566198
17768,0.45126
17769,0.720885
17770,0.934116
17771,0.75359
17772,0.767325
17773,0.603138
17774,0.579337
17775,0.938063
17776,0.796475
17777,0.943239
17778,0.752341
17779,0.73107
17780,0.872595
17781,0.672332
17782,0.887475
17783,0.506972
17784,0.616505
17785,0.798611
17786,0.522448
17787,0.829134
17788,0.745877
17789,0.845002
17790,0.353024
17791,0.52215
17792,0.614158
17793,0.43649
17794,0.844402
17795,0.557295
17796,0.319621
17797,0.758949
17798,0.649529
17799,0.909449
17800,0.615426
17801,0.926958
17802,0.844905
17803,0.429891
17804,0.607922
17805,0.740389
17806,0.600511
17807,0.703421
17808,0.396054
17809,0.782077
17810,0.822859
17811,0.837141
17812,0.943221
17813,0.757199
17814,0.664031
17815,0.921609
17816,0.826865
17817,0.588745
17818,0.958986
17819,0.568684
17820,0.650764
17821,0.779878
17822,0.878079
17823,0.071309
17824,0.64895
17825,0.626119
17826,0.830354
17827,0.905746
17828,0.918024
17829,0.725361
17830,0.606665
17831,0.946241
17832,0.623328
17833,0.954114
17834,0.874827
17835,0.582213
17836,0.567424
17837,0.541866
17838,0.641742
17839,0.482419
17840,0.871454
17841,0.948274
17842,0.719961
17843,0.766637
17844,0.842812
17845,0.629821
17846,0.810493
17847,0.491114
17848,0.728712
17849,0.931224
17850,0.850688
17851,0.945498
17852,0.674297
17853,0.551984
17854,0.765338
17855,0.64131
17856,0.708123
17857,0.444078
17858,0.831093
17859,0.592516
17860,0.613669
17861,0.815521
17862,0.779307
17863,0.929961
17864,0.756033
17865,0.873644
17866,0.802511
17867,0.789127
17868,0.91112
17869,0.764841
17870,0.837245
17871,0.537011
17872,0.955526
17873,0.868449
17874,0.683353
17875,0.74554
17876,0.869926
17877,0.450121
17878,0.58574
17879,0.651518
17880,0.27519
17881,0.923658
17882,0.96465
17883,0.67891
17884,0.593187
17885,0.07627
17886,0.511931
17887,0.765847
17888,0.799132
17889,0.901498
17890,0.81228
17891,0.600282
17892,0.666544
17893,0.44386
17894,0.692646
17895,0.636054
17896,0.688169
17897,0.633957
17898,0.65891
17899,0.849848
17900,0.504832
17901,0.909174
17902,0.791459
17903,0.479513
17904,0.874174
17905,0.508748
17906,0.788459
17907,0.579926
17908,0.526868
17909,0.883403
17910,0.229745
17911,0.698766
17912,0.741323
17913,0.953837
17914,0.21582
17915,0.568902
17916,0.739097
17917,0.914751
17918,0.95372
17919,0.760745
17920,0.700873
17921,0.613248
17922,0.867738
17923,0.841263
17924,0.94254
17925,0.880919
17926,0.881906
17927,0.553421
17928,0.721607
17929,0.741649
17930,0.858364
17931,0.875294
17932,0.399191
17933,0.074781
17934,0.950322
17935,0.616447
17936,0.792127
17937,0.83453
17938,0.889796
17939,0.795254
17940,0.807308
17941,0.76343
17942,0.738326
17943,0.422409
17944,0.859775
17945,0.577793
17946,0.950637
17947,0.595454
17948,0.830897
17949,0.532272
17950,0.697944
17951,0.733869
17952,0.598344
17953,0.780733
17954,0.731462
17955,0.443733
17956,0.631404
17957,0.684959
17958,0.595494
17959,0.903542
17960,0.492862
17961,0.781181
17962,0.737036
17963,0.716918
17964,0.713719
17965,0.734991
17966,0.803097
17967,0.666071
17968,0.916874
17969,0.629811
17970,0.59735
17971,0.956235
17972,0.958189
17973,0.861835
17974,0.942293
17975,0.793193
17976,0.493145
17977,0.696741
17978,0.930816
17979,0.717452
17980,0.516928
17981,0.884305
17982,0.65097
17983,0.853423
17984,0.915872
17985,0.504176
17986,0.629541
17987,0.887289
17988,0.882762
17989,0.11087
17990,0.869222
17991,0.870578
17992,0.874037
17993,0.708713
17994,0.842833
17995,0.678546
17996,0.122911
17997,0.75034
17998,0.448683
17999,0.737745
18000,0.665633
18001,0.773288
18002,0.805823
18003,0.872494
18004,0.725088
18005,0.610921
18006,0.959102
18007,0.501161
18008,0.561264
18009,0.918136
18010,0.880957
18011,0.935
18012,0.682121
18013,0.680302
18014,0.346946
18015,0.944686
18016,0.583342
18017,0.92856
18018,0.963545
18019,0.898795
18020,0.768428
18021,0.478822
18022,0.903976
18023,0.779867
18024,0.607673
18025,0.515741
18026,0.75738
18027,0.320904
18028,0.571071
18029,0.844787
18030,0.584997
18031,0.936064
18032,0.731123
18033,0.832932
18034,0.495968
18035,0.602953
18036,0.718376
18037,0.528484
18038,0.871265
18039,0.709423
18040,0.916282
18041,0.879981
18042,0.935917
18043,0.747305
18044,0.787866
18045,0.709712
18046,0.954126
18047,0.859271
18048,0.605031
18049,0.857409
18050,0.560556
18051,0.794773
18052,0.754274
18053,0.929374
18054,0.840778
18055,0.905401
18056,0.057116
18057,0.681764
18058,0.537077
18059,0.698557
18060,0.933389
18061,0.946371
18062,0.879653
18063,0.69438
18064,0.616624
18065,0.415998
18066,0.602625
18067,0.745381
18068,0.862181
18069,0.912575
18070,0.250848
18071,0.92991
18072,0.862898
18073,0.712005
18074,0.758407
18075,0.897326
18076,0.884781
18077,0.824762
18078,0.87963
18079,0.840212
18080,0.679938
18081,0.877741
18082,0.887758
18083,0.70462
18084,0.959264
18085,0.861194
18086,0.895903
18087,0.551429
18088,0.526303
18089,0.557708
18090,0.861429
18091,0.91536
18092,0.818786
18093,0.726675
18094,0.603826
18095,0.962587
18096,0.818597
18097,0.671028
18098,0.897224
18099,0.881799
18100,0.849831
18101,0.710244
18102,0.845778
18103,0.907065
18104,0.873615
18105,0.789062
18106,0.618037
18107,0.703136
18108,0.759442
18109,0.729707
18110,0.750873
18111,0.741711
18112,0.79124
18113,0.650023
18114,0.903644
18115,0.779456
18116,0.789868
18117,0.891074
18118,0.81181
18119,0.86533
18120,0.57488
18121,0.814764
18122,0.761229
18123,0.879198
18124,0.59779
18125,0.782614
18126,0.55487
18127,0.774221
18128,0.513514
18129,0.582261
18130,0.567615
18131,0.784565
18132,0.912324
18133,0.592449
18134,0.910274
18135,0.838633
18136,0.926544
18137,0.867703
18138,0.768223
18139,0.913294
18140,0.16741
18141,0.623345
18142,0.920967
18143,0.905428
18144,0.813297
18145,0.072042
18146,0.230137
18147,0.898505
18148,0.569362
18149,0.862272
18150,0.549435
18151,0.959868
18152,0.67203
18153,0.855778
18154,0.948326
18155,0.595205
18156,0.646877
18157,0.649797
18158,0.632416
18159,0.812537
18160,0.062808
18161,0.870232
18162,0.665871
18163,0.880376
18164,0.742994
18165,0.55097
18166,0.726334
18167,0.720271
18168,0.6533
18169,0.792071
18170,0.681684
18171,0.644615
18172,0.597043
18173,0.522327
18174,0.795654
18175,0.603235
18176,0.913428
18177,0.629861
18178,0.927786
18179,0.852981
18180,0.893736
18181,0.663925
18182,0.057453
18183,0.857211
18184,0.811994
18185,0.775866
18186,0.728465
18187,0.543011
18188,0.805401
18189,0.633148
18190,0.079159
18191,0.871908
18192,0.728289
18193,0.633747
18194,0.765506
18195,0.502486
18196,0.628495
18197,0.938215
18198,0.910401
18199,0.703631
18200,0.768283
18201,0.938534
18202,0.763086
18203,0.733531
18204,0.809748
18205,0.583518
18206,0.9062
18207,0.49291
18208,0.891622
18209,0.753253
18210,0.925531
18211,0.067463
18212,0.881141
18213,0.8765
18214,0.843178
18215,0.491947
18216,0.569192
18217,0.923686
18218,0.789453
18219,0.928366
18220,0.822715
18221,0.951664
18222,0.561384
18223,0.780964
18224,0.512729
18225,0.618384
18226,0.667059
18227,0.669982
18228,0.810278
18229,0.617436
18230,0.609458
18231,0.946096
18232,0.934888
18233,0.753227
18234,0.790509
18235,0.786429
18236,0.784468
18237,0.86368
18238,0.578216
18239,0.463284
18240,0.523966
18241,0.615001
18242,0.715465
18243,0.955843
18244,0.913913
18245,0.641056
18246,0.49152
18247,0.71902
18248,0.64666
18249,0.908181
18250,0.83068
18251,0.940955
18252,0.810581
18253,0.684371
18254,0.567835
18255,0.776388
18256,0.543065
18257,0.824808
18258,0.851453
18259,0.920596
18260,0.094522
18261,0.626405
18262,0.709204
18263,0.901937
18264,0.675492
18265,0.885881
18266,0.066674
18267,0.706564
18268,0.582504
18269,0.588101
18270,0.728802
18271,0.958885
18272,0.887382
18273,0.672575
18274,0.561512
18275,0.357219
18276,0.740569
18277,0.201451
18278,0.95224
18279,0.557278
18280,0.570401
18281,0.906662
18282,0.705928
18283,0.476454
18284,0.743021
18285,0.721599
18286,0.81628
18287,0.646894
18288,0.669273
18289,0.675454
18290,0.768677
18291,0.489104
18292,0.907885
18293,0.594418
18294,0.726068
18295,0.574743
18296,0.755122
18297,0.667629
18298,0.773105
18299,0.696519
18300,0.934573
18301,0.488838
18302,0.60313
18303,0.826745
18304,0.815333
18305,0.825651
18306,0.347836
18307,0.667439
18308,0.621056
18309,0.951502
18310,0.683942
18311,0.923926
18312,0.510753
18313,0.863585
18314,0.689994
18315,0.93889
18316,0.56876
18317,0.46476
18318,0.864946
18319,0.759006
18320,0.954153
18321,0.183617
18322,0.874599
18323,0.547778
18324,0.705694
18325,0.565583
18326,0.796232
18327,0.681484
18328,0.710372
18329,0.932484
18330,0.697429
18331,0.653926
18332,0.95723
18333,0.827422
18334,0.755579
18335,0.442945
18336,0.709238
18337,0.518829
18338,0.591812
18339,0.655943
18340,0.773713
18341,0.94753
18342,0.733257
18343,0.850935
18344,0.739111
18345,0.932707
18346,0.911529
18347,0.546524
18348,0.520789
18349,0.755804
18350,0.61731
18351,0.958752
18352,0.418952
18353,0.760671
18354,0.786692
18355,0.928528
18356,0.682619
18357,0.665991
18358,0.911452
18359,0.73302
18360,0.75703
18361,0.515327
18362,0.802734
18363,0.696082
18364,0.228838
18365,0.878052
18366,0.636526
18367,0.588889
18368,0.663574
18369,0.707078
18370,0.674237
18371,0.57973
18372,0.916995
18373,0.911009
18374,0.654871
18375,0.760102
18376,0.628475
18377,0.874518
18378,0.762057
18379,0.683409
18380,0.889408
18381,0.909432
18382,0.957385
18383,0.6197
18384,0.564174
18385,0.838974
18386,0.713952
18387,0.817249
18388,0.160896
18389,0.819522
18390,0.348349
18391,0.468301
18392,0.813962
18393,0.735096
18394,0.737086
18395,0.954218
18396,0.508617
18397,0.469636
18398,0.703019
18399,0.712189
18400,0.674163
18401,0.461069
18402,0.348581
18403,0.686298
18404,0.867512
18405,0.915872
18406,0.925255
18407,0.909233
18408,0.760365
18409,0.55259
18410,0.925183
18411,0.817416
18412,0.592916
18413,0.777596
18414,0.637742
18415,0.690469
18416,0.951374
18417,0.84692
18418,0.343563
18419,0.950748
18420,0.285076
18421,0.904343
18422,0.94679
18423,0.557435
18424,0.943691
18425,0.522856
18426,0.947587
18427,0.858716
18428,0.770691
18429,0.631147
18430,0.71225
18431,0.789187
18432,0.735448
18433,0.865681
18434,0.74122
18435,0.81553
18436,0.879046
18437,0.875451
18438,0.629156
18439,0.74581
18440,0.825414
18441,0.812158
18442,0.946709
18443,0.673199
18444,0.757318
18445,0.660075
18446,0.958276
18447,0.844878
18448,0.519963
18449,0.401397
18450,0.510051
18451,0.563204
18452,0.124239
18453,0.785296
18454,0.717863
18455,0.686537
18456,0.743307
18457,0.785525
18458,0.846093
18459,0.825642
18460,0.90093
18461,0.925583
18462,0.651405
18463,0.530871
18464,0.800273
18465,0.63463
18466,0.734069
18467,0.935636
18468,0.50998
18469,0.743806
18470,0.935234
18471,0.651393
18472,0.702289
18473,0.674398
18474,0.555032
18475,0.643538
18476,0.339805
18477,0.65927
18478,0.646305
18479,0.593922
18480,0.383769
18481,0.948655
18482,0.95751
18483,0.944885
18484,0.755115
18485,0.934853
18486,0.701766
18487,0.717327
18488,0.720405
18489,0.809892
18490,0.843797
18491,0.84678
18492,0.531577
18493,0.559195
18494,0.549659
18495,0.897624
18496,0.645144
18497,0.681461
18498,0.844716
18499,0.217014
18500,0.699489
18501,0.763621
18502,0.579348
18503,0.678304
18504,0.702373
18505,0.827063
18506,0.904954
18507,0.583752
18508,0.941863
18509,0.838362
18510,0.95076
18511,0.479553
18512,0.774996
18513,0.862664
18514,0.953453
18515,0.395468
18516,0.805035
18517,0.942843
18518,0.682352
18519,0.568189
18520,0.924861
18521,0.566936
18522,0.872612
18523,0.761292
18524,0.659466
18525,0.553562
18526,0.912943
18527,0.745514
18528,0.768139
18529,0.470598
18530,0.719619
18531,0.830375
18532,0.847582
18533,0.74712
18534,0.833294
18535,0.878224
18536,0.505524
18537,0.075549
18538,0.724303
18539,0.562348
18540,0.824436
18541,0.879539
18542,0.407257
18543,0.54881
18544,0.744639
18545,0.757103
18546,0.952672
18547,0.762335
18548,0.490505
18549,0.834676
18550,0.71691
18551,0.716622
18552,0.86926
18553,0.742437
18554,0.862684
18555,0.663293
18556,0.738741
18557,0.686955
18558,0.707458
18559,0.717216
18560,0.823865
18561,0.656977
18562,0.762453
18563,0.940922
18564,0.064951
18565,0.629164
18566,0.953536
18567,0.767535
18568,0.686098
18569,0.930615
18570,0.061314
18571,0.597254
18572,0.691058
18573,0.927497
18574,0.265575
18575,0.572792
18576,0.876432
18577,0.095886
18578,0.906473
18579,0.746408
18580,0.558531
18581,0.577777
18582,0.785151
18583,0.58291
18584,0.087215
18585,0.65496
18586,0.912927
18587,0.930893
18588,0.562965
18589,0.776736
18590,0.848687
18591,0.872835
18592,0.714991
18593,0.692136
18594,0.517912
18595,0.865344
18596,0.792416
18597,0.561524
18598,0.865404
18599,0.678204
18600,0.832497
18601,0.385705
18602,0.90782
18603,0.684788
18604,0.800127
18605,0.93865
18606,0.748795
18607,0.852953
18608,0.800454
18609,0.866309
18610,0.873671
18611,0.856531
18612,0.807969
18613,0.696344
18614,0.302787
18615,0.897766
18616,0.930174
18617,0.623208
18618,0.894154
18619,0.910453
18620,0.880475
18621,0.543221
18622,0.674185
18623,0.814311
18624,0.604983
18625,0.758975
18626,0.913759
18627,0.880172
18628,0.6463
18629,0.641533
18630,0.632698
18631,0.946728
18632,0.506337
18633,0.680321
18634,0.818754
18635,0.851019
18636,0.228683
18637,0.860743
18638,0.874844
18639,0.254031
18640,0.828017
18641,0.902937
18642,0.707988
18643,0.501321
18644,0.87823
18645,0.946675
18646,0.657609
18647,0.087747
18648,0.653475
18649,0.945018
18650,0.588724
18651,0.770383
18652,0.772049
18653,0.83592
18654,0.775995
18655,0.683538
18656,0.909381
18657,0.441576
18658,0.607529
18659,0.665559
18660,0.432079
18661,0.833284
18662,0.756768
18663,0.956271
18664,0.596324
18665,0.709397
18666,0.81096
18667,0.789242
18668,0.774696
18669,0.774345
18670,0.674264
18671,0.799307
18672,0.580782
18673,0.590982
18674,0.61575
18675,0.091958
18676,0.930592
18677,0.385134
18678,0.743082
18679,0.963003
18680,0.902365
18681,0.778421
18682,0.718439
18683,0.630988
18684,0.073829
18685,0.945031
18686,0.733318
18687,0.512585
18688,0.740288
18689,0.495467
18690,0.413791
18691,0.901443
18692,0.601714
18693,0.77097
18694,0.654586
18695,0.710376
18696,0.951182
18697,0.812285
18698,0.597741
18699,0.893135
18700,0.825909
18701,0.4972
18702,0.884446
18703,0.954744
18704,0.739217
18705,0.821666
18706,0.468064
18707,0.491538
18708,0.535716
18709,0.792524
18710,0.762495
18711,0.833923
18712,0.942088
18713,0.722324
18714,0.568847
18715,0.872831
18716,0.902162
18717,0.813715
18718,0.660258
18719,0.770178
18720,0.945398
18721,0.953933
18722,0.700748
18723,0.751699
18724,0.858542
18725,0.538241
18726,0.491234
18727,0.927039
18728,0.858485
18729,0.799046
18730,0.932426
18731,0.851955
18732,0.79752
18733,0.850425
18734,0.540439
18735,0.947597
18736,0.884039
18737,0.879371
18738,0.179224
18739,0.81219
18740,0.715208
18741,0.611766
18742,0.880789
18743,0.877773
18744,0.755939
18745,0.582376
18746,0.765984
18747,0.134941
18748,0.86712
18749,0.918258
18750,0.850461
18751,0.920895
18752,0.556506
18753,0.936959
18754,0.905939
18755,0.335239
18756,0.705594
18757,0.92284
18758,0.722178
18759,0.870805
18760,0.728189
18761,0.951872
18762,0.836885
18763,0.741187
18764,0.700121
18765,0.686329
18766,0.880307
18767,0.431822
18768,0.680181
18769,0.819465
18770,0.903446
18771,0.463167
18772,0.601049
18773,0.823522
18774,0.778837
18775,0.95006
18776,0.748066
18777,0.855366
18778,0.425107
18779,0.811269
18780,0.688538
18781,0.862642
18782,0.607831
18783,0.067403
18784,0.632871
18785,0.520574
18786,0.867874
18787,0.678645
18788,0.484064
18789,0.727701
18790,0.793402
18791,0.871997
18792,0.776886
18793,0.874017
18794,0.752429
18795,0.848131
18796,0.759744
18797,0.596415
18798,0.469279
18799,0.906265
18800,0.817897
18801,0.868289
18802,0.34287
18803,0.653833
18804,0.851838
18805,0.914174
18806,0.181388
18807,0.951731
18808,0.948986
18809,0.827556
18810,0.919783
18811,0.959107
18812,0.792864
18813,0.727776
18814,0.67437
18815,0.67766
18816,0.903037
18817,0.79464
18818,0.548628
18819,0.937463
18820,0.891992
18821,0.626983
18822,0.814905
18823,0.889895
18824,0.132545
18825,0.759467
18826,0.118262
18827,0.909044
18828,0.742746
18829,0.247848
18830,0.551783
18831,0.833027
18832,0.75981
18833,0.910775
18834,0.420628
18835,0.670578
18836,0.838559
18837,0.674466
18838,0.751471
18839,0.845738
18840,0.845897
18841,0.906459
18842,0.586531
18843,0.781417
18844,0.649013
18845,0.627371
18846,0.770855
18847,0.908583
18848,0.682911
18849,0.816145
18850,0.367822
18851,0.063497
18852,0.714958
18853,0.905666
18854,0.933265
18855,0.78785
18856,0.923254
18857,0.734561
18858,0.707018
18859,0.778851
18860,0.624243
18861,0.837431
18862,0.902666
18863,0.806789
18864,0.047907
18865,0.630976
18866,0.545626
18867,0.699758
18868,0.944675
18869,0.582601
18870,0.915111
18871,0.671752
18872,0.79997
18873,0.906714
18874,0.752101
18875,0.818989
18876,0.866176
18877,0.796856
18878,0.956747
18879,0.852116
18880,0.745011
18881,0.894742
18882,0.66489
18883,0.504944
18884,0.911457
18885,0.96084
18886,0.545393
18887,0.861953
18888,0.714782
18889,0.823985
18890,0.881846
18891,0.63052
18892,0.591544
18893,0.800924
18894,0.165622
18895,0.776913
18896,0.749539
18897,0.748346
18898,0.617874
18899,0.590843
18900,0.859887
18901,0.884509
18902,0.773268
18903,0.932915
18904,0.704407
18905,0.596046
18906,0.875753
18907,0.842795
18908,0.946868
18909,0.622177
18910,0.83538
18911,0.733488
18912,0.048433
18913,0.734947
18914,0.695579
18915,0.489955
18916,0.190124
18917,0.85867
18918,0.135734
18919,0.927653
18920,0.892396
18921,0.472671
18922,0.635086
18923,0.663492
18924,0.106158
18925,0.640524
18926,0.874346
18927,0.947649
18928,0.929536
18929,0.839259
18930,0.850711
18931,0.645557
18932,0.924272
18933,0.939158
18934,0.758344
18935,0.892295
18936,0.784182
18937,0.869984
18938,0.959236
18939,0.62319
18940,0.080293
18941,0.607888
18942,0.923099
18943,0.666459
18944,0.955063
18945,0.786875
18946,0.448184
18947,0.907921
18948,0.838881
18949,0.723106
18950,0.744534
18951,0.672418
18952,0.729038
18953,0.793957
18954,0.670314
18955,0.68168
18956,0.841285
18957,0.732616
18958,0.537705
18959,0.44434
18960,0.887145
18961,0.54553
18962,0.951552
18963,0.784472
18964,0.84574
18965,0.83519
18966,0.815386
18967,0.674344
18968,0.438877
18969,0.385973
18970,0.37015
18971,0.785445
18972,0.666449
18973,0.051519
18974,0.962292
18975,0.856107
18976,0.73225
18977,0.920252
18978,0.765546
18979,0.893926
18980,0.831547
18981,0.625579
18982,0.742139
18983,0.626393
18984,0.855935
18985,0.74373
18986,0.901919
18987,0.841171
18988,0.095019
18989,0.934151
18990,0.602929
18991,0.800824
18992,0.540475
18993,0.902402
18994,0.669181
18995,0.922646
18996,0.806057
18997,0.801422
18998,0.608641
18999,0.737126
19000,0.633203
19001,0.048012
19002,0.907021
19003,0.579051
19004,0.960996
19005,0.799723
19006,0.845725
19007,0.094282
19008,0.766448
19009,0.628959
19010,0.260666
19011,0.573175
19012,0.902467
19013,0.559431
19014,0.949809
19015,0.63726
19016,0.736898
19017,0.688763
19018,0.768422
19019,0.796479
19020,0.851899
19021,0.564521
19022,0.923935
19023,0.950924
19024,0.931125
19025,0.661216
19026,0.684868
19027,0.709797
19028,0.8342
19029,0.759174
19030,0.801554
19031,0.649015
19032,0.738044
19033,0.783408
19034,0.95107
19035,0.709415
19036,0.899347
19037,0.859741
19038,0.668257
19039,0.581079
19040,0.805504
19041,0.641212
19042,0.712923
19043,0.882802
19044,0.756073
19045,0.711483
19046,0.421171
19047,0.607382
19048,0.698685
19049,0.601357
19050,0.612134
19051,0.918236
19052,0.828399
19053,0.947293
19054,0.935069
19055,0.953775
19056,0.471503
19057,0.946701
19058,0.764948
19059,0.924731
19060,0.930858
19061,0.916952
19062,0.729222
19063,0.766234
19064,0.85954
19065,0.92994
19066,0.806788
19067,0.844426
19068,0.943405
19069,0.91873
19070,0.656404
19071,0.477463
19072,0.919439
19073,0.713652
19074,0.95463
19075,0.690649
19076,0.942935
19077,0.759827
19078,0.89862
19079,0.755858
19080,0.801422
19081,0.700503
19082,0.533918
19083,0.936515
19084,0.751608
19085,0.741184
19086,0.582726
19087,0.87414
19088,0.700147
19089,0.821012
19090,0.754603
19091,0.471162
19092,0.783107
19093,0.716069
19094,0.906121
19095,0.501178
19096,0.574526
19097,0.940062
19098,0.538885
19099,0.571388
19100,0.891039
19101,0.687428
19102,0.702938
19103,0.872028
19104,0.550491
19105,0.903207
19106,0.74211
19107,0.756376
19108,0.653437
19109,0.93631
19110,0.487068
19111,0.718855
19112,0.919571
19113,0.765908
19114,0.643689
19115,0.490457
19116,0.854128
19117,0.916685
19118,0.834494
19119,0.685259
19120,0.793441
19121,0.653049
19122,0.959253
19123,0.874534
19124,0.966304
19125,0.655773
19126,0.69982
19127,0.913083
19128,0.946185
19129,0.741956
19130,0.721455
19131,0.919524
19132,0.957347
19133,0.609291
19134,0.841388
19135,0.681142
19136,0.800668
19137,0.572048
19138,0.606898
19139,0.782957
19140,0.89853
19141,0.855928
19142,0.673956
19143,0.925191
19144,0.879205
19145,0.804391
19146,0.612324
19147,0.867605
19148,0.745692
19149,0.807274
19150,0.764055
19151,0.850056
19152,0.916412
19153,0.760887
19154,0.506825
19155,0.075597
19156,0.690877
19157,0.60982
19158,0.933651
19159,0.805932
19160,0.726477
19161,0.965039
19162,0.61918
19163,0.819042
19164,0.678765
19165,0.706027
19166,0.885752
19167,0.906107
19168,0.9328
19169,0.832545
19170,0.702538
19171,0.687835
19172,0.74109
19173,0.776991
19174,0.871975
19175,0.961083
19176,0.688879
19177,0.899531
19178,0.715549
19179,0.658778
19180,0.891662
19181,0.915992
19182,0.90098
19183,0.903868
19184,0.792483
19185,0.777375
19186,0.617504
19187,0.783373
19188,0.95562
19189,0.752803
19190,0.647571
19191,0.860794
19192,0.887258
19193,0.930148
19194,0.861671
19195,0.495664
19196,0.90331
19197,0.91579
19198,0.912617
19199,0.759379
19200,0.554388
19201,0.62237
19202,0.714335
19203,0.83094
19204,0.718263
19205,0.77295
19206,0.920945
19207,0.764235
19208,0.887244
19209,0.627451
19210,0.94748
19211,0.737468
19212,0.651132
19213,0.745346
19214,0.953408
19215,0.898303
19216,0.652473
19217,0.545052
19218,0.434278
19219,0.879082
19220,0.082561
19221,0.695402
19222,0.70596
19223,0.917488
19224,0.819596
19225,0.77588
19226,0.502401
19227,0.632368
19228,0.629837
19229,0.779835
19230,0.643469
19231,0.948341
19232,0.856084
19233,0.59614
19234,0.948193
19235,0.930871
19236,0.865318
19237,0.768034
19238,0.943914
19239,0.829264
19240,0.950925
19241,0.845162
19242,0.959882
19243,0.789323
19244,0.828638
19245,0.844444
19246,0.857271
19247,0.88733
19248,0.699699
19249,0.595828
19250,0.935747
19251,0.635106
19252,0.64526
19253,0.543118
19254,0.800685
19255,0.91222
19256,0.936012
19257,0.84665
19258,0.74542
19259,0.877152
19260,0.654053
19261,0.56343
19262,0.424277
19263,0.61981
19264,0.88937
19265,0.868651
19266,0.735416
19267,0.777819
19268,0.600608
19269,0.643735
19270,0.483797
19271,0.926458
19272,0.875898
19273,0.526967
19274,0.69079
19275,0.512301
19276,0.758788
19277,0.925781
19278,0.67447
19279,0.788575
19280,0.542546
19281,0.164669
19282,0.894714
19283,0.644653
19284,0.752575
19285,0.901175
19286,0.642262
19287,0.590807
19288,0.723365
19289,0.810132
19290,0.690374
19291,0.723718
19292,0.817118
19293,0.880905
19294,0.523779
19295,0.674226
19296,0.729229
19297,0.859615
19298,0.202764
19299,0.774139
19300,0.772099
19301,0.762456
19302,0.960658
19303,0.941904
19304,0.854149
19305,0.952714
19306,0.683307
19307,0.547406
19308,0.792289
19309,0.876687
19310,0.72607
19311,0.318562
19312,0.934607
19313,0.526126
19314,0.84603
19315,0.729856
19316,0.74997
19317,0.898823
19318,0.703606
19319,0.713285
19320,0.899851
19321,0.643632
19322,0.761984
19323,0.40962
19324,0.783569
19325,0.889382
19326,0.930179
19327,0.871724
19328,0.633176
19329,0.753257
19330,0.745729
19331,0.735567
19332,0.851878
19333,0.93013
19334,0.899614
19335,0.903766
19336,0.67254
19337,0.60163
19338,0.780749
19339,0.912708
19340,0.957759
19341,0.762187
19342,0.879859
19343,0.547638
19344,0.780056
19345,0.879106
19346,0.635279
19347,0.628035
19348,0.879661
19349,0.952919
19350,0.858274
19351,0.829591
19352,0.247017
19353,0.45085
19354,0.790732
19355,0.942174
19356,0.935966
19357,0.800287
19358,0.668739
19359,0.864609
19360,0.072499
19361,0.910226
19362,0.54539
19363,0.900829
19364,0.866159
19365,0.503489
19366,0.801113
19367,0.374923
19368,0.816787
19369,0.561098
19370,0.907939
19371,0.630842
19372,0.665864
19373,0.761957
19374,0.844185
19375,0.629011
19376,0.692652
19377,0.440704
19378,0.754839
19379,0.951921
19380,0.759715
19381,0.586411
19382,0.66103
19383,0.949933
19384,0.424938
19385,0.654186
19386,0.920955
19387,0.937192
19388,0.693565
19389,0.916442
19390,0.775073
19391,0.959947
19392,0.914844
19393,0.780924
19394,0.671962
19395,0.757332
19396,0.468855
19397,0.73779
19398,0.95095
19399,0.584509
19400,0.857731
19401,0.864869
19402,0.559642
19403,0.84695
19404,0.688463
19405,0.951137
19406,0.919345
19407,0.816794
19408,0.834338
19409,0.779842
19410,0.063865
19411,0.797503
19412,0.862654
19413,0.853449
19414,0.868506
19415,0.679302
19416,0.756415
19417,0.914076
19418,0.56456
19419,0.64989
19420,0.506369
19421,0.848389
19422,0.775872
19423,0.576146
19424,0.581815
19425,0.747364
19426,0.774898
19427,0.927251
19428,0.932983
19429,0.6473
19430,0.664108
19431,0.697723
19432,0.954082
19433,0.633007
19434,0.812084
19435,0.742083
19436,0.553955
19437,0.761736
19438,0.822646
19439,0.387203
19440,0.561933
19441,0.884339
19442,0.853543
19443,0.67525
19444,0.676815
19445,0.782733
19446,0.838126
19447,0.871925
19448,0.62594
19449,0.814073
19450,0.757225
19451,0.505269
19452,0.916129
19453,0.57109
19454,0.875637
19455,0.699783
19456,0.624689
19457,0.883274
19458,0.764666
19459,0.622
19460,0.712481
19461,0.683788
19462,0.67003
19463,0.851714
19464,0.697621
19465,0.8106
19466,0.891321
19467,0.67455
19468,0.495293
19469,0.654017
19470,0.58979
19471,0.956248
19472,0.877081
19473,0.69796
19474,0.764855
19475,0.764714
19476,0.941891
19477,0.831318
19478,0.568165
19479,0.721328
19480,0.357919
19481,0.491758
19482,0.812313
19483,0.818435
19484,0.754542
19485,0.801602
19486,0.616884
19487,0.562491
19488,0.596567
19489,0.08592
19490,0.564912
19491,0.699451
19492,0.941904
19493,0.826199
19494,0.580571
19495,0.661676
19496,0.869833
19497,0.900318
19498,0.533612
19499,0.887161
19500,0.592743
19501,0.67671
19502,0.572336
19503,0.55007
19504,0.734535
19505,0.066098
19506,0.6543
19507,0.831023
19508,0.700413
19509,0.672716
19510,0.611644
19511,0.695128
19512,0.792128
19513,0.709691
19514,0.519149
19515,0.710699
19516,0.618456
19517,0.788226
19518,0.619669
19519,0.885004
19520,0.425735
19521,0.792595
19522,0.853516
19523,0.441327
19524,0.963351
19525,0.395279
19526,0.963776
19527,0.765279
19528,0.799942
19529,0.796212
19530,0.709734
19531,0.576975
19532,0.915923
19533,0.629465
19534,0.922117
19535,0.583611
19536,0.80728
19537,0.901407
19538,0.532145
19539,0.394174
19540,0.638902
19541,0.915876
19542,0.452305
19543,0.929946
19544,0.073424
19545,0.519917
19546,0.0767
19547,0.657962
19548,0.328104
19549,0.814951
19550,0.546981
19551,0.648414
19552,0.649104
19553,0.925781
19554,0.688719
19555,0.932402
19556,0.785851
19557,0.668329
19558,0.633013
19559,0.588134
19560,0.047298
19561,0.881848
19562,0.758616
19563,0.892411
19564,0.52925
19565,0.496035
19566,0.574982
19567,0.730806
19568,0.797767
19569,0.615396
19570,0.76688
19571,0.935817
19572,0.790907
19573,0.870996
19574,0.706698
19575,0.736123
19576,0.935084
19577,0.894774
19578,0.731584
19579,0.615043
19580,0.513399
19581,0.579528
19582,0.75702
19583,0.80518
19584,0.927061
19585,0.211674
19586,0.725586
19587,0.40946
19588,0.852356
19589,0.651372
19590,0.808233
19591,0.94763
19592,0.74222
19593,0.927208
19594,0.646454
19595,0.708884
19596,0.869116
19597,0.893508
19598,0.817546
19599,0.393206
19600,0.811582
19601,0.667613
19602,0.9093
19603,0.740073
19604,0.806182
19605,0.842491
19606,0.962874
19607,0.679843
19608,0.944649
19609,0.832461
19610,0.801687
19611,0.936521
19612,0.542824
19613,0.934715
19614,0.713374
19615,0.883148
19616,0.763294
19617,0.950205
19618,0.853562
19619,0.915639
19620,0.578236
19621,0.699366
19622,0.918335
19623,0.731566
19624,0.722545
19625,0.760478
19626,0.83946
19627,0.703636
19628,0.672286
19629,0.473554
19630,0.753386
19631,0.838955
19632,0.871937
19633,0.811259
19634,0.752721
19635,0.908449
19636,0.801717
19637,0.513441
19638,0.937336
19639,0.590887
19640,0.838348
19641,0.78921
19642,0.659878
19643,0.859967
19644,0.955441
19645,0.710789
19646,0.739064
19647,0.729449
19648,0.651895
19649,0.881344
19650,0.827905
19651,0.847106
19652,0.828671
19653,0.866914
19654,0.943037
19655,0.835345
19656,0.942226
19657,0.883732
19658,0.084667
19659,0.591512
19660,0.542425
19661,0.703978
19662,0.933185
19663,0.926847
19664,0.653095
19665,0.765443
19666,0.778319
19667,0.665288
19668,0.698571
19669,0.960654
19670,0.445648
19671,0.512796
19672,0.931388
19673,0.786607
19674,0.821666
19675,0.922966
19676,0.663162
19677,0.792407
19678,0.593635
19679,0.813116
19680,0.706823
19681,0.958963
19682,0.830959
19683,0.427014
19684,0.819707
19685,0.670661
19686,0.779486
19687,0.814308
19688,0.665365
19689,0.760452
19690,0.662547
19691,0.500997
19692,0.750653
19693,0.961618
19694,0.775072
19695,0.954405
19696,0.743319
19697,0.740497
19698,0.837139
19699,0.913324
19700,0.128677
19701,0.702849
19702,0.58526
19703,0.868555
19704,0.776869
19705,0.922967
19706,0.914521
19707,0.945166
19708,0.862801
19709,0.862728
19710,0.743495
19711,0.628485
19712,0.615553
19713,0.756971
19714,0.917199
19715,0.488416
19716,0.708864
19717,0.775934
19718,0.74452
19719,0.730265
19720,0.653354
19721,0.947226
19722,0.768512
19723,0.138853
19724,0.5745
19725,0.86722
19726,0.893197
19727,0.772607
19728,0.713513
19729,0.808355
19730,0.885987
19731,0.780623
19732,0.483774
19733,0.73953
19734,0.955422
19735,0.706556
19736,0.85979
19737,0.347945
19738,0.872545
19739,0.62653
19740,0.585659
19741,0.600871
19742,0.680631
19743,0.850695
19744,0.093261
19745,0.872951
19746,0.648077
19747,0.233457
19748,0.83609
19749,0.561048
19750,0.769397
19751,0.867333
19752,0.169037
19753,0.788211
19754,0.436579
19755,0.862046
19756,0.953621
19757,0.800004
19758,0.076644
19759,0.714889
19760,0.909208
19761,0.953574
19762,0.85845
19763,0.500203
19764,0.4411
19765,0.815224
19766,0.820434
19767,0.674602
19768,0.500087
19769,0.861225
19770,0.652323
19771,0.748192
19772,0.924518
19773,0.940236
19774,0.066429
19775,0.834896
19776,0.926044
19777,0.680528
19778,0.594284
19779,0.781309
19780,0.670643
19781,0.930704
19782,0.942885
19783,0.922294
19784,0.848899
19785,0.623788
19786,0.667059
19787,0.72421
19788,0.533048
19789,0.470167
19790,0.883174
19791,0.866406
19792,0.675203
19793,0.824842
19794,0.725292
19795,0.852156
19796,0.8588
19797,0.08727
19798,0.747678
19799,0.718757
19800,0.8376
19801,0.705764
19802,0.931571
19803,0.594432
19804,0.699406
19805,0.061242
19806,0.441887
19807,0.584108
19808,0.868603
19809,0.628509
19810,0.631839
19811,0.561176
19812,0.551068
19813,0.950513
19814,0.70135
19815,0.74559
19816,0.233817
19817,0.630208
19818,0.774493
19819,0.535897
19820,0.545775
19821,0.553635
19822,0.65595
19823,0.887239
19824,0.297006
19825,0.841927
19826,0.415142
19827,0.842593
19828,0.925875
19829,0.960422
19830,0.846845
19831,0.786838
19832,0.871517
19833,0.755483
19834,0.709861
19835,0.833978
19836,0.781261
19837,0.854626
19838,0.816845
19839,0.896534
19840,0.707506
19841,0.672537
19842,0.676031
19843,0.771526
19844,0.662336
19845,0.737113
19846,0.573478
19847,0.747802
19848,0.531917
19849,0.764804
19850,0.688331
19851,0.530678
19852,0.706155
19853,0.428544
19854,0.666723
19855,0.752221
19856,0.806121
19857,0.649847
19858,0.782478
19859,0.416786
19860,0.477611
19861,0.937622
19862,0.645786
19863,0.727602
19864,0.833328
19865,0.552614
19866,0.750253
19867,0.717869
19868,0.961805
19869,0.739397
19870,0.927303
19871,0.517796
19872,0.836213
19873,0.766501
19874,0.516456
19875,0.880363
19876,0.836808
19877,0.667794
19878,0.785447
19879,0.931162
19880,0.681728
19881,0.671889
19882,0.95387
19883,0.042461
19884,0.963045
19885,0.826178
19886,0.959308
19887,0.891806
19888,0.780873
19889,0.778506
19890,0.743976
19891,0.928892
19892,0.956294
19893,0.816508
19894,0.650642
19895,0.706437
19896,0.900191
19897,0.929032
19898,0.964195
19899,0.841415
19900,0.64117
19901,0.651978
19902,0.79415
19903,0.516307
19904,0.960176
19905,0.766039
19906,0.913072
19907,0.874482
19908,0.838572
19909,0.839102
19910,0.472891
19911,0.883677
19912,0.567151
19913,0.879468
19914,0.894826
19915,0.7368
19916,0.852334
19917,0.929405
19918,0.772439
19919,0.783874
19920,0.767434
19921,0.793254
19922,0.693959
19923,0.350504
19924,0.789375
19925,0.662066
19926,0.715046
19927,0.730543
19928,0.766681
19929,0.657459
19930,0.763943
19931,0.61087
19932,0.620459
19933,0.703336
19934,0.911408
19935,0.777797
19936,0.898561
19937,0.746486
19938,0.777432
19939,0.931825
19940,0.842004
19941,0.485034
19942,0.776527
19943,0.793839
19944,0.798795
19945,0.920949
19946,0.641147
19947,0.957079
19948,0.863829
19949,0.809891
19950,0.702618
19951,0.823914
19952,0.732458
19953,0.707968
19954,0.862027
19955,0.777082
19956,0.916558
19957,0.768526
19958,0.962823
19959,0.646948
19960,0.960688
19961,0.833343
19962,0.746504
19963,0.874396
19964,0.954652
19965,0.697025
19966,0.598216
19967,0.950703
19968,0.858064
19969,0.79983
19970,0.777572
19971,0.529474
19972,0.904505
19973,0.63186
19974,0.444107
19975,0.726641
19976,0.850843
19977,0.907352
19978,0.952068
19979,0.846164
19980,0.878836
19981,0.60185
19982,0.593891
19983,0.932554
19984,0.936087
19985,0.85545
19986,0.732345
19987,0.662947
19988,0.787737
19989,0.912239
19990,0.653729
19991,0.90854
19992,0.958191
19993,0.807132
19994,0.667912
19995,0.798753
19996,0.678994
19997,0.919577
19998,0.722752
19999,0.956252
20000,0.766368
20001,0.761195
20002,0.553665
20003,0.700919
20004,0.816303
20005,0.333258
20006,0.862879
20007,0.910005
20008,0.946197
20009,0.740582
20010,0.602647
20011,0.536892
20012,0.864565
20013,0.888172
20014,0.779625
20015,0.808141
20016,0.565199
20017,0.706443
20018,0.692244
20019,0.727797
20020,0.656566
20021,0.934546
20022,0.91969
20023,0.707714
20024,0.884183
20025,0.611016
20026,0.665003
20027,0.953922
20028,0.688562
20029,0.72496
20030,0.451159
20031,0.927843
20032,0.676394
20033,0.86138
20034,0.57176
20035,0.929917
20036,0.733221
20037,0.51705
20038,0.711345
20039,0.880703
20040,0.748465
20041,0.955195
20042,0.596475
20043,0.478317
20044,0.532177
20045,0.587388
20046,0.890613
20047,0.739587
20048,0.733054
20049,0.891126
20050,0.947464
20051,0.949567
20052,0.51291
20053,0.869452
20054,0.776139
20055,0.700037
20056,0.717366
20057,0.647882
20058,0.856161
20059,0.674042
20060,0.859141
20061,0.662944
20062,0.055188
20063,0.926954
20064,0.705626
20065,0.939131
20066,0.695934
20067,0.582811
20068,0.818681
20069,0.710028
20070,0.651433
20071,0.598978
20072,0.642513
20073,0.716061
20074,0.556368
20075,0.707899
20076,0.131697
20077,0.9389
20078,0.775925
20079,0.933418
20080,0.58595
20081,0.089941
20082,0.622679
20083,0.890305
20084,0.81831
20085,0.675066
20086,0.852834
20087,0.863756
20088,0.718747
20089,0.845568
20090,0.814033
20091,0.872647
20092,0.759575
20093,0.622618
20094,0.777165
20095,0.8173
20096,0.825404
20097,0.144585
20098,0.059646
20099,0.889007
20100,0.705859
20101,0.481334
20102,0.850055
20103,0.877349
20104,0.766777
20105,0.35158
20106,0.710844
20107,0.759248
20108,0.658923
20109,0.693445
20110,0.946939
20111,0.795607
20112,0.754753
20113,0.628756
20114,0.668753
20115,0.567111
20116,0.575153
20117,0.904363
20118,0.65821
20119,0.614336
20120,0.765075
20121,0.680574
20122,0.564203
20123,0.415703
20124,0.587707
20125,0.485536
20126,0.886674
20127,0.933121
20128,0.919276
20129,0.725649
20130,0.608881
20131,0.671685
20132,0.842573
20133,0.830605
20134,0.548099
20135,0.598509
20136,0.167954
20137,0.55819
20138,0.815379
20139,0.705904
20140,0.833326
20141,0.719
20142,0.45275
20143,0.59722
20144,0.526748
20145,0.951708
20146,0.824011
20147,0.942943
20148,0.693331
20149,0.471219
20150,0.897906
20151,0.556516
20152,0.754196
20153,0.723156
20154,0.789273
20155,0.900487
20156,0.695031
20157,0.780963
20158,0.927021
20159,0.807023
20160,0.745211
20161,0.535649
20162,0.571796
20163,0.429959
20164,0.800612
20165,0.478883
20166,0.701001
20167,0.888117
20168,0.881593
20169,0.656134
20170,0.741566
20171,0.932533
20172,0.65215
20173,0.748744
20174,0.748225
20175,0.751393
20176,0.602497
20177,0.723049
20178,0.770224
20179,0.646216
20180,0.48807
20181,0.760444
20182,0.763648
20183,0.82142
20184,0.832182
20185,0.803724
20186,0.796241
20187,0.574107
20188,0.910159
20189,0.585753
20190,0.600002
20191,0.790382
20192,0.729323
20193,0.860856
20194,0.451718
20195,0.4972
20196,0.652519
20197,0.645124
20198,0.730143
20199,0.14848
20200,0.440933
20201,0.642476
20202,0.614251
20203,0.821944
20204,0.940888
20205,0.630697
20206,0.848718
20207,0.750422
20208,0.829572
20209,0.904214
20210,0.923001
20211,0.466992
20212,0.767097
20213,0.535142
20214,0.649459
20215,0.861122
20216,0.882076
20217,0.779614
20218,0.833375
20219,0.933601
20220,0.544901
20221,0.575002
20222,0.949127
20223,0.739956
20224,0.538798
20225,0.544754
20226,0.629341
20227,0.829432
20228,0.92158
20229,0.847668
20230,0.540044
20231,0.840254
20232,0.160333
20233,0.955919
20234,0.790485
20235,0.742626
20236,0.643156
20237,0.773695
20238,0.661546
20239,0.172114
20240,0.665121
20241,0.509244
20242,0.690763
20243,0.572452
20244,0.614704
20245,0.667346
20246,0.770369
20247,0.916397
20248,0.709577
20249,0.728507
20250,0.700527
20251,0.623729
20252,0.90505
20253,0.545649
20254,0.947698
20255,0.749088
20256,0.868465
20257,0.870311
20258,0.572336
20259,0.885009
20260,0.822272
20261,0.727773
20262,0.743809
20263,0.28123
20264,0.803379
20265,0.554002
20266,0.389251
20267,0.11981
20268,0.624939
20269,0.669767
20270,0.917814
20271,0.71147
20272,0.689579
20273,0.540687
20274,0.945498
20275,0.742111
20276,0.957974
20277,0.698866
20278,0.904912
20279,0.585803
20280,0.952745
20281,0.695392
20282,0.517754
20283,0.623789
20284,0.937035
20285,0.626488
20286,0.773253
20287,0.889566
20288,0.818568
20289,0.913438
20290,0.917237
20291,0.807533
20292,0.269404
20293,0.402506
20294,0.704562
20295,0.841016
20296,0.583054
20297,0.662108
20298,0.359751
20299,0.713489
20300,0.71033
20301,0.826492
20302,0.661666
20303,0.952814
20304,0.90809
20305,0.898943
20306,0.639078
20307,0.607846
20308,0.065234
20309,0.751675
20310,0.882144
20311,0.716606
20312,0.915465
20313,0.81261
20314,0.845277
20315,0.882601
20316,0.613908
20317,0.781338
20318,0.774274
20319,0.428302
20320,0.936269
20321,0.814028
20322,0.078547
20323,0.943474
20324,0.171546
20325,0.756117
20326,0.854602
20327,0.920194
20328,0.780833
20329,0.689514
20330,0.682402
20331,0.612054
20332,0.923074
20333,0.879625
20334,0.924671
20335,0.920286
20336,0.906259
20337,0.675755
20338,0.878299
20339,0.07051
20340,0.807394
20341,0.715344
20342,0.924771
20343,0.798946
20344,0.898343
20345,0.484162
20346,0.918408
20347,0.563742
20348,0.943654
20349,0.599764
20350,0.833552
20351,0.891858
20352,0.789674
20353,0.951517
20354,0.664588
20355,0.730906
20356,0.785112
20357,0.686569
20358,0.92494
20359,0.807441
20360,0.630435
20361,0.772882
20362,0.349495
20363,0.497313
20364,0.642606
20365,0.847252
20366,0.371845
20367,0.881817
20368,0.890852
20369,0.669581
20370,0.467612
20371,0.912247
20372,0.796585
20373,0.935922
20374,0.693533
20375,0.956003
20376,0.737011
20377,0.681343
20378,0.805131
20379,0.64527
20380,0.678195
20381,0.777966
20382,0.638454
20383,0.681044
20384,0.897574
20385,0.493522
20386,0.598552
20387,0.767178
20388,0.599976
20389,0.894508
20390,0.948204
20391,0.729423
20392,0.735765
20393,0.493629
20394,0.613759
20395,0.900263
20396,0.851762
20397,0.581606
20398,0.883501
20399,0.569237
20400,0.705501
20401,0.963196
20402,0.477593
20403,0.544686
20404,0.485474
20405,0.606435
20406,0.81455
20407,0.537958
20408,0.89664
20409,0.638124
20410,0.842618
20411,0.516927
20412,0.896113
20413,0.695106
20414,0.951112
20415,0.665963
20416,0.868201
20417,0.786657
20418,0.640712
20419,0.92121
20420,0.794206
20421,0.653846
20422,0.747576
20423,0.632606
20424,0.412842
20425,0.925588
20426,0.86924
20427,0.676697
20428,0.492521
20429,0.624749
20430,0.733298
20431,0.912183
20432,0.059056
20433,0.736653
20434,0.922766
20435,0.791373
20436,0.884513
20437,0.877552
20438,0.637252
20439,0.83313
20440,0.814252
20441,0.691649
20442,0.748342
20443,0.679521
20444,0.709086
20445,0.943914
20446,0.609329
20447,0.402742
20448,0.835878
20449,0.924136
20450,0.522422
20451,0.856734
20452,0.77696
20453,0.607314
20454,0.57627
20455,0.895549
20456,0.749537
20457,0.045995
20458,0.779123
20459,0.754796
20460,0.884138
20461,0.93926
20462,0.904341
20463,0.849877
20464,0.646723
20465,0.566749
20466,0.953961
20467,0.56365
20468,0.06879
20469,0.798053
20470,0.686733
20471,0.535481
20472,0.148561
20473,0.694596
20474,0.632027
20475,0.674862
20476,0.810182
20477,0.644488
20478,0.859136
20479,0.699946
20480,0.893449
20481,0.960369
20482,0.498551
20483,0.736849
20484,0.889251
20485,0.928547
20486,0.929277
20487,0.90911
20488,0.675403
20489,0.59696
20490,0.67898
20491,0.565986
20492,0.527667
20493,0.850733
20494,0.80153
20495,0.587344
20496,0.500627
20497,0.937206
20498,0.941971
20499,0.557801
20500,0.652807
20501,0.951595
20502,0.799277
20503,0.652777
20504,0.954324
20505,0.949439
20506,0.671532
20507,0.088462
20508,0.427484
20509,0.553739
20510,0.955414
20511,0.918915
20512,0.721344
20513,0.804037
20514,0.517325
20515,0.723902
20516,0.662251
20517,0.916468
20518,0.91275
20519,0.708473
20520,0.908032
20521,0.066932
20522,0.784185
20523,0.509854
20524,0.742437
20525,0.640303
20526,0.541193
20527,0.901055
20528,0.051552
20529,0.627424
20530,0.677525
20531,0.664147
20532,0.831967
20533,0.959018
20534,0.872214
20535,0.872992
20536,0.915259
20537,0.893516
20538,0.589347
20539,0.781231
20540,0.818277
20541,0.931104
20542,0.539127
20543,0.550873
20544,0.941638
20545,0.857588
20546,0.609742
20547,0.809158
20548,0.943216
20549,0.801842
20550,0.559187
20551,0.648174
20552,0.852658
20553,0.955788
20554,0.873595
20555,0.71181
20556,0.749807
20557,0.915016
20558,0.885952
20559,0.552215
20560,0.624212
20561,0.962348
20562,0.594335
20563,0.660365
20564,0.898169
20565,0.873031
20566,0.677395
20567,0.562574
20568,0.880152
20569,0.776852
20570,0.727571
20571,0.632219
20572,0.673685
20573,0.785893
20574,0.761514
20575,0.609334
20576,0.868448
20577,0.761694
20578,0.410849
20579,0.607637
20580,0.895764
20581,0.581049
20582,0.892614
20583,0.934219
20584,0.843041
20585,0.79722
20586,0.922231
20587,0.786454
20588,0.77839
20589,0.938571
20590,0.5362
20591,0.544567
20592,0.666704
20593,0.895667
20594,0.934077
20595,0.273584
20596,0.585512
20597,0.78931
20598,0.702612
20599,0.734933
20600,0.849021
20601,0.435948
20602,0.643896
20603,0.576518
20604,0.832836
20605,0.469323
20606,0.833435
20607,0.708933
20608,0.91952
20609,0.403309
20610,0.744465
20611,0.892026
20612,0.658447
20613,0.939977
20614,0.844196
20615,0.450141
20616,0.564351
20617,0.718048
20618,0.906109
20619,0.568755
20620,0.658685
20621,0.725195
20622,0.570212
20623,0.841126
20624,0.804223
20625,0.962942
20626,0.895914
20627,0.566031
20628,0.954236
20629,0.827505
20630,0.951391
20631,0.662987
20632,0.858973
20633,0.573631
20634,0.792741
20635,0.801727
20636,0.085009
20637,0.442214
20638,0.775953
20639,0.632157
20640,0.948875
20641,0.48938
20642,0.918295
20643,0.670463
20644,0.503011
20645,0.902303
20646,0.774747
20647,0.702646
20648,0.735835
20649,0.939535
20650,0.902307
20651,0.745845
20652,0.954014
20653,0.698766
20654,0.649573
20655,0.832523
20656,0.589535
20657,0.851152
20658,0.759047
20659,0.069426
20660,0.450745
20661,0.045845
20662,0.705031
20663,0.763068
20664,0.691855
20665,0.774089
20666,0.78659
20667,0.566035
20668,0.862689
20669,0.755799
20670,0.9426
20671,0.728777
20672,0.70352
20673,0.862891
20674,0.653876
20675,0.762867
20676,0.640656
20677,0.504447
20678,0.599866
20679,0.713951
20680,0.802861
20681,0.428665
20682,0.650689
20683,0.771511
20684,0.768042
20685,0.906496
20686,0.95129
20687,0.064728
20688,0.897177
20689,0.670296
20690,0.807636
20691,0.442862
20692,0.755846
20693,0.841472
20694,0.560756
20695,0.747214
20696,0.818759
20697,0.734564
20698,0.730933
20699,0.86966
20700,0.782933
20701,0.52756
20702,0.769524
20703,0.776546
20704,0.368265
20705,0.045137
20706,0.91281
20707,0.54065
20708,0.578709
20709,0.71506
20710,0.635956
20711,0.482386
20712,0.90088
20713,0.883492
20714,0.749341
20715,0.869711
20716,0.902866
20717,0.906717
20718,0.895599
20719,0.785508
20720,0.661974
20721,0.635135
20722,0.580905
20723,0.511643
20724,0.916571
20725,0.58973
20726,0.591608
20727,0.649085
20728,0.690754
20729,0.145775
20730,0.827682
20731,0.22706
20732,0.784571
20733,0.948585
20734,0.639301
20735,0.723106
20736,0.917384
20737,0.469933
20738,0.944155
20739,0.737044
20740,0.874792
20741,0.832404
20742,0.636494
20743,0.772206
20744,0.655127
20745,0.499128
20746,0.628391
20747,0.590228
20748,0.501959
20749,0.71488
20750,0.918122
20751,0.72412
20752,0.954702
20753,0.950545
20754,0.723327
20755,0.105317
20756,0.874749
20757,0.832955
20758,0.959335
20759,0.374582
20760,0.795271
20761,0.768444
20762,0.722075
20763,0.915152
20764,0.464575
20765,0.886062
20766,0.921037
20767,0.834785
20768,0.900362
20769,0.695632
20770,0.787657
20771,0.710707
20772,0.596761
20773,0.842737
20774,0.602949
20775,0.676724
20776,0.945933
20777,0.787637
20778,0.705688
20779,0.583936
20780,0.914156
20781,0.554202
20782,0.646946
20783,0.885277
20784,0.801375
20785,0.682153
20786,0.878264
20787,0.904191
20788,0.627384
20789,0.96036
20790,0.412161
20791,0.712316
20792,0.897232
20793,0.872561
20794,0.560794
20795,0.838954
20796,0.577036
20797,0.702111
20798,0.858443
20799,0.804277
20800,0.557089
20801,0.944875
20802,0.662002
20803,0.702634
20804,0.816525
20805,0.54202
20806,0.803516
20807,0.95958
20808,0.605221
20809,0.488681
20810,0.920346
20811,0.630756
20812,0.743996
20813,0.532209
20814,0.908156
20815,0.442573
20816,0.209391
20817,0.864167
20818,0.779307
20819,0.711153
20820,0.721752
20821,0.966767
20822,0.933517
20823,0.606032
20824,0.958021
20825,0.650297
20826,0.961717
20827,0.592541
20828,0.642921
20829,0.956112
20830,0.783524
20831,0.765408
20832,0.894208
20833,0.865776
20834,0.678927
20835,0.930177
20836,0.382625
20837,0.660144
20838,0.869892
20839,0.651422
20840,0.893483
20841,0.830768
20842,0.764065
20843,0.468261
20844,0.627208
20845,0.546762
20846,0.896311
20847,0.537312
20848,0.676986
20849,0.492912
20850,0.808468
20851,0.446455
20852,0.875793
20853,0.806178
20854,0.743674
20855,0.827868
20856,0.56547
20857,0.758798
20858,0.843307
20859,0.891277
20860,0.532071
20861,0.865552
20862,0.853253
20863,0.793385
20864,0.19712
20865,0.618369
20866,0.499017
20867,0.445603
20868,0.805262
20869,0.664447
20870,0.935986
20871,0.623745
20872,0.857178
20873,0.647555
20874,0.353051
20875,0.616834
20876,0.654852
20877,0.574045
20878,0.671293
20879,0.754476
20880,0.938872
20881,0.498918
20882,0.728651
20883,0.832358
20884,0.521709
20885,0.547976
20886,0.86928
20887,0.682047
20888,0.687753
20889,0.803058
20890,0.779034
20891,0.513242
20892,0.923425
20893,0.862626
20894,0.847877
20895,0.75181
20896,0.791628
20897,0.856498
20898,0.561547
20899,0.849186
20900,0.680768
20901,0.852596
20902,0.605095
20903,0.872946
20904,0.66187
20905,0.804486
20906,0.836335
20907,0.457159
20908,0.766049
20909,0.581356
20910,0.813251
20911,0.809653
20912,0.954028
20913,0.74356
20914,0.907405
20915,0.864346
20916,0.627942
20917,0.545025
20918,0.681482
20919,0.689879
20920,0.825274
20921,0.946149
20922,0.945465
20923,0.417889
20924,0.226656
20925,0.760946
20926,0.53988
20927,0.888707
20928,0.844053
20929,0.55285
20930,0.574528
20931,0.513661
20932,0.844608
20933,0.66666
20934,0.696318
20935,0.942058
20936,0.856065
20937,0.635576
20938,0.827586
20939,0.639497
20940,0.737105
20941,0.631864
20942,0.875774
20943,0.891805
20944,0.586593
20945,0.956301
20946,0.858651
20947,0.649013
20948,0.68122
20949,0.798478
20950,0.876671
20951,0.940869
20952,0.824805
20953,0.823322
20954,0.740893
20955,0.314422
20956,0.575282
20957,0.595178
20958,0.145593
20959,0.60152
20960,0.80475
20961,0.785464
20962,0.673993
20963,0.745429
20964,0.882415
20965,0.6493
20966,0.950966
20967,0.75574
20968,0.702857
20969,0.850914
20970,0.588223
20971,0.944232
20972,0.638158
20973,0.917358
20974,0.924924
20975,0.908774
20976,0.929484
20977,0.819717
20978,0.819424
20979,0.622988
20980,0.912097
20981,0.94943
20982,0.930269
20983,0.673348
20984,0.188349
20985,0.600531
20986,0.822308
20987,0.813813
20988,0.642264
20989,0.315194
20990,0.454203
20991,0.627118
20992,0.642221
20993,0.93049
20994,0.67482
20995,0.714353
20996,0.609775
20997,0.820446
20998,0.750047
20999,0.709587
21000,0.916626
21001,0.60833
21002,0.705081
21003,0.918774
21004,0.571317
21005,0.857125
21006,0.791082
21007,0.638085
21008,0.745435
21009,0.632327
21010,0.862441
21011,0.539351
21012,0.7967
21013,0.843501
21014,0.793551
21015,0.580047
21016,0.878263
21017,0.479572
21018,0.881325
21019,0.599774
21020,0.479729
21021,0.938062
21022,0.700338
21023,0.71262
21024,0.84976
21025,0.435829
21026,0.919625
21027,0.962793
21028,0.152542
21029,0.900384
21030,0.797193
21031,0.717504
21032,0.656839
21033,0.583699
21034,0.857459
21035,0.767529
21036,0.654129
21037,0.90577
21038,0.938651
21039,0.696679
21040,0.918358
21041,0.956322
21042,0.627603
21043,0.891089
21044,0.863202
21045,0.855824
21046,0.703675
21047,0.928716
21048,0.718001
21049,0.527308
21050,0.57091
21051,0.83741
21052,0.931483
21053,0.671312
21054,0.503602
21055,0.424567
21056,0.735807
21057,0.645696
21058,0.649963
21059,0.742226
21060,0.679903
21061,0.84391
21062,0.594524
21063,0.577255
21064,0.934475
21065,0.755131
21066,0.946523
21067,0.626013
21068,0.752344
21069,0.741298
21070,0.911994
21071,0.829198
21072,0.810618
21073,0.62313
21074,0.691265
21075,0.548904
21076,0.785585
21077,0.589458
21078,0.858304
21079,0.946859
21080,0.94034
21081,0.073646
21082,0.924207
21083,0.638653
21084,0.432446
21085,0.477942
21086,0.936502
21087,0.666603
21088,0.833801
21089,0.792698
21090,0.697971
21091,0.74053
21092,0.748801
21093,0.831742
21094,0.825373
21095,0.270394
21096,0.789547
21097,0.878985
21098,0.827357
21099,0.937535
21100,0.87743
21101,0.686022
21102,0.784893
21103,0.517082
21104,0.898288
21105,0.919096
21106,0.426841
21107,0.944431
21108,0.865571
21109,0.739226
21110,0.452724
21111,0.843988
21112,0.704418
21113,0.81883
21114,0.310641
21115,0.280097
21116,0.920742
21117,0.883329
21118,0.705129
21119,0.860376
21120,0.950507
21121,0.861876
21122,0.742936
21123,0.496498
21124,0.624779
21125,0.910445
21126,0.736068
21127,0.817119
21128,0.946003
21129,0.904445
21130,0.419018
21131,0.838951
21132,0.752786
21133,0.691974
21134,0.744978
21135,0.677647
21136,0.480338
21137,0.059103
21138,0.862755
21139,0.806783
21140,0.72021
21141,0.349615
21142,0.519644
21143,0.746617
21144,0.830531
21145,0.41584
21146,0.780395
21147,0.854985
21148,0.719286
21149,0.37627
21150,0.859533
21151,0.960425
21152,0.945258
21153,0.877139
21154,0.587176
21155,0.790521
21156,0.893143
21157,0.820358
21158,0.959504
21159,0.843149
21160,0.117378
21161,0.61152
21162,0.886932
21163,0.807827
21164,0.810858
21165,0.809341
21166,0.696207
21167,0.912365
21168,0.41869
21169,0.315327
21170,0.771531
21171,0.689997
21172,0.626052
21173,0.737353
21174,0.952203
21175,0.680423
21176,0.587666
21177,0.658856
21178,0.71405
21179,0.937906
21180,0.433328
21181,0.935981
21182,0.907073
21183,0.874894
21184,0.74783
21185,0.920561
21186,0.919092
21187,0.576343
21188,0.645066
21189,0.629775
21190,0.751003
21191,0.759862
21192,0.555801
21193,0.781589
21194,0.847857
21195,0.568669
21196,0.93188
21197,0.624763
21198,0.521092
21199,0.317065
21200,0.677517
21201,0.792352
21202,0.74368
21203,0.799246
21204,0.956179
21205,0.701839
21206,0.622128
21207,0.700045
21208,0.773484
21209,0.779543
21210,0.185401
21211,0.573139
21212,0.959612
21213,0.646148
21214,0.546756
21215,0.739101
21216,0.683045
21217,0.958692
21218,0.962473
21219,0.880069
21220,0.796025
21221,0.82
21222,0.696741
21223,0.920587
21224,0.742069
21225,0.704709
21226,0.565736
21227,0.5537
21228,0.769021
21229,0.958579
21230,0.829477
21231,0.956581
21232,0.747695
21233,0.947865
21234,0.642941
21235,0.762583
21236,0.921585
21237,0.919652
21238,0.930911
21239,0.714311
21240,0.903678
21241,0.957081
21242,0.615956
21243,0.799795
21244,0.78996
21245,0.840346
21246,0.601275
21247,0.129277
21248,0.521216
21249,0.61678
21250,0.636077
21251,0.837211
21252,0.626412
21253,0.545052
21254,0.847733
21255,0.940794
21256,0.690678
21257,0.252161
21258,0.777961
21259,0.649478
21260,0.838107
21261,0.624139
21262,0.526156
21263,0.766333
21264,0.494186
21265,0.680366
21266,0.902245
21267,0.328863
21268,0.711457
21269,0.69832
21270,0.674423
21271,0.676489
21272,0.607917
21273,0.6265
21274,0.662597
21275,0.947497
21276,0.936141
21277,0.88111
21278,0.764644
21279,0.792467
21280,0.626675
21281,0.865607
21282,0.880092
21283,0.847068
21284,0.066188
21285,0.901148
21286,0.838772
21287,0.897003
21288,0.843709
21289,0.958174
21290,0.639037
21291,0.769431
21292,0.839039
21293,0.948341
21294,0.624736
21295,0.813903
21296,0.581884
21297,0.855994
21298,0.508968
21299,0.710293
21300,0.111545
21301,0.739869
21302,0.964997
21303,0.898354
21304,0.570189
21305,0.951846
21306,0.627555
21307,0.644621
21308,0.823424
21309,0.732591
21310,0.940989
21311,0.814845
21312,0.482229
21313,0.826639
21314,0.904418
21315,0.827861
21316,0.732638
21317,0.662237
21318,0.444364
21319,0.757762
21320,0.68913
21321,0.935742
21322,0.645488
21323,0.856105
21324,0.788082
21325,0.743136
21326,0.754038
21327,0.907416
21328,0.708892
21329,0.669261
21330,0.506362
21331,0.534216
21332,0.940779
21333,0.791415
21334,0.582443
21335,0.188361
21336,0.780849
21337,0.792042
21338,0.728555
21339,0.670318
21340,0.723646
21341,0.949762
21342,0.931787
21343,0.845805
21344,0.909999
21345,0.766611
21346,0.743046
21347,0.572463
21348,0.577891
21349,0.494127
21350,0.935034
21351,0.939382
21352,0.919576
21353,0.911098
21354,0.719845
21355,0.87517
21356,0.805746
21357,0.853027
21358,0.625003
21359,0.497143
21360,0.829608
21361,0.89328
21362,0.519796
21363,0.739869
21364,0.615452
21365,0.925639
21366,0.809171
21367,0.942838
21368,0.954801
21369,0.148732
21370,0.713919
21371,0.399533
21372,0.729917
21373,0.850796
21374,0.827868
21375,0.448361
21376,0.746752
21377,0.155435
21378,0.894222
21379,0.878571
21380,0.697669
21381,0.769003
21382,0.635088
21383,0.649856
21384,0.67503
21385,0.637094
21386,0.913659
21387,0.642818
21388,0.851522
21389,0.655488
21390,0.938479
21391,0.631897
21392,0.921941
21393,0.699699
21394,0.664734
21395,0.664507
21396,0.474484
21397,0.444789
21398,0.633422
21399,0.808925
21400,0.535385
21401,0.695962
21402,0.51585
21403,0.677061
21404,0.809556
21405,0.931628
21406,0.657555
21407,0.872318
21408,0.75668
21409,0.503302
21410,0.952283
21411,0.486878
21412,0.614122
21413,0.737343
21414,0.606527
21415,0.938369
21416,0.911048
21417,0.562595
21418,0.680319
21419,0.790108
21420,0.332744
21421,0.796704
21422,0.959718
21423,0.831217
21424,0.643729
21425,0.657184
21426,0.469707
21427,0.690454
21428,0.9493
21429,0.859849
21430,0.740657
21431,0.06564
21432,0.773983
21433,0.744598
21434,0.72647
21435,0.648236
21436,0.774458
21437,0.843986
21438,0.961873
21439,0.945484
21440,0.688857
21441,0.142927
21442,0.787529
21443,0.906059
21444,0.107668
21445,0.959076
21446,0.688753
21447,0.883704
21448,0.937664
21449,0.768499
21450,0.671439
21451,0.944901
21452,0.805863
21453,0.877225
21454,0.903691
21455,0.684953
21456,0.68951
21457,0.811898
21458,0.799017
21459,0.868745
21460,0.906624
21461,0.831764
21462,0.450104
21463,0.696105
21464,0.336739
21465,0.074406
21466,0.920095
21467,0.57458
21468,0.776355
21469,0.839099
21470,0.884041
21471,0.855926
21472,0.954757
21473,0.733395
21474,0.538399
21475,0.767732
21476,0.952386
21477,0.581673
21478,0.551169
21479,0.709767
21480,0.659368
21481,0.681952
21482,0.940636
21483,0.914249
21484,0.815738
21485,0.96111
21486,0.614583
21487,0.726526
21488,0.805281
21489,0.832943
21490,0.579219
21491,0.101232
21492,0.207728
21493,0.862343
21494,0.885454
21495,0.6386
21496,0.821788
21497,0.827375
21498,0.632656
21499,0.554635
21500,0.685694
21501,0.772105
21502,0.864063
21503,0.771741
21504,0.67327
21505,0.661121
21506,0.689605
21507,0.839139
21508,0.919197
21509,0.90773
21510,0.717269
21511,0.919504
21512,0.821188
21513,0.178466
21514,0.931974
21515,0.65786
21516,0.70858
21517,0.788258
21518,0.872438
21519,0.902672
21520,0.699983
21521,0.661023
21522,0.9488
21523,0.693519
21524,0.685494
21525,0.417479
21526,0.84993
21527,0.745511
21528,0.764234
21529,0.747965
21530,0.689789
21531,0.715947
21532,0.460417
21533,0.749742
21534,0.954572
21535,0.596744
21536,0.443251
21537,0.312211
21538,0.773033
21539,0.697042
21540,0.737678
21541,0.964429
21542,0.594876
21543,0.753285
21544,0.579777
21545,0.926899
21546,0.91214
21547,0.945521
21548,0.832375
21549,0.765193
21550,0.50935
21551,0.826025
21552,0.739654
21553,0.898992
21554,0.907187
21555,0.703949
21556,0.757998
21557,0.081879
21558,0.116927
21559,0.698112
21560,0.552976
21561,0.480597
21562,0.645239
21563,0.465258
21564,0.193307
21565,0.855351
21566,0.929426
21567,0.800939
21568,0.546955
21569,0.587145
21570,0.510084
21571,0.814404
21572,0.880673
21573,0.576397
21574,0.812026
21575,0.539486
21576,0.603787
21577,0.878438
21578,0.869621
21579,0.608028
21580,0.876111
21581,0.799145
21582,0.952993
21583,0.668321
21584,0.825635
21585,0.764702
21586,0.657489
21587,0.826997
21588,0.94837
21589,0.674715
21590,0.86351
21591,0.680245
21592,0.691804
21593,0.82597
21594,0.597686
21595,0.628277
21596,0.29013
21597,0.776412
21598,0.354515
21599,0.717912
21600,0.867365
21601,0.914808
21602,0.742679
21603,0.5336
21604,0.857926
21605,0.633624
21606,0.149562
21607,0.682826
21608,0.687964
21609,0.709805
21610,0.645697
21611,0.044089
21612,0.944253
21613,0.940031
21614,0.833761
21615,0.896344
21616,0.794581
21617,0.909454
21618,0.555779
21619,0.728953
21620,0.955554
21621,0.806008
21622,0.692312
21623,0.503097
21624,0.632284
21625,0.718956
21626,0.750488
21627,0.835548
21628,0.705561
21629,0.9319
21630,0.670859
21631,0.698729
21632,0.060639
21633,0.785602
21634,0.676485
21635,0.718533
21636,0.90022
21637,0.567384
21638,0.959015
21639,0.931634
21640,0.936181
21641,0.513287
21642,0.919921
21643,0.824966
21644,0.91775
21645,0.127126
21646,0.816323
21647,0.905461
21648,0.500784
21649,0.78686
21650,0.655515
21651,0.91652
21652,0.532211
21653,0.100432
21654,0.061684
21655,0.929862
21656,0.57512
21657,0.913477
21658,0.554728
21659,0.813645
21660,0.754098
21661,0.912899
21662,0.565025
21663,0.804967
21664,0.67089
21665,0.693273
21666,0.645003
21667,0.743398
21668,0.601841
21669,0.916479
21670,0.8248
21671,0.944997
21672,0.886805
21673,0.483203
21674,0.525228
21675,0.534486
21676,0.878876
21677,0.959996
21678,0.880792
21679,0.569543
21680,0.891172
21681,0.758828
21682,0.642807
21683,0.868316
21684,0.851622
21685,0.897241
21686,0.875996
21687,0.826869
21688,0.557353
21689,0.679105
21690,0.498333
21691,0.930479
21692,0.561773
21693,0.545866
21694,0.646819
21695,0.845573
21696,0.768873
21697,0.671635
21698,0.639721
21699,0.678068
21700,0.919037
21701,0.917251
21702,0.624594
21703,0.588289
21704,0.804755
21705,0.836134
21706,0.065337
21707,0.763842
21708,0.7365
21709,0.946823
21710,0.888739
21711,0.632955
21712,0.786606
21713,0.894162
21714,0.695715
21715,0.830633
21716,0.925487
21717,0.763082
21718,0.526499
21719,0.937827
21720,0.877294
21721,0.920983
21722,0.8192
21723,0.722163
21724,0.798358
21725,0.948066
21726,0.895148
21727,0.51428
21728,0.918401
21729,0.596159
21730,0.788662
21731,0.838944
21732,0.924156
21733,0.942892
21734,0.859044
21735,0.827035
21736,0.851208
21737,0.496062
21738,0.823053
21739,0.847086
21740,0.938482
21741,0.267342
21742,0.840534
21743,0.941802
21744,0.930108
21745,0.948038
21746,0.872783
21747,0.625647
21748,0.536205
21749,0.654417
21750,0.558174
21751,0.556675
21752,0.628131
21753,0.88085
21754,0.680953
21755,0.864059
21756,0.727785
21757,0.691893
21758,0.561029
21759,0.600848
21760,0.566804
21761,0.600929
21762,0.934604
21763,0.128304
21764,0.951088
21765,0.646279
21766,0.736738
21767,0.483367
21768,0.887708
21769,0.952992
21770,0.841378
21771,0.54576
21772,0.631984
21773,0.92136
21774,0.951112
21775,0.922133
21776,0.89277
21777,0.700041
21778,0.950148
21779,0.900345
21780,0.922227
21781,0.234652
21782,0.942745
21783,0.864964
21784,0.805636
21785,0.772519
21786,0.545861
21787,0.952526
21788,0.830687
21789,0.692584
21790,0.446543
21791,0.953173
21792,0.674298
21793,0.664016
21794,0.739322
21795,0.05476
21796,0.91414
21797,0.572816
21798,0.724464
21799,0.841199
21800,0.287168
21801,0.406893
21802,0.505336
21803,0.904089
21804,0.664768
21805,0.964878
21806,0.72016
21807,0.78803
21808,0.722954
21809,0.73679
21810,0.909305
21811,0.701745
21812,0.647931
21813,0.828702
21814,0.706787
21815,0.771914
21816,0.079264
21817,0.63395
21818,0.572563
21819,0.851595
21820,0.89029
21821,0.921688
21822,0.857729
21823,0.798936
21824,0.792172
21825,0.49116
21826,0.610206
21827,0.869716
21828,0.757729
21829,0.616508
21830,0.582894
21831,0.946529
21832,0.765519
21833,0.757167
21834,0.652485
21835,0.877644
21836,0.786672
21837,0.721915
21838,0.567503
21839,0.722339
21840,0.877181
21841,0.879672
21842,0.523847
21843,0.728858
21844,0.72772
21845,0.913294
21846,0.92343
21847,0.692975
21848,0.617737
21849,0.89732
21850,0.67166
21851,0.743183
21852,0.921991
21853,0.921199
21854,0.963356
21855,0.642535
21856,0.697089
21857,0.958742
21858,0.895838
21859,0.868899
21860,0.627487
21861,0.922743
21862,0.710583
21863,0.77205
21864,0.644934
21865,0.670905
21866,0.771186
21867,0.780745
21868,0.594907
21869,0.619705
21870,0.623163
21871,0.617544
21872,0.715643
21873,0.546175
21874,0.539383
21875,0.847957
21876,0.809466
21877,0.850752
21878,0.804591
21879,0.762692
21880,0.737743
21881,0.671667
21882,0.580199
21883,0.80264
21884,0.743722
21885,0.561149
21886,0.785206
21887,0.290868
21888,0.783606
21889,0.94428
21890,0.782125
21891,0.803773
21892,0.889842
21893,0.84857
21894,0.833627
21895,0.744738
21896,0.917697
21897,0.584712
21898,0.537177
21899,0.920671
21900,0.4454
21901,0.926845
21902,0.91339
21903,0.929588
21904,0.851704
21905,0.785881
21906,0.617954
21907,0.700652
21908,0.683124
21909,0.891977
21910,0.753571
21911,0.573451
21912,0.95052
21913,0.767389
21914,0.928428
21915,0.539559
21916,0.923471
21917,0.874237
21918,0.936121
21919,0.783378
21920,0.146954
21921,0.542762
21922,0.7169
21923,0.929296
21924,0.881514
21925,0.680946
21926,0.766953
21927,0.712415
21928,0.942698
21929,0.83151
21930,0.724538
21931,0.56142
21932,0.941743
21933,0.389077
21934,0.720379
21935,0.799861
21936,0.913947
21937,0.874266
21938,0.703294
21939,0.702412
21940,0.950559
21941,0.563398
21942,0.805021
21943,0.157695
21944,0.810052
21945,0.936364
21946,0.925124
21947,0.719585
21948,0.804111
21949,0.847879
21950,0.826005
21951,0.862067
21952,0.715492
21953,0.852198
21954,0.824867
21955,0.661323
21956,0.917989
21957,0.890528
21958,0.632768
21959,0.717494
21960,0.686275
21961,0.892703
21962,0.764803
21963,0.766792
21964,0.641975
21965,0.723144
21966,0.597173
21967,0.535809
21968,0.846841
21969,0.822713
21970,0.819269
21971,0.936426
21972,0.674941
21973,0.609259
21974,0.672683
21975,0.861629
21976,0.556413
21977,0.695156
21978,0.937255
21979,0.869902
21980,0.667262
21981,0.930481
21982,0.939295
21983,0.937974
21984,0.781188
21985,0.644674
21986,0.816608
21987,0.647095
21988,0.813529
21989,0.650815
21990,0.80646
21991,0.657021
21992,0.688043
21993,0.736006
21994,0.783879
21995,0.613764
21996,0.871845
21997,0.828845
21998,0.434837
21999,0.841433
22000,0.915975
22001,0.754758
22002,0.526806
22003,0.686502
22004,0.586708
22005,0.857568
22006,0.426698
22007,0.820013
22008,0.754148
22009,0.364636
22010,0.710889
22011,0.836785
22012,0.673854
22013,0.7687
22014,0.564915
22015,0.279924
22016,0.583297
22017,0.903064
22018,0.892429
22019,0.834103
22020,0.834408
22021,0.918716
22022,0.705888
22023,0.656151
22024,0.804761
22025,0.754794
22026,0.92426
22027,0.781625
22028,0.559536
22029,0.835346
22030,0.86399
22031,0.920979
22032,0.626943
22033,0.629131
22034,0.706125
22035,0.517881
22036,0.668782
22037,0.768097
22038,0.736533
22039,0.591649
22040,0.953586
22041,0.763498
22042,0.941554
22043,0.564417
22044,0.817574
22045,0.498015
22046,0.420973
22047,0.747616
22048,0.42873
22049,0.653988
22050,0.913428
22051,0.943463
22052,0.59756
22053,0.793827
22054,0.727229
22055,0.845505
22056,0.729663
22057,0.675928
22058,0.960762
22059,0.927768
22060,0.836559
22061,0.829823
22062,0.773113
22063,0.584974
22064,0.884512
22065,0.728532
22066,0.749976
22067,0.634333
22068,0.60962
22069,0.784003
22070,0.963738
22071,0.772332
22072,0.691069
22073,0.568486
22074,0.857261
22075,0.94279
22076,0.765882
22077,0.469094
22078,0.491847
22079,0.740382
22080,0.866795
22081,0.066275
22082,0.941011
22083,0.615043
22084,0.693681
22085,0.557236
22086,0.863712
22087,0.754348
22088,0.570859
22089,0.747834
22090,0.928481
22091,0.960999
22092,0.764197
22093,0.861994
22094,0.849458
22095,0.934025
22096,0.866533
22097,0.916814
22098,0.920075
22099,0.886216
22100,0.74784
22101,0.208631
22102,0.726449
22103,0.83619
22104,0.949398
22105,0.524063
22106,0.672967
22107,0.589976
22108,0.618907
22109,0.451756
22110,0.92379
22111,0.867147
22112,0.9531
22113,0.681038
22114,0.789681
22115,0.050908
22116,0.611811
22117,0.923839
22118,0.930846
22119,0.573454
22120,0.601388
22121,0.831576
22122,0.697115
22123,0.683715
22124,0.862839
22125,0.592782
22126,0.772109
22127,0.723647
22128,0.815237
22129,0.955672
22130,0.789201
22131,0.733924
22132,0.906155
22133,0.943657
22134,0.568289
22135,0.741402
22136,0.636244
22137,0.121487
22138,0.952645
22139,0.850814
22140,0.718419
22141,0.713712
22142,0.935112
22143,0.448064
22144,0.769494
22145,0.386576
22146,0.878666
22147,0.681322
22148,0.954407
22149,0.822312
22150,0.685288
22151,0.953492
22152,0.637065
22153,0.665341
22154,0.660372
22155,0.561571
22156,0.899891
22157,0.520267
22158,0.942381
22159,0.718374
22160,0.632874
22161,0.119654
22162,0.955418
22163,0.108601
22164,0.857344
22165,0.952736
22166,0.963154
22167,0.740747
22168,0.68774
22169,0.836484
22170,0.587649
22171,0.809227
22172,0.720878
22173,0.476214
22174,0.922493
22175,0.699091
22176,0.896425
22177,0.700373
22178,0.683278
22179,0.808398
22180,0.505344
22181,0.852039
22182,0.786245
22183,0.880102
22184,0.527333
22185,0.879812
22186,0.635424
22187,0.718497
22188,0.875316
22189,0.514891
22190,0.634242
22191,0.483981
22192,0.858052
22193,0.806205
22194,0.811442
22195,0.838552
22196,0.806397
22197,0.951406
22198,0.917846
22199,0.845183
22200,0.701244
22201,0.925458
22202,0.928965
22203,0.567683
22204,0.724686
22205,0.656071
22206,0.95749
22207,0.589147
22208,0.673161
22209,0.92652
22210,0.816819
22211,0.72464
22212,0.746157
22213,0.747803
22214,0.855244
22215,0.566722
22216,0.877267
22217,0.860141
22218,0.905587
22219,0.394633
22220,0.886659
22221,0.629116
22222,0.957783
22223,0.737371
22224,0.9282
22225,0.566353
22226,0.853099
22227,0.926293
22228,0.644775
22229,0.560061
22230,0.729364
22231,0.798638
22232,0.136945
22233,0.053184
22234,0.809022
22235,0.913097
22236,0.180198
22237,0.909338
22238,0.808549
22239,0.643979
22240,0.461704
22241,0.949797
22242,0.805785
22243,0.844779
22244,0.612448
22245,0.495193
22246,0.638978
22247,0.665689
22248,0.747494
22249,0.820775
22250,0.625473
22251,0.6898
22252,0.715676
22253,0.928215
22254,0.173856
22255,0.697487
22256,0.505651
22257,0.079659
22258,0.610915
22259,0.79851
22260,0.603045
22261,0.694303
22262,0.534599
22263,0.818653
22264,0.734049
22265,0.827902
22266,0.446394
22267,0.922121
22268,0.700338
22269,0.948344
22270,0.791585
22271,0.1458
22272,0.9015
22273,0.790419
22274,0.603847
22275,0.934473
22276,0.890847
22277,0.713266
22278,0.848261
22279,0.491858
22280,0.517693
22281,0.435621
22282,0.795714
22283,0.936374
22284,0.652391
22285,0.770625
22286,0.821228
22287,0.931863
22288,0.273517
22289,0.828252
22290,0.647345
22291,0.538453
22292,0.696017
22293,0.881476
22294,0.660992
22295,0.88241
22296,0.838863
22297,0.625401
22298,0.842067
22299,0.671543
22300,0.928834
22301,0.819101
22302,0.829318
22303,0.777585
22304,0.589758
22305,0.578635
22306,0.914691
22307,0.689709
22308,0.696041
22309,0.766768
22310,0.88233
22311,0.289876
22312,0.919554
22313,0.824189
22314,0.731222
22315,0.525416
22316,0.578771
22317,0.585188
22318,0.637607
22319,0.790336
22320,0.581553
22321,0.949242
22322,0.618805
22323,0.772003
22324,0.642767
22325,0.770165
22326,0.564117
22327,0.597221
22328,0.645174
22329,0.780526
22330,0.95794
22331,0.907017
22332,0.745029
22333,0.572581
22334,0.691028
22335,0.945452
22336,0.747341
22337,0.557705
22338,0.928911
22339,0.756348
22340,0.841984
22341,0.88702
22342,0.844679
22343,0.525882
22344,0.870122
22345,0.955352
22346,0.9305
22347,0.932727
22348,0.609868
22349,0.926643
22350,0.646799
22351,0.723092
22352,0.611946
22353,0.754203
22354,0.890532
22355,0.957523
22356,0.727987
22357,0.619337
22358,0.83946
22359,0.657279
22360,0.825314
22361,0.914778
22362,0.817219
22363,0.780082
22364,0.907595
22365,0.132758
22366,0.698408
22367,0.745468
22368,0.827306
22369,0.92504
22370,0.707406
22371,0.689198
22372,0.925596
22373,0.604849
22374,0.615843
22375,0.731718
22376,0.913754
22377,0.683375
22378,0.878325
22379,0.843419
22380,0.897273
22381,0.577762
22382,0.647029
22383,0.87185
22384,0.525449
22385,0.740708
22386,0.557747
22387,0.497913
22388,0.538588
22389,0.80822
22390,0.730177
22391,0.904062
22392,0.893468
22393,0.614582
22394,0.916963
22395,0.841274
22396,0.686389
22397,0.895749
22398,0.605272
22399,0.7514
22400,0.6855
22401,0.733615
22402,0.055502
22403,0.952829
22404,0.874545
22405,0.684291
22406,0.609856
22407,0.803462
22408,0.638999
22409,0.840232
22410,0.792297
22411,0.822807
22412,0.754678
22413,0.681213
22414,0.937605
22415,0.921194
22416,0.953651
22417,0.720482
22418,0.884673
22419,0.800097
22420,0.687757
22421,0.627645
22422,0.76443
22423,0.831503
22424,0.789408
22425,0.395273
22426,0.750584
22427,0.590425
22428,0.75187
22429,0.669177
22430,0.8191
22431,0.862012
22432,0.769018
22433,0.832892
22434,0.526201
22435,0.812466
22436,0.806992
22437,0.73143
22438,0.886987
22439,0.456989
22440,0.937797
22441,0.748372
22442,0.850482
22443,0.886846
22444,0.567991
22445,0.709188
22446,0.108983
22447,0.662394
22448,0.653069
22449,0.117724
22450,0.556942
22451,0.852878
22452,0.608736
22453,0.530802
22454,0.591878
22455,0.696993
22456,0.612625
22457,0.626259
22458,0.926653
22459,0.960169
22460,0.853468
22461,0.463022
22462,0.706337
22463,0.529975
22464,0.587411
22465,0.686807
22466,0.836749
22467,0.613383
22468,0.947585
22469,0.921722
22470,0.909359
22471,0.95155
22472,0.518112
22473,0.805458
22474,0.931847
22475,0.711314
22476,0.613716
22477,0.773687
22478,0.578845
22479,0.930592
22480,0.569661
22481,0.726489
22482,0.666088
22483,0.824696
22484,0.774761
22485,0.747103
22486,0.752979
22487,0.741252
22488,0.703425
22489,0.73273
22490,0.354185
22491,0.830605
22492,0.465757
22493,0.55461
22494,0.802448
22495,0.904072
22496,0.634599
22497,0.864323
22498,0.127612
22499,0.555808
22500,0.8539
22501,0.745429
22502,0.936914
22503,0.130735
22504,0.780562
22505,0.912956
22506,0.752661
22507,0.681022
22508,0.80525
22509,0.922732
22510,0.880603
22511,0.630409
22512,0.872657
22513,0.925724
22514,0.721124
22515,0.757094
22516,0.907164
22517,0.906337
22518,0.598464
22519,0.925392
22520,0.559704
22521,0.953842
22522,0.505305
22523,0.576537
22524,0.94367
22525,0.897181
22526,0.923531
22527,0.665134
22528,0.843372
22529,0.91495
22530,0.829084
22531,0.900103
22532,0.699718
22533,0.937431
22534,0.905666
22535,0.769673
22536,0.893978
22537,0.860421
22538,0.699157
22539,0.912364
22540,0.759987
22541,0.771637
22542,0.743075
22543,0.753409
22544,0.715065
22545,0.610291
22546,0.883219
22547,0.691726
22548,0.593704
22549,0.919842
22550,0.901643
22551,0.599967
22552,0.595719
22553,0.741629
22554,0.956662
22555,0.718085
22556,0.882543
22557,0.85354
22558,0.60996
22559,0.23293
22560,0.827861
22561,0.561362
22562,0.910641
22563,0.476544
22564,0.78404
22565,0.326065
22566,0.900106
22567,0.741818
22568,0.954805
22569,0.71864
22570,0.682001
22571,0.745016
22572,0.89034
22573,0.049463
22574,0.617103
22575,0.813957
22576,0.126423
22577,0.820269
22578,0.895479
22579,0.711884
22580,0.884632
22581,0.828803
22582,0.583696
22583,0.925622
22584,0.457939
22585,0.861311
22586,0.940659
22587,0.577658
22588,0.96069
22589,0.507014
22590,0.844538
22591,0.942817
22592,0.807481
22593,0.912061
22594,0.730215
22595,0.951332
22596,0.864561
22597,0.802286
22598,0.596595
22599,0.828028
22600,0.841423
22601,0.338469
22602,0.601725
22603,0.556322
22604,0.92007
22605,0.804043
22606,0.877238
22607,0.935919
22608,0.579551
22609,0.831878
22610,0.642253
22611,0.792472
22612,0.845951
22613,0.056946
22614,0.80495
22615,0.125381
22616,0.546205
22617,0.942258
22618,0.394197
22619,0.675321
22620,0.517819
22621,0.565986
22622,0.665124
22623,0.801738
22624,0.646924
22625,0.722873
22626,0.82104
22627,0.933323
22628,0.915603
22629,0.715518
22630,0.736042
22631,0.880641
22632,0.087123
22633,0.870729
22634,0.913887
22635,0.916784
22636,0.08194
22637,0.832096
22638,0.602975
22639,0.599962
22640,0.834349
22641,0.462578
22642,0.654304
22643,0.885124
22644,0.856486
22645,0.959169
22646,0.046387
22647,0.796451
22648,0.712331
22649,0.531778
22650,0.483669
22651,0.756398
22652,0.808932
22653,0.748468
22654,0.911818
22655,0.680354
22656,0.666927
22657,0.749147
22658,0.650275
22659,0.79583
22660,0.610037
22661,0.612512
22662,0.323079
22663,0.749875
22664,0.684294
22665,0.923228
22666,0.488915
22667,0.492015
22668,0.900707
22669,0.620924
22670,0.70056
22671,0.700887
22672,0.629595
22673,0.923526
22674,0.826989
22675,0.922842
22676,0.759844
22677,0.891927
22678,0.788881
22679,0.958545
22680,0.863084
22681,0.689024
22682,0.064298
22683,0.691333
22684,0.594817
22685,0.83366
22686,0.723968
22687,0.493893
22688,0.610425
22689,0.961208
22690,0.583635
22691,0.514956
22692,0.562587
22693,0.961874
22694,0.717145
22695,0.846217
22696,0.078068
22697,0.055779
22698,0.71887
22699,0.856151
22700,0.93592
22701,0.756468
22702,0.345935
22703,0.855109
22704,0.600485
22705,0.048995
22706,0.947946
22707,0.853593
22708,0.560221
22709,0.807676
22710,0.952555
22711,0.519261
22712,0.555798
22713,0.864237
22714,0.86233
22715,0.10286
22716,0.766233
22717,0.688793
22718,0.054392
22719,0.561851
22720,0.927292
22721,0.857472
22722,0.639363
22723,0.925971
22724,0.78901
22725,0.574827
22726,0.850621
22727,0.659157
22728,0.656504
22729,0.854072
22730,0.857319
22731,0.705127
22732,0.842226
22733,0.614469
22734,0.454441
22735,0.634191
22736,0.619051
22737,0.741755
22738,0.638756
22739,0.898213
22740,0.732438
22741,0.637104
22742,0.819469
22743,0.577839
22744,0.899725
22745,0.760022
22746,0.835467
22747,0.608134
22748,0.837233
22749,0.697018
22750,0.702826
22751,0.803991
22752,0.499955
22753,0.934224
22754,0.868211
22755,0.824393
22756,0.640566
22757,0.578807
22758,0.814431
22759,0.926454
22760,0.735641
22761,0.701246
22762,0.612583
22763,0.504139
22764,0.598664
22765,0.714322
22766,0.864162
22767,0.811376
22768,0.936096
22769,0.812526
22770,0.729842
22771,0.659112
22772,0.575273
22773,0.627349
22774,0.892238
22775,0.379994
22776,0.737501
22777,0.932817
22778,0.527726
22779,0.923098
22780,0.941973
22781,0.844157
22782,0.71879
22783,0.865341
22784,0.684389
22785,0.549983
22786,0.857432
22787,0.41337
22788,0.948968
22789,0.158608
22790,0.926882
22791,0.552199
22792,0.80018
22793,0.865993
22794,0.522952
22795,0.915932
22796,0.451898
22797,0.554147
22798,0.05835
22799,0.748372
22800,0.731285
22801,0.884348
22802,0.70463
22803,0.805367
22804,0.529745
22805,0.888994
22806,0.83773
22807,0.602692
22808,0.960128
22809,0.92618
22810,0.939071
22811,0.787775
22812,0.459984
22813,0.677537
22814,0.700848
22815,0.267528
22816,0.674253
22817,0.542337
22818,0.758238
22819,0.671511
22820,0.888384
22821,0.808498
22822,0.937722
22823,0.878323
22824,0.699259
22825,0.835789
22826,0.813382
22827,0.671598
22828,0.873595
22829,0.673965
22830,0.617899
22831,0.96159
22832,0.773434
22833,0.505412
22834,0.474433
22835,0.101975
22836,0.076532
22837,0.576837
22838,0.617739
22839,0.764333
22840,0.755929
22841,0.930347
22842,0.540334
22843,0.930617
22844,0.50397
22845,0.725811
22846,0.940095
22847,0.624572
22848,0.837282
22849,0.829236
22850,0.890962
22851,0.879583
22852,0.818115
22853,0.957248
22854,0.560896
22855,0.819381
22856,0.624478
22857,0.182877
22858,0.670948
22859,0.833597
22860,0.838022
22861,0.898976
22862,0.733528
22863,0.53685
22864,0.875225
22865,0.873888
22866,0.690502
22867,0.820208
22868,0.834196
22869,0.849973
22870,0.171817
22871,0.778054
22872,0.595701
22873,0.868008
22874,0.509136
22875,0.460262
22876,0.897298
22877,0.178393
22878,0.820899
22879,0.913693
22880,0.847803
22881,0.748653
22882,0.921783
22883,0.573419
22884,0.585984
22885,0.91755
22886,0.687352
22887,0.381603
22888,0.717357
22889,0.628918
22890,0.871764
22891,0.940684
22892,0.764825
22893,0.391833
22894,0.782374
22895,0.600653
22896,0.912695
22897,0.772822
22898,0.85271
22899,0.910925
22900,0.684622
22901,0.860565
22902,0.919891
22903,0.845614
22904,0.74132
22905,0.579964
22906,0.546908
22907,0.81319
22908,0.63986
22909,0.088585
22910,0.803383
22911,0.657469
22912,0.7427
22913,0.642884
22914,0.849529
22915,0.756669
22916,0.825548
22917,0.374908
22918,0.880965
22919,0.87384
22920,0.854007
22921,0.763105
22922,0.711719
22923,0.894376
22924,0.481522
22925,0.704156
22926,0.577722
22927,0.82784
22928,0.906709
22929,0.195599
22930,0.724612
22931,0.900179
22932,0.167526
22933,0.438249
22934,0.544614
22935,0.667687
22936,0.824599
22937,0.818747
22938,0.729178
22939,0.876046
22940,0.665727
22941,0.867715
22942,0.877877
22943,0.4461
22944,0.75094
22945,0.555856
22946,0.722149
22947,0.741587
22948,0.571701
22949,0.876486
22950,0.692969
22951,0.755616
22952,0.739228
22953,0.880867
22954,0.541639
22955,0.677818
22956,0.881774
22957,0.470164
22958,0.52403
22959,0.671863
22960,0.774547
22961,0.476613
22962,0.728499
22963,0.578983
22964,0.847485
22965,0.750493
22966,0.70153
22967,0.632818
22968,0.37721
22969,0.583521
22970,0.817746
22971,0.870184
22972,0.919384
22973,0.882102
22974,0.950925
22975,0.846779
22976,0.961628
22977,0.106104
22978,0.8216
22979,0.486209
22980,0.8552
22981,0.857778
22982,0.958333
22983,0.952663
22984,0.598257
22985,0.864873
22986,0.12339
22987,0.771953
22988,0.352292
22989,0.898681
22990,0.893274
22991,0.879798
22992,0.679138
22993,0.870537
22994,0.866159
22995,0.817698
22996,0.778149
22997,0.688811
22998,0.825579
22999,0.699691
23000,0.602382
23001,0.808921
23002,0.732577
23003,0.656597
23004,0.706869
23005,0.387525
23006,0.680524
23007,0.629354
23008,0.704447
23009,0.532323
23010,0.772267
23011,0.735264
23012,0.311587
23013,0.697709
23014,0.883802
23015,0.807795
23016,0.69468
23017,0.951374
23018,0.664562
23019,0.726314
23020,0.775162
23021,0.889129
23022,0.834468
23023,0.946971
23024,0.739189
23025,0.802278
23026,0.934004
23027,0.705147
23028,0.882666
23029,0.672105
23030,0.79779
23031,0.932694
23032,0.731816
23033,0.791493
23034,0.843049
23035,0.704364
23036,0.916541
23037,0.420234
23038,0.902401
23039,0.11993
23040,0.844112
23041,0.101114
23042,0.134668
23043,0.790432
23044,0.714088
23045,0.949711
23046,0.793082
23047,0.858625
23048,0.875904
23049,0.640821
23050,0.710559
23051,0.592047
23052,0.883547
23053,0.872359
23054,0.705896
23055,0.813767
23056,0.86297
23057,0.764533
23058,0.952611
23059,0.660069
23060,0.905566
23061,0.851219
23062,0.847848
23063,0.771116
23064,0.854501
23065,0.799345
23066,0.470233
23067,0.903164
23068,0.769681
23069,0.762641
23070,0.740542
23071,0.523137
23072,0.595514
23073,0.763811
23074,0.391727
23075,0.071098
23076,0.778085
23077,0.836739
23078,0.900742
23079,0.870895
23080,0.731526
23081,0.56131
23082,0.925013
23083,0.838106
23084,0.657197
23085,0.545307
23086,0.446953
23087,0.888485
23088,0.764158
23089,0.661002
23090,0.535681
23091,0.870914
23092,0.273069
23093,0.308277
23094,0.865722
23095,0.561358
23096,0.907208
23097,0.813548
23098,0.835198
23099,0.623193
23100,0.9213
23101,0.122297
23102,0.505324
23103,0.697692
23104,0.896257
23105,0.862723
23106,0.673746
23107,0.829137
23108,0.526355
23109,0.913533
23110,0.875794
23111,0.619566
23112,0.77742
23113,0.499836
23114,0.75123
23115,0.81003
23116,0.720329
23117,0.311563
23118,0.616566
23119,0.745234
23120,0.867361
23121,0.478629
23122,0.590516
23123,0.768746
23124,0.91032
23125,0.830382
23126,0.726233
23127,0.685608
23128,0.868577
23129,0.555357
23130,0.767759
23131,0.935796
23132,0.92089
23133,0.69988
23134,0.944389
23135,0.621565
23136,0.670518
23137,0.597216
23138,0.646231
23139,0.940778
23140,0.912813
23141,0.744252
23142,0.707263
23143,0.564956
23144,0.822957
23145,0.641046
23146,0.737806
23147,0.578175
23148,0.602924
23149,0.420355
23150,0.522128
23151,0.791687
23152,0.560628
23153,0.946771
23154,0.693395
23155,0.305304
23156,0.646728
23157,0.835946
23158,0.519295
23159,0.671249
23160,0.84309
23161,0.711944
23162,0.949916
23163,0.18422
23164,0.730155
23165,0.739308
23166,0.843585
23167,0.951642
23168,0.901102
23169,0.635955
23170,0.556312
23171,0.652737
23172,0.933697
23173,0.901716
23174,0.897355
23175,0.861171
23176,0.649305
23177,0.836746
23178,0.577345
23179,0.845956
23180,0.619944
23181,0.729239
23182,0.935885
23183,0.697693
23184,0.327876
23185,0.407323
23186,0.663911
23187,0.673602
23188,0.862922
23189,0.546861
23190,0.949321
23191,0.779246
23192,0.123427
23193,0.573861
23194,0.585468
23195,0.709445
23196,0.692618
23197,0.967079
23198,0.671912
23199,0.61713
23200,0.544594
23201,0.84652
23202,0.609997
23203,0.909569
23204,0.841714
23205,0.474757
23206,0.416483
23207,0.669359
23208,0.172152
23209,0.7421
23210,0.509879
23211,0.105889
23212,0.851815
23213,0.593967
23214,0.890484
23215,0.80177
23216,0.741283
23217,0.719042
23218,0.714609
23219,0.599172
23220,0.705831
23221,0.770301
23222,0.92171
23223,0.786667
23224,0.667044
23225,0.922472
23226,0.7645
23227,0.8509
23228,0.905165
23229,0.687555
23230,0.369785
23231,0.673358
23232,0.89719
23233,0.867202
23234,0.738187
23235,0.126921
23236,0.923596
23237,0.625079
23238,0.824184
23239,0.674166
23240,0.958205
23241,0.716143
23242,0.868871
23243,0.720064
23244,0.78335
23245,0.211018
23246,0.581328
23247,0.668414
23248,0.600487
23249,0.477088
23250,0.82597
23251,0.758228
23252,0.70121
23253,0.796995
23254,0.842993
23255,0.826
23256,0.944588
23257,0.834805
23258,0.901753
23259,0.707836
23260,0.792821
23261,0.954964
23262,0.5744
23263,0.758313
23264,0.861948
23265,0.923727
23266,0.843212
23267,0.621911
23268,0.883684
23269,0.962643
23270,0.633771
23271,0.504577
23272,0.792955
23273,0.848921
23274,0.476708
23275,0.826689
23276,0.538446
23277,0.758596
23278,0.683296
23279,0.700445
23280,0.162673
23281,0.490654
23282,0.858507
23283,0.684044
23284,0.882226
23285,0.789548
23286,0.885082
23287,0.579971
23288,0.915501
23289,0.487333
23290,0.629358
23291,0.616452
23292,0.870154
23293,0.767004
23294,0.861987
23295,0.691993
23296,0.668664
23297,0.928368
23298,0.628067
23299,0.631674
23300,0.584743
23301,0.658344
23302,0.743842
23303,0.802265
23304,0.846706
23305,0.886315
23306,0.583901
23307,0.875401
23308,0.492356
23309,0.886875
23310,0.94508
23311,0.681833
23312,0.6961
23313,0.76474
23314,0.428307
23315,0.858505
23316,0.730382
23317,0.838264
23318,0.620012
23319,0.517504
23320,0.785191
23321,0.757525
23322,0.749725
23323,0.816437
23324,0.396481
23325,0.612896
23326,0.656787
23327,0.767828
23328,0.681985
23329,0.933988
23330,0.563177
23331,0.805327
23332,0.797218
23333,0.745535
23334,0.680679
23335,0.626045
23336,0.779178
23337,0.458719
23338,0.699894
23339,0.682943
23340,0.664718
23341,0.68686
23342,0.285663
23343,0.94208
23344,0.950311
23345,0.255192
23346,0.644228
23347,0.497076
23348,0.960863
23349,0.560798
23350,0.596069
23351,0.743237
23352,0.604373
23353,0.876424
23354,0.693972
23355,0.492933
23356,0.742776
23357,0.512346
23358,0.923956
23359,0.763449
23360,0.827956
23361,0.941973
23362,0.926647
23363,0.947835
23364,0.73944
23365,0.535966
23366,0.519807
23367,0.95557
23368,0.836435
23369,0.568246
23370,0.839965
23371,0.65844
23372,0.539084
23373,0.723435
23374,0.80042
23375,0.955122
23376,0.904461
23377,0.697894
23378,0.822134
23379,0.414776
23380,0.603133
23381,0.776752
23382,0.562565
23383,0.118978
23384,0.74876
23385,0.748324
23386,0.601269
23387,0.820219
23388,0.944354
23389,0.754989
23390,0.738231
23391,0.872132
23392,0.535793
23393,0.866416
23394,0.745738
23395,0.867113
23396,0.56362
23397,0.718655
23398,0.567578
23399,0.949662
23400,0.756874
23401,0.561721
23402,0.454814
23403,0.582981
23404,0.117617
23405,0.907613
23406,0.9213
23407,0.695135
23408,0.718164
23409,0.789413
23410,0.901039
23411,0.882675
23412,0.672847
23413,0.921971
23414,0.865902
23415,0.743681
23416,0.81488
23417,0.909564
23418,0.436357
23419,0.813064
23420,0.428466
23421,0.797049
23422,0.789387
23423,0.576442
23424,0.367811
23425,0.702934
23426,0.835386
23427,0.78006
23428,0.808202
23429,0.8493
23430,0.934252
23431,0.573773
23432,0.217362
23433,0.815154
23434,0.942457
23435,0.955943
23436,0.750683
23437,0.880857
23438,0.684295
23439,0.864644
23440,0.720326
23441,0.959176
23442,0.942749
23443,0.844768
23444,0.728628
23445,0.918552
23446,0.478712
23447,0.69292
23448,0.959861
23449,0.360161
23450,0.565167
23451,0.709001
23452,0.82755
23453,0.621159
23454,0.620671
23455,0.923096
23456,0.777543
23457,0.910551
23458,0.906907
23459,0.538483
23460,0.773015
23461,0.926176
23462,0.861569
23463,0.90603
23464,0.911128
23465,0.902624
23466,0.865291
23467,0.5593
23468,0.657367
23469,0.768763
23470,0.884782
23471,0.614372
23472,0.730788
23473,0.566572
23474,0.545893
23475,0.924874
23476,0.929598
23477,0.159582
23478,0.859049
23479,0.341873
23480,0.757137
23481,0.607706
23482,0.675722
23483,0.825262
23484,0.817435
23485,0.952497
23486,0.838501
23487,0.681899
23488,0.959194
23489,0.579164
23490,0.743104
23491,0.694326
23492,0.830509
23493,0.678739
23494,0.871163
23495,0.849009
23496,0.506951
23497,0.643131
23498,0.716089
23499,0.685853
23500,0.943212
23501,0.776957
23502,0.639184
23503,0.593007
23504,0.548796
23505,0.704817
23506,0.801745
23507,0.954724
23508,0.684477
23509,0.954365
23510,0.754067
23511,0.624474
23512,0.756091
23513,0.932276
23514,0.8324
23515,0.529595
23516,0.893408
23517,0.663626
23518,0.914575
23519,0.717706
23520,0.652396
23521,0.885136
23522,0.528713
23523,0.509004
23524,0.873167
23525,0.442744
23526,0.640548
23527,0.495004
23528,0.921588
23529,0.770507
23530,0.952783
23531,0.538773
23532,0.797439
23533,0.887764
23534,0.701001
23535,0.766034
23536,0.844489
23537,0.668308
23538,0.748947
23539,0.766183
23540,0.79344
23541,0.668149
23542,0.720848
23543,0.57931
23544,0.929591
23545,0.863217
23546,0.903047
23547,0.467432
23548,0.771631
23549,0.866582
23550,0.760289
23551,0.866579
23552,0.83598
23553,0.878535
23554,0.187996
23555,0.571434
23556,0.88643
23557,0.547881
23558,0.874037
23559,0.812241
23560,0.815801
23561,0.703297
23562,0.920794
23563,0.803621
23564,0.904337
23565,0.943794
23566,0.920433
23567,0.829639
23568,0.677533
23569,0.89473
23570,0.755297
23571,0.752867
23572,0.923203
23573,0.823732
23574,0.747136
23575,0.88542
23576,0.644567
23577,0.716268
23578,0.633924
23579,0.628413
23580,0.686942
23581,0.918143
23582,0.759313
23583,0.854935
23584,0.774869
23585,0.534273
23586,0.551886
23587,0.290866
23588,0.870206
23589,0.227342
23590,0.720665
23591,0.859067
23592,0.672666
23593,0.618386
23594,0.699045
23595,0.392889
23596,0.707795
23597,0.846195
23598,0.769379
23599,0.924503
23600,0.881918
23601,0.923529
23602,0.751849
23603,0.663489
23604,0.655183
23605,0.704062
23606,0.710751
23607,0.059491
23608,0.949491
23609,0.727865
23610,0.950328
23611,0.758368
23612,0.679755
23613,0.879385
23614,0.709788
23615,0.713736
23616,0.584961
23617,0.834482
23618,0.779358
23619,0.790063
23620,0.48075
23621,0.539878
23622,0.834562
23623,0.661923
23624,0.681662
23625,0.815393
23626,0.900399
23627,0.937733
23628,0.888465
23629,0.796082
23630,0.523416
23631,0.874077
23632,0.673971
23633,0.714553
23634,0.952011
23635,0.728765
23636,0.425761
23637,0.507988
23638,0.55259
23639,0.921067
23640,0.602741
23641,0.924989
23642,0.925469
23643,0.505925
23644,0.625712
23645,0.747331
23646,0.765746
23647,0.754916
23648,0.720944
23649,0.728338
23650,0.815204
23651,0.714412
23652,0.872117
23653,0.948215
23654,0.657794
23655,0.516089
23656,0.757617
23657,0.611614
23658,0.736952
23659,0.574435
23660,0.526415
23661,0.890468
23662,0.877988
23663,0.54695
23664,0.87512
23665,0.95327
23666,0.771389
23667,0.456485
23668,0.494241
23669,0.956773
23670,0.671732
23671,0.59324
23672,0.853984
23673,0.64322
23674,0.714278
23675,0.511284
23676,0.915073
23677,0.082775
23678,0.784801
23679,0.603876
23680,0.868519
23681,0.686403
23682,0.550308
23683,0.534964
23684,0.941476
23685,0.608031
23686,0.870941
23687,0.619414
23688,0.955523
23689,0.486196
23690,0.762621
23691,0.543827
23692,0.605622
23693,0.763453
23694,0.672503
23695,0.852109
23696,0.770068
23697,0.756042
23698,0.520496
23699,0.947092
23700,0.690227
23701,0.967418
23702,0.826604
23703,0.928742
23704,0.905839
23705,0.735217
23706,0.790387
23707,0.909667
23708,0.077927
23709,0.523109
23710,0.569999
23711,0.957081
23712,0.765079
23713,0.684668
23714,0.928958
23715,0.591084
23716,0.745388
23717,0.832123
23718,0.728831
23719,0.509219
23720,0.757676
23721,0.944481
23722,0.595165
23723,0.659098
23724,0.913645
23725,0.916679
23726,0.575419
23727,0.918326
23728,0.655349
23729,0.628368
23730,0.51939
23731,0.548636
23732,0.408321
23733,0.611519
23734,0.816464
23735,0.493599
23736,0.864267
23737,0.727516
23738,0.051944
23739,0.945168
23740,0.892324
23741,0.085302
23742,0.893888
23743,0.712362
23744,0.62095
23745,0.682739
23746,0.653414
23747,0.681133
23748,0.823101
23749,0.830078
23750,0.492136
23751,0.706289
23752,0.843344
23753,0.935664
23754,0.885063
23755,0.782458
23756,0.962221
23757,0.559669
23758,0.39326
23759,0.962965
23760,0.936594
23761,0.073014
23762,0.847583
23763,0.851442
23764,0.652549
23765,0.955086
23766,0.581625
23767,0.599148
23768,0.561382
23769,0.567739
23770,0.575503
23771,0.176512
23772,0.788044
23773,0.953804
23774,0.616214
23775,0.941431
23776,0.765767
23777,0.634241
23778,0.644191
23779,0.905379
23780,0.649143
23781,0.49262
23782,0.696845
23783,0.936985
23784,0.713737
23785,0.681053
23786,0.747308
23787,0.76555
23788,0.64764
23789,0.874027
23790,0.950578
23791,0.457343
23792,0.162346
23793,0.545312
23794,0.610203
23795,0.661594
23796,0.779573
23797,0.424609
23798,0.075326
23799,0.663865
23800,0.807358
23801,0.865632
23802,0.785872
23803,0.827196
23804,0.74284
23805,0.789399
23806,0.875847
23807,0.799737
23808,0.705202
23809,0.905875
23810,0.591286
23811,0.936439
23812,0.500635
23813,0.834643
23814,0.860578
23815,0.727577
23816,0.903504
23817,0.769048
23818,0.958752
23819,0.923618
23820,0.788584
23821,0.693836
23822,0.697186
23823,0.803721
23824,0.632756
23825,0.940686
23826,0.809058
23827,0.805229
23828,0.67664
23829,0.603584
23830,0.885932
23831,0.610069
23832,0.499703
23833,0.67944
23834,0.464648
23835,0.929045
23836,0.694329
23837,0.733933
23838,0.29988
23839,0.818416
23840,0.936641
23841,0.78913
23842,0.866945
23843,0.938112
23844,0.951364
23845,0.866348
23846,0.924467
23847,0.954506
23848,0.66745
23849,0.684956
23850,0.821672
23851,0.608509
23852,0.915216
23853,0.637517
23854,0.525796
23855,0.62933
23856,0.932905
23857,0.70209
23858,0.692374
23859,0.852822
23860,0.898721
23861,0.645869
23862,0.716691
23863,0.756376
23864,0.764975
23865,0.944577
23866,0.863504
23867,0.553869
23868,0.92466
23869,0.470226
23870,0.64578
23871,0.5543
23872,0.909904
23873,0.394882
23874,0.708673
23875,0.833659
23876,0.670094
23877,0.843499
23878,0.867547
23879,0.945811
23880,0.947931
23881,0.889895
23882,0.726727
23883,0.563419
23884,0.745898
23885,0.741187
23886,0.693069
23887,0.940673
23888,0.863304
23889,0.794544
23890,0.760806
23891,0.631759
23892,0.629253
23893,0.738878
23894,0.627415
23895,0.671718
23896,0.776059
23897,0.890429
23898,0.739893
23899,0.93956
23900,0.895926
23901,0.947213
23902,0.911804
23903,0.786945
23904,0.836391
23905,0.904517
23906,0.112812
23907,0.755679
23908,0.696897
23909,0.497157
23910,0.636341
23911,0.858142
23912,0.478432
23913,0.520246
23914,0.597296
23915,0.742964
23916,0.794838
23917,0.625811
23918,0.814469
23919,0.490549
23920,0.644365
23921,0.928121
23922,0.717834
23923,0.70607
23924,0.94848
23925,0.727483
23926,0.800226
23927,0.598304
23928,0.751332
23929,0.703877
23930,0.956122
23931,0.77809
23932,0.529182
23933,0.598903
23934,0.737041
23935,0.107765
23936,0.931079
23937,0.866883
23938,0.717157
23939,0.575372
23940,0.053893
23941,0.778529
23942,0.737263
23943,0.835573
23944,0.629102
23945,0.952106
23946,0.696982
23947,0.910063
23948,0.593043
23949,0.842012
23950,0.736608
23951,0.551623
23952,0.807046
23953,0.399834
23954,0.631598
23955,0.914077
23956,0.350154
23957,0.836166
23958,0.908703
23959,0.755813
23960,0.907546
23961,0.67496
23962,0.569335
23963,0.69791
23964,0.523859
23965,0.880833
23966,0.90163
23967,0.875206
23968,0.37237
23969,0.396947
23970,0.681166
23971,0.864437
23972,0.914861
23973,0.693809
23974,0.834774
23975,0.585386
23976,0.674742
23977,0.600169
23978,0.851356
23979,0.960087
23980,0.780382
23981,0.941373
23982,0.786451
23983,0.632121
23984,0.672963
23985,0.513907
23986,0.530923
23987,0.614622
23988,0.841216
23989,0.061378
23990,0.721045
23991,0.88428
23992,0.771099
23993,0.897797
23994,0.513517
23995,0.799102
23996,0.951955
23997,0.887577
23998,0.822339
23999,0.816379
24000,0.557432
24001,0.62004
24002,0.683625
24003,0.659766
24004,0.757187
24005,0.463512
24006,0.963613
24007,0.721662
24008,0.953571
24009,0.696348
24010,0.770528
24011,0.678128
24012,0.745745
24013,0.539379
24014,0.865708
24015,0.922752
24016,0.063708
24017,0.6049
24018,0.074561
24019,0.330698
24020,0.723343
24021,0.464408
24022,0.889246
24023,0.711191
24024,0.879964
24025,0.539486
24026,0.52166
24027,0.953316
24028,0.56787
24029,0.536493
24030,0.646822
24031,0.907074
24032,0.087902
24033,0.359284
24034,0.282878
24035,0.887607
24036,0.586762
24037,0.498992
24038,0.646313
24039,0.721811
24040,0.426348
24041,0.554473
24042,0.593493
24043,0.915974
24044,0.833248
24045,0.840451
24046,0.939659
24047,0.819053
24048,0.760232
24049,0.812678
24050,0.789921
24051,0.791219
24052,0.909383
24053,0.859228
24054,0.568676
24055,0.693973
24056,0.936597
24057,0.946667
24058,0.481233
24059,0.919719
24060,0.840683
24061,0.77399
24062,0.805459
24063,0.947976
24064,0.510438
24065,0.576823
24066,0.584449
24067,0.687098
24068,0.528562
24069,0.446578
24070,0.423608
24071,0.694895
24072,0.830416
24073,0.865799
24074,0.937311
24075,0.778833
24076,0.938948
24077,0.5917
24078,0.717095
24079,0.659559
24080,0.781831
24081,0.799694
24082,0.822882
24083,0.660834
24084,0.90024
24085,0.226105
24086,0.724783
24087,0.42429
24088,0.718654
24089,0.944982
24090,0.589077
24091,0.535603
24092,0.48303
24093,0.75202
24094,0.430302
24095,0.950396
24096,0.778372
24097,0.808153
24098,0.575751
24099,0.65153
24100,0.652907
24101,0.778618
24102,0.559954
24103,0.694188
24104,0.632164
24105,0.577856
24106,0.692145
24107,0.835894
24108,0.949681
24109,0.768754
24110,0.417631
24111,0.608353
24112,0.936655
24113,0.788309
24114,0.659564
24115,0.705684
24116,0.728805
24117,0.817807
24118,0.671461
24119,0.741175
24120,0.483226
24121,0.598123
24122,0.645444
24123,0.925414
24124,0.486057
24125,0.580194
24126,0.666224
24127,0.918946
24128,0.657754
24129,0.947563
24130,0.741021
24131,0.62949
24132,0.614259
24133,0.603566
24134,0.70614
24135,0.680666
24136,0.662729
24137,0.609059
24138,0.301632
24139,0.862777
24140,0.648904
24141,0.773057
24142,0.953902
24143,0.932348
24144,0.828239
24145,0.901511
24146,0.950606
24147,0.824542
24148,0.885314
24149,0.886042
24150,0.748549
24151,0.561098
24152,0.67727
24153,0.859224
24154,0.939813
24155,0.660399
24156,0.694036
24157,0.772148
24158,0.785372
24159,0.855688
24160,0.719108
24161,0.927273
24162,0.36228
24163,0.720233
24164,0.646113
24165,0.919701
24166,0.261398
24167,0.935296
24168,0.594384
24169,0.939159
24170,0.795567
24171,0.944017
24172,0.866706
24173,0.846944
24174,0.762336
24175,0.853746
24176,0.937095
24177,0.958219
24178,0.778898
24179,0.374472
24180,0.745672
24181,0.835335
24182,0.705872
24183,0.629355
24184,0.590688
24185,0.512203
24186,0.887131
24187,0.94479
24188,0.789775
24189,0.690012
24190,0.626481
24191,0.669219
24192,0.758025
24193,0.879662
24194,0.52212
24195,0.678851
24196,0.752684
24197,0.749154
24198,0.904317
24199,0.830185
24200,0.830664
24201,0.675914
24202,0.924252
24203,0.958556
24204,0.67372
24205,0.654412
24206,0.660206
24207,0.831157
24208,0.637709
24209,0.725086
24210,0.694722
24211,0.940079
24212,0.795587
24213,0.530201
24214,0.692123
24215,0.944144
24216,0.560813
24217,0.80069
24218,0.708729
24219,0.844056
24220,0.894534
24221,0.608096
24222,0.686494
24223,0.559368
24224,0.563284
24225,0.922903
24226,0.865898
24227,0.723971
24228,0.697764
24229,0.85947
24230,0.866869
24231,0.813007
24232,0.784218
24233,0.923657
24234,0.701335
24235,0.764017
24236,0.893829
24237,0.803723
24238,0.559948
24239,0.708133
24240,0.51461
24241,0.711222
24242,0.772749
24243,0.957917
24244,0.067638
24245,0.652708
24246,0.921874
24247,0.864927
24248,0.411422
24249,0.955182
24250,0.529779
24251,0.906123
24252,0.897647
24253,0.614625
24254,0.93209
24255,0.763935
24256,0.710279
24257,0.498022
24258,0.826616
24259,0.840911
24260,0.622561
24261,0.658101
24262,0.733599
24263,0.949869
24264,0.846171
24265,0.725938
24266,0.564944
24267,0.689022
24268,0.740382
24269,0.700617
24270,0.883323
24271,0.916576
24272,0.599489
24273,0.803958
24274,0.700787
24275,0.330653
24276,0.567656
24277,0.915824
24278,0.958352
24279,0.923725
24280,0.798438
24281,0.935382
24282,0.955222
24283,0.868766
24284,0.677907
24285,0.75607
24286,0.857333
24287,0.75686
24288,0.798441
24289,0.572856
24290,0.662106
24291,0.529288
24292,0.923166
24293,0.685391
24294,0.684598
24295,0.611875
24296,0.740196
24297,0.699402
24298,0.843429
24299,0.88339
24300,0.791857
24301,0.696163
24302,0.630654
24303,0.328889
24304,0.450017
24305,0.679616
24306,0.931395
24307,0.773909
24308,0.564729
24309,0.074863
24310,0.910136
24311,0.07952
24312,0.940422
24313,0.699378
24314,0.657678
24315,0.585382
24316,0.643242
24317,0.935331
24318,0.667035
24319,0.095203
24320,0.463861
24321,0.629341
24322,0.602562
24323,0.85634
24324,0.82688
24325,0.580001
24326,0.336025
24327,0.663816
24328,0.712445
24329,0.810069
24330,0.814937
24331,0.640787
24332,0.810855
24333,0.446536
24334,0.528516
24335,0.761205
24336,0.81094
24337,0.798425
24338,0.770267
24339,0.874418
24340,0.917532
24341,0.696586
24342,0.756866
24343,0.809836
24344,0.747941
24345,0.219342
24346,0.509836
24347,0.689685
24348,0.545159
24349,0.644617
24350,0.680095
24351,0.618828
24352,0.633951
24353,0.862509
24354,0.52587
24355,0.601992
24356,0.961547
24357,0.811001
24358,0.799278
24359,0.132683
24360,0.910905
24361,0.797574
24362,0.735518
24363,0.595096
24364,0.501337
24365,0.517931
24366,0.684476
24367,0.533761
24368,0.74475
24369,0.67996
24370,0.779207
24371,0.843438
24372,0.59868
24373,0.936362
24374,0.73529
24375,0.601991
24376,0.586786
24377,0.663229
24378,0.954991
24379,0.72146
24380,0.928238
24381,0.606283
24382,0.675965
24383,0.488221
24384,0.776709
24385,0.783157
24386,0.527628
24387,0.857464
24388,0.685736
24389,0.648932
24390,0.728282
24391,0.354214
24392,0.904007
24393,0.502292
24394,0.9103
24395,0.932717
24396,0.928514
24397,0.744643
24398,0.829327
24399,0.839665
24400,0.630121
24401,0.409679
24402,0.598125
24403,0.49715
24404,0.702411
24405,0.892495
24406,0.574729
24407,0.878431
24408,0.576476
24409,0.912181
24410,0.701569
24411,0.931406
24412,0.783783
24413,0.573921
24414,0.916848
24415,0.803362
24416,0.533888
24417,0.846474
24418,0.541599
24419,0.786969
24420,0.756001
24421,0.764347
24422,0.58211
24423,0.541634
24424,0.928337
24425,0.831164
24426,0.794118
24427,0.950648
24428,0.874245
24429,0.580854
24430,0.703719
24431,0.890982
24432,0.937266
24433,0.912604
24434,0.795617
24435,0.609771
24436,0.779287
24437,0.841735
24438,0.535103
24439,0.835793
24440,0.842518
24441,0.59046
24442,0.947631
24443,0.568002
24444,0.965331
24445,0.956972
24446,0.790288
24447,0.803458
24448,0.962666
24449,0.881252
24450,0.660592
24451,0.721049
24452,0.662988
24453,0.881481
24454,0.865665
24455,0.907673
24456,0.785632
24457,0.765468
24458,0.362088
24459,0.906318
24460,0.2466
24461,0.502529
24462,0.553747
24463,0.739914
24464,0.547766
24465,0.856847
24466,0.922061
24467,0.634979
24468,0.821892
24469,0.882486
24470,0.634944
24471,0.861121
24472,0.557177
24473,0.66392
24474,0.680589
24475,0.949432
24476,0.558138
24477,0.75199
24478,0.666949
24479,0.620067
24480,0.809331
24481,0.597651
24482,0.740704
24483,0.704065
24484,0.415628
24485,0.730567
24486,0.747888
24487,0.800919
24488,0.864129
24489,0.773435
24490,0.9005
24491,0.739279
24492,0.751441
24493,0.643256
24494,0.814102
24495,0.912284
24496,0.655853
24497,0.94055
24498,0.747334
24499,0.735807
24500,0.822396
24501,0.699522
24502,0.611416
24503,0.636313
24504,0.944635
24505,0.788955
24506,0.823302
24507,0.881591
24508,0.56634
24509,0.722596
24510,0.85586
24511,0.828405
24512,0.848773
24513,0.834424
24514,0.870285
24515,0.504631
24516,0.696767
24517,0.883168
24518,0.933584
24519,0.835759
24520,0.617027
24521,0.899537
24522,0.664907
24523,0.732658
24524,0.911049
24525,0.765567
24526,0.856739
24527,0.818099
24528,0.94062
24529,0.752404
24530,0.073932
24531,0.464021
24532,0.700887
24533,0.683929
24534,0.879736
24535,0.810567
24536,0.942294
24537,0.624465
24538,0.564326
24539,0.747672
24540,0.915792
24541,0.661667
24542,0.76377
24543,0.659005
24544,0.955815
24545,0.463846
24546,0.467645
24547,0.758512
24548,0.627757
24549,0.9287
24550,0.103692
24551,0.80822
24552,0.467639
24553,0.951129
24554,0.909666
24555,0.904349
24556,0.274102
24557,0.670925
24558,0.552754
24559,0.816152
24560,0.908903
24561,0.479466
24562,0.567373
24563,0.659022
24564,0.195791
24565,0.054487
24566,0.507169
24567,0.716393
24568,0.925961
24569,0.86541
24570,0.897376
24571,0.671275
24572,0.525168
24573,0.796442
24574,0.595381
24575,0.455638
24576,0.870083
24577,0.714399
24578,0.15362
24579,0.910293
24580,0.920063
24581,0.720628
24582,0.542949
24583,0.692334
24584,0.833065
24585,0.697222
24586,0.783354
24587,0.819032
24588,0.848674
24589,0.956757
24590,0.927071
24591,0.830738
24592,0.705686
24593,0.716406
24594,0.825884
24595,0.73944
24596,0.639037
24597,0.855652
24598,0.653449
24599,0.04982
24600,0.705403
24601,0.613962
24602,0.880775
24603,0.699833
24604,0.92443
24605,0.952579
24606,0.824936
24607,0.693463
24608,0.519478
24609,0.890379
24610,0.894674
24611,0.81197
24612,0.890439
24613,0.927764
24614,0.482858
24615,0.9218
24616,0.801511
24617,0.673167
24618,0.20649
24619,0.583011
24620,0.647366
24621,0.085947
24622,0.94704
24623,0.721135
24624,0.792618
24625,0.85628
24626,0.927239
24627,0.833062
24628,0.625418
24629,0.442073
24630,0.769962
24631,0.695467
24632,0.857527
24633,0.471768
24634,0.577336
24635,0.808002
24636,0.561689
24637,0.628061
24638,0.723119
24639,0.935569
24640,0.690953
24641,0.772134
24642,0.660733
24643,0.737021
24644,0.778214
24645,0.485307
24646,0.615257
24647,0.649093
24648,0.833732
24649,0.882369
24650,0.810686
24651,0.920385
24652,0.806711
24653,0.715444
24654,0.900049
24655,0.693133
24656,0.922858
24657,0.819402
24658,0.842323
24659,0.786036
24660,0.910888
24661,0.694512
24662,0.817189
24663,0.45821
24664,0.519234
24665,0.60945
24666,0.93884
24667,0.657764
24668,0.691026
24669,0.654722
24670,0.804877
24671,0.538668
24672,0.892957
24673,0.851631
24674,0.818962
24675,0.761543
24676,0.950058
24677,0.891009
24678,0.893517
24679,0.784958
24680,0.595059
24681,0.625727
24682,0.688707
24683,0.921209
24684,0.091783
24685,0.691476
24686,0.789755
24687,0.617403
24688,0.81821
24689,0.704434
24690,0.606653
24691,0.664175
24692,0.534159
24693,0.826133
24694,0.433539
24695,0.793451
24696,0.846523
24697,0.945503
24698,0.657885
24699,0.671639
24700,0.566375
24701,0.876189
24702,0.632305
24703,0.457676
24704,0.508791
24705,0.845202
24706,0.728219
24707,0.509854
24708,0.503063
24709,0.92521
24710,0.538201
24711,0.728056
24712,0.73225
24713,0.775745
24714,0.586824
24715,0.611047
24716,0.939661
24717,0.827876
24718,0.649307
24719,0.875009
24720,0.915522
24721,0.664551
24722,0.830157
24723,0.57608
24724,0.866585
24725,0.543562
24726,0.949076
24727,0.841812
24728,0.718598
24729,0.687239
24730,0.716707
24731,0.683943
24732,0.366522
24733,0.953147
24734,0.723955
24735,0.501477
24736,0.595508
24737,0.880036
24738,0.689774
24739,0.769914
24740,0.150214
24741,0.624325
24742,0.481102
24743,0.648025
24744,0.837232
24745,0.879282
24746,0.629565
24747,0.894162
24748,0.574593
24749,0.639752
24750,0.52219
24751,0.766422
24752,0.587007
24753,0.842832
24754,0.680424
24755,0.447901
24756,0.796172
24757,0.967815
24758,0.805186
24759,0.578367
24760,0.927879
24761,0.928982
24762,0.912248
24763,0.580397
24764,0.735724
24765,0.748598
24766,0.95499
24767,0.71095
24768,0.852785
24769,0.743247
24770,0.895493
24771,0.799696
24772,0.536755
24773,0.594858
24774,0.630159
24775,0.960092
24776,0.784736
24777,0.930602
24778,0.915807
24779,0.679167
24780,0.890827
24781,0.824708
24782,0.332899
24783,0.082843
24784,0.842194
24785,0.889461
24786,0.461729
24787,0.919592
24788,0.762448
24789,0.573497
24790,0.59402
24791,0.603884
24792,0.898008
24793,0.547694
24794,0.946455
24795,0.863391
24796,0.774662
24797,0.80561
24798,0.963336
24799,0.812663
24800,0.642109
24801,0.186086
24802,0.654064
24803,0.714138
24804,0.721868
24805,0.654583
24806,0.071628
24807,0.515503
24808,0.892224
24809,0.636149
24810,0.927528
24811,0.939734
24812,0.816107
24813,0.825483
24814,0.767987
24815,0.629484
24816,0.731537
24817,0.5855
24818,0.869388
24819,0.88079
24820,0.682616
24821,0.728457
24822,0.962319
24823,0.845821
24824,0.894729
24825,0.954772
24826,0.664849
24827,0.745806
24828,0.060302
24829,0.712745
24830,0.865507
24831,0.407073
24832,0.803268
24833,0.869823
24834,0.675344
24835,0.704507
24836,0.901733
24837,0.820837
24838,0.72679
24839,0.841871
24840,0.719583
24841,0.512772
24842,0.714907
24843,0.659958
24844,0.935795
24845,0.908363
24846,0.884186
24847,0.91786
24848,0.875367
24849,0.956244
24850,0.861198
24851,0.769638
24852,0.959983
24853,0.644349
24854,0.780081
24855,0.840152
24856,0.834425
24857,0.225517
24858,0.485469
24859,0.457053
24860,0.85006
24861,0.614433
24862,0.643082
24863,0.716397
24864,0.95782
24865,0.875591
24866,0.543163
24867,0.963618
24868,0.914209
24869,0.608262
24870,0.720442
24871,0.69886
24872,0.880217
24873,0.876356
24874,0.812229
24875,0.887758
24876,0.837781
24877,0.902085
24878,0.924561
24879,0.702802
24880,0.737481
24881,0.87934
24882,0.403318
24883,0.882874
24884,0.59306
24885,0.696241
24886,0.963484
24887,0.614883
24888,0.8899
24889,0.229983
24890,0.686632
24891,0.955641
24892,0.878402
24893,0.912828
24894,0.848542
24895,0.525011
24896,0.840839
24897,0.728436
24898,0.880884
24899,0.64546
24900,0.623793
24901,0.703806
24902,0.650705
24903,0.831476
24904,0.731563
24905,0.921465
24906,0.679491
24907,0.872901
24908,0.524028
24909,0.810399
24910,0.843334
24911,0.859228
24912,0.853198
24913,0.741423
24914,0.831979
24915,0.206633
24916,0.934825
24917,0.507394
24918,0.94565
24919,0.686654
24920,0.56017
24921,0.260416
24922,0.685717
24923,0.911738
24924,0.81532
24925,0.944611
24926,0.915318
24927,0.666177
24928,0.061198
24929,0.725135
24930,0.7401
24931,0.602445
24932,0.684148
24933,0.781895
24934,0.726114
24935,0.509846
24936,0.645686
24937,0.401487
24938,0.817427
24939,0.957477
24940,0.616051
24941,0.630489
24942,0.861418
24943,0.925598
24944,0.689914
24945,0.866123
24946,0.95309
24947,0.491987
24948,0.75995
24949,0.627736
24950,0.814757
24951,0.833601
24952,0.911418
24953,0.455734
24954,0.131936
24955,0.482895
24956,0.458586
24957,0.812507
24958,0.657959
24959,0.579421
24960,0.609507
24961,0.83326
24962,0.89711
24963,0.51901
24964,0.736941
24965,0.589711
24966,0.767704
24967,0.938093
24968,0.572187
24969,0.440502
24970,0.567094
24971,0.910195
24972,0.945185
24973,0.760911
24974,0.853393
24975,0.809764
24976,0.595003
24977,0.675385
24978,0.754018
24979,0.564938
24980,0.353632
24981,0.932308
24982,0.947366
24983,0.950782
24984,0.631514
24985,0.8711
24986,0.211223
24987,0.900887
24988,0.775921
24989,0.461499
24990,0.897176
24991,0.523785
24992,0.546727
24993,0.676041
24994,0.685517
24995,0.925381
24996,0.914076
24997,0.940828
24998,0.69023
24999,0.464007
25000,0.625132
25001,0.587635
25002,0.946143
25003,0.890694
25004,0.197117
25005,0.528774
25006,0.871842
25007,0.900261
25008,0.3904
25009,0.725748
25010,0.724336
25011,0.642045
25012,0.753206
25013,0.707235
25014,0.514516
25015,0.745582
25016,0.879618
25017,0.880032
25018,0.920573
25019,0.094702
25020,0.628041
25021,0.714915
25022,0.668818
25023,0.52615
25024,0.609283
25025,0.915539
25026,0.557595
25027,0.904068
25028,0.963094
25029,0.792063
25030,0.932829
25031,0.895947
25032,0.824331
25033,0.721037
25034,0.856466
25035,0.6469
25036,0.529386
25037,0.920592
25038,0.627931
25039,0.928799
25040,0.90614
25041,0.852553
25042,0.763193
25043,0.778104
25044,0.763096
25045,0.584673
25046,0.500985
25047,0.804861
25048,0.713229
25049,0.866184
25050,0.966729
25051,0.762863
25052,0.402843
25053,0.605716
25054,0.648325
25055,0.422677
25056,0.643067
25057,0.770382
25058,0.958492
25059,0.936353
25060,0.567915
25061,0.864988
25062,0.856334
25063,0.404054
25064,0.705365
25065,0.663499
25066,0.731655
25067,0.665681
25068,0.636864
25069,0.760588
25070,0.72178
25071,0.912534
25072,0.689598
25073,0.655847
25074,0.840295
25075,0.960186
25076,0.952283
25077,0.617117
25078,0.773583
25079,0.678051
25080,0.399135
25081,0.723744
25082,0.740753
25083,0.957232
25084,0.641
25085,0.865096
25086,0.246704
25087,0.218144
25088,0.576347
25089,0.356641
25090,0.899128
25091,0.874152
25092,0.751937
25093,0.747542
25094,0.619597
25095,0.617894
25096,0.821413
25097,0.747155
25098,0.73519
25099,0.61579
25100,0.858163
25101,0.419495
25102,0.523381
25103,0.956862
25104,0.806526
25105,0.876848
25106,0.951014
25107,0.727423
25108,0.653763
25109,0.497998
25110,0.92002
25111,0.776633
25112,0.691763
25113,0.715728
25114,0.712129
25115,0.738541
25116,0.574601
25117,0.300944
25118,0.926036
25119,0.666699
25120,0.873466
25121,0.777138
25122,0.705037
25123,0.943487
25124,0.798396
25125,0.8124
25126,0.638955
25127,0.692569
25128,0.841266
25129,0.770078
25130,0.10809
25131,0.645121
25132,0.503856
25133,0.698506
25134,0.839821
25135,0.606846
25136,0.713924
25137,0.537886
25138,0.588033
25139,0.657454
25140,0.766696
25141,0.953964
25142,0.514581
25143,0.897607
25144,0.798304
25145,0.811875
25146,0.767665
25147,0.950456
25148,0.953508
25149,0.907958
25150,0.507502
25151,0.562585
25152,0.823326
25153,0.645431
25154,0.579807
25155,0.642344
25156,0.63216
25157,0.820591
25158,0.551415
25159,0.729112
25160,0.899218
25161,0.477493
25162,0.838699
25163,0.737059
25164,0.91079
25165,0.946779
25166,0.848311
25167,0.859459
25168,0.700966
25169,0.952573
25170,0.443576
25171,0.937508
25172,0.860724
25173,0.791485
25174,0.703975
25175,0.816797
25176,0.114746
25177,0.717235
25178,0.731894
25179,0.631486
25180,0.936539
25181,0.68237
25182,0.915736
25183,0.859015
25184,0.923685
25185,0.511183
25186,0.491227
25187,0.5704
25188,0.411687
25189,0.906287
25190,0.614393
25191,0.937413
25192,0.846167
25193,0.585014
25194,0.464122
25195,0.759416
25196,0.891019
25197,0.576946
25198,0.954416
25199,0.779542
25200,0.398855
25201,0.565948
25202,0.599868
25203,0.85219
25204,0.888086
25205,0.856983
25206,0.387501
25207,0.509999
25208,0.933825
25209,0.622392
25210,0.58756
25211,0.877596
25212,0.73794
25213,0.733933
25214,0.682287
25215,0.757536
25216,0.613389
25217,0.714044
25218,0.928736
25219,0.58665
25220,0.894822
25221,0.842931
25222,0.571305
25223,0.815513
25224,0.816216
25225,0.686427
25226,0.633369
25227,0.64673
25228,0.815294
25229,0.851021
25230,0.477547
25231,0.68697
25232,0.787307
25233,0.916656
25234,0.951524
25235,0.611329
25236,0.940042
25237,0.811705
25238,0.686054
25239,0.724971
25240,0.713644
25241,0.801095
25242,0.546657
25243,0.792287
25244,0.782405
25245,0.833509
25246,0.441754
25247,0.673886
25248,0.931139
25249,0.698176
25250,0.56605
25251,0.583836
25252,0.617985
25253,0.78524
25254,0.560898
25255,0.958326
25256,0.623963
25257,0.663269
25258,0.725827
25259,0.895085
25260,0.846583
25261,0.640973
25262,0.891808
25263,0.853125
25264,0.739789
25265,0.912562
25266,0.73212
25267,0.516943
25268,0.932423
25269,0.736967
25270,0.615208
25271,0.916943
25272,0.478528
25273,0.220864
25274,0.484654
25275,0.85807
25276,0.890914
25277,0.852228
25278,0.677824
25279,0.804146
25280,0.453284
25281,0.947472
25282,0.678213
25283,0.761736
25284,0.901974
25285,0.690269
25286,0.764661
25287,0.81448
25288,0.712072
25289,0.87392
25290,0.761706
25291,0.767552
25292,0.625904
25293,0.913966
25294,0.868553
25295,0.855347
25296,0.912324
25297,0.946061
25298,0.711833
25299,0.593593
25300,0.787583
25301,0.868183
25302,0.540184
25303,0.722868
25304,0.823897
25305,0.515261
25306,0.528254
25307,0.91085
25308,0.646601
25309,0.531042
25310,0.709041
25311,0.501246
25312,0.712462
25313,0.828665
25314,0.530738
25315,0.673034
25316,0.802003
25317,0.554192
25318,0.962435
25319,0.716329
25320,0.626672
25321,0.514151
25322,0.799959
25323,0.887317
25324,0.854054
25325,0.863179
25326,0.883252
25327,0.884779
25328,0.739591
25329,0.901783
25330,0.629082
25331,0.68033
25332,0.951983
25333,0.777258
25334,0.534437
25335,0.696874
25336,0.786312
25337,0.964359
25338,0.853072
25339,0.906199
25340,0.944118
25341,0.804902
25342,0.79476
25343,0.95
25344,0.821428
25345,0.666869
25346,0.725214
25347,0.87854
25348,0.067273
25349,0.699254
25350,0.779786
25351,0.476919
25352,0.772676
25353,0.854353
25354,0.645979
25355,0.955104
25356,0.771668
25357,0.542021
25358,0.721396
25359,0.724335
25360,0.35441
25361,0.893704
25362,0.757737
25363,0.89506
25364,0.892562
25365,0.526206
25366,0.96079
25367,0.864442
25368,0.74957
25369,0.826867
25370,0.751519
25371,0.89641
25372,0.621283
25373,0.685219
25374,0.872192
25375,0.857827
25376,0.747161
25377,0.71151
25378,0.890432
25379,0.60559
25380,0.792531
25381,0.390575
25382,0.911509
25383,0.452626
25384,0.890723
25385,0.741353
25386,0.840057
25387,0.785869
25388,0.896677
25389,0.923884
25390,0.407495
25391,0.83029
25392,0.91269
25393,0.664722
25394,0.158559
25395,0.952956
25396,0.684921
25397,0.798443
25398,0.761983
25399,0.647284
25400,0.779982
25401,0.682687
25402,0.952814
25403,0.961985
25404,0.491426
25405,0.711697
25406,0.93616
25407,0.686075
25408,0.831749
25409,0.742628
25410,0.687561
25411,0.955087
25412,0.802748
25413,0.832702
25414,0.863883
25415,0.066286
25416,0.746775
25417,0.866948
25418,0.220723
25419,0.588029
25420,0.928812
25421,0.891827
25422,0.764654
25423,0.66644
25424,0.373224
25425,0.575837
25426,0.402568
25427,0.74516
25428,0.875233
25429,0.796833
25430,0.774332
25431,0.918516
25432,0.842528
25433,0.761273
25434,0.796271
25435,0.050181
25436,0.588424
25437,0.919645
25438,0.817681
25439,0.935621
25440,0.841298
25441,0.92747
25442,0.295258
25443,0.876224
25444,0.867715
25445,0.476012
25446,0.810016
25447,0.498178
25448,0.942519
25449,0.101725
25450,0.941309
25451,0.643536
25452,0.943888
25453,0.957606
25454,0.492211
25455,0.9095
25456,0.669136
25457,0.944549
25458,0.774352
25459,0.674033
25460,0.059165
25461,0.79314
25462,0.876187
25463,0.542248
25464,0.858111
25465,0.739249
25466,0.670721
25467,0.686259
25468,0.619851
25469,0.876307
25470,0.933504
25471,0.812189
25472,0.532685
25473,0.712249
25474,0.612965
25475,0.822449
25476,0.465304
25477,0.766445
25478,0.648183
25479,0.772225
25480,0.67474
25481,0.467983
25482,0.848848
25483,0.881334
25484,0.701617
25485,0.777243
25486,0.820314
25487,0.918152
25488,0.918613
25489,0.709138
25490,0.950247
25491,0.885878
25492,0.804752
25493,0.682602
25494,0.705598
25495,0.930077
25496,0.5742
25497,0.870064
25498,0.772732
25499,0.686532
25500,0.835126
25501,0.617446
25502,0.527744
25503,0.903121
25504,0.618178
25505,0.553606
25506,0.910023
25507,0.849931
25508,0.81511
25509,0.09109
25510,0.562613
25511,0.537599
25512,0.522538
25513,0.804704
25514,0.710916
25515,0.741932
25516,0.534098
25517,0.945056
25518,0.522682
25519,0.961451
25520,0.550844
25521,0.80402
25522,0.735062
25523,0.5786
25524,0.524824
25525,0.788169
25526,0.531386
25527,0.642631
25528,0.65534
25529,0.843522
25530,0.585401
25531,0.9446
25532,0.785397
25533,0.602141
25534,0.715988
25535,0.772759
25536,0.353003
25537,0.717768
25538,0.625731
25539,0.93848
25540,0.860052
25541,0.596101
25542,0.72629
25543,0.709346
25544,0.513956
25545,0.501192
25546,0.878754
25547,0.665082
25548,0.84762
25549,0.784115
25550,0.695619
25551,0.69593
25552,0.518451
25553,0.803648
25554,0.79395
25555,0.931618
25556,0.611187
25557,0.905255
25558,0.645108
25559,0.88083
25560,0.530078
25561,0.7044
25562,0.961123
25563,0.841211
25564,0.711522
25565,0.16601
25566,0.956077
25567,0.758293
25568,0.22984
25569,0.569698
25570,0.689081
25571,0.857903
25572,0.067771
25573,0.799902
25574,0.786082
25575,0.898781
25576,0.367537
25577,0.689649
25578,0.902416
25579,0.829069
25580,0.583182
25581,0.833159
25582,0.782969
25583,0.529497
25584,0.646553
25585,0.694831
25586,0.918341
25587,0.911279
25588,0.865428
25589,0.880472
25590,0.524073
25591,0.882233
25592,0.887718
25593,0.612319
25594,0.71209
25595,0.106561
25596,0.835138
25597,0.639699
25598,0.635899
25599,0.477182
25600,0.809417
25601,0.954799
25602,0.812907
25603,0.391185
25604,0.643595
25605,0.880393
25606,0.470193
25607,0.732131
25608,0.559013
25609,0.78552
25610,0.621181
25611,0.839577
25612,0.88387
25613,0.473607
25614,0.902687
25615,0.899504
25616,0.811424
25617,0.770359
25618,0.717219
25619,0.908722
25620,0.051124
25621,0.779432
25622,0.256923
25623,0.679576
25624,0.883602
25625,0.542264
25626,0.785525
25627,0.873172
25628,0.714028
25629,0.581046
25630,0.485168
25631,0.605759
25632,0.649225
25633,0.953456
25634,0.960554
25635,0.612224
25636,0.945625
25637,0.653639
25638,0.732012
25639,0.860967
25640,0.928558
25641,0.562717
25642,0.871697
25643,0.928996
25644,0.766093
25645,0.711501
25646,0.745238
25647,0.552261
25648,0.802551
25649,0.902667
25650,0.702728
25651,0.519172
25652,0.750341
25653,0.848254
25654,0.754681
25655,0.950346
25656,0.948368
25657,0.805741
25658,0.666168
25659,0.926336
25660,0.519408
25661,0.630682
25662,0.784919
25663,0.913156
25664,0.956045
25665,0.876815
25666,0.740229
25667,0.770221
25668,0.772679
25669,0.777462
25670,0.827577
25671,0.850633
25672,0.9133
25673,0.576054
25674,0.766281
25675,0.580774
25676,0.960378
25677,0.967244
25678,0.680291
25679,0.70983
25680,0.848416
25681,0.785614
25682,0.073894
25683,0.561686
25684,0.495943
25685,0.730299
25686,0.474226
25687,0.848064
25688,0.847452
25689,0.756075
25690,0.530745
25691,0.538278
25692,0.793688
25693,0.921763
25694,0.691845
25695,0.623679
25696,0.762595
25697,0.946745
25698,0.739827
25699,0.877629
25700,0.921938
25701,0.393411
25702,0.958072
25703,0.743717
25704,0.940256
25705,0.731176
25706,0.883565
25707,0.570489
25708,0.837402
25709,0.783057
25710,0.887584
25711,0.608943
25712,0.965552
25713,0.88104
25714,0.772776
25715,0.768212
25716,0.64724
25717,0.810434
25718,0.736874
25719,0.900001
25720,0.949676
25721,0.713035
25722,0.87192
25723,0.939329
25724,0.564308
25725,0.713864
25726,0.752002
25727,0.650039
25728,0.882303
25729,0.177845
25730,0.094502
25731,0.806843
25732,0.744085
25733,0.952715
25734,0.57069
25735,0.842582
25736,0.874963
25737,0.430561
25738,0.869679
25739,0.911792
25740,0.942197
25741,0.099336
25742,0.674957
25743,0.749151
25744,0.803294
25745,0.512795
25746,0.956029
25747,0.476783
25748,0.518407
25749,0.796669
25750,0.763337
25751,0.890146
25752,0.496955
25753,0.203344
25754,0.55637
25755,0.957047
25756,0.957738
25757,0.273729
25758,0.819037
25759,0.912311
25760,0.487072
25761,0.729063
25762,0.790717
25763,0.638619
25764,0.940243
25765,0.74746
25766,0.920237
25767,0.831004
25768,0.823931
25769,0.950463
25770,0.943091
25771,0.911901
25772,0.532576
25773,0.864715
25774,0.601526
25775,0.856962
25776,0.918351
25777,0.727276
25778,0.856117
25779,0.409677
25780,0.903622
25781,0.695616
25782,0.863021
25783,0.63045
25784,0.669411
25785,0.753577
25786,0.728945
25787,0.828864
25788,0.330219
25789,0.740183
25790,0.698568
25791,0.739639
25792,0.711378
25793,0.563167
25794,0.685396
25795,0.598059
25796,0.709863
25797,0.519768
25798,0.49961
25799,0.941905
25800,0.648733
25801,0.757234
25802,0.531271
25803,0.869481
25804,0.858064
25805,0.749337
25806,0.698407
25807,0.678467
25808,0.712042
25809,0.710252
25810,0.851537
25811,0.673497
25812,0.684573
25813,0.517786
25814,0.939674
25815,0.843276
25816,0.532589
25817,0.764804
25818,0.711542
25819,0.901115
25820,0.260966
25821,0.876942
25822,0.631842
25823,0.762948
25824,0.583777
25825,0.926718
25826,0.748255
25827,0.653
25828,0.754776
25829,0.613904
25830,0.692578
25831,0.603526
25832,0.85138
25833,0.710505
25834,0.948804
25835,0.673746
25836,0.85095
25837,0.691753
25838,0.876812
25839,0.91896
25840,0.910428
25841,0.775883
25842,0.783429
25843,0.756747
25844,0.709304
25845,0.868104
25846,0.91651
25847,0.8644
25848,0.887961
25849,0.726573
25850,0.758331
25851,0.892459
25852,0.88741
25853,0.789535
25854,0.746064
25855,0.833734
25856,0.701717
25857,0.872795
25858,0.782921
25859,0.842413
25860,0.793356
25861,0.864398
25862,0.922523
25863,0.762232
25864,0.828453
25865,0.129578
25866,0.694638
25867,0.228422
25868,0.16899
25869,0.687656
25870,0.612999
25871,0.87859
25872,0.719307
25873,0.850056
25874,0.81856
25875,0.946167
25876,0.819636
25877,0.78275
25878,0.528523
25879,0.890828
25880,0.945784
25881,0.602236
25882,0.755585
25883,0.939386
25884,0.708901
25885,0.942687
25886,0.875582
25887,0.74249
25888,0.930347
25889,0.679894
25890,0.692303
25891,0.205437
25892,0.54474
25893,0.058923
25894,0.632047
25895,0.745535
25896,0.688105
25897,0.451579
25898,0.904337
25899,0.653788
25900,0.396891
25901,0.794415
25902,0.590254
25903,0.864803
25904,0.91221
25905,0.701017
25906,0.213966
25907,0.949966
25908,0.549253
25909,0.648179
25910,0.77789
25911,0.732439
25912,0.961992
25913,0.783816
25914,0.571916
25915,0.958051
25916,0.903646
25917,0.848705
25918,0.619154
25919,0.941532
25920,0.726281
25921,0.540568
25922,0.473184
25923,0.90565
25924,0.664414
25925,0.604971
25926,0.715082
25927,0.637447
25928,0.869557
25929,0.651381
25930,0.682631
25931,0.556391
25932,0.861069
25933,0.957279
25934,0.58736
25935,0.783317
25936,0.656189
25937,0.608616
25938,0.672975
25939,0.455197
25940,0.779179
25941,0.953653
25942,0.774014
25943,0.862005
25944,0.736956
25945,0.923611
25946,0.794677
25947,0.563777
25948,0.708904
25949,0.939238
25950,0.758265
25951,0.763352
25952,0.835245
25953,0.824125
25954,0.431694
25955,0.78993
25956,0.830781
25957,0.750605
25958,0.936206
25959,0.919966
25960,0.865149
25961,0.739594
25962,0.911067
25963,0.941701
25964,0.923095
25965,0.637259
25966,0.616762
25967,0.920378
25968,0.924578
25969,0.435065
25970,0.590632
25971,0.093981
25972,0.704695
25973,0.831694
25974,0.610478
25975,0.557189
25976,0.798846
25977,0.756872
25978,0.861451
25979,0.711874
25980,0.434364
25981,0.657679
25982,0.907712
25983,0.906061
25984,0.725142
25985,0.556595
25986,0.518312
25987,0.560112
25988,0.580232
25989,0.78006
25990,0.929283
25991,0.808466
25992,0.581089
25993,0.838709
25994,0.43954
25995,0.71398
25996,0.810621
25997,0.849748
25998,0.671153
25999,0.756958
26000,0.70663
26001,0.712439
26002,0.677575
26003,0.883949
26004,0.647511
26005,0.823924
26006,0.634269
26007,0.755638
26008,0.585314
26009,0.894522
26010,0.754789
26011,0.693226
26012,0.954116
26013,0.582351
26014,0.658969
26015,0.58002
26016,0.845691
26017,0.698851
26018,0.896166
26019,0.741588
26020,0.595413
26021,0.899764
26022,0.80133
26023,0.861874
26024,0.902381
26025,0.678259
26026,0.86241
26027,0.535671
26028,0.69362
26029,0.905202
26030,0.811603
26031,0.92736
26032,0.662176
26033,0.636827
26034,0.240833
26035,0.152998
26036,0.803432
26037,0.637763
26038,0.749225
26039,0.795613
26040,0.901931
26041,0.745789
26042,0.373792
26043,0.773741
26044,0.739848
26045,0.603698
26046,0.805081
26047,0.140813
26048,0.633608
26049,0.778666
26050,0.720226
26051,0.95692
26052,0.73497
26053,0.690182
26054,0.952092
26055,0.671734
26056,0.459875
26057,0.955619
26058,0.889503
26059,0.506171
26060,0.849379
26061,0.459164
26062,0.82223
26063,0.388748
26064,0.286823
26065,0.813825
26066,0.840674
26067,0.859033
26068,0.758531
26069,0.916373
26070,0.591795
26071,0.899467
26072,0.784344
26073,0.951827
26074,0.924681
26075,0.637124
26076,0.680261
26077,0.601358
26078,0.745176
26079,0.884426
26080,0.910743
26081,0.913109
26082,0.64935
26083,0.895054
26084,0.690215
26085,0.442987
26086,0.911491
26087,0.620753
26088,0.548985
26089,0.668975
26090,0.795105
26091,0.752117
26092,0.696648
26093,0.879061
26094,0.896459
26095,0.965213
26096,0.648006
26097,0.785116
26098,0.861117
26099,0.852447
26100,0.555254
26101,0.695253
26102,0.73595
26103,0.826638
26104,0.558616
26105,0.882286
26106,0.761995
26107,0.713967
26108,0.588518
26109,0.860846
26110,0.513334
26111,0.884986
26112,0.675376
26113,0.884301
26114,0.566872
26115,0.722575
26116,0.94345
26117,0.750798
26118,0.779776
26119,0.168066
26120,0.656329
26121,0.332626
26122,0.931818
26123,0.94861
26124,0.951032
26125,0.9189
26126,0.943221
26127,0.408335
26128,0.747342
26129,0.450586
26130,0.800932
26131,0.682071
26132,0.165056
26133,0.757606
26134,0.832858
26135,0.869431
26136,0.799738
26137,0.564215
26138,0.580384
26139,0.580849
26140,0.934271
26141,0.79722
26142,0.572719
26143,0.600723
26144,0.705892
26145,0.769828
26146,0.961841
26147,0.939094
26148,0.868501
26149,0.6778
26150,0.383264
26151,0.618633
26152,0.960466
26153,0.943746
26154,0.562343
26155,0.594656
26156,0.734089
26157,0.840989
26158,0.743572
26159,0.678195
26160,0.524951
26161,0.659934
26162,0.931545
26163,0.869836
26164,0.950003
26165,0.759438
26166,0.669392
26167,0.898524
26168,0.674475
26169,0.691019
26170,0.671877
26171,0.529993
26172,0.470048
26173,0.734054
26174,0.862768
26175,0.762967
26176,0.762906
26177,0.820013
26178,0.824394
26179,0.621259
26180,0.706299
26181,0.774947
26182,0.783366
26183,0.882247
26184,0.762328
26185,0.868212
26186,0.709463
26187,0.916041
26188,0.87783
26189,0.840993
26190,0.661746
26191,0.832639
26192,0.868936
26193,0.870165
26194,0.758674
26195,0.793309
26196,0.684221
26197,0.665546
26198,0.960412
26199,0.611989
26200,0.658057
26201,0.870358
26202,0.442191
26203,0.773481
26204,0.908112
26205,0.651262
26206,0.711876
26207,0.561909
26208,0.591732
26209,0.627422
26210,0.717611
26211,0.887221
26212,0.756431
26213,0.638313
26214,0.752198
26215,0.868316
26216,0.86252
26217,0.621007
26218,0.896172
26219,0.612601
26220,0.818377
26221,0.912039
26222,0.898614
26223,0.872029
26224,0.842386
26225,0.872532
26226,0.637874
26227,0.829935
26228,0.660404
26229,0.809905
26230,0.354705
26231,0.856269
26232,0.95884
26233,0.464686
26234,0.78057
26235,0.938312
26236,0.808454
26237,0.877388
26238,0.944121
26239,0.889567
26240,0.598279
26241,0.809301
26242,0.663005
26243,0.893583
26244,0.727261
26245,0.50898
26246,0.963805
26247,0.498025
26248,0.857568
26249,0.814259
26250,0.919323
26251,0.4819
26252,0.514559
26253,0.694091
26254,0.772633
26255,0.194468
26256,0.716405
26257,0.965278
26258,0.950391
26259,0.905423
26260,0.919337
26261,0.539979
26262,0.74387
26263,0.618439
26264,0.439369
26265,0.4941
26266,0.448221
26267,0.490552
26268,0.681544
26269,0.897738
26270,0.909968
26271,0.75388
26272,0.621491
26273,0.681542
26274,0.582463
26275,0.784816
26276,0.821555
26277,0.863478
26278,0.609117
26279,0.754662
26280,0.899794
26281,0.800574
26282,0.807012
26283,0.799877
26284,0.580765
26285,0.927969
26286,0.217736
26287,0.927667
26288,0.49595
26289,0.606801
26290,0.879742
26291,0.788942
26292,0.55284
26293,0.644643
26294,0.901389
26295,0.484927
26296,0.583132
26297,0.661231
26298,0.619717
26299,0.649974
26300,0.601733
26301,0.554231
26302,0.926861
26303,0.807156
26304,0.738942
26305,0.756234
26306,0.761578
26307,0.917321
26308,0.679454
26309,0.641158
26310,0.624612
26311,0.876942
26312,0.918052
26313,0.808637
26314,0.836741
26315,0.900049
26316,0.598943
26317,0.762726
26318,0.570046
26319,0.939389
26320,0.691618
26321,0.657123
26322,0.669177
26323,0.669588
26324,0.730524
26325,0.949462
26326,0.573428
26327,0.864664
26328,0.59124
26329,0.96311
26330,0.887735
26331,0.863098
26332,0.177668
26333,0.710928
26334,0.95235
26335,0.91676
26336,0.497632
26337,0.728436
26338,0.7067
26339,0.903271
26340,0.854471
26341,0.735734
26342,0.767529
26343,0.811774
26344,0.835796
26345,0.362231
26346,0.759047
26347,0.709237
26348,0.533522
26349,0.864765
26350,0.940365
26351,0.800716
26352,0.860164
26353,0.933625
26354,0.84477
26355,0.870206
26356,0.549217
26357,0.82726
26358,0.522263
26359,0.250497
26360,0.783465
26361,0.666054
26362,0.48661
26363,0.879797
26364,0.078565
26365,0.613613
26366,0.914031
26367,0.634604
26368,0.96275
26369,0.922245
26370,0.834781
26371,0.635321
26372,0.484355
26373,0.570067
26374,0.931238
26375,0.614401
26376,0.588665
26377,0.750138
26378,0.562097
26379,0.617826
26380,0.874601
26381,0.786943
26382,0.962421
26383,0.739901
26384,0.587367
26385,0.590273
26386,0.687313
26387,0.92816
26388,0.622787
26389,0.452134
26390,0.925587
26391,0.418087
26392,0.680075
26393,0.958128
26394,0.927879
26395,0.883566
26396,0.510402
26397,0.809086
26398,0.610949
26399,0.577013
26400,0.817919
26401,0.723592
26402,0.780413
26403,0.588236
26404,0.558006
26405,0.76236
26406,0.748083
26407,0.774854
26408,0.86382
26409,0.912449
26410,0.755568
26411,0.901071
26412,0.959842
26413,0.717688
26414,0.669251
26415,0.782759
26416,0.859725
26417,0.676234
26418,0.952035
26419,0.579545
26420,0.77273
26421,0.675514
26422,0.950336
26423,0.794558
26424,0.78991
26425,0.8409
26426,0.943028
26427,0.866699
26428,0.54344
26429,0.542121
26430,0.854433
26431,0.87169
26432,0.826053
26433,0.846961
26434,0.774191
26435,0.751292
26436,0.582414
26437,0.457938
26438,0.782091
26439,0.67886
26440,0.820657
26441,0.581843
26442,0.56583
26443,0.540088
26444,0.800959
26445,0.937134
26446,0.868841
26447,0.803181
26448,0.76985
26449,0.910343
26450,0.791818
26451,0.718601
26452,0.864777
26453,0.770643
26454,0.948976
26455,0.845046
26456,0.754193
26457,0.74593
26458,0.845622
26459,0.638099
26460,0.91999
26461,0.052993
26462,0.073173
26463,0.922962
26464,0.830469
26465,0.898688
26466,0.680673
26467,0.193623
26468,0.487818
26469,0.929286
26470,0.751967
26471,0.846558
26472,0.465314
26473,0.793225
26474,0.837596
26475,0.754038
26476,0.959804
26477,0.67272
26478,0.883292
26479,0.924139
26480,0.634115
26481,0.631901
26482,0.917669
26483,0.3602
26484,0.699691
26485,0.862218
26486,0.914801
26487,0.78671
26488,0.896723
26489,0.619715
26490,0.807608
26491,0.826543
26492,0.679939
26493,0.727533
26494,0.090734
26495,0.602362
26496,0.73313
26497,0.838769
26498,0.910345
26499,0.550078
26500,0.74304
26501,0.841156
26502,0.595529
26503,0.650171
26504,0.861703
26505,0.223949
26506,0.6765
26507,0.653099
26508,0.78645
26509,0.610402
26510,0.918965
26511,0.70459
26512,0.741825
26513,0.623141
26514,0.824294
26515,0.799602
26516,0.736585
26517,0.927019
26518,0.737108
26519,0.695792
26520,0.757648
26521,0.717459
26522,0.901245
26523,0.914813
26524,0.75151
26525,0.702068
26526,0.829868
26527,0.673126
26528,0.722585
26529,0.746492
26530,0.955958
26531,0.889065
26532,0.940189
26533,0.903783
26534,0.942344
26535,0.647919
26536,0.794279
26537,0.843596
26538,0.09844
26539,0.966235
26540,0.843626
26541,0.50546
26542,0.777238
26543,0.86953
26544,0.817706
26545,0.77844
26546,0.861386
26547,0.912232
26548,0.818198
26549,0.521664
26550,0.949462
26551,0.801748
26552,0.732778
26553,0.899167
26554,0.89404
26555,0.654278
26556,0.744422
26557,0.578897
26558,0.802169
26559,0.466567
26560,0.359561
26561,0.607079
26562,0.778264
26563,0.830079
26564,0.702157
26565,0.6479
26566,0.785051
26567,0.80305
26568,0.876721
26569,0.666503
26570,0.745819
26571,0.773845
26572,0.718659
26573,0.918155
26574,0.778587
26575,0.471922
26576,0.716918
26577,0.907827
26578,0.792911
26579,0.635714
26580,0.962561
26581,0.569216
26582,0.872777
26583,0.649166
26584,0.910765
26585,0.825215
26586,0.907185
26587,0.942538
26588,0.581712
26589,0.930385
26590,0.580151
26591,0.913683
26592,0.607317
26593,0.630685
26594,0.837759
26595,0.696176
26596,0.705134
26597,0.861709
26598,0.918841
26599,0.707459
26600,0.745156
26601,0.953653
26602,0.812007
26603,0.921673
26604,0.355597
26605,0.445091
26606,0.505019
26607,0.824284
26608,0.901717
26609,0.847003
26610,0.740533
26611,0.732356
26612,0.679945
26613,0.636118
26614,0.95183
26615,0.914465
26616,0.766504
26617,0.650078
26618,0.606209
26619,0.874678
26620,0.924773
26621,0.917244
26622,0.863228
26623,0.871727
26624,0.656632
26625,0.197351
26626,0.492838
26627,0.771786
26628,0.082465
26629,0.820872
26630,0.875028
26631,0.072894
26632,0.710428
26633,0.764646
26634,0.710136
26635,0.614719
26636,0.662853
26637,0.164122
26638,0.811916
26639,0.481646
26640,0.24473
26641,0.735882
26642,0.798604
26643,0.917202
26644,0.925272
26645,0.372232
26646,0.737081
26647,0.878665
26648,0.960578
26649,0.731005
26650,0.744371
26651,0.72902
26652,0.913765
26653,0.935918
26654,0.550052
26655,0.953263
26656,0.953825
26657,0.586453
26658,0.787668
26659,0.884169
26660,0.710977
26661,0.78408
26662,0.951438
26663,0.681681
26664,0.58765
26665,0.882165
26666,0.513727
26667,0.687196
26668,0.633284
26669,0.646611
26670,0.953742
26671,0.666959
26672,0.680228
26673,0.819711
26674,0.847756
26675,0.881636
26676,0.62386
26677,0.868822
26678,0.619007
26679,0.673246
26680,0.848218
26681,0.809201
26682,0.913289
26683,0.601192
26684,0.89318
26685,0.716397
26686,0.761696
26687,0.958336
26688,0.765617
26689,0.759039
26690,0.832347
26691,0.090434
26692,0.679583
26693,0.38925
26694,0.914808
26695,0.806855
26696,0.621146
26697,0.879618
26698,0.79308
26699,0.678213
26700,0.954925
26701,0.587558
26702,0.708424
26703,0.765594
26704,0.934242
26705,0.690685
26706,0.814314
26707,0.622299
26708,0.067081
26709,0.636969
26710,0.756222
26711,0.667229
26712,0.837006
26713,0.888697
26714,0.831664
26715,0.559813
26716,0.914907
26717,0.389362
26718,0.856729
26719,0.671369
26720,0.909579
26721,0.936537
26722,0.568094
26723,0.561848
26724,0.903936
26725,0.617757
26726,0.816213
26727,0.807859
26728,0.861225
26729,0.895787
26730,0.955181
26731,0.952754
26732,0.308768
26733,0.828652
26734,0.573239
26735,0.624134
26736,0.887884
26737,0.778088
26738,0.830672
26739,0.649899
26740,0.491374
26741,0.71103
26742,0.161762
26743,0.830625
26744,0.694198
26745,0.208264
26746,0.559619
26747,0.478363
26748,0.804119
26749,0.948237
26750,0.68549
26751,0.874317
26752,0.712167
26753,0.928812
26754,0.473173
26755,0.655673
26756,0.510376
26757,0.860615
26758,0.865933
26759,0.655524
26760,0.661245
26761,0.919685
26762,0.667752
26763,0.558588
26764,0.879564
26765,0.620959
26766,0.937549
26767,0.813544
26768,0.937
26769,0.252259
26770,0.878552
26771,0.943689
26772,0.518766
26773,0.847491
26774,0.693347
26775,0.828275
26776,0.903654
26777,0.571388
26778,0.632839
26779,0.839791
26780,0.800979
26781,0.70358
26782,0.922081
26783,0.068114
26784,0.230613
26785,0.668109
26786,0.649349
26787,0.864144
26788,0.559657
26789,0.643963
26790,0.610654
26791,0.571044
26792,0.869035
26793,0.750396
26794,0.712253
26795,0.787195
26796,0.801239
26797,0.546753
26798,0.430576
26799,0.370736
26800,0.83585
26801,0.935648
26802,0.916053
26803,0.536642
26804,0.462879
26805,0.930017
26806,0.588967
26807,0.600325
26808,0.811932
26809,0.660052
26810,0.937014
26811,0.592483
26812,0.648026
26813,0.827054
26814,0.753156
26815,0.693852
26816,0.600836
26817,0.745934
26818,0.676733
26819,0.947138
26820,0.536702
26821,0.925459
26822,0.057594
26823,0.939537
26824,0.72697
26825,0.903955
26826,0.5351
26827,0.605842
26828,0.71204
26829,0.899233
26830,0.915082
26831,0.666967
26832,0.762603
26833,0.048575
26834,0.790659
26835,0.635613
26836,0.685444
26837,0.661519
26838,0.0855
26839,0.702733
26840,0.89682
26841,0.812645
26842,0.605445
26843,0.59096
26844,0.778577
26845,0.95356
26846,0.941695
26847,0.828264
26848,0.674588
26849,0.670002
26850,0.650769
26851,0.45726
26852,0.22791
26853,0.641587
26854,0.764829
26855,0.77537
26856,0.598019
26857,0.904111
26858,0.636318
26859,0.909211
26860,0.883861
26861,0.654903
26862,0.707957
26863,0.690441
26864,0.422975
26865,0.589084
26866,0.567612
26867,0.78202
26868,0.681944
26869,0.946381
26870,0.867511
26871,0.904933
26872,0.740785
26873,0.67622
26874,0.607732
26875,0.801433
26876,0.808937
26877,0.740355
26878,0.600027
26879,0.624589
26880,0.879024
26881,0.938304
26882,0.810208
26883,0.948281
26884,0.454209
26885,0.748734
26886,0.801804
26887,0.645501
26888,0.713623
26889,0.902863
26890,0.841865
26891,0.664307
26892,0.530045
26893,0.947252
26894,0.769651
26895,0.889852
26896,0.780782
26897,0.822019
26898,0.46428
26899,0.76073
26900,0.964211
26901,0.918549
26902,0.939468
26903,0.959435
26904,0.850205
26905,0.855108
26906,0.796249
26907,0.921349
26908,0.533479
26909,0.897662
26910,0.547643
26911,0.851093
26912,0.474648
26913,0.421992
26914,0.824123
26915,0.710519
26916,0.857523
26917,0.95539
26918,0.812886
26919,0.763977
26920,0.053918
26921,0.813279
26922,0.341309
26923,0.866047
26924,0.88512
26925,0.685762
26926,0.803781
26927,0.785271
26928,0.657028
26929,0.572459
26930,0.824384
26931,0.937187
26932,0.751317
26933,0.67916
26934,0.670101
26935,0.063052
26936,0.203662
26937,0.818954
26938,0.531586
26939,0.643342
26940,0.784223
26941,0.45445
26942,0.87014
26943,0.921291
26944,0.585266
26945,0.582901
26946,0.818187
26947,0.401199
26948,0.584935
26949,0.87967
26950,0.553096
26951,0.722892
26952,0.083277
26953,0.730425
26954,0.875038
26955,0.92264
26956,0.374312
26957,0.740382
26958,0.806992
26959,0.663863
26960,0.579367
26961,0.85067
26962,0.616619
26963,0.482557
26964,0.510625
26965,0.620248
26966,0.432074
26967,0.947649
26968,0.953469
26969,0.733708
26970,0.672431
26971,0.942577
26972,0.887944
26973,0.659713
26974,0.955919
26975,0.766528
26976,0.59504
26977,0.715987
26978,0.715694
26979,0.895358
26980,0.839783
26981,0.632309
26982,0.829554
26983,0.800769
26984,0.531246
26985,0.787909
26986,0.732115
26987,0.811611
26988,0.863935
26989,0.950531
26990,0.782251
26991,0.870666
26992,0.84275
26993,0.915406
26994,0.885602
26995,0.57018
26996,0.954673
26997,0.699083
26998,0.8363
26999,0.449844
27000,0.549223
27001,0.523582
27002,0.859329
27003,0.963013
27004,0.678617
27005,0.764081
27006,0.935913
27007,0.453137
27008,0.487337
27009,0.894786
27010,0.476328
27011,0.688069
27012,0.622901
27013,0.88776
27014,0.820587
27015,0.242651
27016,0.710247
27017,0.870646
27018,0.917673
27019,0.728738
27020,0.076279
27021,0.296627
27022,0.870395
27023,0.224388
27024,0.716542
27025,0.857218
27026,0.82881
27027,0.953741
27028,0.582399
27029,0.762408
27030,0.862286
27031,0.833563
27032,0.603907
27033,0.780574
27034,0.858239
27035,0.534556
27036,0.660704
27037,0.692341
27038,0.828937
27039,0.936159
27040,0.571715
27041,0.751939
27042,0.818097
27043,0.751572
27044,0.527498
27045,0.717942
27046,0.475187
27047,0.708598
27048,0.523301
27049,0.603176
27050,0.893415
27051,0.769078
27052,0.787007
27053,0.670318
27054,0.616288
27055,0.571956
27056,0.622012
27057,0.059596
27058,0.773465
27059,0.683265
27060,0.885688
27061,0.69885
27062,0.5986
27063,0.732076
27064,0.704274
27065,0.066399
27066,0.071038
27067,0.935449
27068,0.652448
27069,0.580604
27070,0.777317
27071,0.197977
27072,0.697494
27073,0.533207
27074,0.710759
27075,0.825713
27076,0.42497
27077,0.482331
27078,0.544969
27079,0.729573
27080,0.416099
27081,0.852186
27082,0.424793
27083,0.76217
27084,0.756805
27085,0.731673
27086,0.603667
27087,0.726455
27088,0.542682
27089,0.890156
27090,0.771992
27091,0.603157
27092,0.48586
27093,0.731027
27094,0.94483
27095,0.701356
27096,0.704252
27097,0.826056
27098,0.743318
27099,0.803988
27100,0.945987
27101,0.664071
27102,0.942452
27103,0.822471
27104,0.933103
27105,0.818072
27106,0.689718
27107,0.749445
27108,0.926876
27109,0.807853
27110,0.94277
27111,0.93189
27112,0.747167
27113,0.915062
27114,0.801171
27115,0.831937
27116,0.232698
27117,0.675539
27118,0.855125
27119,0.603892
27120,0.707901
27121,0.897704
27122,0.949878
27123,0.863871
27124,0.860037
27125,0.591007
27126,0.85869
27127,0.737403
27128,0.802971
27129,0.732996
27130,0.573166
27131,0.918686
27132,0.717624
27133,0.455736
27134,0.716059
27135,0.768278
27136,0.066075
27137,0.680658
27138,0.421561
27139,0.539264
27140,0.612383
27141,0.776317
27142,0.86546
27143,0.787731
27144,0.626707
27145,0.913293
27146,0.651075
27147,0.66968
27148,0.538598
27149,0.787622
27150,0.67249
27151,0.677299
27152,0.673152
27153,0.893734
27154,0.154761
27155,0.832789
27156,0.894239
27157,0.682337
27158,0.913128
27159,0.624215
27160,0.942088
27161,0.95356
27162,0.402025
27163,0.84471
27164,0.887188
27165,0.908497
27166,0.677206
27167,0.582377
27168,0.734494
27169,0.427622
27170,0.841549
27171,0.670366
27172,0.66502
27173,0.515037
27174,0.718831
27175,0.708649
27176,0.820148
27177,0.565987
27178,0.649113
27179,0.899221
27180,0.751502
27181,0.661024
27182,0.83769
27183,0.120617
27184,0.789618
27185,0.555766
27186,0.814337
27187,0.865763
27188,0.907486
27189,0.825281
27190,0.107458
27191,0.931875
27192,0.582743
27193,0.129304
27194,0.807946
27195,0.757566
27196,0.858417
27197,0.580289
27198,0.870342
27199,0.842728
27200,0.791521
27201,0.473258
27202,0.843723
27203,0.9325
27204,0.218412
27205,0.692787
27206,0.573795
27207,0.243708
27208,0.908158
27209,0.787176
27210,0.637347
27211,0.677248
27212,0.614991
27213,0.845914
27214,0.872794
27215,0.563865
27216,0.903363
27217,0.515802
27218,0.695328
27219,0.634788
27220,0.957907
27221,0.808133
27222,0.679538
27223,0.726338
27224,0.631441
27225,0.826379
27226,0.95413
27227,0.692702
27228,0.866698
27229,0.900247
27230,0.694704
27231,0.607543
27232,0.90248
27233,0.692296
27234,0.422287
27235,0.562486
27236,0.554775
27237,0.748375
27238,0.804684
27239,0.933293
27240,0.513432
27241,0.931312
27242,0.856704
27243,0.607425
27244,0.626989
27245,0.055201
27246,0.081083
27247,0.747764
27248,0.923257
27249,0.942138
27250,0.780824
27251,0.54685
27252,0.672546
27253,0.670921
27254,0.744554
27255,0.784282
27256,0.646561
27257,0.707412
27258,0.586574
27259,0.438583
27260,0.664331
27261,0.640858
27262,0.866436
27263,0.945945
27264,0.680689
27265,0.780608
27266,0.942535
27267,0.87139
27268,0.840522
27269,0.774227
27270,0.735707
27271,0.819854
27272,0.925523
27273,0.923282
27274,0.779546
27275,0.461908
27276,0.580886
27277,0.906596
27278,0.874326
27279,0.952501
27280,0.706404
27281,0.200083
27282,0.633295
27283,0.585619
27284,0.821963
27285,0.887544
27286,0.585214
27287,0.825547
27288,0.95307
27289,0.670409
27290,0.481943
27291,0.777716
27292,0.748431
27293,0.766452
27294,0.721335
27295,0.939285
27296,0.888776
27297,0.875319
27298,0.926267
27299,0.882281
27300,0.495417
27301,0.066429
27302,0.75752
27303,0.405764
27304,0.890997
27305,0.606818
27306,0.852163
27307,0.403585
27308,0.744742
27309,0.958089
27310,0.665096
27311,0.068881
27312,0.725023
27313,0.059534
27314,0.710714
27315,0.697572
27316,0.527102
27317,0.545609
27318,0.508504
27319,0.93069
27320,0.839302
27321,0.775511
27322,0.737836
27323,0.659471
27324,0.581189
27325,0.781874
27326,0.843042
27327,0.776479
27328,0.730193
27329,0.483563
27330,0.732524
27331,0.523806
27332,0.85538
27333,0.90283
27334,0.704714
27335,0.958558
27336,0.655843
27337,0.78121
27338,0.826326
27339,0.786396
27340,0.725789
27341,0.935353
27342,0.600516
27343,0.813081
27344,0.843506
27345,0.816159
27346,0.891132
27347,0.526908
27348,0.864859
27349,0.626468
27350,0.946423
27351,0.845033
27352,0.904679
27353,0.750891
27354,0.319722
27355,0.877764
27356,0.887828
27357,0.814144
27358,0.671423
27359,0.900892
27360,0.627407
27361,0.613313
27362,0.850629
27363,0.94033
27364,0.896716
27365,0.5825
27366,0.846264
27367,0.765384
27368,0.456287
27369,0.797405
27370,0.593329
27371,0.872237
27372,0.930866
27373,0.932401
27374,0.650381
27375,0.535619
27376,0.697682
27377,0.696258
27378,0.252759
27379,0.768812
27380,0.482259
27381,0.699477
27382,0.698887
27383,0.683554
27384,0.773043
27385,0.290872
27386,0.887478
27387,0.589617
27388,0.668077
27389,0.530285
27390,0.860966
27391,0.106955
27392,0.822906
27393,0.882052
27394,0.457156
27395,0.921996
27396,0.736531
27397,0.801961
27398,0.776237
27399,0.632131
27400,0.523506
27401,0.645686
27402,0.906763
27403,0.752344
27404,0.590458
27405,0.506552
27406,0.118292
27407,0.927159
27408,0.576897
27409,0.768697
27410,0.904605
27411,0.62953
27412,0.957913
27413,0.658265
27414,0.49187
27415,0.433792
27416,0.622541
27417,0.774109
27418,0.724332
27419,0.668182
27420,0.902935
27421,0.854338
27422,0.817577
27423,0.903662
27424,0.730257
27425,0.761195
27426,0.599754
27427,0.890146
27428,0.815077
27429,0.607308
27430,0.729688
27431,0.921222
27432,0.904157
27433,0.545602
27434,0.54334
27435,0.818295
27436,0.888219
27437,0.52857
27438,0.888874
27439,0.730324
27440,0.913109
27441,0.781674
27442,0.724515
27443,0.916168
27444,0.871207
27445,0.910925
27446,0.682494
27447,0.863144
27448,0.921043
27449,0.941161
27450,0.86875
27451,0.716413
27452,0.572651
27453,0.941358
27454,0.790297
27455,0.833474
27456,0.909708
27457,0.781354
27458,0.801903
27459,0.432708
27460,0.580106
27461,0.883496
27462,0.692743
27463,0.940763
27464,0.832384
27465,0.569728
27466,0.915753
27467,0.915469
27468,0.935757
27469,0.885952
27470,0.678591
27471,0.491186
27472,0.721911
27473,0.925037
27474,0.838901
27475,0.963643
27476,0.580153
27477,0.849742
27478,0.86364
27479,0.680972
27480,0.468075
27481,0.809325
27482,0.865561
27483,0.516557
27484,0.649033
27485,0.543964
27486,0.713603
27487,0.746851
27488,0.922723
27489,0.721385
27490,0.644131
27491,0.824588
27492,0.611478
27493,0.608556
27494,0.906551
27495,0.857552
27496,0.746094
27497,0.674264
27498,0.818044
27499,0.632493
27500,0.937904
27501,0.922513
27502,0.122644
27503,0.742485
27504,0.588408
27505,0.793351
27506,0.66996
27507,0.684383
27508,0.896386
27509,0.699479
27510,0.86281
27511,0.290497
27512,0.95313
27513,0.866443
27514,0.719348
27515,0.768082
27516,0.79653
27517,0.836228
27518,0.723756
27519,0.379345
27520,0.903925
27521,0.837514
27522,0.871336
27523,0.89329
27524,0.530715
27525,0.884111
27526,0.63745
27527,0.706234
27528,0.781804
27529,0.718732
27530,0.553306
27531,0.051527
27532,0.643944
27533,0.799317
27534,0.928435
27535,0.927205
27536,0.522716
27537,0.846736
27538,0.912814
27539,0.794691
27540,0.658488
27541,0.693543
27542,0.923119
27543,0.4281
27544,0.94309
27545,0.892339
27546,0.686066
27547,0.713012
27548,0.573477
27549,0.868665
27550,0.688008
27551,0.688926
27552,0.742874
27553,0.334571
27554,0.902914
27555,0.831757
27556,0.887763
27557,0.900155
27558,0.501562
27559,0.932803
27560,0.538002
27561,0.938206
27562,0.654544
27563,0.653106
27564,0.582063
27565,0.735586
27566,0.803561
27567,0.744962
27568,0.950248
27569,0.957049
27570,0.597923
27571,0.708321
27572,0.528772
27573,0.791185
27574,0.638931
27575,0.91646
27576,0.834589
27577,0.609891
27578,0.612983
27579,0.905978
27580,0.699085
27581,0.941572
27582,0.832036
27583,0.722097
27584,0.881738
27585,0.630846
27586,0.822321
27587,0.780481
27588,0.934032
27589,0.726401
27590,0.907227
27591,0.591316
27592,0.94292
27593,0.956264
27594,0.723044
27595,0.679036
27596,0.762485
27597,0.148804
27598,0.900551
27599,0.775854
27600,0.583109
27601,0.964267
27602,0.616317
27603,0.794991
27604,0.641464
27605,0.150903
27606,0.685337
27607,0.743659
27608,0.579131
27609,0.919733
27610,0.750804
27611,0.698617
27612,0.576157
27613,0.800476
27614,0.070674
27615,0.845323
27616,0.696957
27617,0.895047
27618,0.650694
27619,0.659629
27620,0.720554
27621,0.919
27622,0.462383
27623,0.896625
27624,0.647397
27625,0.646508
27626,0.55292
27627,0.810831
27628,0.879381
27629,0.859345
27630,0.644073
27631,0.877481
27632,0.944409
27633,0.884419
27634,0.907176
27635,0.622024
27636,0.820696
27637,0.452884
27638,0.523432
27639,0.641736
27640,0.955353
27641,0.916586
27642,0.498263
27643,0.647725
27644,0.223771
27645,0.958546
27646,0.787495
27647,0.76669
27648,0.909686
27649,0.646525
27650,0.933491
27651,0.583871
27652,0.887538
27653,0.902934
27654,0.564025
27655,0.875113
27656,0.654946
27657,0.255121
27658,0.744291
27659,0.637974
27660,0.698728
27661,0.211784
27662,0.790832
27663,0.601077
27664,0.852844
27665,0.687946
27666,0.709359
27667,0.787395
27668,0.628004
27669,0.857733
27670,0.754907
27671,0.61115
27672,0.558849
27673,0.62659
27674,0.557375
27675,0.758563
27676,0.902518
27677,0.648057
27678,0.55949
27679,0.728765
27680,0.708365
27681,0.954381
27682,0.819075
27683,0.954829
27684,0.680145
27685,0.611644
27686,0.682029
27687,0.704928
27688,0.762267
27689,0.554799
27690,0.813818
27691,0.899042
27692,0.226962
27693,0.426892
27694,0.78998
27695,0.795982
27696,0.835159
27697,0.794264
27698,0.747835
27699,0.675975
27700,0.752232
27701,0.92968
27702,0.705218
27703,0.662663
27704,0.824584
27705,0.068508
27706,0.898963
27707,0.61018
27708,0.883007
27709,0.936699
27710,0.903424
27711,0.624271
27712,0.818328
27713,0.525983
27714,0.437615
27715,0.956889
27716,0.878176
27717,0.697628
27718,0.52411
27719,0.795198
27720,0.960688
27721,0.95946
27722,0.787964
27723,0.522442
27724,0.893909
27725,0.73861
27726,0.589288
27727,0.542207
27728,0.7967
27729,0.862399
27730,0.607072
27731,0.564611
27732,0.608166
27733,0.562525
27734,0.786537
27735,0.849597
27736,0.828381
27737,0.95093
27738,0.771046
27739,0.699385
27740,0.825859
27741,0.865867
27742,0.544095
27743,0.820967
27744,0.659074
27745,0.86191
27746,0.50487
27747,0.725368
27748,0.806076
27749,0.609646
27750,0.962497
27751,0.793399
27752,0.714489
27753,0.550431
27754,0.809434
27755,0.461287
27756,0.804959
27757,0.796555
27758,0.886158
27759,0.714728
27760,0.915606
27761,0.608665
27762,0.787509
27763,0.705094
27764,0.620262
27765,0.691193
27766,0.706302
27767,0.675358
27768,0.685003
27769,0.801664
27770,0.796805
27771,0.758625
27772,0.662886
27773,0.890313
27774,0.561215
27775,0.795065
27776,0.922148
27777,0.888136
27778,0.745275
27779,0.848583
27780,0.781977
27781,0.730615
27782,0.788234
27783,0.533938
27784,0.895212
27785,0.602499
27786,0.93965
27787,0.954975
27788,0.944905
27789,0.643726
27790,0.707804
27791,0.932777
27792,0.428031
27793,0.897812
27794,0.802212
27795,0.829486
27796,0.750506
27797,0.83671
27798,0.888502
27799,0.922684
27800,0.585128
27801,0.958307
27802,0.81932
27803,0.47678
27804,0.904382
27805,0.812464
27806,0.864367
27807,0.717309
27808,0.623606
27809,0.546107
27810,0.642642
27811,0.786105
27812,0.860344
27813,0.684464
27814,0.795086
27815,0.948162
27816,0.500953
27817,0.39084
27818,0.73477
27819,0.71808
27820,0.917107
27821,0.648646
27822,0.567395
27823,0.908417
27824,0.755113
27825,0.913495
27826,0.72052
27827,0.547425
27828,0.850857
27829,0.691101
27830,0.858298
27831,0.909685
27832,0.767454
27833,0.528187
27834,0.717539
27835,0.943783
27836,0.503583
27837,0.528754
27838,0.763936
27839,0.537716
27840,0.532231
27841,0.645888
27842,0.691473
27843,0.898698
27844,0.953253
27845,0.903221
27846,0.54383
27847,0.496952
27848,0.846973
27849,0.908501
27850,0.912104
27851,0.909608
27852,0.702227
27853,0.62498
27854,0.774195
27855,0.918849
27856,0.732429
27857,0.959645
27858,0.651349
27859,0.085028
27860,0.194561
27861,0.616698
27862,0.886781
27863,0.652404
27864,0.938165
27865,0.729253
27866,0.955132
27867,0.73192
27868,0.720957
27869,0.761734
27870,0.656199
27871,0.762223
27872,0.944442
27873,0.794857
27874,0.760437
27875,0.952322
27876,0.707527
27877,0.532844
27878,0.930304
27879,0.681843
27880,0.465409
27881,0.535739
27882,0.893327
27883,0.958964
27884,0.956068
27885,0.758146
27886,0.551655
27887,0.824089
27888,0.6202
27889,0.804386
27890,0.093846
27891,0.661051
27892,0.642199
27893,0.822725
27894,0.557213
27895,0.794366
27896,0.677739
27897,0.839922
27898,0.831064
27899,0.922509
27900,0.465198
27901,0.930264
27902,0.242793
27903,0.293404
27904,0.956382
27905,0.947766
27906,0.716893
27907,0.916216
27908,0.0511
27909,0.728151
27910,0.672064
27911,0.732419
27912,0.669488
27913,0.570715
27914,0.898788
27915,0.53682
27916,0.92986
27917,0.108228
27918,0.779238
27919,0.397313
27920,0.561353
27921,0.71171
27922,0.908104
27923,0.678317
27924,0.893182
27925,0.913267
27926,0.664535
27927,0.857432
27928,0.611396
27929,0.811753
27930,0.848481
27931,0.585128
27932,0.914104
27933,0.796535
27934,0.669145
27935,0.814451
27936,0.617818
27937,0.916784
27938,0.81541
27939,0.943334
27940,0.579568
27941,0.585233
27942,0.826632
27943,0.838046
27944,0.948079
27945,0.755139
27946,0.682569
27947,0.789432
27948,0.451634
27949,0.67264
27950,0.635298
27951,0.54708
27952,0.829352
27953,0.768722
27954,0.822098
27955,0.414205
27956,0.871399
27957,0.761981
27958,0.752825
27959,0.543207
27960,0.51118
27961,0.721145
27962,0.721576
27963,0.732024
27964,0.857956
27965,0.626118
27966,0.692593
27967,0.945713
27968,0.847244
27969,0.488017
27970,0.963083
27971,0.807221
27972,0.838312
27973,0.663813
27974,0.575317
27975,0.868964
27976,0.863011
27977,0.633993
27978,0.733534
27979,0.522007
27980,0.763212
27981,0.723268
27982,0.607816
27983,0.174763
27984,0.831511
27985,0.858447
27986,0.927923
27987,0.645129
27988,0.456108
27989,0.807978
27990,0.926978
27991,0.958565
27992,0.64742
27993,0.951598
27994,0.383877
27995,0.529882
27996,0.725531
27997,0.822492
27998,0.95653
27999,0.710337
28000,0.887427
28001,0.5628
28002,0.893549
28003,0.942456
28004,0.681928
28005,0.629742
28006,0.675652
28007,0.297126
28008,0.92794
28009,0.801929
28010,0.641837
28011,0.700854
28012,0.925393
28013,0.80203
28014,0.956154
28015,0.781302
28016,0.544497
28017,0.472135
28018,0.895517
28019,0.830132
28020,0.775647
28021,0.080441
28022,0.965331
28023,0.576475
28024,0.819154
28025,0.70574
28026,0.869988
28027,0.890116
28028,0.877451
28029,0.713352
28030,0.555229
28031,0.911819
28032,0.959037
28033,0.917308
28034,0.620165
28035,0.923534
28036,0.730851
28037,0.784003
28038,0.877475
28039,0.817701
28040,0.550341
28041,0.55841
28042,0.543926
28043,0.793336
28044,0.570267
28045,0.916796
28046,0.955662
28047,0.915523
28048,0.875026
28049,0.759384
28050,0.500376
28051,0.795636
28052,0.852187
28053,0.614713
28054,0.545242
28055,0.764863
28056,0.929159
28057,0.825018
28058,0.099375
28059,0.640062
28060,0.655654
28061,0.887535
28062,0.06661
28063,0.068805
28064,0.226322
28065,0.697548
28066,0.933392
28067,0.720131
28068,0.956272
28069,0.759193
28070,0.836997
28071,0.88707
28072,0.484649
28073,0.513206
28074,0.459517
28075,0.804667
28076,0.629219
28077,0.808348
28078,0.339802
28079,0.672482
28080,0.743778
28081,0.674241
28082,0.922098
28083,0.812108
28084,0.639815
28085,0.627162
28086,0.384642
28087,0.872662
28088,0.32802
28089,0.511947
28090,0.794697
28091,0.699187
28092,0.958012
28093,0.900946
28094,0.626956
28095,0.720511
28096,0.900099
28097,0.856844
28098,0.948221
28099,0.86623
28100,0.88111
28101,0.802625
28102,0.630555
28103,0.699713
28104,0.067304
28105,0.194897
28106,0.695082
28107,0.686057
28108,0.923928
28109,0.946111
28110,0.049727
28111,0.933077
28112,0.932739
28113,0.903972
28114,0.83329
28115,0.709528
28116,0.757036
28117,0.788477
28118,0.577452
28119,0.619081
28120,0.64146
28121,0.678919
28122,0.613419
28123,0.918934
28124,0.577818
28125,0.873755
28126,0.569497
28127,0.875898
28128,0.603759
28129,0.914589
28130,0.731101
28131,0.615567
28132,0.89572
28133,0.444004
28134,0.870556
28135,0.511097
28136,0.882601
28137,0.794564
28138,0.761907
28139,0.728861
28140,0.561751
28141,0.827123
28142,0.739234
28143,0.882354
28144,0.783476
28145,0.687774
28146,0.924682
28147,0.627181
28148,0.882163
28149,0.890321
28150,0.964255
28151,0.907475
28152,0.698006
28153,0.733649
28154,0.758
28155,0.810963
28156,0.830692
28157,0.951629
28158,0.839714
28159,0.870249
28160,0.092184
28161,0.82688
28162,0.888665
28163,0.788119
28164,0.824245
28165,0.519823
28166,0.957125
28167,0.929453
28168,0.490703
28169,0.839755
28170,0.931106
28171,0.829592
28172,0.801259
28173,0.639497
28174,0.730865
28175,0.952687
28176,0.764824
28177,0.74956
28178,0.905378
28179,0.699347
28180,0.872562
28181,0.634202
28182,0.863373
28183,0.875121
28184,0.556945
28185,0.722753
28186,0.69785
28187,0.77393
28188,0.472705
28189,0.554354
28190,0.802059
28191,0.702412
28192,0.637525
28193,0.717528
28194,0.790718
28195,0.737015
28196,0.659839
28197,0.904589
28198,0.763272
28199,0.374057
28200,0.831639
28201,0.641453
28202,0.944693
28203,0.537247
28204,0.676547
28205,0.952512
28206,0.855406
28207,0.933273
28208,0.736201
28209,0.728553
28210,0.753455
28211,0.670488
28212,0.883276
28213,0.617701
28214,0.732956
28215,0.818825
28216,0.53003
28217,0.691113
28218,0.925379
28219,0.668886
28220,0.914355
28221,0.517573
28222,0.482333
28223,0.707748
28224,0.878367
28225,0.634373
28226,0.650431
28227,0.921867
28228,0.440214
28229,0.81242
28230,0.070862
28231,0.450721
28232,0.680596
28233,0.873977
28234,0.787846
28235,0.715127
28236,0.958084
28237,0.772604
28238,0.69169
28239,0.389555
28240,0.700595
28241,0.95373
28242,0.685444
28243,0.879447
28244,0.731173
28245,0.473584
28246,0.779497
28247,0.744614
28248,0.815619
28249,0.941467
28250,0.788777
28251,0.892707
28252,0.793341
28253,0.84895
28254,0.367712
28255,0.893998
28256,0.779805
28257,0.78703
28258,0.865172
28259,0.697524
28260,0.551894
28261,0.705526
28262,0.325432
28263,0.887711
28264,0.558404
28265,0.879466
28266,0.934388
28267,0.602603
28268,0.878661
28269,0.950483
28270,0.560384
28271,0.846035
28272,0.79146
28273,0.882392
28274,0.719854
28275,0.779911
28276,0.912841
28277,0.881454
28278,0.873006
28279,0.710738
28280,0.786025
28281,0.842204
28282,0.766114
28283,0.881929
28284,0.923117
28285,0.906275
28286,0.800224
28287,0.779671
28288,0.816617
28289,0.709453
28290,0.900998
28291,0.915289
28292,0.961223
28293,0.831493
28294,0.963509
28295,0.589339
28296,0.20871
28297,0.703641
28298,0.751485
28299,0.829564
28300,0.852621
28301,0.591523
28302,0.866357
28303,0.711389
28304,0.10024
28305,0.137938
28306,0.594902
28307,0.694501
28308,0.869179
28309,0.720473
28310,0.821646
28311,0.851849
28312,0.558288
28313,0.836945
28314,0.814906
28315,0.611232
28316,0.789135
28317,0.564739
28318,0.706431
28319,0.885121
28320,0.642984
28321,0.778553
28322,0.774866
28323,0.689777
28324,0.942809
28325,0.866893
28326,0.087693
28327,0.186416
28328,0.109843
28329,0.353703
28330,0.141426
28331,0.850114
28332,0.737035
28333,0.640442
28334,0.668693
28335,0.75717
28336,0.90147
28337,0.704821
28338,0.46491
28339,0.721654
28340,0.693826
28341,0.572587
28342,0.72851
28343,0.50961
28344,0.417794
28345,0.64786
28346,0.917639
28347,0.662394
28348,0.556963
28349,0.701147
28350,0.402425
28351,0.563784
28352,0.483808
28353,0.505676
28354,0.698254
28355,0.277794
28356,0.680329
28357,0.906812
28358,0.953299
28359,0.952728
28360,0.674671
28361,0.750252
28362,0.622023
28363,0.588031
28364,0.718736
28365,0.780093
28366,0.770689
28367,0.945384
28368,0.538885
28369,0.416084
28370,0.785224
28371,0.826238
28372,0.932032
28373,0.887066
28374,0.681603
28375,0.924626
28376,0.727359
28377,0.712041
28378,0.862489
28379,0.565889
28380,0.683639
28381,0.698321
28382,0.798988
28383,0.836759
28384,0.798362
28385,0.936283
28386,0.906514
28387,0.534723
28388,0.798913
28389,0.620464
28390,0.703298
28391,0.757618
28392,0.94558
28393,0.838798
28394,0.871469
28395,0.466298
28396,0.728052
28397,0.811571
28398,0.806668
28399,0.746496
28400,0.726312
28401,0.959708
28402,0.32672
28403,0.815853
28404,0.755432
28405,0.957089
28406,0.962314
28407,0.832642
28408,0.651123
28409,0.89591
28410,0.45917
28411,0.871142
28412,0.943151
28413,0.577667
28414,0.498891
28415,0.86687
28416,0.720021
28417,0.369139
28418,0.855744
28419,0.482276
28420,0.534908
28421,0.8787
28422,0.728228
28423,0.549909
28424,0.739569
28425,0.674342
28426,0.751268
28427,0.719975
28428,0.955192
28429,0.750903
28430,0.838839
28431,0.951074
28432,0.479292
28433,0.946875
28434,0.853438
28435,0.729832
28436,0.835233
28437,0.941515
28438,0.808028
28439,0.469182
28440,0.661937
28441,0.957453
28442,0.61231
28443,0.903762
28444,0.924635
28445,0.780696
28446,0.924405
28447,0.776312
28448,0.858016
28449,0.92677
28450,0.649161
28451,0.747312
28452,0.649882
28453,0.837476
28454,0.942605
28455,0.898261
28456,0.598363
28457,0.819501
28458,0.561134
28459,0.751001
28460,0.882722
28461,0.940963
28462,0.872212
28463,0.384432
28464,0.783976
28465,0.75422
28466,0.456373
28467,0.571895
28468,0.774625
28469,0.620886
28470,0.876247
28471,0.749556
28472,0.944844
28473,0.735696
28474,0.901629
28475,0.487095
28476,0.648571
28477,0.450693
28478,0.511682
28479,0.744355
28480,0.76263
28481,0.592254
28482,0.638
28483,0.698494
28484,0.863769
28485,0.871506
28486,0.957344
28487,0.378707
28488,0.909072
28489,0.585627
28490,0.860697
28491,0.840206
28492,0.703053
28493,0.922552
28494,0.842606
28495,0.598431
28496,0.695091
28497,0.874642
28498,0.604532
28499,0.691596
28500,0.911942
28501,0.930474
28502,0.85156
28503,0.896974
28504,0.710684
28505,0.755437
28506,0.907269
28507,0.658842
28508,0.715757
28509,0.67649
28510,0.454645
28511,0.959382
28512,0.585726
28513,0.53946
28514,0.554684
28515,0.549999
28516,0.411136
28517,0.729652
28518,0.737023
28519,0.295008
28520,0.581074
28521,0.113224
28522,0.822811
28523,0.744771
28524,0.836694
28525,0.73557
28526,0.689663
28527,0.941519
28528,0.672015
28529,0.716134
28530,0.812639
28531,0.753581
28532,0.88865
28533,0.91443
28534,0.751651
28535,0.644939
28536,0.610669
28537,0.669595
28538,0.864671
28539,0.763145
28540,0.957719
28541,0.92492
28542,0.763272
28543,0.504491
28544,0.802842
28545,0.911894
28546,0.747688
28547,0.66201
28548,0.499375
28549,0.934989
28550,0.762279
28551,0.47759
28552,0.733533
28553,0.703823
28554,0.698158
28555,0.833226
28556,0.559131
28557,0.90939
28558,0.556825
28559,0.525616
28560,0.790075
28561,0.963241
28562,0.914008
28563,0.459119
28564,0.748167
28565,0.905875
28566,0.857346
28567,0.799001
28568,0.658753
28569,0.766924
28570,0.783547
28571,0.934373
28572,0.9088
28573,0.735802
28574,0.753122
28575,0.8157
28576,0.806972
28577,0.84984
28578,0.765164
28579,0.939834
28580,0.882055
28581,0.646352
28582,0.727691
28583,0.553265
28584,0.088693
28585,0.646416
28586,0.886896
28587,0.743864
28588,0.879671
28589,0.909433
28590,0.727661
28591,0.568074
28592,0.191661
28593,0.692932
28594,0.653747
28595,0.79596
28596,0.894618
28597,0.953382
28598,0.924299
28599,0.884214
28600,0.805101
28601,0.834155
28602,0.690656
28603,0.087678
28604,0.867839
28605,0.843351
28606,0.90967
28607,0.861919
28608,0.779949
28609,0.929907
28610,0.784805
28611,0.836893
28612,0.923133
28613,0.715086
28614,0.903257
28615,0.770374
28616,0.917636
28617,0.877281
28618,0.693886
28619,0.724693
28620,0.257925
28621,0.684672
28622,0.653484
28623,0.441517
28624,0.748483
28625,0.781367
28626,0.099133
28627,0.885439
28628,0.661952
28629,0.955996
28630,0.490051
28631,0.956856
28632,0.705711
28633,0.754386
28634,0.929138
28635,0.829723
28636,0.95213
28637,0.532213
28638,0.533089
28639,0.681547
28640,0.919432
28641,0.755565
28642,0.703729
28643,0.838485
28644,0.069881
28645,0.911431
28646,0.563688
28647,0.806716
28648,0.851499
28649,0.072609
28650,0.859693
28651,0.73246
28652,0.704897
28653,0.592924
28654,0.565291
28655,0.920222
28656,0.790372
28657,0.668741
28658,0.677572
28659,0.92401
28660,0.488565
28661,0.409534
28662,0.650981
28663,0.797494
28664,0.679497
28665,0.882523
28666,0.688843
28667,0.744104
28668,0.542794
28669,0.778009
28670,0.579943
28671,0.878169
28672,0.891081
28673,0.757715
28674,0.961465
28675,0.594248
28676,0.941745
28677,0.865323
28678,0.86744
28679,0.939689
28680,0.577692
28681,0.822727
28682,0.621072
28683,0.738692
28684,0.769714
28685,0.869917
28686,0.738403
28687,0.95031
28688,0.616182
28689,0.886659
28690,0.904396
28691,0.818803
28692,0.912929
28693,0.556042
28694,0.700608
28695,0.503376
28696,0.654997
28697,0.844653
28698,0.098009
28699,0.694618
28700,0.625133
28701,0.783361
28702,0.826912
28703,0.437833
28704,0.345748
28705,0.880419
28706,0.951872
28707,0.925556
28708,0.853514
28709,0.640401
28710,0.4721
28711,0.666621
28712,0.914314
28713,0.853529
28714,0.852775
28715,0.92087
28716,0.554054
28717,0.730532
28718,0.919221
28719,0.722014
28720,0.659182
28721,0.532473
28722,0.560802
28723,0.651204
28724,0.847705
28725,0.946016
28726,0.231192
28727,0.756324
28728,0.694987
28729,0.74368
28730,0.915199
28731,0.538115
28732,0.837627
28733,0.895579
28734,0.55468
28735,0.656813
28736,0.955653
28737,0.836582
28738,0.720946
28739,0.805826
28740,0.669509
28741,0.865411
28742,0.863659
28743,0.467085
28744,0.779834
28745,0.892164
28746,0.895174
28747,0.739338
28748,0.462198
28749,0.891294
28750,0.718742
28751,0.799759
28752,0.917559
28753,0.750089
28754,0.788929
28755,0.7363
28756,0.68485
28757,0.811561
28758,0.905502
28759,0.752404
28760,0.801379
28761,0.600448
28762,0.310162
28763,0.640916
28764,0.841128
28765,0.395643
28766,0.513045
28767,0.862882
28768,0.651327
28769,0.587479
28770,0.625586
28771,0.893294
28772,0.589448
28773,0.513143
28774,0.963083
28775,0.477316
28776,0.863602
28777,0.553524
28778,0.790606
28779,0.692737
28780,0.802716
28781,0.830853
28782,0.739273
28783,0.788923
28784,0.712077
28785,0.761001
28786,0.873667
28787,0.739466
28788,0.610641
28789,0.670838
28790,0.726409
28791,0.60403
28792,0.858987
28793,0.607687
28794,0.540272
28795,0.686147
28796,0.588189
28797,0.72627
28798,0.567095
28799,0.879419
28800,0.426743
28801,0.917636
28802,0.065178
28803,0.885261
28804,0.878717
28805,0.607701
28806,0.798054
28807,0.600352
28808,0.950389
28809,0.812995
28810,0.89145
28811,0.912972
28812,0.495518
28813,0.452007
28814,0.747685
28815,0.656684
28816,0.903355
28817,0.622698
28818,0.647023
28819,0.93682
28820,0.073741
28821,0.409387
28822,0.615302
28823,0.74284
28824,0.547226
28825,0.891607
28826,0.731915
28827,0.951191
28828,0.676728
28829,0.798051
28830,0.540342
28831,0.951836
28832,0.538221
28833,0.934718
28834,0.740864
28835,0.864648
28836,0.870938
28837,0.744193
28838,0.456762
28839,0.847791
28840,0.922509
28841,0.900262
28842,0.554796
28843,0.793413
28844,0.599878
28845,0.045826
28846,0.679748
28847,0.920702
28848,0.50378
28849,0.811452
28850,0.956387
28851,0.717858
28852,0.66986
28853,0.597461
28854,0.699932
28855,0.920311
28856,0.487123
28857,0.729501
28858,0.825931
28859,0.298168
28860,0.349966
28861,0.802941
28862,0.593612
28863,0.866216
28864,0.945639
28865,0.746603
28866,0.446627
28867,0.531548
28868,0.795552
28869,0.618024
28870,0.95076
28871,0.911032
28872,0.726817
28873,0.59074
28874,0.666974
28875,0.813148
28876,0.908589
28877,0.693015
28878,0.856703
28879,0.453605
28880,0.87074
28881,0.588816
28882,0.717333
28883,0.540194
28884,0.771178
28885,0.920444
28886,0.962656
28887,0.610925
28888,0.074106
28889,0.691174
28890,0.7846
28891,0.692845
28892,0.932204
28893,0.784581
28894,0.577266
28895,0.720502
28896,0.862193
28897,0.763018
28898,0.901223
28899,0.4559
28900,0.902385
28901,0.743096
28902,0.836703
28903,0.86909
28904,0.905447
28905,0.606034
28906,0.681112
28907,0.551719
28908,0.59264
28909,0.786217
28910,0.958178
28911,0.697201
28912,0.649875
28913,0.76792
28914,0.58194
28915,0.905284
28916,0.784125
28917,0.789211
28918,0.90027
28919,0.661196
28920,0.750034
28921,0.752276
28922,0.411638
28923,0.315704
28924,0.658624
28925,0.760913
28926,0.73259
28927,0.924908
28928,0.682236
28929,0.913687
28930,0.566445
28931,0.902792
28932,0.521613
28933,0.823621
28934,0.843864
28935,0.812534
28936,0.893897
28937,0.625086
28938,0.80365
28939,0.773915
28940,0.817034
28941,0.611632
28942,0.885353
28943,0.159398
28944,0.87855
28945,0.726256
28946,0.631676
28947,0.09113
28948,0.946624
28949,0.703636
28950,0.960471
28951,0.758211
28952,0.788392
28953,0.853635
28954,0.820473
28955,0.731845
28956,0.944942
28957,0.65084
28958,0.929884
28959,0.823596
28960,0.770263
28961,0.719697
28962,0.690039
28963,0.574787
28964,0.513043
28965,0.546209
28966,0.637815
28967,0.859452
28968,0.717708
28969,0.705818
28970,0.668519
28971,0.848898
28972,0.959383
28973,0.901307
28974,0.76456
28975,0.678193
28976,0.506909
28977,0.955897
28978,0.620677
28979,0.763401
28980,0.820514
28981,0.925399
28982,0.820111
28983,0.955184
28984,0.567259
28985,0.933082
28986,0.867119
28987,0.823542
28988,0.721301
28989,0.425948
28990,0.720239
28991,0.694399
28992,0.720368
28993,0.498149
28994,0.746946
28995,0.075347
28996,0.958271
28997,0.341457
28998,0.935446
28999,0.895904
29000,0.857359
29001,0.655894
29002,0.949013
29003,0.857745
29004,0.87515
29005,0.468789
29006,0.760879
29007,0.62794
29008,0.696614
29009,0.921375
29010,0.689432
29011,0.86068
29012,0.682759
29013,0.702486
29014,0.915662
29015,0.776639
29016,0.766128
29017,0.306968
29018,0.616566
29019,0.796963
29020,0.505464
29021,0.915874
29022,0.863966
29023,0.954931
29024,0.478437
29025,0.953836
29026,0.903682
29027,0.429543
29028,0.782334
29029,0.805204
29030,0.796997
29031,0.847033
29032,0.70964
29033,0.703393
29034,0.492584
29035,0.960734
29036,0.750739
29037,0.93308
29038,0.63717
29039,0.820541
29040,0.066834
29041,0.89463
29042,0.482053
29043,0.931492
29044,0.903728
29045,0.322852
29046,0.639205
29047,0.653954
29048,0.601931
29049,0.927071
29050,0.287984
29051,0.54865
29052,0.605074
29053,0.926635
29054,0.575609
29055,0.772195
29056,0.729193
29057,0.708598
29058,0.53327
29059,0.764191
29060,0.780959
29061,0.809771
29062,0.95116
29063,0.477325
29064,0.662803
29065,0.7653
29066,0.738988
29067,0.86916
29068,0.531828
29069,0.953229
29070,0.619502
29071,0.834641
29072,0.663703
29073,0.864573
29074,0.664744
29075,0.858722
29076,0.9008
29077,0.830962
29078,0.64602
29079,0.854444
29080,0.879674
29081,0.773592
29082,0.776887
29083,0.691506
29084,0.727467
29085,0.699963
29086,0.891938
29087,0.130061
29088,0.71344
29089,0.508241
29090,0.929687
29091,0.848944
29092,0.675469
29093,0.568541
29094,0.957514
29095,0.950751
29096,0.560818
29097,0.668059
29098,0.835022
29099,0.935528
29100,0.791845
29101,0.920292
29102,0.834395
29103,0.907895
29104,0.874362
29105,0.64292
29106,0.760986
29107,0.70088
29108,0.697336
29109,0.761854
29110,0.564886
29111,0.845907
29112,0.548977
29113,0.803214
29114,0.922097
29115,0.954006
29116,0.777104
29117,0.765205
29118,0.690774
29119,0.608859
29120,0.91209
29121,0.665703
29122,0.602016
29123,0.848124
29124,0.93026
29125,0.468683
29126,0.953406
29127,0.688472
29128,0.922372
29129,0.476053
29130,0.916066
29131,0.918372
29132,0.531556
29133,0.923817
29134,0.741773
29135,0.66897
29136,0.565664
29137,0.547219
29138,0.810258
29139,0.683776
29140,0.691802
29141,0.882006
29142,0.906223
29143,0.921239
29144,0.627623
29145,0.847729
29146,0.764596
29147,0.955081
29148,0.538581
29149,0.836944
29150,0.89121
29151,0.875971
29152,0.933328
29153,0.848161
29154,0.766886
29155,0.331215
29156,0.795052
29157,0.801917
29158,0.959911
29159,0.748441
29160,0.921386
29161,0.873813
29162,0.956367
29163,0.646757
29164,0.121526
29165,0.728952
29166,0.877249
29167,0.569683
29168,0.655531
29169,0.684685
29170,0.737158
29171,0.939269
29172,0.699639
29173,0.516687
29174,0.425828
29175,0.584912
29176,0.857627
29177,0.745404
29178,0.881073
29179,0.740306
29180,0.728347
29181,0.855834
29182,0.931653
29183,0.947609
29184,0.254949
29185,0.874545
29186,0.584623
29187,0.861636
29188,0.30786
29189,0.732301
29190,0.90699
29191,0.886145
29192,0.918588
29193,0.940876
29194,0.889835
29195,0.890486
29196,0.536811
29197,0.951945
29198,0.448543
29199,0.166396
29200,0.806571
29201,0.919751
29202,0.65971
29203,0.450624
29204,0.704279
29205,0.732344
29206,0.680499
29207,0.725555
29208,0.719651
29209,0.797903
29210,0.598106
29211,0.858497
29212,0.923676
29213,0.738359
29214,0.591215
29215,0.694273
29216,0.826618
29217,0.806792
29218,0.69095
29219,0.751659
29220,0.78444
29221,0.559375
29222,0.801225
29223,0.856564
29224,0.888648
29225,0.621773
29226,0.648433
29227,0.719505
29228,0.804894
29229,0.850836
29230,0.952098
29231,0.710793
29232,0.889933
29233,0.876391
29234,0.591884
29235,0.853696
29236,0.662182
29237,0.90273
29238,0.679083
29239,0.956648
29240,0.935195
29241,0.763259
29242,0.568009
29243,0.729593
29244,0.636049
29245,0.888869
29246,0.576514
29247,0.793877
29248,0.848073
29249,0.700366
29250,0.760291
29251,0.872852
29252,0.923661
29253,0.788701
29254,0.753585
29255,0.581668
29256,0.8227
29257,0.475777
29258,0.956005
29259,0.627046
29260,0.562676
29261,0.898791
29262,0.71538
29263,0.775098
29264,0.730809
29265,0.67709
29266,0.726055
29267,0.908724
29268,0.869868
29269,0.33091
29270,0.823666
29271,0.648044
29272,0.840857
29273,0.7927
29274,0.630089
29275,0.526937
29276,0.769113
29277,0.925091
29278,0.597864
29279,0.471547
29280,0.860724
29281,0.941457
29282,0.890109
29283,0.83696
29284,0.636553
29285,0.767725
29286,0.920122
29287,0.905604
29288,0.717086
29289,0.931287
29290,0.754304
29291,0.720375
29292,0.59459
29293,0.912899
29294,0.464703
29295,0.940741
29296,0.913232
29297,0.602644
29298,0.904322
29299,0.476937
29300,0.607024
29301,0.758654
29302,0.862811
29303,0.722992
29304,0.735405
29305,0.669239
29306,0.644211
29307,0.601685
29308,0.689372
29309,0.634788
29310,0.932842
29311,0.498056
29312,0.873123
29313,0.732308
29314,0.827648
29315,0.673477
29316,0.709108
29317,0.678497
29318,0.720427
29319,0.950132
29320,0.682882
29321,0.677719
29322,0.950625
29323,0.41987
29324,0.824113
29325,0.503424
29326,0.656946
29327,0.480148
29328,0.684251
29329,0.599755
29330,0.757501
29331,0.637601
29332,0.663822
29333,0.705894
29334,0.638668
29335,0.656233
29336,0.90687
29337,0.169414
29338,0.735467
29339,0.875083
29340,0.761807
29341,0.888944
29342,0.665576
29343,0.273138
29344,0.900945
29345,0.751354
29346,0.871579
29347,0.754316
29348,0.913637
29349,0.954386
29350,0.71151
29351,0.922913
29352,0.7102
29353,0.697005
29354,0.850016
29355,0.905991
29356,0.707646
29357,0.670898
29358,0.158983
29359,0.424605
29360,0.896851
29361,0.501477
29362,0.806691
29363,0.89394
29364,0.828536
29365,0.446936
29366,0.587627
29367,0.964864
29368,0.560368
29369,0.716512
29370,0.694674
29371,0.814117
29372,0.858538
29373,0.852374
29374,0.884183
29375,0.811537
29376,0.64357
29377,0.842673
29378,0.837682
29379,0.751294
29380,0.955779
29381,0.860889
29382,0.935894
29383,0.83879
29384,0.926955
29385,0.761938
29386,0.595839
29387,0.153404
29388,0.792004
29389,0.833737
29390,0.741214
29391,0.592905
29392,0.567238
29393,0.952614
29394,0.934597
29395,0.954813
29396,0.805047
29397,0.868178
29398,0.496874
29399,0.814994
29400,0.055645
29401,0.853169
29402,0.861651
29403,0.699587
29404,0.476734
29405,0.455321
29406,0.820631
29407,0.844749
29408,0.629722
29409,0.311035
29410,0.78425
29411,0.602503
29412,0.322698
29413,0.578529
29414,0.799266
29415,0.69139
29416,0.958499
29417,0.870367
29418,0.935908
29419,0.72982
29420,0.603843
29421,0.582234
29422,0.936617
29423,0.869441
29424,0.601904
29425,0.705082
29426,0.733687
29427,0.633147
29428,0.893778
29429,0.509473
29430,0.948627
29431,0.820329
29432,0.064393
29433,0.731711
29434,0.518498
29435,0.768466
29436,0.665418
29437,0.656707
29438,0.734763
29439,0.848736
29440,0.930224
29441,0.602105
29442,0.685074
29443,0.583185
29444,0.631009
29445,0.632166
29446,0.520213
29447,0.812283
29448,0.737312
29449,0.928346
29450,0.654343
29451,0.788694
29452,0.629071
29453,0.55953
29454,0.861329
29455,0.656555
29456,0.739784
29457,0.683466
29458,0.59965
29459,0.819663
29460,0.642852
29461,0.691167
29462,0.928079
29463,0.243029
29464,0.707939
29465,0.470217
29466,0.932012
29467,0.772391
29468,0.462303
29469,0.572725
29470,0.851675
29471,0.790113
29472,0.788441
29473,0.568293
29474,0.867336
29475,0.691398
29476,0.714847
29477,0.964682
29478,0.062185
29479,0.667663
29480,0.669189
29481,0.599526
29482,0.651592
29483,0.71667
29484,0.803066
29485,0.950814
29486,0.753512
29487,0.769277
29488,0.928972
29489,0.631821
29490,0.760557
29491,0.911755
29492,0.864022
29493,0.917116
29494,0.87242
29495,0.906623
29496,0.74829
29497,0.812681
29498,0.588113
29499,0.950088
29500,0.369564
29501,0.90064
29502,0.883935
29503,0.72431
29504,0.704997
29505,0.692375
29506,0.787565
29507,0.890378
29508,0.850197
29509,0.910063
29510,0.856596
29511,0.876059
29512,0.716469
29513,0.850213
29514,0.76756
29515,0.683867
29516,0.514948
29517,0.805761
29518,0.466679
29519,0.70723
29520,0.951083
29521,0.575296
29522,0.700924
29523,0.7473
29524,0.693553
29525,0.635128
29526,0.611682
29527,0.581729
29528,0.790338
29529,0.500083
29530,0.935952
29531,0.703982
29532,0.72311
29533,0.779527
29534,0.949117
29535,0.745702
29536,0.934245
29537,0.9469
29538,0.741559
29539,0.780647
29540,0.929407
29541,0.596096
29542,0.954649
29543,0.877597
29544,0.937099
29545,0.802511
29546,0.557989
29547,0.810721
29548,0.851663
29549,0.66603
29550,0.447995
29551,0.708011
29552,0.579807
29553,0.627556
29554,0.756992
29555,0.828358
29556,0.942881
29557,0.688646
29558,0.6697
29559,0.582558
29560,0.497283
29561,0.928313
29562,0.601927
29563,0.677301
29564,0.477565
29565,0.939115
29566,0.549418
29567,0.748457
29568,0.921317
29569,0.783496
29570,0.302989
29571,0.681949
29572,0.807411
29573,0.784995
29574,0.781684
29575,0.82088
29576,0.794783
29577,0.780064
29578,0.540645
29579,0.779243
29580,0.470564
29581,0.802002
29582,0.05087
29583,0.946682
29584,0.778055
29585,0.797258
29586,0.862765
29587,0.525831
29588,0.75476
29589,0.71196
29590,0.670341
29591,0.833569
29592,0.468303
29593,0.704848
29594,0.534969
29595,0.749395
29596,0.405414
29597,0.789547
29598,0.785673
29599,0.293225
29600,0.90428
29601,0.590862
29602,0.612588
29603,0.902513
29604,0.690198
29605,0.801209
29606,0.956822
29607,0.739847
29608,0.952143
29609,0.661702
29610,0.682871
29611,0.503919
29612,0.711564
29613,0.942706
29614,0.7098
29615,0.601224
29616,0.862343
29617,0.921881
29618,0.756752
29619,0.745377
29620,0.754788
29621,0.745103
29622,0.943797
29623,0.958297
29624,0.781579
29625,0.829544
29626,0.6065
29627,0.782691
29628,0.53095
29629,0.638512
29630,0.876994
29631,0.751423
29632,0.959407
29633,0.700702
29634,0.382396
29635,0.742037
29636,0.781144
29637,0.565727
29638,0.677669
29639,0.872015
29640,0.618127
29641,0.850891
29642,0.828159
29643,0.949766
29644,0.507016
29645,0.786819
29646,0.957587
29647,0.780032
29648,0.633921
29649,0.598668
29650,0.710892
29651,0.406577
29652,0.670024
29653,0.955951
29654,0.653613
29655,0.955883
29656,0.112494
29657,0.707587
29658,0.460047
29659,0.942229
29660,0.497071
29661,0.732323
29662,0.511733
29663,0.63754
29664,0.881291
29665,0.93912
29666,0.749933
29667,0.758738
29668,0.959589
29669,0.939565
29670,0.65068
29671,0.709143
29672,0.585331
29673,0.701512
29674,0.897709
29675,0.832495
29676,0.583709
29677,0.842943
29678,0.609375
29679,0.874334
29680,0.836989
29681,0.733201
29682,0.811015
29683,0.896645
29684,0.589776
29685,0.768679
29686,0.338357
29687,0.931178
29688,0.609038
29689,0.897851
29690,0.370203
29691,0.546745
29692,0.760387
29693,0.918602
29694,0.826852
29695,0.194387
29696,0.954372
29697,0.919935
29698,0.670085
29699,0.942263
29700,0.952067
29701,0.711785
29702,0.817332
29703,0.656977
29704,0.646379
29705,0.895098
29706,0.935049
29707,0.827278
29708,0.243878
29709,0.732199
29710,0.6463
29711,0.733743
29712,0.783838
29713,0.577454
29714,0.457442
29715,0.584155
29716,0.689666
29717,0.627892
29718,0.89686
29719,0.884965
29720,0.855315
29721,0.715519
29722,0.851835
29723,0.817895
29724,0.867289
29725,0.85765
29726,0.898209
29727,0.932399
29728,0.252035
29729,0.667383
29730,0.830417
29731,0.706736
29732,0.318643
29733,0.793839
29734,0.859654
29735,0.061263
29736,0.516697
29737,0.572812
29738,0.738521
29739,0.436583
29740,0.565053
29741,0.736343
29742,0.788862
29743,0.961573
29744,0.844504
29745,0.597115
29746,0.741644
29747,0.908437
29748,0.681158
29749,0.633725
29750,0.854629
29751,0.879644
29752,0.868287
29753,0.958664
29754,0.692522
29755,0.83774
29756,0.656159
29757,0.494019
29758,0.771636
29759,0.765181
29760,0.399166
29761,0.791927
29762,0.767278
29763,0.509436
29764,0.698661
29765,0.77559
29766,0.737689
29767,0.95533
29768,0.617472
29769,0.920316
29770,0.656873
29771,0.96168
29772,0.897316
29773,0.663166
29774,0.713251
29775,0.346985
29776,0.659108
29777,0.938634
29778,0.831557
29779,0.421351
29780,0.54857
29781,0.125056
29782,0.695138
29783,0.705596
29784,0.834173
29785,0.801099
29786,0.915117
29787,0.502443
29788,0.594511
29789,0.412192
29790,0.492825
29791,0.411111
29792,0.585361
29793,0.560346
29794,0.746805
29795,0.638708
29796,0.84187
29797,0.818362
29798,0.472446
29799,0.799334
29800,0.531743
29801,0.857668
29802,0.756871
29803,0.704232
29804,0.817707
29805,0.874765
29806,0.829137
29807,0.957304
29808,0.734278
29809,0.952546
29810,0.675954
29811,0.675882
29812,0.959554
29813,0.949043
29814,0.961226
29815,0.651222
29816,0.642585
29817,0.880317
29818,0.771557
29819,0.8139
29820,0.762318
29821,0.586619
29822,0.682005
29823,0.757781
29824,0.891555
29825,0.5951
29826,0.490207
29827,0.965056
29828,0.884004
29829,0.716171
29830,0.933142
29831,0.806361
29832,0.447037
29833,0.759015
29834,0.957137
29835,0.746556
29836,0.720551
29837,0.508349
29838,0.829928
29839,0.786961
29840,0.70946
29841,0.531479
29842,0.855743
29843,0.399572
29844,0.725297
29845,0.53121
29846,0.696308
29847,0.557034
29848,0.915448
29849,0.590684
29850,0.624254
29851,0.713618
29852,0.853462
29853,0.554218
29854,0.538526
29855,0.637387
29856,0.594308
29857,0.747308
29858,0.670462
29859,0.85669
29860,0.63188
29861,0.78368
29862,0.953827
29863,0.708322
29864,0.624743
29865,0.947464
29866,0.646394
29867,0.715064
29868,0.72176
29869,0.591915
29870,0.949356
29871,0.857844
29872,0.551945
29873,0.889865
29874,0.908084
29875,0.895422
29876,0.73645
29877,0.837701
29878,0.900976
29879,0.677214
29880,0.413105
29881,0.676977
29882,0.665324
29883,0.810908
29884,0.877321
29885,0.698353
29886,0.788107
29887,0.829279
29888,0.610005
29889,0.805002
29890,0.849823
29891,0.623008
29892,0.67654
29893,0.609035
29894,0.73049
29895,0.826594
29896,0.549381
29897,0.913095
29898,0.658419
29899,0.8935
29900,0.707921
29901,0.615595
29902,0.584704
29903,0.669776
29904,0.899765
29905,0.898492
29906,0.144343
29907,0.717952
29908,0.952385
29909,0.81376
29910,0.872423
29911,0.389493
29912,0.508933
29913,0.677747
29914,0.372095
29915,0.694275
29916,0.957628
29917,0.5419
29918,0.708369
29919,0.63431
29920,0.797695
29921,0.728655
29922,0.424216
29923,0.400173
29924,0.689332
29925,0.956412
29926,0.86847
29927,0.639277
29928,0.736567
29929,0.47384
29930,0.862869
29931,0.510108
29932,0.834459
29933,0.250821
29934,0.581859
29935,0.556838
29936,0.960592
29937,0.723698
29938,0.576899
29939,0.932975
29940,0.694676
29941,0.455334
29942,0.586835
29943,0.789593
29944,0.713721
29945,0.74943
29946,0.094837
29947,0.387536
29948,0.698473
29949,0.81756
29950,0.590916
29951,0.732935
29952,0.632195
29953,0.923704
29954,0.885323
29955,0.933825
29956,0.860909
29957,0.236828
29958,0.854965
29959,0.563286
29960,0.792924
29961,0.646109
29962,0.747605
29963,0.6312
29964,0.767179
29965,0.518268
29966,0.803912
29967,0.726827
29968,0.722939
29969,0.532544
29970,0.817895
29971,0.645472
29972,0.89855
29973,0.897985
29974,0.881831
29975,0.726013
29976,0.853135
29977,0.577503
29978,0.723509
29979,0.630328
29980,0.691047
29981,0.586146
29982,0.866455
29983,0.762589
29984,0.639545
29985,0.622979
29986,0.393179
29987,0.666632
29988,0.669883
29989,0.357455
29990,0.659799
29991,0.718585
29992,0.659297
29993,0.858438
29994,0.308622
29995,0.637849
29996,0.683724
29997,0.965749
29998,0.702087
29999,0.896224
30000,0.522669
30001,0.558298
30002,0.706272
30003,0.903148
30004,0.710746
30005,0.905172
30006,0.700855
30007,0.886314
30008,0.950869
30009,0.94141
30010,0.890269
30011,0.582481
30012,0.599384
30013,0.676297
30014,0.739412
30015,0.605774
30016,0.931031
30017,0.410735
30018,0.787039
30019,0.950624
30020,0.568904
30021,0.554793
30022,0.556593
30023,0.734875
30024,0.600796
30025,0.942207
30026,0.838551
30027,0.763681
30028,0.708126
30029,0.8633
30030,0.762242
30031,0.611964
30032,0.939794
30033,0.087748
30034,0.889209
30035,0.767811
30036,0.96554
30037,0.599979
30038,0.569701
30039,0.75672
30040,0.868898
30041,0.966051
30042,0.725017
30043,0.562829
30044,0.818287
30045,0.758335
30046,0.730621
30047,0.577082
30048,0.66757
30049,0.952459
30050,0.668886
30051,0.743295
30052,0.646599
30053,0.573329
30054,0.886459
30055,0.95251
30056,0.688053
30057,0.699506
30058,0.772084
30059,0.936135
30060,0.677288
30061,0.483927
30062,0.686172
30063,0.616087
30064,0.697276
30065,0.638858
30066,0.937403
30067,0.844
30068,0.62858
30069,0.543763
30070,0.937707
30071,0.786783
30072,0.680254
30073,0.924242
30074,0.659682
30075,0.728994
30076,0.830476
30077,0.825426
30078,0.928675
30079,0.6783
30080,0.91881
30081,0.958672
30082,0.895866
30083,0.67598
30084,0.631095
30085,0.712847
30086,0.736072
30087,0.593018
30088,0.531258
30089,0.422871
30090,0.937752
30091,0.831074
30092,0.592434
30093,0.593596
30094,0.50578
30095,0.497434
30096,0.849629
30097,0.422229
30098,0.904144
30099,0.432977
30100,0.636971
30101,0.881262
30102,0.863899
30103,0.833964
30104,0.822275
30105,0.505016
30106,0.497722
30107,0.790519
30108,0.174694
30109,0.697451
30110,0.830848
30111,0.591355
30112,0.638977
30113,0.898677
30114,0.583489
30115,0.761011
30116,0.457312
30117,0.922446
30118,0.904071
30119,0.919915
30120,0.661907
30121,0.652477
30122,0.963794
30123,0.553795
30124,0.740532
30125,0.624189
30126,0.709813
30127,0.728641
30128,0.70906
30129,0.701628
30130,0.646059
30131,0.500432
30132,0.911739
30133,0.544983
30134,0.775264
30135,0.767684
30136,0.749648
30137,0.824041
30138,0.889446
30139,0.609371
30140,0.840689
30141,0.387513
30142,0.639026
30143,0.876612
30144,0.858051
30145,0.713505
30146,0.771402
30147,0.677214
30148,0.859348
30149,0.892849
30150,0.755201
30151,0.746492
30152,0.920195
30153,0.758221
30154,0.591607
30155,0.597762
30156,0.849029
30157,0.695471
30158,0.730475
30159,0.846934
30160,0.909376
30161,0.698907
30162,0.689334
30163,0.864865
30164,0.639659
30165,0.648752
30166,0.72048
30167,0.580377
30168,0.047425
30169,0.617256
30170,0.887805
30171,0.819133
30172,0.823614
30173,0.787209
30174,0.771538
30175,0.955509
30176,0.930411
30177,0.722837
30178,0.869938
30179,0.299773
30180,0.87292
30181,0.903967
30182,0.46655
30183,0.837008
30184,0.52796
30185,0.729407
30186,0.903391
30187,0.661118
30188,0.560396
30189,0.100995
30190,0.845188
30191,0.730141
30192,0.769647
30193,0.920606
30194,0.934257
30195,0.781867
30196,0.76196
30197,0.896803
30198,0.721409
30199,0.547924
30200,0.645657
30201,0.878165
30202,0.827284
30203,0.762589
30204,0.245505
30205,0.053765
30206,0.715852
30207,0.93701
30208,0.58628
30209,0.69372
30210,0.620304
30211,0.306252
30212,0.925123
30213,0.728052
30214,0.897527
30215,0.681851
30216,0.662576
30217,0.836412
30218,0.919571
30219,0.694104
30220,0.771742
30221,0.781916
30222,0.926268
30223,0.66611
30224,0.302984
30225,0.879002
30226,0.846234
30227,0.876298
30228,0.34499
30229,0.729192
30230,0.729614
30231,0.787631
30232,0.56241
30233,0.611111
30234,0.903466
30235,0.54396
30236,0.790883
30237,0.54207
30238,0.624608
30239,0.642903
30240,0.745498
30241,0.896951
30242,0.097029
30243,0.811408
30244,0.66061
30245,0.181985
30246,0.924006
30247,0.608552
30248,0.909525
30249,0.380316
30250,0.575099
30251,0.689625
30252,0.701398
30253,0.491687
30254,0.84151
30255,0.851162
30256,0.604944
30257,0.947978
30258,0.942795
30259,0.715838
30260,0.621153
30261,0.719575
30262,0.683266
30263,0.924886
30264,0.683429
30265,0.811898
30266,0.781663
30267,0.484916
30268,0.750538
30269,0.852508
30270,0.614184
30271,0.581819
30272,0.852875
30273,0.957671
30274,0.705608
30275,0.867671
30276,0.717359
30277,0.482517
30278,0.730157
30279,0.778991
30280,0.891789
30281,0.688211
30282,0.873002
30283,0.836916
30284,0.860848
30285,0.838313
30286,0.544165
30287,0.662073
30288,0.841577
30289,0.530994
30290,0.668162
30291,0.819508
30292,0.676521
30293,0.233505
30294,0.788326
30295,0.588261
30296,0.705552
30297,0.458243
30298,0.448354
30299,0.922569
30300,0.721428
30301,0.681409
30302,0.800002
30303,0.774909
30304,0.726823
30305,0.519067
30306,0.184685
30307,0.49316
30308,0.897902
30309,0.750068
30310,0.694495
30311,0.811835
30312,0.077422
30313,0.545727
30314,0.490041
30315,0.899053
30316,0.646905
30317,0.563117
30318,0.924513
30319,0.935546
30320,0.765129
30321,0.923269
30322,0.496085
30323,0.788091
30324,0.796019
30325,0.943439
30326,0.967164
30327,0.888144
30328,0.831572
30329,0.936883
30330,0.543369
30331,0.467865
30332,0.957347
30333,0.886611
30334,0.693407
30335,0.42248
30336,0.645178
30337,0.288406
30338,0.739525
30339,0.792451
30340,0.602618
30341,0.955307
30342,0.672576
30343,0.844892
30344,0.692346
30345,0.687609
30346,0.631831
30347,0.133589
30348,0.695106
30349,0.794815
30350,0.829113
30351,0.890385
30352,0.536734
30353,0.648285
30354,0.61957
30355,0.722378
30356,0.784401
30357,0.23197
30358,0.573187
30359,0.535861
30360,0.847904
30361,0.961084
30362,0.915844
30363,0.687401
30364,0.577453
30365,0.732034
30366,0.737686
30367,0.95391
30368,0.481342
30369,0.815171
30370,0.066797
30371,0.590445
30372,0.197391
30373,0.899262
30374,0.877211
30375,0.836896
30376,0.755409
30377,0.866572
30378,0.078024
30379,0.928931
30380,0.852272
30381,0.849104
30382,0.796354
30383,0.715802
30384,0.675533
30385,0.94786
30386,0.789438
30387,0.895395
30388,0.9581
30389,0.817487
30390,0.792554
30391,0.756016
30392,0.898997
30393,0.59112
30394,0.711864
30395,0.621793
30396,0.902528
30397,0.616891
30398,0.488102
30399,0.795436
30400,0.618356
30401,0.836449
30402,0.660142
30403,0.575421
30404,0.926748
30405,0.963369
30406,0.851554
30407,0.887271
30408,0.725036
30409,0.794813
30410,0.699508
30411,0.752364
30412,0.628587
30413,0.453579
30414,0.842443
30415,0.878417
30416,0.778435
30417,0.557569
30418,0.779926
30419,0.860346
30420,0.515041
30421,0.602327
30422,0.784912
30423,0.780685
30424,0.505102
30425,0.951459
30426,0.635763
30427,0.768125
30428,0.730385
30429,0.697299
30430,0.655702
30431,0.791988
30432,0.84244
30433,0.800555
30434,0.817963
30435,0.553418
30436,0.802792
30437,0.941961
30438,0.49353
30439,0.754541
30440,0.609336
30441,0.77949
30442,0.674573
30443,0.958218
30444,0.553929
30445,0.927404
30446,0.488843
30447,0.653968
30448,0.844342
30449,0.689098
30450,0.61761
30451,0.916424
30452,0.865754
30453,0.94036
30454,0.585946
30455,0.920816
30456,0.87879
30457,0.793527
30458,0.935733
30459,0.914462
30460,0.759771
30461,0.946783
30462,0.649121
30463,0.530556
30464,0.849792
30465,0.763064
30466,0.733757
30467,0.877913
30468,0.825585
30469,0.88643
30470,0.945598
30471,0.843663
30472,0.710111
30473,0.750179
30474,0.573408
30475,0.915127
30476,0.811162
30477,0.923178
30478,0.832005
30479,0.578706
30480,0.462595
30481,0.819332
30482,0.925005
30483,0.427852
30484,0.870039
30485,0.665145
30486,0.819971
30487,0.903884
30488,0.561335
30489,0.95343
30490,0.629409
30491,0.962906
30492,0.932306
30493,0.623872
30494,0.578202
30495,0.456237
30496,0.949428
30497,0.954953
30498,0.447025
30499,0.566295
30500,0.627736
30501,0.651226
30502,0.554028
30503,0.723668
30504,0.936354
30505,0.804368
30506,0.684529
30507,0.866157
30508,0.444168
30509,0.823567
30510,0.610428
30511,0.570463
30512,0.700128
30513,0.956972
30514,0.777654
30515,0.742581
30516,0.897273
30517,0.903919
30518,0.060604
30519,0.532831
30520,0.955742
30521,0.745831
30522,0.737982
30523,0.841047
30524,0.639818
30525,0.737884
30526,0.931652
30527,0.301907
30528,0.805716
30529,0.937672
30530,0.430566
30531,0.9021
30532,0.909586
30533,0.927711
30534,0.647562
30535,0.286895
30536,0.840184
30537,0.578229
30538,0.814045
30539,0.539345
30540,0.620233
30541,0.831519
30542,0.93315
30543,0.756331
30544,0.76063
30545,0.613956
30546,0.575479
30547,0.86456
30548,0.876545
30549,0.742687
30550,0.705645
30551,0.948336
30552,0.489116
30553,0.762572
30554,0.900613
30555,0.554169
30556,0.622655
30557,0.648996
30558,0.470887
30559,0.932539
30560,0.789416
30561,0.866978
30562,0.257866
30563,0.56746
30564,0.865451
30565,0.863669
30566,0.739394
30567,0.685228
30568,0.935268
30569,0.797218
30570,0.666837
30571,0.892626
30572,0.569704
30573,0.800016
30574,0.838451
30575,0.642036
30576,0.944049
30577,0.550609
30578,0.563625
30579,0.670323
30580,0.839942
30581,0.577392
30582,0.560026
30583,0.789671
30584,0.73299
30585,0.710456
30586,0.535635
30587,0.759755
30588,0.893814
30589,0.935801
30590,0.688782
30591,0.718338
30592,0.790115
30593,0.626898
30594,0.687228
30595,0.04904
30596,0.953438
30597,0.167128
30598,0.655459
30599,0.944951
30600,0.91813
30601,0.849541
30602,0.706447
30603,0.933129
30604,0.94631
30605,0.589251
30606,0.888236
30607,0.591929
30608,0.629483
30609,0.862321
30610,0.439754
30611,0.881059
30612,0.65844
30613,0.892174
30614,0.730501
30615,0.920666
30616,0.954148
30617,0.742347
30618,0.838714
30619,0.718529
30620,0.578512
30621,0.533653
30622,0.822205
30623,0.915465
30624,0.90756
30625,0.825859
30626,0.706145
30627,0.619449
30628,0.959388
30629,0.908557
30630,0.633785
30631,0.711958
30632,0.601803
30633,0.535596
30634,0.837076
30635,0.825939
30636,0.421403
30637,0.587037
30638,0.895702
30639,0.620875
30640,0.076239
30641,0.081702
30642,0.629739
30643,0.947567
30644,0.87385
30645,0.682731
30646,0.358386
30647,0.943959
30648,0.935998
30649,0.723182
30650,0.689676
30651,0.615119
30652,0.699927
30653,0.691929
30654,0.827646
30655,0.283093
30656,0.814476
30657,0.66043
30658,0.847791
30659,0.715785
30660,0.884141
30661,0.744631
30662,0.743132
30663,0.930242
30664,0.940285
30665,0.739442
30666,0.94649
30667,0.87356
30668,0.778524
30669,0.949864
30670,0.875468
30671,0.817325
30672,0.796691
30673,0.475307
30674,0.670747
30675,0.686427
30676,0.667956
30677,0.750787
30678,0.800376
30679,0.609182
30680,0.59124
30681,0.455997
30682,0.660129
30683,0.596709
30684,0.843765
30685,0.610481
30686,0.242594
30687,0.519976
30688,0.955367
30689,0.86788
30690,0.742872
30691,0.649588
30692,0.653661
30693,0.595214
30694,0.816436
30695,0.779022
30696,0.638129
30697,0.701853
30698,0.637905
30699,0.743998
30700,0.874343
30701,0.415717
30702,0.830183
30703,0.772675
30704,0.678535
30705,0.69754
30706,0.829109
30707,0.876817
30708,0.703674
30709,0.644354
30710,0.680668
30711,0.620756
30712,0.7727
30713,0.580614
30714,0.848068
30715,0.947917
30716,0.667033
30717,0.955286
30718,0.399241
30719,0.902566
30720,0.713804
30721,0.663286
30722,0.766775
30723,0.743471
30724,0.752604
30725,0.829087
30726,0.890855
30727,0.908866
30728,0.75441
30729,0.050094
30730,0.648377
30731,0.833181
30732,0.053648
30733,0.572532
30734,0.928894
30735,0.834306
30736,0.809181
30737,0.895411
30738,0.939702
30739,0.573354
30740,0.764322
30741,0.582364
30742,0.62584
30743,0.634028
30744,0.629551
30745,0.59799
30746,0.4643
30747,0.871539
30748,0.76373
30749,0.945507
30750,0.577721
30751,0.695191
30752,0.785936
30753,0.685072
30754,0.665959
30755,0.655519
30756,0.713635
30757,0.645092
30758,0.877823
30759,0.63766
30760,0.710373
30761,0.678868
30762,0.748228
30763,0.891267
30764,0.817069
30765,0.955815
30766,0.743406
30767,0.504163
30768,0.904411
30769,0.836605
30770,0.631076
30771,0.644664
30772,0.745176
30773,0.662223
30774,0.642548
30775,0.806408
30776,0.506347
30777,0.728671
30778,0.652443
30779,0.785532
30780,0.960518
30781,0.900254
30782,0.793661
30783,0.478626
30784,0.702518
30785,0.284935
30786,0.638673
30787,0.743239
30788,0.856781
30789,0.903967
30790,0.924629
30791,0.081937
30792,0.532958
30793,0.7895
30794,0.696231
30795,0.604404
30796,0.801038
30797,0.40211
30798,0.636441
30799,0.956561
30800,0.58465
30801,0.804563
30802,0.726976
30803,0.635915
30804,0.702616
30805,0.910226
30806,0.860573
30807,0.885095
30808,0.570851
30809,0.744978
30810,0.896957
30811,0.478434
30812,0.885001
30813,0.939085
30814,0.871709
30815,0.55311
30816,0.938163
30817,0.942197
30818,0.713486
30819,0.520213
30820,0.817381
30821,0.801439
30822,0.3514
30823,0.8472
30824,0.962195
30825,0.638398
30826,0.709534
30827,0.924568
30828,0.536772
30829,0.462777
30830,0.693829
30831,0.899215
30832,0.704962
30833,0.559059
30834,0.91531
30835,0.751994
30836,0.800026
30837,0.7517
30838,0.666298
30839,0.937914
30840,0.7511
30841,0.64533
30842,0.926336
30843,0.790949
30844,0.787836
30845,0.793938
30846,0.895332
30847,0.933693
30848,0.826803
30849,0.276215
30850,0.730193
30851,0.917281
30852,0.686411
30853,0.798982
30854,0.953385
30855,0.761141
30856,0.732824
30857,0.944665
30858,0.621075
30859,0.515118
30860,0.518657
30861,0.671217
30862,0.559362
30863,0.858308
30864,0.810481
30865,0.722293
30866,0.788409
30867,0.739217
30868,0.528021
30869,0.859071
30870,0.635373
30871,0.84048
30872,0.554754
30873,0.590466
30874,0.795949
30875,0.888962
30876,0.625352
30877,0.627876
30878,0.626055
30879,0.717498
30880,0.775655
30881,0.71271
30882,0.953646
30883,0.762497
30884,0.565088
30885,0.730472
30886,0.292675
30887,0.857897
30888,0.735732
30889,0.869791
30890,0.598025
30891,0.891294
30892,0.748127
30893,0.74829
30894,0.559312
30895,0.725978
30896,0.770772
30897,0.876824
30898,0.583749
30899,0.94859
30900,0.641212
30901,0.891721
30902,0.119552
30903,0.650627
30904,0.907641
30905,0.536459
30906,0.721623
30907,0.798765
30908,0.758162
30909,0.619305
30910,0.787973
30911,0.500311
30912,0.69844
30913,0.780978
30914,0.456756
30915,0.920833
30916,0.195932
30917,0.965879
30918,0.57043
30919,0.808797
30920,0.892837
30921,0.665481
30922,0.187734
30923,0.953717
30924,0.785648
30925,0.568603
30926,0.487474
30927,0.628438
30928,0.708781
30929,0.680935
30930,0.735586
30931,0.725615
30932,0.735262
30933,0.742965
30934,0.632828
30935,0.85199
30936,0.954937
30937,0.894078
30938,0.715951
30939,0.71642
30940,0.582188
30941,0.466243
30942,0.574084
30943,0.79775
30944,0.806506
30945,0.700461
30946,0.447924
30947,0.696795
30948,0.962969
30949,0.710821
30950,0.815752
30951,0.912509
30952,0.760724
30953,0.741149
30954,0.645949
30955,0.856906
30956,0.636458
30957,0.719005
30958,0.828518
30959,0.813099
30960,0.961579
30961,0.799672
30962,0.632044
30963,0.686522
30964,0.744842
30965,0.755581
30966,0.911343
30967,0.918459
30968,0.819581
30969,0.80161
30970,0.814676
30971,0.508712
30972,0.817906
30973,0.706764
30974,0.814528
30975,0.59999
30976,0.650717
30977,0.959408
30978,0.918898
30979,0.535868
30980,0.896773
30981,0.753925
30982,0.605491
30983,0.537965
30984,0.71856
30985,0.930796
30986,0.775527
30987,0.668795
30988,0.956265
30989,0.94142
30990,0.478185
30991,0.886626
30992,0.68476
30993,0.770676
30994,0.616051
30995,0.647413
30996,0.843933
30997,0.74999
30998,0.870225
30999,0.476263
31000,0.488307
31001,0.708549
31002,0.913666
31003,0.674674
31004,0.857186
31005,0.671079
31006,0.918469
31007,0.620018
31008,0.608582
31009,0.723778
31010,0.651196
31011,0.697804
31012,0.63314
31013,0.695011
31014,0.822476
31015,0.930769
31016,0.413303
31017,0.484281
31018,0.925132
31019,0.782544
31020,0.916649
31021,0.809382
31022,0.887914
31023,0.840445
31024,0.820715
31025,0.075716
31026,0.854032
31027,0.939059
31028,0.359603
31029,0.929476
31030,0.533708
31031,0.828889
31032,0.746796
31033,0.083439
31034,0.561905
31035,0.507521
31036,0.832937
31037,0.887312
31038,0.581037
31039,0.658292
31040,0.852833
31041,0.781049
31042,0.787766
31043,0.842608
31044,0.919398
31045,0.715007
31046,0.58967
31047,0.813744
31048,0.692508
31049,0.956453
31050,0.958152
31051,0.932538
31052,0.809555
31053,0.837381
31054,0.768399
31055,0.709712
31056,0.75445
31057,0.457217
31058,0.608322
31059,0.829581
31060,0.956284
31061,0.696446
31062,0.939402
31063,0.859993
31064,0.951778
31065,0.3999
31066,0.605391
31067,0.953382
31068,0.731997
31069,0.694332
31070,0.651891
31071,0.476865
31072,0.682246
31073,0.959106
31074,0.886706
31075,0.439502
31076,0.475456
31077,0.553515
31078,0.650456
31079,0.918253
31080,0.904598
31081,0.739405
31082,0.800388
31083,0.73448
31084,0.62211
31085,0.595373
31086,0.88394
31087,0.680779
31088,0.783155
31089,0.859353
31090,0.848877
31091,0.101259
31092,0.952631
31093,0.74602
31094,0.903217
31095,0.772307
31096,0.756588
31097,0.754268
31098,0.847341
31099,0.722259
31100,0.797531
31101,0.765044
31102,0.663789
31103,0.817903
31104,0.640352
31105,0.606194
31106,0.613984
31107,0.736467
31108,0.092179
31109,0.368375
31110,0.062379
31111,0.414024
31112,0.704199
31113,0.07567
31114,0.619607
31115,0.361636
31116,0.797247
31117,0.861006
31118,0.910985
31119,0.908989
31120,0.711215
31121,0.741626
31122,0.920955
31123,0.055287
31124,0.867397
31125,0.576326
31126,0.960647
31127,0.424238
31128,0.770941
31129,0.716701
31130,0.727703
31131,0.623771
31132,0.905508
31133,0.638583
31134,0.934463
31135,0.689125
31136,0.74928
31137,0.847912
31138,0.614294
31139,0.622119
31140,0.915671
31141,0.835111
31142,0.963754
31143,0.504744
31144,0.720286
31145,0.775826
31146,0.668583
31147,0.672714
31148,0.552848
31149,0.898963
31150,0.421485
31151,0.851401
31152,0.740762
31153,0.800015
31154,0.633256
31155,0.759796
31156,0.611822
31157,0.781998
31158,0.560348
31159,0.602185
31160,0.629417
31161,0.519089
31162,0.74119
31163,0.761392
31164,0.605082
31165,0.972336
31166,0.767338
31167,0.787559
31168,0.651103
31169,0.533783
31170,0.858456
31171,0.564786
31172,0.731285
31173,0.62869
31174,0.924506
31175,0.517363
31176,0.682089
31177,0.575552
31178,0.949251
31179,0.652164
31180,0.729096
31181,0.581814
31182,0.56823
31183,0.751625
31184,0.510662
31185,0.579775
31186,0.248071
31187,0.851137
31188,0.784358
31189,0.060518
31190,0.664412
31191,0.605877
31192,0.801613
31193,0.686371
31194,0.868187
31195,0.714526
31196,0.853848
31197,0.680649
31198,0.952163
31199,0.819767
31200,0.938212
31201,0.952634
31202,0.904251
31203,0.875804
31204,0.896747
31205,0.596858
31206,0.70256
31207,0.943686
31208,0.922803
31209,0.45263
31210,0.61374
31211,0.71044
31212,0.820703
31213,0.781684
31214,0.829155
31215,0.869854
31216,0.594404
31217,0.485946
31218,0.805544
31219,0.786621
31220,0.69514
31221,0.894806
31222,0.643369
31223,0.832962
31224,0.962237
31225,0.925933
31226,0.6848
31227,0.736318
31228,0.503027
31229,0.820267
31230,0.834078
31231,0.720332
31232,0.743087
31233,0.64153
31234,0.344895
31235,0.809543
31236,0.81137
31237,0.599624
31238,0.834044
31239,0.454421
31240,0.766276
31241,0.807888
31242,0.556085
31243,0.06178
31244,0.486574
31245,0.952085
31246,0.586851
31247,0.516892
31248,0.755707
31249,0.680662
31250,0.623465
31251,0.916886
31252,0.959857
31253,0.658408
31254,0.834277
31255,0.54386
31256,0.734399
31257,0.224544
31258,0.91869
31259,0.513226
31260,0.928773
31261,0.757974
31262,0.770419
31263,0.861565
31264,0.100145
31265,0.927719
31266,0.85388
31267,0.9328
31268,0.601828
31269,0.754735
31270,0.95591
31271,0.830952
31272,0.692319
31273,0.865863
31274,0.921412
31275,0.820862
31276,0.949403
31277,0.511386
31278,0.954517
31279,0.887467
31280,0.943093
31281,0.818707
31282,0.901914
31283,0.216705
31284,0.716916
31285,0.85496
31286,0.683127
31287,0.509009
31288,0.955732
31289,0.957953
31290,0.946522
31291,0.531856
31292,0.908266
31293,0.926516
31294,0.744782
31295,0.837976
31296,0.430409
31297,0.674358
31298,0.553084
31299,0.865441
31300,0.894921
31301,0.57846
31302,0.679446
31303,0.511477
31304,0.79175
31305,0.636705
31306,0.888765
31307,0.279545
31308,0.603085
31309,0.822865
31310,0.649854
31311,0.676673
31312,0.793123
31313,0.955923
31314,0.846079
31315,0.271538
31316,0.85489
31317,0.751825
31318,0.826141
31319,0.75422
31320,0.834522
31321,0.953183
31322,0.933766
31323,0.608532
31324,0.865866
31325,0.838851
31326,0.69055
31327,0.615799
31328,0.9104
31329,0.932733
31330,0.522154
31331,0.508132
31332,0.940868
31333,0.838676
31334,0.959148
31335,0.961319
31336,0.759107
31337,0.658896
31338,0.466855
31339,0.819941
31340,0.819767
31341,0.232491
31342,0.894938
31343,0.671336
31344,0.795526
31345,0.696544
31346,0.582698
31347,0.80424
31348,0.484051
31349,0.567048
31350,0.750703
31351,0.830916
31352,0.794237
31353,0.838931
31354,0.909601
31355,0.679549
31356,0.894791
31357,0.613464
31358,0.761007
31359,0.862255
31360,0.487408
31361,0.528908
31362,0.709335
31363,0.960505
31364,0.702421
31365,0.959203
31366,0.822002
31367,0.761004
31368,0.727486
31369,0.844116
31370,0.712882
31371,0.818001
31372,0.966376
31373,0.874392
31374,0.803738
31375,0.592422
31376,0.747886
31377,0.728118
31378,0.689821
31379,0.714117
31380,0.818584
31381,0.877195
31382,0.878572
31383,0.055183
31384,0.797682
31385,0.530054
31386,0.810819
31387,0.411521
31388,0.8869
31389,0.725845
31390,0.615134
31391,0.568553
31392,0.753133
31393,0.953938
31394,0.950372
31395,0.926987
31396,0.844048
31397,0.581872
31398,0.925941
31399,0.808425
31400,0.079894
31401,0.085368
31402,0.900047
31403,0.905879
31404,0.573101
31405,0.574553
31406,0.341265
31407,0.919814
31408,0.337829
31409,0.681165
31410,0.610577
31411,0.532707
31412,0.798365
31413,0.839596
31414,0.643424
31415,0.901496
31416,0.51624
31417,0.669851
31418,0.952764
31419,0.766282
31420,0.868108
31421,0.597459
31422,0.645397
31423,0.521474
31424,0.949749
31425,0.53683
31426,0.940828
31427,0.784159
31428,0.767193
31429,0.590654
31430,0.749691
31431,0.850367
31432,0.526938
31433,0.729667
31434,0.932347
31435,0.712359
31436,0.90814
31437,0.512132
31438,0.95423
31439,0.826785
31440,0.743481
31441,0.829829
31442,0.891082
31443,0.589947
31444,0.640205
31445,0.778271
31446,0.83453
31447,0.857882
31448,0.616904
31449,0.783509
31450,0.861513
31451,0.506944
31452,0.745006
31453,0.839969
31454,0.841768
31455,0.773131
31456,0.86494
31457,0.54668
31458,0.815977
31459,0.713163
31460,0.605735
31461,0.599977
31462,0.440971
31463,0.879994
31464,0.956942
31465,0.47998
31466,0.917914
31467,0.71348
31468,0.687941
31469,0.779928
31470,0.838485
31471,0.828253
31472,0.931335
31473,0.453442
31474,0.835966
31475,0.856384
31476,0.964258
31477,0.149971
31478,0.928797
31479,0.937079
31480,0.335149
31481,0.903504
31482,0.94917
31483,0.896859
31484,0.965561
31485,0.86282
31486,0.931262
31487,0.946908
31488,0.886077
31489,0.906432
31490,0.62307
31491,0.561431
31492,0.875792
31493,0.093704
31494,0.635327
31495,0.932697
31496,0.837321
31497,0.508874
31498,0.764067
31499,0.732655
31500,0.597147
31501,0.568465
31502,0.675289
31503,0.691474
31504,0.863083
31505,0.945877
31506,0.952875
31507,0.880482
31508,0.870546
31509,0.700937
31510,0.84737
31511,0.879503
31512,0.70529
31513,0.914341
31514,0.092174
31515,0.936126
31516,0.7456
31517,0.732855
31518,0.784528
31519,0.527413
31520,0.834887
31521,0.649162
31522,0.859147
31523,0.875139
31524,0.118214
31525,0.560907
31526,0.569435
31527,0.839938
31528,0.817458
31529,0.466445
31530,0.959471
31531,0.767728
31532,0.820698
31533,0.668024
31534,0.786068
31535,0.820259
31536,0.555863
31537,0.796657
31538,0.722876
31539,0.714639
31540,0.512178
31541,0.713296
31542,0.584099
31543,0.760667
31544,0.94109
31545,0.904516
31546,0.076699
31547,0.833913
31548,0.900604
31549,0.701772
31550,0.882621
31551,0.534365
31552,0.856658
31553,0.553735
31554,0.099313
31555,0.748259
31556,0.797042
31557,0.465454
31558,0.347777
31559,0.884028
31560,0.786401
31561,0.832719
31562,0.957402
31563,0.909858
31564,0.813909
31565,0.803309
31566,0.611178
31567,0.963917
31568,0.870142
31569,0.957687
31570,0.827951
31571,0.811711
31572,0.596696
31573,0.96252
31574,0.948677
31575,0.810523
31576,0.941385
31577,0.839017
31578,0.951934
31579,0.733656
31580,0.176043
31581,0.723197
31582,0.555824
31583,0.932172
31584,0.624596
31585,0.397488
31586,0.554793
31587,0.441991
31588,0.646577
31589,0.793566
31590,0.710248
31591,0.824831
31592,0.696307
31593,0.637989
31594,0.847688
31595,0.153013
31596,0.740248
31597,0.89235
31598,0.425115
31599,0.914985
31600,0.842174
31601,0.938848
31602,0.407558
31603,0.734418
31604,0.790654
31605,0.963076
31606,0.587853
31607,0.794325
31608,0.546113
31609,0.790097
31610,0.729236
31611,0.611792
31612,0.942293
31613,0.701285
31614,0.663156
31615,0.80916
31616,0.615451
31617,0.296782
31618,0.741116
31619,0.637505
31620,0.829881
31621,0.874231
31622,0.72514
31623,0.835929
31624,0.911084
31625,0.583818
31626,0.84411
31627,0.501252
31628,0.850442
31629,0.840255
31630,0.802394
31631,0.867579
31632,0.627553
31633,0.754868
31634,0.919088
31635,0.655789
31636,0.601664
31637,0.94832
31638,0.86174
31639,0.712176
31640,0.603839
31641,0.934396
31642,0.900941
31643,0.693035
31644,0.233582
31645,0.590439
31646,0.09093
31647,0.793853
31648,0.795176
31649,0.883664
31650,0.722557
31651,0.376726
31652,0.673252
31653,0.788811
31654,0.819553
31655,0.879624
31656,0.750466
31657,0.832314
31658,0.938549
31659,0.839266
31660,0.946194
31661,0.674544
31662,0.811098
31663,0.626906
31664,0.644436
31665,0.50942
31666,0.713689
31667,0.86014
31668,0.878483
31669,0.847819
31670,0.734454
31671,0.854585
31672,0.815402
31673,0.738086
31674,0.712087
31675,0.764
31676,0.883549
31677,0.681345
31678,0.941487
31679,0.749827
31680,0.706549
31681,0.492625
31682,0.332996
31683,0.92177
31684,0.901306
31685,0.947637
31686,0.838051
31687,0.894102
31688,0.792464
31689,0.552875
31690,0.816725
31691,0.955084
31692,0.745005
31693,0.640621
31694,0.722335
31695,0.595072
31696,0.717713
31697,0.861225
31698,0.574427
31699,0.582251
31700,0.864725
31701,0.715713
31702,0.854991
31703,0.602798
31704,0.737383
31705,0.498789
31706,0.837624
31707,0.586666
31708,0.86873
31709,0.366144
31710,0.426614
31711,0.661483
31712,0.782695
31713,0.937268
31714,0.954612
31715,0.923547
31716,0.816604
31717,0.669465
31718,0.720214
31719,0.438466
31720,0.691693
31721,0.924754
31722,0.745103
31723,0.577906
31724,0.137224
31725,0.531159
31726,0.897876
31727,0.627911
31728,0.529469
31729,0.14062
31730,0.845383
31731,0.564788
31732,0.800367
31733,0.749062
31734,0.792787
31735,0.635553
31736,0.952089
31737,0.76557
31738,0.897443
31739,0.856224
31740,0.240922
31741,0.737092
31742,0.406533
31743,0.933799
31744,0.68996
31745,0.138153
31746,0.786881
31747,0.80945
31748,0.923235
31749,0.537231
31750,0.705144
31751,0.808033
31752,0.77599
31753,0.561159
31754,0.837774
31755,0.900486
31756,0.891462
31757,0.682192
31758,0.746297
31759,0.792463
31760,0.52674
31761,0.336336
31762,0.922687
31763,0.42497
31764,0.754222
31765,0.677123
31766,0.537591
31767,0.552702
31768,0.736335
31769,0.927208
31770,0.685171
31771,0.500663
31772,0.909237
31773,0.821308
31774,0.843002
31775,0.510438
31776,0.930502
31777,0.158696
31778,0.899656
31779,0.693322
31780,0.691794
31781,0.668625
31782,0.763352
31783,0.49169
31784,0.890877
31785,0.449647
31786,0.870474
31787,0.066575
31788,0.956262
31789,0.709738
31790,0.700621
31791,0.620206
31792,0.70113
31793,0.756024
31794,0.738711
31795,0.443768
31796,0.922416
31797,0.650089
31798,0.695654
31799,0.759356
31800,0.800065
31801,0.883336
31802,0.917504
31803,0.62104
31804,0.937721
31805,0.479297
31806,0.589713
31807,0.924891
31808,0.464823
31809,0.606709
31810,0.5869
31811,0.797536
31812,0.755925
31813,0.658749
31814,0.519604
31815,0.593146
31816,0.775088
31817,0.796435
31818,0.472001
31819,0.873666
31820,0.86393
31821,0.950103
31822,0.754842
31823,0.555411
31824,0.830715
31825,0.533242
31826,0.09229
31827,0.778004
31828,0.939479
31829,0.721121
31830,0.670146
31831,0.829008
31832,0.215588
31833,0.941421
31834,0.60091
31835,0.809903
31836,0.571496
31837,0.70736
31838,0.881139
31839,0.954799
31840,0.685202
31841,0.551381
31842,0.456668
31843,0.872486
31844,0.947605
31845,0.907596
31846,0.866031
31847,0.871251
31848,0.381966
31849,0.849291
31850,0.369667
31851,0.941587
31852,0.77304
31853,0.693626
31854,0.638288
31855,0.733771
31856,0.804717
31857,0.8572
31858,0.56645
31859,0.736008
31860,0.726908
31861,0.704743
31862,0.745055
31863,0.960021
31864,0.727387
31865,0.391114
31866,0.917154
31867,0.925736
31868,0.691785
31869,0.747848
31870,0.936302
31871,0.91418
31872,0.910467
31873,0.776749
31874,0.796276
31875,0.818167
31876,0.957724
31877,0.638752
31878,0.896123
31879,0.959974
31880,0.746197
31881,0.834811
31882,0.841912
31883,0.873188
31884,0.957364
31885,0.838583
31886,0.843467
31887,0.56051
31888,0.918188
31889,0.620649
31890,0.645095
31891,0.897976
31892,0.943149
31893,0.846957
31894,0.850242
31895,0.830852
31896,0.676274
31897,0.921164
31898,0.539239
31899,0.621132
31900,0.718089
31901,0.756332
31902,0.779402
31903,0.528516
31904,0.858558
31905,0.82464
31906,0.87438
31907,0.5472
31908,0.646734
31909,0.861433
31910,0.864806
31911,0.659048
31912,0.570816
31913,0.738258
31914,0.965753
31915,0.934127
31916,0.706626
31917,0.927487
31918,0.698451
31919,0.850378
31920,0.950403
31921,0.803921
31922,0.935702
31923,0.593616
31924,0.753799
31925,0.063759
31926,0.671722
31927,0.822394
31928,0.816323
31929,0.551724
31930,0.910587
31931,0.806317
31932,0.812916
31933,0.669969
31934,0.731054
31935,0.56689
31936,0.826648
31937,0.803993
31938,0.710021
31939,0.606097
31940,0.556367
31941,0.851073
31942,0.628741
31943,0.72613
31944,0.824443
31945,0.761729
31946,0.961971
31947,0.810534
31948,0.597413
31949,0.910028
31950,0.905691
31951,0.754933
31952,0.720354
31953,0.574244
31954,0.497677
31955,0.662823
31956,0.947829
31957,0.446177
31958,0.678856
31959,0.892463
31960,0.576241
31961,0.535136
31962,0.814105
31963,0.738664
31964,0.603783
31965,0.882677
31966,0.878026
31967,0.567077
31968,0.949355
31969,0.860687
31970,0.065148
31971,0.870039
31972,0.474204
31973,0.717155
31974,0.876594
31975,0.667062
31976,0.501443
31977,0.938624
31978,0.629155
31979,0.867868
31980,0.941819
31981,0.527682
31982,0.641252
31983,0.563755
31984,0.551001
31985,0.857467
31986,0.505545
31987,0.590364
31988,0.648694
31989,0.13398
31990,0.700005
31991,0.676137
31992,0.740021
31993,0.493204
31994,0.312556
31995,0.911393
31996,0.671657
31997,0.956107
31998,0.737886
31999,0.651133
32000,0.921332
32001,0.806469
32002,0.696397
32003,0.890513
32004,0.953592
32005,0.774047
32006,0.668907
32007,0.949283
32008,0.523017
32009,0.632838
32010,0.872781
32011,0.950242
32012,0.6739
32013,0.702615
32014,0.819381
32015,0.691903
32016,0.823275
32017,0.511346
32018,0.750314
32019,0.630347
32020,0.693366
32021,0.566084
32022,0.571274
32023,0.570774
32024,0.555362
32025,0.555242
32026,0.608883
32027,0.801659
32028,0.930482
32029,0.742707
32030,0.854768
32031,0.871006
32032,0.734293
32033,0.484419
32034,0.931513
32035,0.816978
32036,0.897012
32037,0.637348
32038,0.677964
32039,0.846381
32040,0.698425
32041,0.872237
32042,0.724563
32043,0.509428
32044,0.811484
32045,0.938115
32046,0.942859
32047,0.956279
32048,0.959215
32049,0.782913
32050,0.684721
32051,0.550274
32052,0.566032
32053,0.394141
32054,0.714385
32055,0.762015
32056,0.773302
32057,0.637394
32058,0.755828
32059,0.762105
32060,0.723354
32061,0.251993
32062,0.304632
32063,0.954941
32064,0.53931
32065,0.760958
32066,0.614252
32067,0.893967
32068,0.788156
32069,0.94477
32070,0.76812
32071,0.673684
32072,0.908112
32073,0.208008
32074,0.931461
32075,0.66361
32076,0.690739
32077,0.558356
32078,0.937202
32079,0.709432
32080,0.36217
32081,0.482768
32082,0.485794
32083,0.654556
32084,0.704883
32085,0.524741
32086,0.683614
32087,0.804378
32088,0.572788
32089,0.065419
32090,0.8212
32091,0.892554
32092,0.737327
32093,0.675947
32094,0.567882
32095,0.763222
32096,0.922312
32097,0.621664
32098,0.657438
32099,0.572439
32100,0.552628
32101,0.805065
32102,0.836796
32103,0.881178
32104,0.953752
32105,0.953777
32106,0.520378
32107,0.876749
32108,0.782813
32109,0.249466
32110,0.592837
32111,0.717808
32112,0.925563
32113,0.693013
32114,0.591829
32115,0.536584
32116,0.742384
32117,0.746332
32118,0.732456
32119,0.56011
32120,0.953143
32121,0.63653
32122,0.576087
32123,0.603889
32124,0.879934
32125,0.567786
32126,0.640806
32127,0.624458
32128,0.698079
32129,0.799955
32130,0.701437
32131,0.789675
32132,0.747174
32133,0.718186
32134,0.60899
32135,0.058861
32136,0.554052
32137,0.744272
32138,0.593176
32139,0.950313
32140,0.576287
32141,0.528629
32142,0.878898
32143,0.371826
32144,0.367852
32145,0.814382
32146,0.68986
32147,0.94596
32148,0.829464
32149,0.654675
32150,0.669134
32151,0.551191
32152,0.799855
32153,0.615501
32154,0.842302
32155,0.060183
32156,0.734393
32157,0.856377
32158,0.384317
32159,0.545663
32160,0.594461
32161,0.714139
32162,0.830482
32163,0.625141
32164,0.746266
32165,0.838371
32166,0.562256
32167,0.730963
32168,0.708061
32169,0.814011
32170,0.71118
32171,0.070157
32172,0.946792
32173,0.941554
32174,0.920607
32175,0.59554
32176,0.892254
32177,0.613684
32178,0.746157
32179,0.443856
32180,0.806393
32181,0.81837
32182,0.879614
32183,0.467135
32184,0.692955
32185,0.950902
32186,0.954174
32187,0.92059
32188,0.717593
32189,0.934136
32190,0.897343
32191,0.556691
32192,0.934339
32193,0.531837
32194,0.560902
32195,0.924042
32196,0.556707
32197,0.605343
32198,0.9065
32199,0.778389
32200,0.612738
32201,0.610026
32202,0.538755
32203,0.874499
32204,0.67171
32205,0.772747
32206,0.940457
32207,0.885868
32208,0.94572
32209,0.448881
32210,0.929699
32211,0.959607
32212,0.595458
32213,0.666972
32214,0.913734
32215,0.943785
32216,0.883983
32217,0.355109
32218,0.53441
32219,0.863067
32220,0.946676
32221,0.79982
32222,0.808758
32223,0.404362
32224,0.706921
32225,0.792549
32226,0.173007
32227,0.810704
32228,0.897921
32229,0.710991
32230,0.918486
32231,0.886439
32232,0.645751
32233,0.650882
32234,0.587075
32235,0.525389
32236,0.496922
32237,0.908116
32238,0.369833
32239,0.564681
32240,0.503578
32241,0.472789
32242,0.82833
32243,0.869323
32244,0.825617
32245,0.725327
32246,0.776939
32247,0.635568
32248,0.927924
32249,0.607946
32250,0.637648
32251,0.950325
32252,0.875468
32253,0.788457
32254,0.848915
32255,0.732285
32256,0.852871
32257,0.836568
32258,0.946146
32259,0.767305
32260,0.732974
32261,0.799658
32262,0.802921
32263,0.618898
32264,0.813268
32265,0.629686
32266,0.943237
32267,0.655121
32268,0.706968
32269,0.811053
32270,0.953408
32271,0.763777
32272,0.47023
32273,0.319549
32274,0.840873
32275,0.930244
32276,0.422703
32277,0.827689
32278,0.855787
32279,0.557363
32280,0.187014
32281,0.677009
32282,0.923801
32283,0.789933
32284,0.835124
32285,0.716045
32286,0.873528
32287,0.742963
32288,0.956862
32289,0.899433
32290,0.802167
32291,0.793324
32292,0.661457
32293,0.827481
32294,0.726718
32295,0.662542
32296,0.76284
32297,0.933952
32298,0.923221
32299,0.684556
32300,0.92313
32301,0.59718
32302,0.749317
32303,0.64507
32304,0.881791
32305,0.623968
32306,0.573326
32307,0.825451
32308,0.846816
32309,0.871768
32310,0.477536
32311,0.933232
32312,0.661986
32313,0.643136
32314,0.891339
32315,0.614115
32316,0.864331
32317,0.46664
32318,0.68454
32319,0.698049
32320,0.695947
32321,0.827233
32322,0.740374
32323,0.559813
32324,0.569423
32325,0.831178
32326,0.953828
32327,0.175591
32328,0.957008
32329,0.698585
32330,0.887582
32331,0.856481
32332,0.86781
32333,0.827228
32334,0.866334
32335,0.64961
32336,0.788758
32337,0.654121
32338,0.903726
32339,0.916698
32340,0.793176
32341,0.86883
32342,0.512339
32343,0.61091
32344,0.652645
32345,0.785039
32346,0.756672
32347,0.075908
32348,0.383623
32349,0.648807
32350,0.635432
32351,0.576661
32352,0.684054
32353,0.825915
32354,0.700394
32355,0.780866
32356,0.767389
32357,0.615925
32358,0.872571
32359,0.816474
32360,0.65879
32361,0.464092
32362,0.924395
32363,0.860076
32364,0.887031
32365,0.945621
32366,0.623915
32367,0.81081
32368,0.953729
32369,0.686492
32370,0.856729
32371,0.862611
32372,0.761985
32373,0.894853
32374,0.462942
32375,0.788695
32376,0.701442
32377,0.706969
32378,0.750687
32379,0.642426
32380,0.591352
32381,0.734415
32382,0.573925
32383,0.806137
32384,0.741461
32385,0.698258
32386,0.552195
32387,0.949673
32388,0.762677
32389,0.505153
32390,0.944037
32391,0.054829
32392,0.712517
32393,0.859731
32394,0.833793
32395,0.672991
32396,0.824571
32397,0.066195
32398,0.730461
32399,0.776504
32400,0.793168
32401,0.93824
32402,0.641288
32403,0.824851
32404,0.510921
32405,0.382473
32406,0.757116
32407,0.804733
32408,0.644172
32409,0.745952
32410,0.667661
32411,0.472767
32412,0.708708
32413,0.560377
32414,0.058947
32415,0.869373
32416,0.923021
32417,0.943174
32418,0.946321
32419,0.629992
32420,0.670134
32421,0.935718
32422,0.559719
32423,0.573148
32424,0.790634
32425,0.787423
32426,0.931905
32427,0.537159
32428,0.588895
32429,0.943493
32430,0.787781
32431,0.915351
32432,0.737647
32433,0.890829
32434,0.956034
32435,0.640182
32436,0.738774
32437,0.726703
32438,0.965422
32439,0.526345
32440,0.797087
32441,0.595083
32442,0.928503
32443,0.792041
32444,0.790559
32445,0.482366
32446,0.720283
32447,0.873617
32448,0.738848
32449,0.933577
32450,0.813525
32451,0.684724
32452,0.765783
32453,0.807453
32454,0.871539
32455,0.669052
32456,0.834132
32457,0.711306
32458,0.752462
32459,0.855494
32460,0.592367
32461,0.831837
32462,0.449245
32463,0.656754
32464,0.880176
32465,0.547683
32466,0.939362
32467,0.696469
32468,0.654867
32469,0.468876
32470,0.826139
32471,0.679958
32472,0.691961
32473,0.653096
32474,0.862613
32475,0.505547
32476,0.389488
32477,0.769888
32478,0.076478
32479,0.69799
32480,0.506266
32481,0.853068
32482,0.894901
32483,0.834519
32484,0.872187
32485,0.919563
32486,0.553774
32487,0.700756
32488,0.541324
32489,0.898659
32490,0.911994
32491,0.729563
32492,0.960147
32493,0.603632
32494,0.628385
32495,0.655913
32496,0.81723
32497,0.802004
32498,0.530154
32499,0.828135
32500,0.689266
32501,0.48473
32502,0.87756
32503,0.60762
32504,0.883165
32505,0.808974
32506,0.957752
32507,0.828791
32508,0.689816
32509,0.861858
32510,0.679588
32511,0.764343
32512,0.760428
32513,0.053764
32514,0.530314
32515,0.878262
32516,0.873719
32517,0.768713
32518,0.650116
32519,0.902556
32520,0.780321
32521,0.487332
32522,0.933169
32523,0.780708
32524,0.544983
32525,0.517651
32526,0.686254
32527,0.615351
32528,0.861671
32529,0.588588
32530,0.926344
32531,0.757401
32532,0.593667
32533,0.555416
32534,0.803614
32535,0.822768
32536,0.594182
32537,0.956967
32538,0.792095
32539,0.835982
32540,0.474254
32541,0.944709
32542,0.552562
32543,0.674044
32544,0.903416
32545,0.326045
32546,0.548505
32547,0.911213
32548,0.902986
32549,0.954966
32550,0.681705
32551,0.701785
32552,0.749702
32553,0.722227
32554,0.353605
32555,0.585498
32556,0.768111
32557,0.759575
32558,0.644264
32559,0.725445
32560,0.657297
32561,0.771929
32562,0.946675
32563,0.816352
32564,0.091716
32565,0.597053
32566,0.840382
32567,0.919525
32568,0.79158
32569,0.797317
32570,0.814149
32571,0.625241
32572,0.516963
32573,0.769934
32574,0.835169
32575,0.670922
32576,0.861091
32577,0.654986
32578,0.617509
32579,0.555003
32580,0.932506
32581,0.937742
32582,0.640848
32583,0.768124
32584,0.724689
32585,0.430095
32586,0.16332
32587,0.589745
32588,0.693507
32589,0.550281
32590,0.858894
32591,0.935067
32592,0.815588
32593,0.498377
32594,0.901826
32595,0.695706
32596,0.631569
32597,0.464794
32598,0.572728
32599,0.789233
32600,0.924835
32601,0.504669
32602,0.849323
32603,0.752482
32604,0.692936
32605,0.956351
32606,0.66076
32607,0.502658
32608,0.548112
32609,0.775369
32610,0.73966
32611,0.637597
32612,0.709559
32613,0.857494
32614,0.490973
32615,0.571115
32616,0.952728
32617,0.763879
32618,0.62782
32619,0.460227
32620,0.612826
32621,0.925355
32622,0.948841
32623,0.730179
32624,0.740588
32625,0.860108
32626,0.847096
32627,0.541799
32628,0.827867
32629,0.932469
32630,0.690426
32631,0.874212
32632,0.841322
32633,0.66889
32634,0.933376
32635,0.696952
32636,0.612253
32637,0.850335
32638,0.685014
32639,0.810746
32640,0.625963
32641,0.866067
32642,0.957752
32643,0.622587
32644,0.416896
32645,0.83635
32646,0.900958
32647,0.495957
32648,0.517508
32649,0.911793
32650,0.956803
32651,0.6047
32652,0.924776
32653,0.507836
32654,0.52491
32655,0.815974
32656,0.473898
32657,0.938684
32658,0.528349
32659,0.465987
32660,0.839542
32661,0.580134
32662,0.656976
32663,0.377557
32664,0.95722
32665,0.690136
32666,0.841354
32667,0.679439
32668,0.734271
32669,0.950585
32670,0.950736
32671,0.808668
32672,0.65065
32673,0.669024
32674,0.638783
32675,0.862315
32676,0.666205
32677,0.795087
32678,0.571665
32679,0.943703
32680,0.766251
32681,0.534997
32682,0.185903
32683,0.655937
32684,0.898229
32685,0.233161
32686,0.920964
32687,0.834116
32688,0.922726
32689,0.880118
32690,0.792345
32691,0.699807
32692,0.88033
32693,0.663386
32694,0.928939
32695,0.836103
32696,0.551594
32697,0.752245
32698,0.570173
32699,0.381863
32700,0.772275
32701,0.716975
32702,0.704864
32703,0.911807
32704,0.740018
32705,0.69629
32706,0.823365
32707,0.584705
32708,0.909617
32709,0.651758
32710,0.413964
32711,0.780497
32712,0.830116
32713,0.717614
32714,0.772158
32715,0.921366
32716,0.884258
32717,0.738768
32718,0.939438
32719,0.951606
32720,0.464147
32721,0.602747
32722,0.547109
32723,0.567448
32724,0.94864
32725,0.334458
32726,0.485436
32727,0.891766
32728,0.937631
32729,0.548222
32730,0.694055
32731,0.351356
32732,0.838072
32733,0.714788
32734,0.746603
32735,0.930985
32736,0.770159
32737,0.862078
32738,0.959118
32739,0.758173
32740,0.66823
32741,0.674681
32742,0.098805
32743,0.734643
32744,0.459641
32745,0.26732
32746,0.909239
32747,0.858488
32748,0.091386
32749,0.705235
32750,0.678569
32751,0.722756
32752,0.885356
32753,0.828566
32754,0.782614
32755,0.926566
32756,0.677713
32757,0.869944
32758,0.702096
32759,0.589128
32760,0.828051
32761,0.953093
32762,0.855536
32763,0.690662
32764,0.666739
32765,0.051984
32766,0.457814
32767,0.559229
32768,0.591454
32769,0.965601
32770,0.49758
32771,0.71172
32772,0.681587
32773,0.789837
32774,0.830193
32775,0.954093
32776,0.890355
32777,0.892446
32778,0.656209
32779,0.918674
32780,0.853449
32781,0.526208
32782,0.607692
32783,0.822496
32784,0.910953
32785,0.522032
32786,0.090558
32787,0.905453
32788,0.58453
32789,0.773992
32790,0.602013
32791,0.887659
32792,0.766704
32793,0.619399
32794,0.666097
32795,0.837393
32796,0.507534
32797,0.957892
32798,0.834144
32799,0.817819
32800,0.694816
32801,0.959011
32802,0.612582
32803,0.960576
32804,0.279369
32805,0.907834
32806,0.830268
32807,0.129278
32808,0.847605
32809,0.67263
32810,0.640309
32811,0.696403
32812,0.865061
32813,0.835986
32814,0.806356
32815,0.658324
32816,0.873176
32817,0.757164
32818,0.690668
32819,0.518223
32820,0.695011
32821,0.606216
32822,0.616454
32823,0.837049
32824,0.945438
32825,0.230918
32826,0.813446
32827,0.900002
32828,0.790284
32829,0.799628
32830,0.538725
32831,0.839092
32832,0.755908
32833,0.612176
32834,0.787702
32835,0.681347
32836,0.644341
32837,0.588084
32838,0.799403
32839,0.880155
32840,0.762239
32841,0.684851
32842,0.934119
32843,0.714382
32844,0.724636
32845,0.756664
32846,0.751521
32847,0.912601
32848,0.804016
32849,0.675902
32850,0.825887
32851,0.492378
32852,0.733618
32853,0.760521
32854,0.568886
32855,0.703563
32856,0.950559
32857,0.635442
32858,0.764901
32859,0.862209
32860,0.67404
32861,0.720405
32862,0.780173
32863,0.59253
32864,0.873468
32865,0.349977
32866,0.955419
32867,0.722354
32868,0.641517
32869,0.813008
32870,0.699477
32871,0.721358
32872,0.537769
32873,0.746017
32874,0.744203
32875,0.777133
32876,0.922115
32877,0.842224
32878,0.766555
32879,0.905032
32880,0.13922
32881,0.859725
32882,0.634513
32883,0.881785
32884,0.956571
32885,0.951694
32886,0.924213
32887,0.623603
32888,0.566239
32889,0.829276
32890,0.896027
32891,0.928913
32892,0.632649
32893,0.287819
32894,0.905366
32895,0.862857
32896,0.620271
32897,0.660629
32898,0.905382
32899,0.701556
32900,0.922396
32901,0.620954
32902,0.573261
32903,0.803298
32904,0.216261
32905,0.955539
32906,0.705069
32907,0.903269
32908,0.768784
32909,0.891858
32910,0.716121
32911,0.856554
32912,0.77915
32913,0.922254
32914,0.650987
32915,0.943819
32916,0.525388
32917,0.926714
32918,0.961391
32919,0.865469
32920,0.327752
32921,0.506353
32922,0.63718
32923,0.564315
32924,0.951544
32925,0.698368
32926,0.948839
32927,0.949847
32928,0.401152
32929,0.740291
32930,0.762333
32931,0.826429
32932,0.844194
32933,0.561309
32934,0.936767
32935,0.726022
32936,0.621767
32937,0.9558
32938,0.720645
32939,0.654583
32940,0.819845
32941,0.656598
32942,0.600487
32943,0.872366
32944,0.911362
32945,0.946003
32946,0.850626
32947,0.586898
32948,0.951899
32949,0.612583
32950,0.954291
32951,0.877161
32952,0.669872
32953,0.762216
32954,0.874751
32955,0.554971
32956,0.93626
32957,0.496347
32958,0.581866
32959,0.923192
32960,0.722333
32961,0.77501
32962,0.889303
32963,0.250075
32964,0.797273
32965,0.860358
32966,0.656826
32967,0.792812
32968,0.8527
32969,0.48243
32970,0.903917
32971,0.446591
32972,0.840319
32973,0.631762
32974,0.741377
32975,0.427515
32976,0.739138
32977,0.810176
32978,0.889007
32979,0.921433
32980,0.910195
32981,0.884332
32982,0.697391
32983,0.917138
32984,0.59402
32985,0.63405
32986,0.817899
32987,0.528874
32988,0.552124
32989,0.630201
32990,0.907869
32991,0.943694
32992,0.693393
32993,0.871548
32994,0.544914
32995,0.85159
32996,0.698225
32997,0.761548
32998,0.871343
32999,0.697155
33000,0.498315
33001,0.729638
33002,0.886771
33003,0.842356
33004,0.579473
33005,0.953369
33006,0.569651
33007,0.551165
33008,0.473085
33009,0.79312
33010,0.957443
33011,0.261876
33012,0.578836
33013,0.801067
33014,0.695495
33015,0.902676
33016,0.53382
33017,0.912364
33018,0.409639
33019,0.875615
33020,0.949254
33021,0.764915
33022,0.531461
33023,0.778708
33024,0.561071
33025,0.959875
33026,0.685048
33027,0.616945
33028,0.714298
33029,0.805245
33030,0.874056
33031,0.754549
33032,0.928595
33033,0.843639
33034,0.660443
33035,0.847907
33036,0.706436
33037,0.607416
33038,0.924876
33039,0.7099
33040,0.81259
33041,0.667912
33042,0.16767
33043,0.955523
33044,0.732436
33045,0.869802
33046,0.724034
33047,0.37899
33048,0.776813
33049,0.470214
33050,0.923624
33051,0.1378
33052,0.956651
33053,0.554233
33054,0.961104
33055,0.456626
33056,0.919756
33057,0.362843
33058,0.914917
33059,0.801358
33060,0.376308
33061,0.202052
33062,0.622676
33063,0.891339
33064,0.650768
33065,0.724556
33066,0.436456
33067,0.929626
33068,0.185644
33069,0.795103
33070,0.915543
33071,0.899816
33072,0.704611
33073,0.585768
33074,0.69812
33075,0.062405
33076,0.648185
33077,0.692133
33078,0.690322
33079,0.723036
33080,0.760941
33081,0.813264
33082,0.893426
33083,0.831015
33084,0.693516
33085,0.777512
33086,0.708314
33087,0.820989
33088,0.51879
33089,0.846445
33090,0.693044
33091,0.965009
33092,0.893988
33093,0.676968
33094,0.721289
33095,0.665796
33096,0.890802
33097,0.738504
33098,0.538397
33099,0.532937
33100,0.882357
33101,0.72779
33102,0.934018
33103,0.510416
33104,0.897442
33105,0.888453
33106,0.685329
33107,0.588341
33108,0.791962
33109,0.55793
33110,0.697129
33111,0.855586
33112,0.90957
33113,0.534835
33114,0.76741
33115,0.699403
33116,0.727556
33117,0.896496
33118,0.789892
33119,0.687267
33120,0.891626
33121,0.826707
33122,0.807467
33123,0.786561
33124,0.750478
33125,0.780675
33126,0.72345
33127,0.698568
33128,0.537372
33129,0.623179
33130,0.47669
33131,0.886108
33132,0.693426
33133,0.87126
33134,0.799727
33135,0.853432
33136,0.618481
33137,0.768027
33138,0.902658
33139,0.934055
33140,0.693124
33141,0.953308
33142,0.594762
33143,0.813205
33144,0.64233
33145,0.705249
33146,0.581063
33147,0.642114
33148,0.885289
33149,0.785879
33150,0.64292
33151,0.518517
33152,0.81719
33153,0.932052
33154,0.939072
33155,0.884502
33156,0.911468
33157,0.876916
33158,0.603388
33159,0.613086
33160,0.953674
33161,0.492251
33162,0.827755
33163,0.848604
33164,0.882497
33165,0.906065
33166,0.558264
33167,0.57436
33168,0.908879
33169,0.954846
33170,0.936837
33171,0.839187
33172,0.83883
33173,0.728355
33174,0.428585
33175,0.699211
33176,0.884119
33177,0.93963
33178,0.78369
33179,0.828945
33180,0.929566
33181,0.897992
33182,0.100553
33183,0.694014
33184,0.518593
33185,0.784614
33186,0.492059
33187,0.475701
33188,0.554054
33189,0.787561
33190,0.901144
33191,0.880975
33192,0.082112
33193,0.830761
33194,0.842371
33195,0.842297
33196,0.805007
33197,0.468606
33198,0.89564
33199,0.521159
33200,0.061989
33201,0.84171
33202,0.786273
33203,0.797197
33204,0.401236
33205,0.959541
33206,0.96205
33207,0.673366
33208,0.744672
33209,0.52736
33210,0.708501
33211,0.070072
33212,0.798565
33213,0.582704
33214,0.609315
33215,0.753718
33216,0.369696
33217,0.734646
33218,0.683647
33219,0.922527
33220,0.591963
33221,0.669992
33222,0.489662
33223,0.905814
33224,0.089085
33225,0.550909
33226,0.709138
33227,0.602588
33228,0.963208
33229,0.721504
33230,0.561933
33231,0.707855
33232,0.897592
33233,0.910218
33234,0.741583
33235,0.958717
33236,0.733558
33237,0.142241
33238,0.764942
33239,0.60038
33240,0.522381
33241,0.868691
33242,0.829076
33243,0.56094
33244,0.631967
33245,0.700504
33246,0.404951
33247,0.693854
33248,0.652458
33249,0.799001
33250,0.681734
33251,0.652317
33252,0.770984
33253,0.679596
33254,0.64347
33255,0.781714
33256,0.910427
33257,0.482544
33258,0.925064
33259,0.912675
33260,0.647806
33261,0.663576
33262,0.680434
33263,0.693067
33264,0.356778
33265,0.746112
33266,0.718104
33267,0.811645
33268,0.876395
33269,0.432521
33270,0.695918
33271,0.808243
33272,0.679766
33273,0.8332
33274,0.757627
33275,0.93668
33276,0.895765
33277,0.951329
33278,0.692391
33279,0.922283
33280,0.545026
33281,0.704138
33282,0.484504
33283,0.690994
33284,0.886002
33285,0.778911
33286,0.276621
33287,0.584056
33288,0.74525
33289,0.917125
33290,0.070873
33291,0.617561
33292,0.77611
33293,0.480704
33294,0.71277
33295,0.725901
33296,0.920023
33297,0.793625
33298,0.923422
33299,0.70849
33300,0.083528
33301,0.678295
33302,0.779759
33303,0.561935
33304,0.587918
33305,0.565949
33306,0.507387
33307,0.857205
33308,0.860205
33309,0.793199
33310,0.857398
33311,0.710706
33312,0.932183
33313,0.770886
33314,0.614333
33315,0.912174
33316,0.572049
33317,0.959088
33318,0.618451
33319,0.817768
33320,0.605811
33321,0.780153
33322,0.954234
33323,0.800525
33324,0.920293
33325,0.862114
33326,0.550213
33327,0.888374
33328,0.952381
33329,0.815069
33330,0.954532
33331,0.208186
33332,0.711681
33333,0.703716
33334,0.623362
33335,0.500351
33336,0.604535
33337,0.927367
33338,0.629257
33339,0.553265
33340,0.45009
33341,0.871952
33342,0.707005
33343,0.236678
33344,0.954343
33345,0.630599
33346,0.957505
33347,0.778973
33348,0.926236
33349,0.802782
33350,0.441416
33351,0.867512
33352,0.720564
33353,0.882173
33354,0.095875
33355,0.556008
33356,0.5203
33357,0.928262
33358,0.311074
33359,0.612697
33360,0.740667
33361,0.435373
33362,0.849308
33363,0.088557
33364,0.566362
33365,0.730332
33366,0.785903
33367,0.794348
33368,0.727565
33369,0.892021
33370,0.723702
33371,0.868121
33372,0.62613
33373,0.949164
33374,0.74258
33375,0.790212
33376,0.0756
33377,0.320185
33378,0.704787
33379,0.876764
33380,0.921465
33381,0.95154
33382,0.593472
33383,0.28313
33384,0.714312
33385,0.804196
33386,0.783592
33387,0.859359
33388,0.782413
33389,0.958111
33390,0.637924
33391,0.814834
33392,0.231225
33393,0.535436
33394,0.707452
33395,0.702527
33396,0.834463
33397,0.572093
33398,0.874208
33399,0.768853
33400,0.777425
33401,0.761991
33402,0.31166
33403,0.887451
33404,0.58986
33405,0.578111
33406,0.606123
33407,0.807072
33408,0.759408
33409,0.460503
33410,0.753607
33411,0.84817
33412,0.713752
33413,0.605435
33414,0.706912
33415,0.849444
33416,0.738615
33417,0.93452
33418,0.925813
33419,0.78054
33420,0.928885
33421,0.682338
33422,0.438379
33423,0.691894
33424,0.955422
33425,0.907832
33426,0.696083
33427,0.735369
33428,0.81426
33429,0.776322
33430,0.753545
33431,0.576481
33432,0.716164
33433,0.844226
33434,0.788186
33435,0.859479
33436,0.959842
33437,0.671379
33438,0.627782
33439,0.691944
33440,0.729746
33441,0.554665
33442,0.242628
33443,0.500653
33444,0.884696
33445,0.719517
33446,0.65913
33447,0.888259
33448,0.711744
33449,0.602552
33450,0.912187
33451,0.853165
33452,0.15068
33453,0.918758
33454,0.796414
33455,0.919022
33456,0.731124
33457,0.936934
33458,0.59273
33459,0.635568
33460,0.886271
33461,0.710994
33462,0.781591
33463,0.850418
33464,0.883494
33465,0.49784
33466,0.918414
33467,0.655965
33468,0.740333
33469,0.891856
33470,0.943661
33471,0.821054
33472,0.453966
33473,0.577623
33474,0.628269
33475,0.76037
33476,0.940241
33477,0.55083
33478,0.803343
33479,0.396618
33480,0.606876
33481,0.954495
33482,0.854818
33483,0.886753
33484,0.552033
33485,0.674139
33486,0.912949
33487,0.58417
33488,0.610831
33489,0.772341
33490,0.590073
33491,0.492636
33492,0.961642
33493,0.819743
33494,0.945737
33495,0.873248
33496,0.892448
33497,0.795137
33498,0.557591
33499,0.882131
33500,0.899492
33501,0.94653
33502,0.789509
33503,0.916735
33504,0.703479
33505,0.78572
33506,0.804885
33507,0.608742
33508,0.843928
33509,0.795763
33510,0.618733
33511,0.949893
33512,0.854809
33513,0.849097
33514,0.824988
33515,0.669533
33516,0.927243
33517,0.751333
33518,0.812684
33519,0.203699
33520,0.932105
33521,0.788407
33522,0.85933
33523,0.869338
33524,0.895792
33525,0.557718
33526,0.87424
33527,0.832876
33528,0.930053
33529,0.633823
33530,0.897211
33531,0.571472
33532,0.600597
33533,0.543254
33534,0.485123
33535,0.918568
33536,0.910585
33537,0.798623
33538,0.707591
33539,0.818822
33540,0.740724
33541,0.767515
33542,0.933901
33543,0.791135
33544,0.085342
33545,0.906952
33546,0.791415
33547,0.95316
33548,0.761841
33549,0.537701
33550,0.84536
33551,0.70285
33552,0.081881
33553,0.690108
33554,0.738735
33555,0.857118
33556,0.204619
33557,0.574814
33558,0.515839
33559,0.903221
33560,0.886249
33561,0.753249
33562,0.762708
33563,0.894745
33564,0.957499
33565,0.548106
33566,0.840149
33567,0.683412
33568,0.750415
33569,0.664776
33570,0.741696
33571,0.881507
33572,0.800563
33573,0.659069
33574,0.695158
33575,0.766474
33576,0.908559
33577,0.718164
33578,0.836736
33579,0.864245
33580,0.820802
33581,0.834883
33582,0.944
33583,0.804477
33584,0.92228
33585,0.843679
33586,0.568926
33587,0.892783
33588,0.957991
33589,0.678946
33590,0.674816
33591,0.879396
33592,0.865678
33593,0.94372
33594,0.931486
33595,0.600683
33596,0.586804
33597,0.743133
33598,0.59292
33599,0.813614
33600,0.736922
33601,0.513745
33602,0.602786
33603,0.961378
33604,0.747803
33605,0.951354
33606,0.828675
33607,0.96169
33608,0.637915
33609,0.538389
33610,0.962852
33611,0.561894
33612,0.754411
33613,0.894363
33614,0.775706
33615,0.898139
33616,0.824897
33617,0.89562
33618,0.896698
33619,0.776923
33620,0.691927
33621,0.14249
33622,0.837759
33623,0.956634
33624,0.825
33625,0.82562
33626,0.775057
33627,0.80411
33628,0.922255
33629,0.606272
33630,0.908368
33631,0.950377
33632,0.820241
33633,0.690669
33634,0.715921
33635,0.884237
33636,0.791615
33637,0.507135
33638,0.774973
33639,0.672714
33640,0.503726
33641,0.927212
33642,0.704285
33643,0.930979
33644,0.538423
33645,0.943001
33646,0.53347
33647,0.868279
33648,0.719604
33649,0.585351
33650,0.387505
33651,0.271427
33652,0.614418
33653,0.642467
33654,0.692808
33655,0.720999
33656,0.460485
33657,0.918914
33658,0.737355
33659,0.943564
33660,0.920961
33661,0.854912
33662,0.802998
33663,0.34194
33664,0.807288
33665,0.920966
33666,0.09807
33667,0.961101
33668,0.810071
33669,0.747685
33670,0.812422
33671,0.771108
33672,0.604308
33673,0.955542
33674,0.817611
33675,0.73406
33676,0.947953
33677,0.694258
33678,0.778918
33679,0.613089
33680,0.540789
33681,0.586805
33682,0.155822
33683,0.792046
33684,0.735647
33685,0.840768
33686,0.795055
33687,0.754647
33688,0.791769
33689,0.733276
33690,0.706952
33691,0.690813
33692,0.578113
33693,0.554921
33694,0.958868
33695,0.633088
33696,0.426747
33697,0.622293
33698,0.752694
33699,0.956119
33700,0.957978
33701,0.649707
33702,0.935868
33703,0.64002
33704,0.829851
33705,0.786985
33706,0.444349
33707,0.679391
33708,0.928223
33709,0.722372
33710,0.759884
33711,0.133457
33712,0.899907
33713,0.925982
33714,0.822552
33715,0.783527
33716,0.74108
33717,0.691783
33718,0.89068
33719,0.627619
33720,0.922758
33721,0.51447
33722,0.7019
33723,0.926876
33724,0.958639
33725,0.933066
33726,0.760214
33727,0.708474
33728,0.863246
33729,0.694459
33730,0.506278
33731,0.919559
33732,0.670419
33733,0.944964
33734,0.774498
33735,0.771863
33736,0.907959
33737,0.891125
33738,0.567246
33739,0.637125
33740,0.818232
33741,0.640622
33742,0.253827
33743,0.553226
33744,0.822183
33745,0.66594
33746,0.707397
33747,0.943094
33748,0.543213
33749,0.783119
33750,0.759538
33751,0.86855
33752,0.955091
33753,0.750107
33754,0.589115
33755,0.864633
33756,0.930734
33757,0.611395
33758,0.927609
33759,0.763871
33760,0.892992
33761,0.867828
33762,0.660736
33763,0.652321
33764,0.83027
33765,0.805265
33766,0.682344
33767,0.132848
33768,0.683887
33769,0.563648
33770,0.704921
33771,0.820009
33772,0.603284
33773,0.936453
33774,0.948072
33775,0.788967
33776,0.763869
33777,0.752561
33778,0.576227
33779,0.921349
33780,0.243268
33781,0.937597
33782,0.686114
33783,0.850751
33784,0.954248
33785,0.825049
33786,0.577014
33787,0.809967
33788,0.695728
33789,0.790493
33790,0.698677
33791,0.876763
33792,0.943326
33793,0.617886
33794,0.547421
33795,0.908774
33796,0.80227
33797,0.710682
33798,0.637876
33799,0.554682
33800,0.874742
33801,0.918911
33802,0.051038
33803,0.77834
33804,0.604422
33805,0.950606
33806,0.066884
33807,0.907832
33808,0.804102
33809,0.573202
33810,0.864982
33811,0.620126
33812,0.95456
33813,0.797747
33814,0.907853
33815,0.597049
33816,0.626335
33817,0.954776
33818,0.705899
33819,0.723102
33820,0.772649
33821,0.656398
33822,0.883417
33823,0.080972
33824,0.681217
33825,0.823747
33826,0.934671
33827,0.070583
33828,0.815978
33829,0.795965
33830,0.945152
33831,0.8589
33832,0.905127
33833,0.938078
33834,0.867521
33835,0.955706
33836,0.69533
33837,0.956036
33838,0.776078
33839,0.916846
33840,0.561729
33841,0.952315
33842,0.789855
33843,0.714525
33844,0.77384
33845,0.61473
33846,0.407168
33847,0.77627
33848,0.801586
33849,0.944701
33850,0.120991
33851,0.938765
33852,0.635976
33853,0.566322
33854,0.604138
33855,0.554969
33856,0.701878
33857,0.694225
33858,0.90671
33859,0.960884
33860,0.529894
33861,0.799618
33862,0.864653
33863,0.757822
33864,0.913787
33865,0.532189
33866,0.628849
33867,0.877918
33868,0.598523
33869,0.881008
33870,0.548097
33871,0.73901
33872,0.575911
33873,0.733168
33874,0.716376
33875,0.895158
33876,0.898824
33877,0.805236
33878,0.896712
33879,0.684158
33880,0.718511
33881,0.752895
33882,0.724259
33883,0.775517
33884,0.78832
33885,0.436622
33886,0.934617
33887,0.842382
33888,0.785409
33889,0.467018
33890,0.759314
33891,0.748625
33892,0.508852
33893,0.865386
33894,0.769154
33895,0.84313
33896,0.756519
33897,0.797772
33898,0.61609
33899,0.766362
33900,0.930618
33901,0.698705
33902,0.526558
33903,0.728979
33904,0.89786
33905,0.563788
33906,0.52161
33907,0.75745
33908,0.937373
33909,0.608286
33910,0.87755
33911,0.863874
33912,0.748018
33913,0.803492
33914,0.700193
33915,0.819426
33916,0.562821
33917,0.891633
33918,0.961941
33919,0.67936
33920,0.661693
33921,0.947835
33922,0.929768
33923,0.546497
33924,0.64694
33925,0.607412
33926,0.360127
33927,0.951806
33928,0.648893
33929,0.950927
33930,0.739653
33931,0.543144
33932,0.692183
33933,0.65071
33934,0.913748
33935,0.692913
33936,0.96265
33937,0.464278
33938,0.182828
33939,0.859584
33940,0.691529
33941,0.682582
33942,0.944933
33943,0.734772
33944,0.781857
33945,0.741707
33946,0.686618
33947,0.59237
33948,0.597134
33949,0.465902
33950,0.859448
33951,0.633003
33952,0.548774
33953,0.803631
33954,0.870492
33955,0.925888
33956,0.772088
33957,0.868403
33958,0.581086
33959,0.871309
33960,0.838038
33961,0.876615
33962,0.826751
33963,0.85952
33964,0.58306
33965,0.617994
33966,0.864545
33967,0.855737
33968,0.500612
33969,0.95483
33970,0.718097
33971,0.672452
33972,0.751513
33973,0.654616
33974,0.624875
33975,0.712291
33976,0.859843
33977,0.739008
33978,0.812243
33979,0.838663
33980,0.954142
33981,0.794894
33982,0.962287
33983,0.834374
33984,0.53742
33985,0.914024
33986,0.781748
33987,0.861306
33988,0.622498
33989,0.843252
33990,0.70584
33991,0.758812
33992,0.704527
33993,0.815458
33994,0.701254
33995,0.890753
33996,0.651546
33997,0.961096
33998,0.609715
33999,0.846458
34000,0.954264
34001,0.849479
34002,0.63324
34003,0.841357
34004,0.745472
34005,0.888084
34006,0.860545
34007,0.733499
34008,0.759202
34009,0.465892
34010,0.590571
34011,0.687567
34012,0.424433
34013,0.868176
34014,0.776735
34015,0.47599
34016,0.774861
34017,0.67457
34018,0.636598
34019,0.817782
34020,0.883435
34021,0.842077
34022,0.610236
34023,0.871206
34024,0.655774
34025,0.528856
34026,0.765742
34027,0.893967
34028,0.616861
34029,0.740908
34030,0.850392
34031,0.805178
34032,0.94759
34033,0.742184
34034,0.912134
34035,0.904198
34036,0.452284
34037,0.868041
34038,0.960846
34039,0.07605
34040,0.627473
34041,0.671538
34042,0.558052
34043,0.89683
34044,0.914805
34045,0.860358
34046,0.548354
34047,0.449011
34048,0.412451
34049,0.59309
34050,0.470477
34051,0.603257
34052,0.601972
34053,0.802594
34054,0.95946
34055,0.835365
34056,0.549758
34057,0.776117
34058,0.471756
34059,0.486661
34060,0.741661
34061,0.927934
34062,0.809129
34063,0.893799
34064,0.536397
34065,0.621991
34066,0.869633
34067,0.77177
34068,0.798433
34069,0.823553
34070,0.893591
34071,0.91009
34072,0.668815
34073,0.531167
34074,0.471594
34075,0.844189
34076,0.753255
34077,0.954766
34078,0.813132
34079,0.83423
34080,0.460616
34081,0.926894
34082,0.538358
34083,0.86519
34084,0.846385
34085,0.800135
34086,0.892494
34087,0.659856
34088,0.599994
34089,0.695972
34090,0.741014
34091,0.941288
34092,0.495741
34093,0.542934
34094,0.841736
34095,0.909797
34096,0.638178
34097,0.823697
34098,0.742269
34099,0.577168
34100,0.84017
34101,0.947713
34102,0.78346
34103,0.827245
34104,0.779986
34105,0.794027
34106,0.80933
34107,0.861254
34108,0.61353
34109,0.812449
34110,0.769535
34111,0.425739
34112,0.885545
34113,0.848582
34114,0.913375
34115,0.812157
34116,0.430298
34117,0.662687
34118,0.878531
34119,0.84523
34120,0.911212
34121,0.731316
34122,0.832754
34123,0.130941
34124,0.955427
34125,0.873781
34126,0.592095
34127,0.846037
34128,0.81311
34129,0.513049
34130,0.937721
34131,0.588162
34132,0.636333
34133,0.934327
34134,0.899015
34135,0.258466
34136,0.760627
34137,0.922963
34138,0.636886
34139,0.785851
34140,0.955906
34141,0.885397
34142,0.573622
34143,0.552786
34144,0.598269
34145,0.762829
34146,0.476559
34147,0.761493
34148,0.897432
34149,0.100355
34150,0.785449
34151,0.799011
34152,0.679452
34153,0.849068
34154,0.740478
34155,0.80722
34156,0.773526
34157,0.759405
34158,0.516174
34159,0.795095
34160,0.609814
34161,0.509262
34162,0.756423
34163,0.835294
34164,0.528675
34165,0.960013
34166,0.720149
34167,0.562322
34168,0.734828
34169,0.494574
34170,0.060583
34171,0.600012
34172,0.716681
34173,0.70448
34174,0.551437
34175,0.060228
34176,0.686676
34177,0.445588
34178,0.847561
34179,0.571457
34180,0.702775
34181,0.936919
34182,0.894823
34183,0.866097
34184,0.639723
34185,0.546017
34186,0.872769
34187,0.678932
34188,0.793892
34189,0.773219
34190,0.946749
34191,0.704131
34192,0.826131
34193,0.381754
34194,0.933861
34195,0.742547
34196,0.42388
34197,0.786633
34198,0.811659
34199,0.433249
34200,0.86995
34201,0.926079
34202,0.476745
34203,0.685428
34204,0.716153
34205,0.790216
34206,0.633586
34207,0.513446
34208,0.92567
34209,0.67146
34210,0.74475
34211,0.447655
34212,0.618142
34213,0.806282
34214,0.745504
34215,0.580602
34216,0.911013
34217,0.915582
34218,0.624617
34219,0.498809
34220,0.598479
34221,0.895417
34222,0.153352
34223,0.599865
34224,0.513715
34225,0.511668
34226,0.808118
34227,0.901657
34228,0.469895
34229,0.938548
34230,0.569334
34231,0.705057
34232,0.773569
34233,0.75575
34234,0.478383
34235,0.54397
34236,0.884552
34237,0.865182
34238,0.929305
34239,0.834327
34240,0.721054
34241,0.662068
34242,0.656597
34243,0.842865
34244,0.763319
34245,0.853603
34246,0.776139
34247,0.551357
34248,0.879642
34249,0.945667
34250,0.618187
34251,0.548851
34252,0.56189
34253,0.588429
34254,0.723037
34255,0.914607
34256,0.885589
34257,0.788248
34258,0.725482
34259,0.942333
34260,0.674129
34261,0.710093
34262,0.709483
34263,0.635935
34264,0.794546
34265,0.099458
34266,0.836865
34267,0.910607
34268,0.73179
34269,0.944812
34270,0.673793
34271,0.965805
34272,0.939894
34273,0.775692
34274,0.76755
34275,0.876678
34276,0.726288
34277,0.587212
34278,0.483289
34279,0.807942
34280,0.516018
34281,0.26411
34282,0.747752
34283,0.597562
34284,0.715912
34285,0.611859
34286,0.777625
34287,0.753814
34288,0.602738
34289,0.835112
34290,0.138318
34291,0.927247
34292,0.509541
34293,0.909843
34294,0.884417
34295,0.793484
34296,0.81819
34297,0.600401
34298,0.920712
34299,0.774256
34300,0.564465
34301,0.942474
34302,0.834954
34303,0.734875
34304,0.951782
34305,0.562275
34306,0.855182
34307,0.700061
34308,0.94372
34309,0.906561
34310,0.761481
34311,0.651209
34312,0.837743
34313,0.777401
34314,0.803671
34315,0.721246
34316,0.727384
34317,0.644828
34318,0.676363
34319,0.585085
34320,0.864266
34321,0.616245
34322,0.667799
34323,0.871759
34324,0.858317
34325,0.282068
34326,0.785932
34327,0.885162
34328,0.467466
34329,0.660075
34330,0.920213
34331,0.94687
34332,0.53872
34333,0.685664
34334,0.951294
34335,0.737106
34336,0.687933
34337,0.876078
34338,0.776673
34339,0.950771
34340,0.937812
34341,0.552466
34342,0.88695
34343,0.815025
34344,0.694221
34345,0.771677
34346,0.797656
34347,0.652449
34348,0.708563
34349,0.550948
34350,0.907206
34351,0.67301
34352,0.681353
34353,0.937216
34354,0.570206
34355,0.878058
34356,0.818389
34357,0.670745
34358,0.933629
34359,0.469814
34360,0.850721
34361,0.596737
34362,0.666717
34363,0.837758
34364,0.783841
34365,0.720173
34366,0.82907
34367,0.16744
34368,0.815154
34369,0.661581
34370,0.787833
34371,0.478372
34372,0.841417
34373,0.791189
34374,0.926894
34375,0.798204
34376,0.956242
34377,0.688775
34378,0.691876
34379,0.641885
34380,0.849744
34381,0.906541
34382,0.814252
34383,0.561548
34384,0.531579
34385,0.683167
34386,0.314345
34387,0.931243
34388,0.939032
34389,0.817244
34390,0.659644
34391,0.928199
34392,0.805551
34393,0.836139
34394,0.895816
34395,0.962364
34396,0.519568
34397,0.763237
34398,0.821647
34399,0.65452
34400,0.945638
34401,0.676505
34402,0.538559
34403,0.715146
34404,0.738119
34405,0.687302
34406,0.742319
34407,0.80916
34408,0.739941
34409,0.446454
34410,0.682519
34411,0.782023
34412,0.712025
34413,0.763269
34414,0.586091
34415,0.95839
34416,0.903843
34417,0.864427
34418,0.861035
34419,0.689241
34420,0.554545
34421,0.712156
34422,0.913767
34423,0.607187
34424,0.696323
34425,0.588385
34426,0.831517
34427,0.898139
34428,0.782842
34429,0.71817
34430,0.915273
34431,0.215054
34432,0.774826
34433,0.955041
34434,0.962974
34435,0.625202
34436,0.523927
34437,0.469432
34438,0.831708
34439,0.867445
34440,0.770667
34441,0.952041
34442,0.607149
34443,0.742437
34444,0.720739
34445,0.706007
34446,0.561892
34447,0.730879
34448,0.713344
34449,0.808082
34450,0.960058
34451,0.915051
34452,0.815017
34453,0.867064
34454,0.662534
34455,0.907733
34456,0.814365
34457,0.734204
34458,0.653003
34459,0.840419
34460,0.744465
34461,0.585884
34462,0.96149
34463,0.714953
34464,0.799709
34465,0.703532
34466,0.74196
34467,0.6212
34468,0.09623
34469,0.69863
34470,0.845186
34471,0.67477
34472,0.958054
34473,0.628609
34474,0.593433
34475,0.879145
34476,0.897778
34477,0.89337
34478,0.7453
34479,0.790071
34480,0.64581
34481,0.6904
34482,0.952133
34483,0.38466
34484,0.817514
34485,0.691352
34486,0.832446
34487,0.540171
34488,0.569692
34489,0.506542
34490,0.933988
34491,0.728815
34492,0.571272
34493,0.582172
34494,0.435694
34495,0.893881
34496,0.935965
34497,0.570691
34498,0.737268
34499,0.651856
34500,0.471889
34501,0.518386
34502,0.839538
34503,0.714975
34504,0.579079
34505,0.664044
34506,0.492993
34507,0.808382
34508,0.920572
34509,0.65514
34510,0.714445
34511,0.644377
34512,0.068913
34513,0.923166
34514,0.735019
34515,0.585524
34516,0.775255
34517,0.822893
34518,0.948735
34519,0.230326
34520,0.837242
34521,0.764772
34522,0.147439
34523,0.746752
34524,0.871358
34525,0.909977
34526,0.917839
34527,0.927014
34528,0.899025
34529,0.698393
34530,0.78232
34531,0.526645
34532,0.585917
34533,0.512917
34534,0.918034
34535,0.777417
34536,0.690519
34537,0.883625
34538,0.750754
34539,0.717477
34540,0.842356
34541,0.339166
34542,0.817469
34543,0.776812
34544,0.846351
34545,0.952549
34546,0.295363
34547,0.581369
34548,0.821404
34549,0.915754
34550,0.954625
34551,0.495138
34552,0.688475
34553,0.858903
34554,0.732424
34555,0.789968
34556,0.769795
34557,0.887524
34558,0.719159
34559,0.816542
34560,0.791578
34561,0.588089
34562,0.919004
34563,0.959038
34564,0.833302
34565,0.962398
34566,0.672936
34567,0.821291
34568,0.784196
34569,0.929191
34570,0.677992
34571,0.702292
34572,0.509534
34573,0.64572
34574,0.511893
34575,0.646046
34576,0.696052
34577,0.831078
34578,0.763182
34579,0.930403
34580,0.855051
34581,0.918837
34582,0.947558
34583,0.757317
34584,0.728041
34585,0.505865
34586,0.514516
34587,0.137291
34588,0.839704
34589,0.527565
34590,0.707491
34591,0.874724
34592,0.729895
34593,0.652225
34594,0.117286
34595,0.801818
34596,0.861032
34597,0.472193
34598,0.716244
34599,0.6509
34600,0.813101
34601,0.927778
34602,0.920559
34603,0.891582
34604,0.901362
34605,0.623453
34606,0.711644
34607,0.838987
34608,0.817568
34609,0.58373
34610,0.888632
34611,0.610231
34612,0.770195
34613,0.542409
34614,0.605493
34615,0.905391
34616,0.91709
34617,0.659232
34618,0.771546
34619,0.320251
34620,0.612856
34621,0.879323
34622,0.626935
34623,0.906519
34624,0.95761
34625,0.780347
34626,0.644323
34627,0.813922
34628,0.596838
34629,0.589301
34630,0.853451
34631,0.743571
34632,0.490257
34633,0.940507
34634,0.566098
34635,0.745274
34636,0.566943
34637,0.57199
34638,0.32845
34639,0.907572
34640,0.146642
34641,0.701218
34642,0.951467
34643,0.595985
34644,0.526321
34645,0.90056
34646,0.74684
34647,0.890245
34648,0.436904
34649,0.831733
34650,0.762577
34651,0.456579
34652,0.428871
34653,0.854379
34654,0.944824
34655,0.510961
34656,0.952904
34657,0.863088
34658,0.951606
34659,0.716647
34660,0.065319
34661,0.645866
34662,0.465006
34663,0.915899
34664,0.941962
34665,0.807082
34666,0.87165
34667,0.899636
34668,0.538887
34669,0.892108
34670,0.899912
34671,0.819838
34672,0.947765
34673,0.779294
34674,0.911402
34675,0.748511
34676,0.955585
34677,0.55068
34678,0.596814
34679,0.350239
34680,0.830962
34681,0.685321
34682,0.721903
34683,0.753525
34684,0.707715
34685,0.773716
34686,0.600218
34687,0.56282
34688,0.609049
34689,0.755231
34690,0.878485
34691,0.590456
34692,0.59827
34693,0.885428
34694,0.900476
34695,0.590154
34696,0.572403
34697,0.791013
34698,0.809808
34699,0.708505
34700,0.730403
34701,0.730234
34702,0.540764
34703,0.578634
34704,0.677909
34705,0.877476
34706,0.941861
34707,0.872164
34708,0.916512
34709,0.822886
34710,0.863567
34711,0.952301
34712,0.631538
34713,0.685659
34714,0.925975
34715,0.774339
34716,0.738514
34717,0.648563
34718,0.745096
34719,0.93773
34720,0.741517
34721,0.792667
34722,0.787913
34723,0.18617
34724,0.714107
34725,0.882441
34726,0.708285
34727,0.956693
34728,0.846666
34729,0.946344
34730,0.726104
34731,0.820782
34732,0.775835
34733,0.883771
34734,0.737084
34735,0.737849
34736,0.667532
34737,0.606878
34738,0.879357
34739,0.782635
34740,0.630476
34741,0.585268
34742,0.65822
34743,0.592044
34744,0.829445
34745,0.811044
34746,0.694894
34747,0.864643
34748,0.56721
34749,0.543697
34750,0.86203
34751,0.909548
34752,0.636965
34753,0.729426
34754,0.710097
34755,0.956405
34756,0.583108
34757,0.89624
34758,0.483774
34759,0.688231
34760,0.925681
34761,0.669876
34762,0.898715
34763,0.84655
34764,0.877502
34765,0.930127
34766,0.779857
34767,0.892793
34768,0.565222
34769,0.597295
34770,0.757965
34771,0.573744
34772,0.882357
34773,0.957829
34774,0.81074
34775,0.701773
34776,0.656445
34777,0.882328
34778,0.792404
34779,0.857969
34780,0.767735
34781,0.419618
34782,0.943115
34783,0.81431
34784,0.780738
34785,0.924373
34786,0.266264
34787,0.681879
34788,0.808665
34789,0.800928
34790,0.656933
34791,0.57486
34792,0.903251
34793,0.717447
34794,0.80397
34795,0.884736
34796,0.828179
34797,0.700422
34798,0.796567
34799,0.559021
34800,0.814987
34801,0.96396
34802,0.957214
34803,0.471395
34804,0.707461
34805,0.417956
34806,0.86184
34807,0.42207
34808,0.647465
34809,0.537731
34810,0.560566
34811,0.844306
34812,0.712985
34813,0.776214
34814,0.657754
34815,0.940611
34816,0.742805
34817,0.535924
34818,0.846207
34819,0.824462
34820,0.957821
34821,0.581607
34822,0.784913
34823,0.868909
34824,0.646735
34825,0.655876
34826,0.916161
34827,0.829881
34828,0.962041
34829,0.465266
34830,0.904553
34831,0.674102
34832,0.665839
34833,0.884624
34834,0.443752
34835,0.56755
34836,0.939022
34837,0.943326
34838,0.785669
34839,0.853007
34840,0.358534
34841,0.682026
34842,0.78331
34843,0.819585
34844,0.735605
34845,0.818833
34846,0.730004
34847,0.632471
34848,0.520108
34849,0.454178
34850,0.104129
34851,0.476473
34852,0.916836
34853,0.871777
34854,0.084498
34855,0.943252
34856,0.871079
34857,0.949308
34858,0.55298
34859,0.658746
34860,0.621302
34861,0.663302
34862,0.723887
34863,0.690366
34864,0.790441
34865,0.918053
34866,0.95571
34867,0.679951
34868,0.790604
34869,0.708386
34870,0.857254
34871,0.747503
34872,0.756238
34873,0.916165
34874,0.705097
34875,0.566024
34876,0.631994
34877,0.360555
34878,0.931613
34879,0.634917
34880,0.951872
34881,0.840605
34882,0.585102
34883,0.87305
34884,0.669304
34885,0.923141
34886,0.61007
34887,0.792655
34888,0.568357
34889,0.817587
34890,0.884719
34891,0.77777
34892,0.671809
34893,0.777678
34894,0.551381
34895,0.904532
34896,0.57415
34897,0.678891
34898,0.843689
34899,0.931632
34900,0.575317
34901,0.930278
34902,0.497959
34903,0.814073
34904,0.585332
34905,0.785967
34906,0.665692
34907,0.854356
34908,0.786463
34909,0.863593
34910,0.781464
34911,0.560849
34912,0.949783
34913,0.703365
34914,0.719458
34915,0.484424
34916,0.31792
34917,0.763603
34918,0.593048
34919,0.882261
34920,0.659339
34921,0.751042
34922,0.179097
34923,0.590174
34924,0.608927
34925,0.848243
34926,0.074398
34927,0.686785
34928,0.715665
34929,0.849974
34930,0.630207
34931,0.678632
34932,0.601267
34933,0.952946
34934,0.053337
34935,0.816853
34936,0.921861
34937,0.897484
34938,0.600485
34939,0.727832
34940,0.778532
34941,0.561125
34942,0.41539
34943,0.070903
34944,0.955974
34945,0.27594
34946,0.74359
34947,0.3722
34948,0.617117
34949,0.920881
34950,0.541983
34951,0.726658
34952,0.721879
34953,0.796055
34954,0.812683
34955,0.909223
34956,0.807551
34957,0.83998
34958,0.7511
34959,0.891248
34960,0.691164
34961,0.254285
34962,0.606928
34963,0.886431
34964,0.55673
34965,0.732691
34966,0.9446
34967,0.498321
34968,0.687533
34969,0.618941
34970,0.859183
34971,0.921958
34972,0.632433
34973,0.462688
34974,0.539814
34975,0.874246
34976,0.886722
34977,0.850075
34978,0.5166
34979,0.958512
34980,0.742322
34981,0.790142
34982,0.950475
34983,0.741081
34984,0.437131
34985,0.909353
34986,0.744993
34987,0.663984
34988,0.63693
34989,0.724171
34990,0.941749
34991,0.796119
34992,0.903867
34993,0.807521
34994,0.737763
34995,0.816621
34996,0.821928
34997,0.865325
34998,0.954851
34999,0.577841
35000,0.883022
35001,0.668419
35002,0.9537
35003,0.798546
35004,0.53275
35005,0.951327
35006,0.79422
35007,0.7113
35008,0.853818
35009,0.95209
35010,0.960168
35011,0.902496
35012,0.593074
35013,0.91986
35014,0.746272
35015,0.642661
35016,0.737062
35017,0.484487
35018,0.860906
35019,0.818981
35020,0.682684
35021,0.848478
35022,0.820319
35023,0.910607
35024,0.871707
35025,0.894905
35026,0.677846
35027,0.747377
35028,0.947434
35029,0.957864
35030,0.654095
35031,0.577946
35032,0.757639
35033,0.575166
35034,0.865049
35035,0.692251
35036,0.655941
35037,0.683846
35038,0.260452
35039,0.909511
35040,0.85937
35041,0.444173
35042,0.721566
35043,0.917525
35044,0.465268
35045,0.677991
35046,0.915184
35047,0.730098
35048,0.684607
35049,0.891269
35050,0.743968
35051,0.683383
35052,0.95534
35053,0.613455
35054,0.526958
35055,0.757565
35056,0.824689
35057,0.840986
35058,0.842769
35059,0.494352
35060,0.649859
35061,0.83063
35062,0.384533
35063,0.683055
35064,0.589489
35065,0.80571
35066,0.696564
35067,0.686377
35068,0.731737
35069,0.616891
35070,0.714137
35071,0.452311
35072,0.494079
35073,0.946446
35074,0.741299
35075,0.69354
35076,0.855711
35077,0.598537
35078,0.929388
35079,0.680884
35080,0.786358
35081,0.893175
35082,0.91099
35083,0.820028
35084,0.824553
35085,0.746181
35086,0.670178
35087,0.780433
35088,0.940869
35089,0.854674
35090,0.783902
35091,0.947261
35092,0.898263
35093,0.73555
35094,0.572086
35095,0.576011
35096,0.88561
35097,0.939425
35098,0.590517
35099,0.580466
35100,0.07106
35101,0.696777
35102,0.812335
35103,0.466528
35104,0.854797
35105,0.545607
35106,0.651876
35107,0.709355
35108,0.839454
35109,0.47412
35110,0.600243
35111,0.446156
35112,0.64147
35113,0.81317
35114,0.661365
35115,0.672453
35116,0.813894
35117,0.822389
35118,0.853617
35119,0.847284
35120,0.631695
35121,0.594292
35122,0.535249
35123,0.18479
35124,0.915148
35125,0.574679
35126,0.837363
35127,0.89888
35128,0.820985
35129,0.774337
35130,0.947352
35131,0.924045
35132,0.58677
35133,0.369567
35134,0.746562
35135,0.864401
35136,0.105541
35137,0.860453
35138,0.64142
35139,0.594939
35140,0.635557
35141,0.616948
35142,0.695861
35143,0.956176
35144,0.719428
35145,0.953445
35146,0.810816
35147,0.486048
35148,0.787741
35149,0.843679
35150,0.750712
35151,0.951514
35152,0.530639
35153,0.842155
35154,0.518409
35155,0.803191
35156,0.895679
35157,0.931519
35158,0.339253
35159,0.801615
35160,0.636517
35161,0.935629
35162,0.536086
35163,0.927616
35164,0.905153
35165,0.791344
35166,0.915542
35167,0.646862
35168,0.943406
35169,0.60481
35170,0.759386
35171,0.695296
35172,0.749302
35173,0.462548
35174,0.082449
35175,0.738279
35176,0.948733
35177,0.916775
35178,0.841437
35179,0.942647
35180,0.714673
35181,0.778299
35182,0.933233
35183,0.957335
35184,0.534621
35185,0.878081
35186,0.915479
35187,0.814764
35188,0.826476
35189,0.695065
35190,0.62299
35191,0.773529
35192,0.534237
35193,0.928884
35194,0.836436
35195,0.639972
35196,0.276927
35197,0.535901
35198,0.942872
35199,0.87121
35200,0.617481
35201,0.754924
35202,0.925141
35203,0.547052
35204,0.81415
35205,0.553224
35206,0.605625
35207,0.709972
35208,0.806597
35209,0.743722
35210,0.677813
35211,0.491685
35212,0.762298
35213,0.604905
35214,0.723732
35215,0.946681
35216,0.460444
35217,0.677243
35218,0.781787
35219,0.606947
35220,0.8849
35221,0.901092
35222,0.918228
35223,0.783191
35224,0.875725
35225,0.916531
35226,0.725834
35227,0.809891
35228,0.640365
35229,0.608887
35230,0.628607
35231,0.861081
35232,0.728015
35233,0.885371
35234,0.689755
35235,0.842129
35236,0.700422
35237,0.472032
35238,0.823335
35239,0.804139
35240,0.858809
35241,0.480945
35242,0.917061
35243,0.580138
35244,0.937636
35245,0.865297
35246,0.63586
35247,0.826576
35248,0.918952
35249,0.802853
35250,0.790781
35251,0.917985
35252,0.46817
35253,0.752281
35254,0.705887
35255,0.558415
35256,0.316367
35257,0.655818
35258,0.963875
35259,0.827207
35260,0.663881
35261,0.350936
35262,0.870489
35263,0.956841
35264,0.607223
35265,0.778631
35266,0.733075
35267,0.899035
35268,0.640365
35269,0.687027
35270,0.56553
35271,0.744284
35272,0.875245
35273,0.677705
35274,0.349242
35275,0.177409
35276,0.708219
35277,0.63667
35278,0.524286
35279,0.816323
35280,0.826519
35281,0.833991
35282,0.664598
35283,0.721509
35284,0.889792
35285,0.631596
35286,0.813908
35287,0.657417
35288,0.680347
35289,0.958695
35290,0.722595
35291,0.718097
35292,0.892399
35293,0.922062
35294,0.560535
35295,0.082412
35296,0.774013
35297,0.931458
35298,0.085664
35299,0.790319
35300,0.822492
35301,0.919095
35302,0.885317
35303,0.821025
35304,0.829792
35305,0.791358
35306,0.733225
35307,0.513179
35308,0.62943
35309,0.761901
35310,0.701511
35311,0.8635
35312,0.736971
35313,0.786966
35314,0.933877
35315,0.806313
35316,0.80687
35317,0.670903
35318,0.861208
35319,0.493894
35320,0.562584
35321,0.617959
35322,0.593507
35323,0.790449
35324,0.933679
35325,0.791114
35326,0.458961
35327,0.946864
35328,0.831465
35329,0.771693
35330,0.803748
35331,0.729723
35332,0.681182
35333,0.819289
35334,0.400377
35335,0.7243
35336,0.880193
35337,0.906459
35338,0.85063
35339,0.654759
35340,0.876844
35341,0.076326
35342,0.826428
35343,0.724905
35344,0.923572
35345,0.923453
35346,0.868714
35347,0.621581
35348,0.914197
35349,0.558252
35350,0.535149
35351,0.529731
35352,0.932499
35353,0.647859
35354,0.693568
35355,0.864773
35356,0.12292
35357,0.716983
35358,0.536388
35359,0.695304
35360,0.562284
35361,0.57252
35362,0.441554
35363,0.737194
35364,0.803075
35365,0.73824
35366,0.671633
35367,0.814853
35368,0.943395
35369,0.913899
35370,0.954409
35371,0.838806
35372,0.497978
35373,0.639273
35374,0.607971
35375,0.703049
35376,0.319129
35377,0.883067
35378,0.899936
35379,0.928042
35380,0.70878
35381,0.658886
35382,0.922375
35383,0.961607
35384,0.456093
35385,0.762282
35386,0.537886
35387,0.949283
35388,0.873398
35389,0.893308
35390,0.601457
35391,0.90447
35392,0.642133
35393,0.531049
35394,0.479209
35395,0.833425
35396,0.691347
35397,0.588391
35398,0.849859
35399,0.76197
35400,0.818469
35401,0.623427
35402,0.835179
35403,0.873087
35404,0.466044
35405,0.680858
35406,0.572123
35407,0.641553
35408,0.909534
35409,0.701623
35410,0.954045
35411,0.701767
35412,0.487454
35413,0.945662
35414,0.903377
35415,0.829125
35416,0.60595
35417,0.615724
35418,0.59065
35419,0.655541
35420,0.538488
35421,0.936825
35422,0.737929
35423,0.954592
35424,0.274491
35425,0.587686
35426,0.671107
35427,0.936769
35428,0.699397
35429,0.900915
35430,0.102556
35431,0.772965
35432,0.749644
35433,0.788365
35434,0.580918
35435,0.060759
35436,0.545785
35437,0.584238
35438,0.86759
35439,0.607746
35440,0.554293
35441,0.93994
35442,0.442482
35443,0.70538
35444,0.744151
35445,0.964643
35446,0.544453
35447,0.893987
35448,0.583538
35449,0.931824
35450,0.921395
35451,0.904322
35452,0.464205
35453,0.565026
35454,0.747965
35455,0.790392
35456,0.898632
35457,0.608794
35458,0.747115
35459,0.687555
35460,0.680598
35461,0.535076
35462,0.562615
35463,0.578245
35464,0.79031
35465,0.795268
35466,0.786916
35467,0.730585
35468,0.820049
35469,0.734021
35470,0.788519
35471,0.594955
35472,0.203704
35473,0.792869
35474,0.718191
35475,0.438173
35476,0.901332
35477,0.690278
35478,0.857303
35479,0.853705
35480,0.747626
35481,0.954398
35482,0.342648
35483,0.622846
35484,0.914673
35485,0.817479
35486,0.556356
35487,0.940462
35488,0.846389
35489,0.857417
35490,0.779982
35491,0.616967
35492,0.761394
35493,0.741991
35494,0.90815
35495,0.89891
35496,0.743489
35497,0.600316
35498,0.878313
35499,0.714923
35500,0.550752
35501,0.831584
35502,0.771991
35503,0.710028
35504,0.867399
35505,0.106829
35506,0.412581
35507,0.842433
35508,0.834396
35509,0.743898
35510,0.738957
35511,0.470543
35512,0.925205
35513,0.601564
35514,0.907613
35515,0.892156
35516,0.832248
35517,0.85355
35518,0.665168
35519,0.850938
35520,0.867634
35521,0.884118
35522,0.135187
35523,0.679003
35524,0.750941
35525,0.945465
35526,0.907942
35527,0.73934
35528,0.735098
35529,0.61861
35530,0.878619
35531,0.799537
35532,0.69461
35533,0.614089
35534,0.496331
35535,0.581215
35536,0.57445
35537,0.756386
35538,0.769959
35539,0.816178
35540,0.736413
35541,0.724364
35542,0.922949
35543,0.446208
35544,0.391691
35545,0.898811
35546,0.944254
35547,0.816686
35548,0.927082
35549,0.911828
35550,0.927333
35551,0.465687
35552,0.574035
35553,0.73977
35554,0.056836
35555,0.539305
35556,0.771348
35557,0.885504
35558,0.851183
35559,0.54773
35560,0.754004
35561,0.80835
35562,0.29266
35563,0.705748
35564,0.800206
35565,0.846176
35566,0.697616
35567,0.514991
35568,0.907991
35569,0.706797
35570,0.351078
35571,0.807808
35572,0.58866
35573,0.376039
35574,0.4024
35575,0.474539
35576,0.705181
35577,0.731347
35578,0.777206
35579,0.702091
35580,0.498008
35581,0.670427
35582,0.770649
35583,0.412853
35584,0.865603
35585,0.754265
35586,0.837794
35587,0.476435
35588,0.717052
35589,0.53851
35590,0.894832
35591,0.944351
35592,0.743939
35593,0.59914
35594,0.706963
35595,0.379649
35596,0.892643
35597,0.959606
35598,0.889522
35599,0.536859
35600,0.923952
35601,0.484756
35602,0.9535
35603,0.95058
35604,0.964301
35605,0.05473
35606,0.777302
35607,0.792076
35608,0.946742
35609,0.843264
35610,0.770148
35611,0.608126
35612,0.311441
35613,0.763137
35614,0.923215
35615,0.553448
35616,0.678993
35617,0.83541
35618,0.746285
35619,0.809379
35620,0.557485
35621,0.832539
35622,0.894502
35623,0.727496
35624,0.912348
35625,0.927772
35626,0.8792
35627,0.81734
35628,0.682508
35629,0.705263
35630,0.941818
35631,0.574718
35632,0.659423
35633,0.381514
35634,0.768909
35635,0.620799
35636,0.949451
35637,0.811662
35638,0.549857
35639,0.823867
35640,0.796999
35641,0.627862
35642,0.837376
35643,0.95936
35644,0.953118
35645,0.809042
35646,0.403338
35647,0.945547
35648,0.771629
35649,0.605141
35650,0.694277
35651,0.789923
35652,0.758226
35653,0.458488
35654,0.571847
35655,0.68188
35656,0.634343
35657,0.72543
35658,0.86757
35659,0.749854
35660,0.936416
35661,0.474451
35662,0.801232
35663,0.681365
35664,0.805212
35665,0.511148
35666,0.686066
35667,0.840245
35668,0.922947
35669,0.812185
35670,0.881524
35671,0.722314
35672,0.31047
35673,0.73782
35674,0.723639
35675,0.906689
35676,0.602307
35677,0.942525
35678,0.817382
35679,0.878976
35680,0.79539
35681,0.754939
35682,0.752422
35683,0.775876
35684,0.739039
35685,0.744368
35686,0.781362
35687,0.511482
35688,0.868879
35689,0.525361
35690,0.902768
35691,0.848235
35692,0.826013
35693,0.924822
35694,0.747476
35695,0.702407
35696,0.106481
35697,0.890047
35698,0.59334
35699,0.479539
35700,0.69086
35701,0.720209
35702,0.490379
35703,0.601412
35704,0.636641
35705,0.879788
35706,0.935507
35707,0.56604
35708,0.936864
35709,0.963118
35710,0.770039
35711,0.767609
35712,0.644777
35713,0.650679
35714,0.200783
35715,0.705634
35716,0.639943
35717,0.760639
35718,0.711892
35719,0.676967
35720,0.803054
35721,0.388881
35722,0.904135
35723,0.690759
35724,0.776394
35725,0.774312
35726,0.671673
35727,0.880326
35728,0.755003
35729,0.935808
35730,0.847464
35731,0.577802
35732,0.701209
35733,0.72747
35734,0.619027
35735,0.635562
35736,0.696189
35737,0.7711
35738,0.773538
35739,0.939909
35740,0.889185
35741,0.796634
35742,0.756624
35743,0.564511
35744,0.743945
35745,0.714455
35746,0.76327
35747,0.542264
35748,0.85566
35749,0.65241
35750,0.922814
35751,0.642215
35752,0.930326
35753,0.610858
35754,0.643955
35755,0.80526
35756,0.929774
35757,0.948512
35758,0.86928
35759,0.617725
35760,0.941818
35761,0.642197
35762,0.520378
35763,0.821034
35764,0.609206
35765,0.548703
35766,0.519306
35767,0.885661
35768,0.830376
35769,0.55391
35770,0.813122
35771,0.841019
35772,0.947045
35773,0.566688
35774,0.803392
35775,0.888889
35776,0.520622
35777,0.907556
35778,0.628554
35779,0.29824
35780,0.938105
35781,0.515549
35782,0.909749
35783,0.916433
35784,0.856829
35785,0.66207
35786,0.789724
35787,0.924652
35788,0.910517
35789,0.936146
35790,0.719699
35791,0.582979
35792,0.865871
35793,0.687758
35794,0.696725
35795,0.951488
35796,0.538857
35797,0.495292
35798,0.89553
35799,0.173766
35800,0.938923
35801,0.956957
35802,0.708354
35803,0.316974
35804,0.287454
35805,0.850776
35806,0.878789
35807,0.746979
35808,0.859967
35809,0.903074
35810,0.893638
35811,0.743403
35812,0.756803
35813,0.643707
35814,0.663799
35815,0.690527
35816,0.93116
35817,0.72949
35818,0.494645
35819,0.776413
35820,0.894275
35821,0.567534
35822,0.648036
35823,0.756471
35824,0.624287
35825,0.731577
35826,0.679544
35827,0.742528
35828,0.636415
35829,0.716481
35830,0.816658
35831,0.902441
35832,0.647065
35833,0.605658
35834,0.757941
35835,0.424334
35836,0.832439
35837,0.428924
35838,0.908698
35839,0.428464
35840,0.573575
35841,0.802914
35842,0.715044
35843,0.871879
35844,0.868975
35845,0.789125
35846,0.947082
35847,0.899898
35848,0.117114
35849,0.378599
35850,0.91224
35851,0.916332
35852,0.640404
35853,0.328844
35854,0.516355
35855,0.922868
35856,0.096233
35857,0.901512
35858,0.448863
35859,0.864319
35860,0.493752
35861,0.707985
35862,0.781467
35863,0.90285
35864,0.885629
35865,0.573513
35866,0.943484
35867,0.871898
35868,0.890743
35869,0.457583
35870,0.873297
35871,0.847977
35872,0.856311
35873,0.818896
35874,0.534592
35875,0.706187
35876,0.755122
35877,0.714533
35878,0.812568
35879,0.476201
35880,0.227651
35881,0.463747
35882,0.516923
35883,0.856442
35884,0.61019
35885,0.942464
35886,0.522044
35887,0.810331
35888,0.874563
35889,0.530013
35890,0.946168
35891,0.929657
35892,0.701277
35893,0.855392
35894,0.723137
35895,0.623318
35896,0.905999
35897,0.852083
35898,0.643424
35899,0.959652
35900,0.694293
35901,0.441595
35902,0.838084
35903,0.567944
35904,0.636559
35905,0.72413
35906,0.17913
35907,0.788195
35908,0.86176
35909,0.668249
35910,0.861284
35911,0.513424
35912,0.599605
35913,0.928061
35914,0.439083
35915,0.933813
35916,0.104607
35917,0.048944
35918,0.733822
35919,0.493263
35920,0.715606
35921,0.623256
35922,0.794812
35923,0.541969
35924,0.542688
35925,0.791273
35926,0.49402
35927,0.70514
35928,0.846812
35929,0.806357
35930,0.925529
35931,0.920278
35932,0.607949
35933,0.901869
35934,0.56408
35935,0.904476
35936,0.865962
35937,0.440185
35938,0.916866
35939,0.686996
35940,0.793023
35941,0.952107
35942,0.823631
35943,0.686215
35944,0.793601
35945,0.280916
35946,0.935218
35947,0.594271
35948,0.688464
35949,0.589152
35950,0.791109
35951,0.963695
35952,0.759407
35953,0.66051
35954,0.843392
35955,0.891578
35956,0.88233
35957,0.097909
35958,0.815571
35959,0.723384
35960,0.63639
35961,0.623607
35962,0.926131
35963,0.621768
35964,0.724393
35965,0.82578
35966,0.704851
35967,0.394215
35968,0.930099
35969,0.763835
35970,0.73265
35971,0.651729
35972,0.566306
35973,0.939635
35974,0.550042
35975,0.790515
35976,0.165239
35977,0.86072
35978,0.795404
35979,0.621012
35980,0.856666
35981,0.393256
35982,0.881179
35983,0.707247
35984,0.545852
35985,0.562784
35986,0.733665
35987,0.736351
35988,0.840288
35989,0.708958
35990,0.348398
35991,0.785105
35992,0.483881
35993,0.55695
35994,0.908926
35995,0.955051
35996,0.856783
35997,0.843933
35998,0.790462
35999,0.621481
36000,0.686998
36001,0.780747
36002,0.387061
36003,0.778309
36004,0.594666
36005,0.89065
36006,0.70637
36007,0.13671
36008,0.688171
36009,0.723071
36010,0.733624
36011,0.887767
36012,0.960779
36013,0.819049
36014,0.792761
36015,0.89517
36016,0.899625
36017,0.150358
36018,0.615286
36019,0.064255
36020,0.931151
36021,0.618219
36022,0.948034
36023,0.745999
36024,0.902691
36025,0.943451
36026,0.891377
36027,0.888919
36028,0.850653
36029,0.928934
36030,0.669854
36031,0.754009
36032,0.557095
36033,0.79909
36034,0.909923
36035,0.81602
36036,0.886234
36037,0.780404
36038,0.685308
36039,0.728543
36040,0.526951
36041,0.094884
36042,0.716885
36043,0.770013
36044,0.939956
36045,0.616156
36046,0.9624
36047,0.625109
36048,0.790741
36049,0.593922
36050,0.883119
36051,0.956027
36052,0.549123
36053,0.252842
36054,0.903365
36055,0.782739
36056,0.597556
36057,0.867061
36058,0.928435
36059,0.609146
36060,0.864361
36061,0.949884
36062,0.568284
36063,0.759247
36064,0.718315
36065,0.835654
36066,0.718054
36067,0.574678
36068,0.764069
36069,0.559197
36070,0.608748
36071,0.653084
36072,0.856637
36073,0.881492
36074,0.669397
36075,0.571927
36076,0.573191
36077,0.9521
36078,0.515914
36079,0.675605
36080,0.829963
36081,0.638435
36082,0.313411
36083,0.524694
36084,0.768936
36085,0.632236
36086,0.928766
36087,0.477026
36088,0.413446
36089,0.429926
36090,0.863448
36091,0.650287
36092,0.85284
36093,0.58687
36094,0.754298
36095,0.952268
36096,0.502265
36097,0.550947
36098,0.060475
36099,0.866928
36100,0.669168
36101,0.903108
36102,0.809335
36103,0.631334
36104,0.771317
36105,0.678462
36106,0.848805
36107,0.776899
36108,0.753479
36109,0.716749
36110,0.684105
36111,0.74234
36112,0.732434
36113,0.585895
36114,0.60152
36115,0.941644
36116,0.669527
36117,0.950962
36118,0.896024
36119,0.892732
36120,0.910328
36121,0.90348
36122,0.771035
36123,0.871989
36124,0.863726
36125,0.7172
36126,0.855177
36127,0.569994
36128,0.866082
36129,0.548387
36130,0.915231
36131,0.794054
36132,0.623743
36133,0.840398
36134,0.714601
36135,0.849014
36136,0.768175
36137,0.789227
36138,0.742528
36139,0.771278
36140,0.951495
36141,0.909063
36142,0.88917
36143,0.535342
36144,0.612896
36145,0.812007
36146,0.904336
36147,0.858837
36148,0.616534
36149,0.639794
36150,0.581217
36151,0.919984
36152,0.62195
36153,0.464606
36154,0.908509
36155,0.943721
36156,0.897254
36157,0.906291
36158,0.824508
36159,0.752352
36160,0.15089
36161,0.911753
36162,0.742156
36163,0.481628
36164,0.822504
36165,0.701074
36166,0.885553
36167,0.647151
36168,0.856314
36169,0.510151
36170,0.696193
36171,0.933599
36172,0.077015
36173,0.766411
36174,0.925189
36175,0.760692
36176,0.801845
36177,0.724946
36178,0.602811
36179,0.863506
36180,0.88047
36181,0.911149
36182,0.920668
36183,0.755768
36184,0.784276
36185,0.641619
36186,0.942836
36187,0.788077
36188,0.694849
36189,0.856819
36190,0.811043
36191,0.570274
36192,0.917883
36193,0.519111
36194,0.616329
36195,0.823292
36196,0.655863
36197,0.94336
36198,0.836016
36199,0.668481
36200,0.747769
36201,0.840803
36202,0.89329
36203,0.84274
36204,0.648095
36205,0.931545
36206,0.345987
36207,0.56999
36208,0.894667
36209,0.780525
36210,0.754683
36211,0.902186
36212,0.751763
36213,0.782316
36214,0.881609
36215,0.514765
36216,0.79007
36217,0.101335
36218,0.578886
36219,0.839589
36220,0.423249
36221,0.934107
36222,0.67807
36223,0.924957
36224,0.640986
36225,0.874577
36226,0.927744
36227,0.949146
36228,0.554225
36229,0.872199
36230,0.570331
36231,0.111425
36232,0.954755
36233,0.887112
36234,0.817701
36235,0.779532
36236,0.489399
36237,0.719112
36238,0.836383
36239,0.351841
36240,0.674711
36241,0.677646
36242,0.621736
36243,0.959404
36244,0.892118
36245,0.595067
36246,0.656008
36247,0.705581
36248,0.91955
36249,0.715132
36250,0.717809
36251,0.556461
36252,0.84327
36253,0.4098
36254,0.255978
36255,0.706359
36256,0.952039
36257,0.275063
36258,0.940707
36259,0.712747
36260,0.768827
36261,0.917132
36262,0.668692
36263,0.857913
36264,0.910528
36265,0.585055
36266,0.847303
36267,0.154882
36268,0.915789
36269,0.582282
36270,0.864597
36271,0.796555
36272,0.522483
36273,0.831369
36274,0.172713
36275,0.561651
36276,0.885943
36277,0.641402
36278,0.858149
36279,0.849304
36280,0.950259
36281,0.868663
36282,0.590834
36283,0.655875
36284,0.798439
36285,0.467331
36286,0.707544
36287,0.784932
36288,0.882857
36289,0.948373
36290,0.583474
36291,0.53757
36292,0.873637
36293,0.613408
36294,0.844498
36295,0.741061
36296,0.762849
36297,0.757416
36298,0.886575
36299,0.627062
36300,0.707781
36301,0.613164
36302,0.766591
36303,0.952382
36304,0.658906
36305,0.90359
36306,0.909817
36307,0.886565
36308,0.961549
36309,0.706719
36310,0.920361
36311,0.896733
36312,0.567837
36313,0.854841
36314,0.798515
36315,0.92328
36316,0.89638
36317,0.808252
36318,0.806722
36319,0.699627
36320,0.80725
36321,0.926621
36322,0.814906
36323,0.238887
36324,0.821981
36325,0.611586
36326,0.804742
36327,0.897238
36328,0.73485
36329,0.702947
36330,0.962946
36331,0.778873
36332,0.676702
36333,0.770387
36334,0.586923
36335,0.624946
36336,0.844905
36337,0.936742
36338,0.200558
36339,0.925325
36340,0.798355
36341,0.961788
36342,0.768102
36343,0.91967
36344,0.883884
36345,0.83352
36346,0.79295
36347,0.687791
36348,0.78926
36349,0.752101
36350,0.951376
36351,0.870023
36352,0.677693
36353,0.653189
36354,0.443803
36355,0.85096
36356,0.584648
36357,0.886308
36358,0.874232
36359,0.933921
36360,0.85434
36361,0.831833
36362,0.752556
36363,0.488195
36364,0.676556
36365,0.473495
36366,0.925618
36367,0.490334
36368,0.862627
36369,0.639904
36370,0.728051
36371,0.878949
36372,0.872
36373,0.643921
36374,0.395663
36375,0.707876
36376,0.592612
36377,0.752758
36378,0.672618
36379,0.765316
36380,0.325579
36381,0.548659
36382,0.935257
36383,0.754082
36384,0.932473
36385,0.916828
36386,0.93668
36387,0.774484
36388,0.913558
36389,0.772838
36390,0.912209
36391,0.905525
36392,0.914384
36393,0.75014
36394,0.718753
36395,0.660701
36396,0.707628
36397,0.10411
36398,0.929969
36399,0.869786
36400,0.766038
36401,0.715352
36402,0.615983
36403,0.897255
36404,0.631895
36405,0.56073
36406,0.799782
36407,0.921298
36408,0.582214
36409,0.811356
36410,0.923088
36411,0.152147
36412,0.813809
36413,0.311679
36414,0.942634
36415,0.839345
36416,0.73479
36417,0.867599
36418,0.647695
36419,0.802383
36420,0.734986
36421,0.879283
36422,0.53832
36423,0.876078
36424,0.552282
36425,0.627343
36426,0.378107
36427,0.545525
36428,0.788175
36429,0.911892
36430,0.555697
36431,0.736711
36432,0.746513
36433,0.764067
36434,0.795253
36435,0.487249
36436,0.931829
36437,0.484935
36438,0.872667
36439,0.417578
36440,0.929399
36441,0.817408
36442,0.84117
36443,0.789971
36444,0.660976
36445,0.960013
36446,0.959332
36447,0.150733
36448,0.698456
36449,0.685023
36450,0.715238
36451,0.844237
36452,0.723945
36453,0.751873
36454,0.466823
36455,0.51085
36456,0.911617
36457,0.804895
36458,0.881314
36459,0.709812
36460,0.527383
36461,0.775061
36462,0.512728
36463,0.084906
36464,0.053653
36465,0.682705
36466,0.75594
36467,0.5909
36468,0.918785
36469,0.582227
36470,0.722321
36471,0.848721
36472,0.079312
36473,0.957148
36474,0.641814
36475,0.64092
36476,0.778516
36477,0.487939
36478,0.881096
36479,0.831343
36480,0.629475
36481,0.530517
36482,0.83183
36483,0.951773
36484,0.701696
36485,0.93111
36486,0.478315
36487,0.76193
36488,0.699333
36489,0.919542
36490,0.754271
36491,0.671394
36492,0.519499
36493,0.561917
36494,0.544503
36495,0.669731
36496,0.698368
36497,0.466324
36498,0.859274
36499,0.869633
36500,0.696964
36501,0.553033
36502,0.902103
36503,0.703835
36504,0.216575
36505,0.905988
36506,0.568066
36507,0.740531
36508,0.860933
36509,0.760735
36510,0.961718
36511,0.776059
36512,0.757936
36513,0.279272
36514,0.896869
36515,0.506351
36516,0.544115
36517,0.610141
36518,0.177993
36519,0.937721
36520,0.870626
36521,0.624481
36522,0.831698
36523,0.708806
36524,0.701611
36525,0.92285
36526,0.783908
36527,0.660068
36528,0.926411
36529,0.599221
36530,0.652393
36531,0.750404
36532,0.492862
36533,0.736134
36534,0.836583
36535,0.671785
36536,0.494993
36537,0.945281
36538,0.562533
36539,0.629697
36540,0.837425
36541,0.87442
36542,0.635081
36543,0.668211
36544,0.853463
36545,0.921856
36546,0.674595
36547,0.696804
36548,0.635724
36549,0.582521
36550,0.631106
36551,0.631545
36552,0.912873
36553,0.462845
36554,0.857726
36555,0.793684
36556,0.748175
36557,0.685494
36558,0.885292
36559,0.892566
36560,0.704777
36561,0.945923
36562,0.527085
36563,0.845903
36564,0.723979
36565,0.761307
36566,0.618068
36567,0.819801
36568,0.685856
36569,0.662846
36570,0.652504
36571,0.810226
36572,0.757394
36573,0.952782
36574,0.088739
36575,0.952145
36576,0.723292
36577,0.925883
36578,0.849108
36579,0.787199
36580,0.846694
36581,0.954247
36582,0.790904
36583,0.814788
36584,0.956138
36585,0.607291
36586,0.875583
36587,0.632775
36588,0.64635
36589,0.886577
36590,0.372547
36591,0.643182
36592,0.620823
36593,0.736757
36594,0.919303
36595,0.690987
36596,0.911492
36597,0.37463
36598,0.818991
36599,0.743416
36600,0.818013
36601,0.864978
36602,0.887882
36603,0.542439
36604,0.800955
36605,0.666535
36606,0.765805
36607,0.850115
36608,0.553714
36609,0.709358
36610,0.630493
36611,0.891048
36612,0.844446
36613,0.932493
36614,0.903123
36615,0.896032
36616,0.536555
36617,0.936929
36618,0.955748
36619,0.521506
36620,0.567725
36621,0.531495
36622,0.824502
36623,0.811679
36624,0.94947
36625,0.713645
36626,0.627906
36627,0.669812
36628,0.802391
36629,0.949551
36630,0.680353
36631,0.627307
36632,0.626762
36633,0.826941
36634,0.772364
36635,0.914745
36636,0.750365
36637,0.756582
36638,0.902897
36639,0.494944
36640,0.641112
36641,0.538706
36642,0.124342
36643,0.842612
36644,0.931341
36645,0.710366
36646,0.562842
36647,0.835898
36648,0.799872
36649,0.909202
36650,0.723014
36651,0.934855
36652,0.80168
36653,0.94396
36654,0.898597
36655,0.806511
36656,0.774647
36657,0.696216
36658,0.533263
36659,0.932169
36660,0.798971
36661,0.922112
36662,0.811129
36663,0.929658
36664,0.90167
36665,0.580054
36666,0.31733
36667,0.955411
36668,0.907993
36669,0.711634
36670,0.885104
36671,0.582038
36672,0.772453
36673,0.835755
36674,0.721529
36675,0.487921
36676,0.867299
36677,0.951177
36678,0.778285
36679,0.832314
36680,0.803596
36681,0.838568
36682,0.950429
36683,0.089943
36684,0.489212
36685,0.803265
36686,0.934148
36687,0.63179
36688,0.853956
36689,0.768762
36690,0.709059
36691,0.684345
36692,0.800298
36693,0.675653
36694,0.601144
36695,0.764804
36696,0.373249
36697,0.739171
36698,0.49549
36699,0.562892
36700,0.512531
36701,0.786058
36702,0.923057
36703,0.586055
36704,0.847146
36705,0.665769
36706,0.619013
36707,0.87267
36708,0.682788
36709,0.410653
36710,0.918255
36711,0.90273
36712,0.805024
36713,0.840347
36714,0.591559
36715,0.847027
36716,0.619558
36717,0.513623
36718,0.711667
36719,0.732927
36720,0.713195
36721,0.874032
36722,0.633621
36723,0.786239
36724,0.687519
36725,0.918714
36726,0.609952
36727,0.773607
36728,0.80359
36729,0.663678
36730,0.929176
36731,0.783697
36732,0.714331
36733,0.928317
36734,0.879725
36735,0.59976
36736,0.687599
36737,0.692665
36738,0.64244
36739,0.493339
36740,0.186512
36741,0.916203
36742,0.750185
36743,0.721416
36744,0.904147
36745,0.550221
36746,0.842596
36747,0.521622
36748,0.921924
36749,0.886091
36750,0.718407
36751,0.802509
36752,0.452818
36753,0.524393
36754,0.660593
36755,0.889795
36756,0.830407
36757,0.924835
36758,0.559682
36759,0.705894
36760,0.565235
36761,0.772784
36762,0.884389
36763,0.903401
36764,0.803813
36765,0.75659
36766,0.53838
36767,0.681788
36768,0.856215
36769,0.556896
36770,0.076812
36771,0.77525
36772,0.774388
36773,0.720314
36774,0.5146
36775,0.844471
36776,0.864096
36777,0.098551
36778,0.92237
36779,0.940079
36780,0.698477
36781,0.687897
36782,0.946653
36783,0.948253
36784,0.101174
36785,0.879878
36786,0.84964
36787,0.910553
36788,0.96047
36789,0.635166
36790,0.351916
36791,0.834402
36792,0.93969
36793,0.566274
36794,0.772115
36795,0.662245
36796,0.800344
36797,0.702889
36798,0.472959
36799,0.786201
36800,0.833832
36801,0.957567
36802,0.604735
36803,0.724936
36804,0.60994
36805,0.712487
36806,0.609355
36807,0.774572
36808,0.535619
36809,0.657372
36810,0.788128
36811,0.645276
36812,0.874968
36813,0.913449
36814,0.381473
36815,0.865499
36816,0.76763
36817,0.824579
36818,0.834731
36819,0.655922
36820,0.469891
36821,0.71015
36822,0.810775
36823,0.456194
36824,0.942777
36825,0.598034
36826,0.680098
36827,0.621677
36828,0.679849
36829,0.699864
36830,0.829903
36831,0.960034
36832,0.833413
36833,0.790734
36834,0.600301
36835,0.530022
36836,0.704396
36837,0.595705
36838,0.900743
36839,0.746819
36840,0.79399
36841,0.553934
36842,0.730057
36843,0.734443
36844,0.784432
36845,0.919267
36846,0.206237
36847,0.639784
36848,0.948581
36849,0.732933
36850,0.850195
36851,0.908228
36852,0.821223
36853,0.789084
36854,0.569593
36855,0.357833
36856,0.758538
36857,0.937816
36858,0.906807
36859,0.659286
36860,0.73334
36861,0.760937
36862,0.904834
36863,0.715073
36864,0.923387
36865,0.809593
36866,0.40355
36867,0.905272
36868,0.728638
36869,0.578882
36870,0.624202
36871,0.824374
36872,0.839452
36873,0.83584
36874,0.852394
36875,0.398985
36876,0.780659
36877,0.500262
36878,0.592638
36879,0.514063
36880,0.583389
36881,0.776512
36882,0.543275
36883,0.863517
36884,0.620405
36885,0.728052
36886,0.796755
36887,0.774154
36888,0.664353
36889,0.739402
36890,0.782302
36891,0.886169
36892,0.692303
36893,0.396592
36894,0.092295
36895,0.61698
36896,0.681654
36897,0.781678
36898,0.937535
36899,0.846102
36900,0.614348
36901,0.846245
36902,0.20317
36903,0.934231
36904,0.745141
36905,0.120721
36906,0.591784
36907,0.289771
36908,0.614345
36909,0.890783
36910,0.81914
36911,0.627617
36912,0.657614
36913,0.74791
36914,0.747697
36915,0.708063
36916,0.960391
36917,0.867511
36918,0.714233
36919,0.839211
36920,0.741267
36921,0.107836
36922,0.483946
36923,0.768333
36924,0.49177
36925,0.665544
36926,0.515022
36927,0.865053
36928,0.830436
36929,0.891911
36930,0.743416
36931,0.534823
36932,0.649606
36933,0.906618
36934,0.766382
36935,0.945933
36936,0.92479
36937,0.734108
36938,0.625733
36939,0.559676
36940,0.880039
36941,0.86676
36942,0.574439
36943,0.816184
36944,0.840028
36945,0.691168
36946,0.918394
36947,0.927687
36948,0.503276
36949,0.931792
36950,0.894479
36951,0.881852
36952,0.926942
36953,0.723143
36954,0.618845
36955,0.887862
36956,0.947018
36957,0.717991
36958,0.87638
36959,0.677241
36960,0.69358
36961,0.559046
36962,0.931544
36963,0.892821
36964,0.8905
36965,0.826051
36966,0.950256
36967,0.865884
36968,0.807602
36969,0.740348
36970,0.75235
36971,0.843508
36972,0.956404
36973,0.849635
36974,0.75912
36975,0.548481
36976,0.915985
36977,0.580488
36978,0.623712
36979,0.630281
36980,0.690548
36981,0.961174
36982,0.892596
36983,0.68801
36984,0.789208
36985,0.893725
36986,0.825614
36987,0.75982
36988,0.673719
36989,0.814106
36990,0.900733
36991,0.574686
36992,0.672157
36993,0.65278
36994,0.879109
36995,0.829232
36996,0.267642
36997,0.443492
36998,0.334969
36999,0.107856
37000,0.771605
37001,0.848998
37002,0.573464
37003,0.60246
37004,0.758757
37005,0.819257
37006,0.694783
37007,0.729672
37008,0.601304
37009,0.570989
37010,0.650426
37011,0.917121
37012,0.478234
37013,0.960544
37014,0.600164
37015,0.559514
37016,0.139386
37017,0.959183
37018,0.448616
37019,0.870685
37020,0.783387
37021,0.912835
37022,0.473573
37023,0.527703
37024,0.686599
37025,0.896098
37026,0.863362
37027,0.728056
37028,0.403938
37029,0.911307
37030,0.873773
37031,0.605046
37032,0.697797
37033,0.725106
37034,0.868537
37035,0.645098
37036,0.884436
37037,0.92605
37038,0.60042
37039,0.575221
37040,0.802934
37041,0.568287
37042,0.571916
37043,0.088047
37044,0.950784
37045,0.577562
37046,0.058024
37047,0.871929
37048,0.782598
37049,0.748129
37050,0.947364
37051,0.153623
37052,0.048042
37053,0.916512
37054,0.692138
37055,0.727842
37056,0.60409
37057,0.839319
37058,0.649478
37059,0.80682
37060,0.547309
37061,0.877165
37062,0.544365
37063,0.691504
37064,0.203822
37065,0.902198
37066,0.767349
37067,0.894531
37068,0.896256
37069,0.491388
37070,0.437448
37071,0.542092
37072,0.738525
37073,0.715529
37074,0.518456
37075,0.839036
37076,0.95799
37077,0.434357
37078,0.439105
37079,0.815671
37080,0.923551
37081,0.798066
37082,0.613561
37083,0.666454
37084,0.900195
37085,0.535817
37086,0.936135
37087,0.74786
37088,0.621995
37089,0.885804
37090,0.519551
37091,0.650671
37092,0.79632
37093,0.788338
37094,0.920008
37095,0.958956
37096,0.850434
37097,0.738035
37098,0.557679
37099,0.644784
37100,0.937479
37101,0.358288
37102,0.764105
37103,0.70537
37104,0.067027
37105,0.823612
37106,0.709105
37107,0.634974
37108,0.903791
37109,0.954326
37110,0.486774
37111,0.77973
37112,0.669803
37113,0.674792
37114,0.939199
37115,0.645969
37116,0.530105
37117,0.940575
37118,0.926785
37119,0.738192
37120,0.568828
37121,0.464432
37122,0.622068
37123,0.886336
37124,0.948421
37125,0.908727
37126,0.541195
37127,0.823055
37128,0.544502
37129,0.634226
37130,0.077821
37131,0.735316
37132,0.86404
37133,0.743942
37134,0.623868
37135,0.735454
37136,0.867839
37137,0.722415
37138,0.052336
37139,0.832932
37140,0.507318
37141,0.569914
37142,0.575894
37143,0.742718
37144,0.908823
37145,0.846977
37146,0.904635
37147,0.48574
37148,0.055946
37149,0.176784
37150,0.610536
37151,0.684876
37152,0.790321
37153,0.862725
37154,0.757648
37155,0.653674
37156,0.41946
37157,0.653645
37158,0.941405
37159,0.478304
37160,0.85118
37161,0.918444
37162,0.890065
37163,0.919211
37164,0.560385
37165,0.791165
37166,0.785574
37167,0.375725
37168,0.950621
37169,0.630113
37170,0.894472
37171,0.787131
37172,0.653338
37173,0.867842
37174,0.921721
37175,0.595597
37176,0.940439
37177,0.826813
37178,0.95709
37179,0.704728
37180,0.827708
37181,0.94879
37182,0.757662
37183,0.671602
37184,0.700418
37185,0.067164
37186,0.875154
37187,0.748929
37188,0.500645
37189,0.857725
37190,0.598325
37191,0.832293
37192,0.525468
37193,0.921107
37194,0.881841
37195,0.965109
37196,0.811833
37197,0.595955
37198,0.689138
37199,0.74014
37200,0.835147
37201,0.698427
37202,0.718931
37203,0.559232
37204,0.957885
37205,0.884847
37206,0.532624
37207,0.949494
37208,0.489775
37209,0.803998
37210,0.712393
37211,0.859383
37212,0.622232
37213,0.947351
37214,0.379337
37215,0.673
37216,0.944336
37217,0.650585
37218,0.147018
37219,0.616166
37220,0.878706
37221,0.625094
37222,0.800786
37223,0.693896
37224,0.643004
37225,0.78151
37226,0.449387
37227,0.955908
37228,0.526975
37229,0.477047
37230,0.956634
37231,0.781349
37232,0.817333
37233,0.68028
37234,0.92996
37235,0.633955
37236,0.86772
37237,0.802071
37238,0.794349
37239,0.597031
37240,0.606053
37241,0.921865
37242,0.577337
37243,0.623212
37244,0.67775
37245,0.763097
37246,0.712641
37247,0.830283
37248,0.794956
37249,0.558583
37250,0.788173
37251,0.942722
37252,0.627919
37253,0.719693
37254,0.509841
37255,0.94914
37256,0.696715
37257,0.679488
37258,0.866993
37259,0.916187
37260,0.951691
37261,0.625723
37262,0.839812
37263,0.661363
37264,0.638385
37265,0.633954
37266,0.926828
37267,0.834643
37268,0.919123
37269,0.824368
37270,0.844427
37271,0.787803
37272,0.741411
37273,0.597559
37274,0.644814
37275,0.87897
37276,0.666495
37277,0.600533
37278,0.935491
37279,0.508746
37280,0.801899
37281,0.92376
37282,0.797554
37283,0.874367
37284,0.909017
37285,0.872082
37286,0.920735
37287,0.274905
37288,0.921914
37289,0.676162
37290,0.845177
37291,0.879678
37292,0.819014
37293,0.667207
37294,0.838574
37295,0.436469
37296,0.860343
37297,0.949319
37298,0.810401
37299,0.361285
37300,0.523198
37301,0.955547
37302,0.900527
37303,0.949852
37304,0.716517
37305,0.846506
37306,0.728509
37307,0.130408
37308,0.762411
37309,0.575155
37310,0.835734
37311,0.567003
37312,0.859367
37313,0.736282
37314,0.623417
37315,0.901438
37316,0.648484
37317,0.732897
37318,0.723475
37319,0.907942
37320,0.509325
37321,0.800378
37322,0.941584
37323,0.668346
37324,0.800674
37325,0.957861
37326,0.625467
37327,0.737461
37328,0.739363
37329,0.942832
37330,0.740988
37331,0.276531
37332,0.882452
37333,0.513295
37334,0.283856
37335,0.603093
37336,0.913362
37337,0.740924
37338,0.614662
37339,0.068782
37340,0.611313
37341,0.849501
37342,0.954457
37343,0.833918
37344,0.814675
37345,0.538536
37346,0.745368
37347,0.609386
37348,0.661598
37349,0.702665
37350,0.869366
37351,0.473314
37352,0.656572
37353,0.676604
37354,0.734849
37355,0.662782
37356,0.935562
37357,0.650667
37358,0.661207
37359,0.75425
37360,0.651571
37361,0.795586
37362,0.850148
37363,0.923211
37364,0.960945
37365,0.639818
37366,0.526651
37367,0.867233
37368,0.68927
37369,0.779534
37370,0.638848
37371,0.639621
37372,0.675381
37373,0.897123
37374,0.840501
37375,0.650407
37376,0.852273
37377,0.953875
37378,0.610604
37379,0.661703
37380,0.940692
37381,0.667194
37382,0.901079
37383,0.894231
37384,0.705758
37385,0.837896
37386,0.95383
37387,0.855518
37388,0.66829
37389,0.410622
37390,0.763151
37391,0.726428
37392,0.927316
37393,0.579673
37394,0.765375
37395,0.632481
37396,0.532335
37397,0.0806
37398,0.955053
37399,0.860894
37400,0.876041
37401,0.624087
37402,0.698661
37403,0.921246
37404,0.724625
37405,0.729769
37406,0.698299
37407,0.802744
37408,0.800527
37409,0.639702
37410,0.639487
37411,0.820999
37412,0.946861
37413,0.570061
37414,0.905242
37415,0.927947
37416,0.734569
37417,0.800192
37418,0.797457
37419,0.577063
37420,0.922126
37421,0.67269
37422,0.904973
37423,0.940935
37424,0.863279
37425,0.739184
37426,0.834927
37427,0.603841
37428,0.871674
37429,0.568875
37430,0.842702
37431,0.622209
37432,0.809148
37433,0.626052
37434,0.666374
37435,0.461891
37436,0.571333
37437,0.787249
37438,0.952056
37439,0.895388
37440,0.651804
37441,0.127705
37442,0.590374
37443,0.577587
37444,0.941634
37445,0.743403
37446,0.765444
37447,0.869316
37448,0.071742
37449,0.710352
37450,0.793346
37451,0.670278
37452,0.85523
37453,0.534926
37454,0.946091
37455,0.126541
37456,0.921301
37457,0.777876
37458,0.724533
37459,0.342223
37460,0.354786
37461,0.755469
37462,0.866355
37463,0.904329
37464,0.596274
37465,0.696508
37466,0.932235
37467,0.768644
37468,0.797056
37469,0.550059
37470,0.578181
37471,0.793269
37472,0.880327
37473,0.536278
37474,0.960136
37475,0.949852
37476,0.591786
37477,0.848273
37478,0.72851
37479,0.804777
37480,0.054976
37481,0.674405
37482,0.834288
37483,0.814199
37484,0.765236
37485,0.506274
37486,0.79312
37487,0.821293
37488,0.692722
37489,0.464525
37490,0.941913
37491,0.807969
37492,0.594444
37493,0.520732
37494,0.81195
37495,0.926916
37496,0.702895
37497,0.712044
37498,0.630205
37499,0.800152
37500,0.597032
37501,0.544334
37502,0.815928
37503,0.637647
37504,0.60541
37505,0.77581
37506,0.538484
37507,0.58935
37508,0.957285
37509,0.693283
37510,0.530989
37511,0.892482
37512,0.492311
37513,0.545673
37514,0.958175
37515,0.892254
37516,0.826001
37517,0.785361
37518,0.732967
37519,0.48711
37520,0.787853
37521,0.607454
37522,0.534868
37523,0.886756
37524,0.715211
37525,0.653927
37526,0.484215
37527,0.807405
37528,0.843465
37529,0.585683
37530,0.604166
37531,0.730475
37532,0.842373
37533,0.754436
37534,0.575839
37535,0.829203
37536,0.742618
37537,0.674877
37538,0.754296
37539,0.78803
37540,0.858369
37541,0.420649
37542,0.870513
37543,0.555092
37544,0.615694
37545,0.95092
37546,0.861059
37547,0.71585
37548,0.900628
37549,0.917571
37550,0.673169
37551,0.922167
37552,0.732021
37553,0.486964
37554,0.830467
37555,0.860035
37556,0.862868
37557,0.944176
37558,0.750436
37559,0.821625
37560,0.256928
37561,0.772158
37562,0.833595
37563,0.887849
37564,0.627211
37565,0.452274
37566,0.705805
37567,0.63319
37568,0.839722
37569,0.671642
37570,0.727584
37571,0.602508
37572,0.512334
37573,0.913477
37574,0.505388
37575,0.841151
37576,0.556233
37577,0.849974
37578,0.746194
37579,0.645869
37580,0.724613
37581,0.712388
37582,0.183161
37583,0.849535
37584,0.957675
37585,0.611273
37586,0.953232
37587,0.822572
37588,0.76032
37589,0.425755
37590,0.729006
37591,0.846855
37592,0.663103
37593,0.721265
37594,0.848652
37595,0.85007
37596,0.678513
37597,0.768985
37598,0.5446
37599,0.883061
37600,0.939249
37601,0.904909
37602,0.647214
37603,0.637855
37604,0.682216
37605,0.666053
37606,0.800139
37607,0.697699
37608,0.542073
37609,0.7843
37610,0.678792
37611,0.8544
37612,0.405514
37613,0.467842
37614,0.78262
37615,0.91735
37616,0.672074
37617,0.627978
37618,0.878374
37619,0.391629
37620,0.951447
37621,0.947938
37622,0.692268
37623,0.930747
37624,0.562721
37625,0.947187
37626,0.702204
37627,0.652289
37628,0.748223
37629,0.778567
37630,0.606722
37631,0.838917
37632,0.579074
37633,0.740527
37634,0.460858
37635,0.7686
37636,0.609561
37637,0.914523
37638,0.78086
37639,0.722446
37640,0.062012
37641,0.801897
37642,0.858882
37643,0.606346
37644,0.544817
37645,0.447087
37646,0.120911
37647,0.63226
37648,0.169518
37649,0.692768
37650,0.824328
37651,0.823335
37652,0.790212
37653,0.600664
37654,0.918446
37655,0.911344
37656,0.879921
37657,0.658507
37658,0.777644
37659,0.202679
37660,0.251107
37661,0.468792
37662,0.824113
37663,0.666964
37664,0.887608
37665,0.668307
37666,0.522757
37667,0.962995
37668,0.740325
37669,0.605731
37670,0.648014
37671,0.656487
37672,0.491219
37673,0.734264
37674,0.693523
37675,0.205122
37676,0.921611
37677,0.751567
37678,0.320252
37679,0.954728
37680,0.827628
37681,0.601531
37682,0.894291
37683,0.432764
37684,0.832646
37685,0.865528
37686,0.780827
37687,0.813179
37688,0.534872
37689,0.944416
37690,0.927383
37691,0.940542
37692,0.687625
37693,0.832048
37694,0.802775
37695,0.787538
37696,0.646679
37697,0.732655
37698,0.858377
37699,0.650831
37700,0.200557
37701,0.927215
37702,0.575502
37703,0.607146
37704,0.846641
37705,0.647691
37706,0.558784
37707,0.742581
37708,0.798162
37709,0.763784
37710,0.923672
37711,0.731187
37712,0.711934
37713,0.549674
37714,0.7348
37715,0.597303
37716,0.295709
37717,0.617373
37718,0.615364
37719,0.952923
37720,0.273787
37721,0.708703
37722,0.837606
37723,0.804374
37724,0.958756
37725,0.845981
37726,0.698252
37727,0.884158
37728,0.738815
37729,0.86347
37730,0.571967
37731,0.550254
37732,0.853074
37733,0.760608
37734,0.784629
37735,0.756613
37736,0.833958
37737,0.704401
37738,0.938248
37739,0.957203
37740,0.776994
37741,0.898574
37742,0.65752
37743,0.823163
37744,0.937582
37745,0.839734
37746,0.711981
37747,0.697766
37748,0.780094
37749,0.559514
37750,0.8406
37751,0.76411
37752,0.897661
37753,0.573696
37754,0.900874
37755,0.852936
37756,0.919973
37757,0.434378
37758,0.946209
37759,0.882507
37760,0.849296
37761,0.845685
37762,0.580026
37763,0.406742
37764,0.670354
37765,0.681158
37766,0.959536
37767,0.826103
37768,0.943043
37769,0.573358
37770,0.753192
37771,0.617672
37772,0.510802
37773,0.560334
37774,0.544243
37775,0.724113
37776,0.870381
37777,0.815375
37778,0.838125
37779,0.922865
37780,0.711528
37781,0.763559
37782,0.513322
37783,0.918225
37784,0.957925
37785,0.78237
37786,0.549869
37787,0.921091
37788,0.178518
37789,0.854457
37790,0.657032
37791,0.964712
37792,0.685833
37793,0.800686
37794,0.79005
37795,0.889213
37796,0.711224
37797,0.39775
37798,0.891124
37799,0.782869
37800,0.856407
37801,0.70919
37802,0.636093
37803,0.697803
37804,0.645255
37805,0.574287
37806,0.930947
37807,0.821299
37808,0.893646
37809,0.563824
37810,0.125492
37811,0.887133
37812,0.557882
37813,0.463162
37814,0.659904
37815,0.753762
37816,0.719152
37817,0.841193
37818,0.877132
37819,0.562498
37820,0.741411
37821,0.525826
37822,0.899202
37823,0.888786
37824,0.883957
37825,0.803848
37826,0.741757
37827,0.884615
37828,0.707986
37829,0.76958
37830,0.691848
37831,0.898275
37832,0.637824
37833,0.897376
37834,0.745304
37835,0.79078
37836,0.797035
37837,0.712513
37838,0.873056
37839,0.727276
37840,0.765193
37841,0.923778
37842,0.849683
37843,0.633949
37844,0.739992
37845,0.490093
37846,0.736201
37847,0.957685
37848,0.952985
37849,0.964666
37850,0.587764
37851,0.922343
37852,0.545896
37853,0.803849
37854,0.733788
37855,0.669204
37856,0.77272
37857,0.789175
37858,0.911588
37859,0.700887
37860,0.725546
37861,0.745965
37862,0.404688
37863,0.739374
37864,0.681989
37865,0.672425
37866,0.7338
37867,0.903937
37868,0.727103
37869,0.469877
37870,0.721341
37871,0.764719
37872,0.454505
37873,0.788634
37874,0.673254
37875,0.74571
37876,0.641555
37877,0.621532
37878,0.770082
37879,0.746578
37880,0.424104
37881,0.526371
37882,0.941861
37883,0.883777
37884,0.903111
37885,0.827291
37886,0.589531
37887,0.752148
37888,0.672784
37889,0.647939
37890,0.538169
37891,0.790247
37892,0.959024
37893,0.914895
37894,0.532388
37895,0.83791
37896,0.888857
37897,0.567097
37898,0.953939
37899,0.780095
37900,0.807047
37901,0.867541
37902,0.843654
37903,0.755014
37904,0.407659
37905,0.82659
37906,0.810246
37907,0.745554
37908,0.953479
37909,0.712255
37910,0.667486
37911,0.913932
37912,0.878548
37913,0.170518
37914,0.874576
37915,0.87744
37916,0.88121
37917,0.745586
37918,0.49184
37919,0.966466
37920,0.577157
37921,0.759029
37922,0.88296
37923,0.939409
37924,0.540744
37925,0.636807
37926,0.374338
37927,0.917385
37928,0.398334
37929,0.718571
37930,0.518863
37931,0.94032
37932,0.818119
37933,0.958769
37934,0.512154
37935,0.681303
37936,0.495604
37937,0.759126
37938,0.598964
37939,0.596537
37940,0.729276
37941,0.950699
37942,0.698734
37943,0.906301
37944,0.938621
37945,0.80044
37946,0.566831
37947,0.832947
37948,0.175887
37949,0.521245
37950,0.8843
37951,0.932757
37952,0.702774
37953,0.912876
37954,0.856719
37955,0.656005
37956,0.498884
37957,0.877221
37958,0.917052
37959,0.741763
37960,0.945301
37961,0.657629
37962,0.927806
37963,0.917386
37964,0.631435
37965,0.559068
37966,0.565422
37967,0.88826
37968,0.73481
37969,0.692742
37970,0.911259
37971,0.93632
37972,0.912012
37973,0.715836
37974,0.614062
37975,0.667643
37976,0.681195
37977,0.917066
37978,0.701916
37979,0.690775
37980,0.936024
37981,0.733259
37982,0.952596
37983,0.875386
37984,0.342912
37985,0.902099
37986,0.50454
37987,0.745318
37988,0.726541
37989,0.559389
37990,0.755401
37991,0.682583
37992,0.523896
37993,0.801211
37994,0.669092
37995,0.952124
37996,0.890493
37997,0.917377
37998,0.952434
37999,0.401652
38000,0.26804
38001,0.512195
38002,0.627819
38003,0.916257
38004,0.541755
38005,0.525873
38006,0.885265
38007,0.927222
38008,0.463401
38009,0.57192
38010,0.772911
38011,0.92446
38012,0.882201
38013,0.700761
38014,0.617608
38015,0.676295
38016,0.744969
38017,0.143527
38018,0.93816
38019,0.883707
38020,0.903332
38021,0.564122
38022,0.695467
38023,0.564805
38024,0.924871
38025,0.677672
38026,0.892539
38027,0.934721
38028,0.878342
38029,0.949377
38030,0.853306
38031,0.054998
38032,0.953255
38033,0.927218
38034,0.678487
38035,0.747542
38036,0.820681
38037,0.847939
38038,0.594005
38039,0.912564
38040,0.427322
38041,0.746289
38042,0.669717
38043,0.653269
38044,0.764166
38045,0.845914
38046,0.689917
38047,0.710471
38048,0.694872
38049,0.847565
38050,0.818901
38051,0.896289
38052,0.874054
38053,0.751456
38054,0.842231
38055,0.922264
38056,0.748932
38057,0.814145
38058,0.633171
38059,0.849413
38060,0.7691
38061,0.873954
38062,0.848072
38063,0.088669
38064,0.496558
38065,0.699503
38066,0.740964
38067,0.354259
38068,0.123959
38069,0.78844
38070,0.598627
38071,0.846814
38072,0.917746
38073,0.832685
38074,0.847296
38075,0.958766
38076,0.645192
38077,0.958877
38078,0.741071
38079,0.151205
38080,0.941551
38081,0.220018
38082,0.765676
38083,0.90154
38084,0.926543
38085,0.53308
38086,0.82232
38087,0.773882
38088,0.794284
38089,0.854075
38090,0.910206
38091,0.52631
38092,0.644276
38093,0.612661
38094,0.842013
38095,0.528222
38096,0.796533
38097,0.853262
38098,0.808528
38099,0.952431
38100,0.773321
38101,0.87043
38102,0.955416
38103,0.835971
38104,0.951295
38105,0.894972
38106,0.933149
38107,0.557293
38108,0.650499
38109,0.504287
38110,0.502624
38111,0.906317
38112,0.617195
38113,0.740416
38114,0.879715
38115,0.65671
38116,0.916975
38117,0.867416
38118,0.92521
38119,0.796506
38120,0.812047
38121,0.455874
38122,0.928707
38123,0.860715
38124,0.717413
38125,0.769283
38126,0.713975
38127,0.693166
38128,0.72674
38129,0.637937
38130,0.937802
38131,0.06831
38132,0.588561
38133,0.851125
38134,0.677638
38135,0.768192
38136,0.867481
38137,0.557833
38138,0.872513
38139,0.499553
38140,0.667554
38141,0.938126
38142,0.95883
38143,0.88458
38144,0.657119
38145,0.695671
38146,0.713229
38147,0.660603
38148,0.917645
38149,0.740987
38150,0.652151
38151,0.93328
38152,0.526636
38153,0.772196
38154,0.78874
38155,0.721129
38156,0.797821
38157,0.806248
38158,0.767675
38159,0.848402
38160,0.876514
38161,0.736713
38162,0.895329
38163,0.566162
38164,0.877067
38165,0.609114
38166,0.552662
38167,0.769652
38168,0.93693
38169,0.853163
38170,0.860586
38171,0.897905
38172,0.518178
38173,0.622034
38174,0.790844
38175,0.398021
38176,0.598643
38177,0.910731
38178,0.616475
38179,0.891526
38180,0.96747
38181,0.848876
38182,0.670679
38183,0.474105
38184,0.679358
38185,0.714488
38186,0.874885
38187,0.746083
38188,0.918135
38189,0.726626
38190,0.736796
38191,0.934562
38192,0.824243
38193,0.913977
38194,0.828737
38195,0.720507
38196,0.953886
38197,0.873919
38198,0.965703
38199,0.92062
38200,0.498667
38201,0.854151
38202,0.478044
38203,0.703435
38204,0.962471
38205,0.702613
38206,0.468544
38207,0.104194
38208,0.961903
38209,0.670967
38210,0.826422
38211,0.746128
38212,0.752596
38213,0.061536
38214,0.45281
38215,0.78132
38216,0.070002
38217,0.541526
38218,0.583604
38219,0.950346
38220,0.523125
38221,0.854311
38222,0.476588
38223,0.710826
38224,0.870884
38225,0.885667
38226,0.922679
38227,0.861165
38228,0.424048
38229,0.663525
38230,0.599716
38231,0.93635
38232,0.815142
38233,0.857026
38234,0.909199
38235,0.745907
38236,0.954543
38237,0.63511
38238,0.768572
38239,0.515451
38240,0.829973
38241,0.848963
38242,0.739406
38243,0.603128
38244,0.609634
38245,0.688055
38246,0.809527
38247,0.779575
38248,0.170161
38249,0.917521
38250,0.936217
38251,0.607344
38252,0.737448
38253,0.738111
38254,0.95257
38255,0.753135
38256,0.44934
38257,0.785449
38258,0.805201
38259,0.748506
38260,0.809362
38261,0.69135
38262,0.561508
38263,0.359528
38264,0.467266
38265,0.67386
38266,0.739505
38267,0.776008
38268,0.927799
38269,0.729658
38270,0.952131
38271,0.09585
38272,0.857347
38273,0.830628
38274,0.632883
38275,0.932639
38276,0.794367
38277,0.67953
38278,0.954982
38279,0.312032
38280,0.80487
38281,0.695157
38282,0.205782
38283,0.713414
38284,0.614963
38285,0.809858
38286,0.837983
38287,0.644578
38288,0.957343
38289,0.562548
38290,0.704425
38291,0.949044
38292,0.710139
38293,0.891283
38294,0.952948
38295,0.814655
38296,0.89964
38297,0.569037
38298,0.882846
38299,0.525234
38300,0.896985
38301,0.653178
38302,0.954466
38303,0.692517
38304,0.111661
38305,0.701995
38306,0.752146
38307,0.861711
38308,0.80392
38309,0.603975
38310,0.626919
38311,0.652507
38312,0.844043
38313,0.647934
38314,0.737554
38315,0.930599
38316,0.880603
38317,0.767496
38318,0.664684
38319,0.854379
38320,0.927722
38321,0.806979
38322,0.811629
38323,0.882188
38324,0.905382
38325,0.564455
38326,0.896304
38327,0.69959
38328,0.774384
38329,0.893391
38330,0.820123
38331,0.822235
38332,0.706795
38333,0.759239
38334,0.104668
38335,0.42898
38336,0.578626
38337,0.679845
38338,0.680408
38339,0.680015
38340,0.582003
38341,0.782422
38342,0.733349
38343,0.775327
38344,0.92077
38345,0.847518
38346,0.953489
38347,0.814638
38348,0.963929
38349,0.764797
38350,0.782026
38351,0.68207
38352,0.594391
38353,0.910347
38354,0.620217
38355,0.837239
38356,0.759997
38357,0.629815
38358,0.693144
38359,0.947367
38360,0.948771
38361,0.534402
38362,0.779367
38363,0.735418
38364,0.565203
38365,0.539016
38366,0.878942
38367,0.539202
38368,0.892283
38369,0.443658
38370,0.421902
38371,0.947843
38372,0.542306
38373,0.948037
38374,0.789795
38375,0.940188
38376,0.944862
38377,0.934166
38378,0.483299
38379,0.882351
38380,0.931106
38381,0.882824
38382,0.675121
38383,0.936246
38384,0.53017
38385,0.791595
38386,0.635378
38387,0.598542
38388,0.690124
38389,0.957048
38390,0.891989
38391,0.831441
38392,0.90168
38393,0.630253
38394,0.494157
38395,0.710606
38396,0.879871
38397,0.802414
38398,0.839486
38399,0.809734
38400,0.7423
38401,0.935119
38402,0.954403
38403,0.701937
38404,0.888578
38405,0.618481
38406,0.710376
38407,0.83183
38408,0.8467
38409,0.929627
38410,0.516544
38411,0.948491
38412,0.830983
38413,0.08547
38414,0.487787
38415,0.935088
38416,0.84444
38417,0.719798
38418,0.723473
38419,0.708886
38420,0.852569
38421,0.960167
38422,0.670428
38423,0.840952
38424,0.738202
38425,0.919826
38426,0.566916
38427,0.586173
38428,0.618732
38429,0.949302
38430,0.657849
38431,0.888077
38432,0.658668
38433,0.527331
38434,0.517434
38435,0.835375
38436,0.537558
38437,0.862227
38438,0.631731
38439,0.694995
38440,0.855908
38441,0.816992
38442,0.920692
38443,0.953286
38444,0.713205
38445,0.922052
38446,0.734619
38447,0.678091
38448,0.951345
38449,0.802039
38450,0.699363
38451,0.681855
38452,0.529213
38453,0.942933
38454,0.496769
38455,0.1021
38456,0.839002
38457,0.857435
38458,0.634941
38459,0.143522
38460,0.757157
38461,0.953922
38462,0.797288
38463,0.626029
38464,0.926668
38465,0.874656
38466,0.851511
38467,0.835574
38468,0.38472
38469,0.757961
38470,0.922926
38471,0.60569
38472,0.661656
38473,0.858305
38474,0.560951
38475,0.67272
38476,0.757414
38477,0.651152
38478,0.903005
38479,0.872996
38480,0.724677
38481,0.712553
38482,0.940383
38483,0.566575
38484,0.83527
38485,0.573931
38486,0.546172
38487,0.677531
38488,0.903644
38489,0.893388
38490,0.922576
38491,0.758142
38492,0.692945
38493,0.550255
38494,0.798181
38495,0.346028
38496,0.921431
38497,0.693829
38498,0.954513
38499,0.805281
38500,0.194359
38501,0.845696
38502,0.56323
38503,0.808995
38504,0.862446
38505,0.449269
38506,0.677759
38507,0.534949
38508,0.672028
38509,0.641056
38510,0.951781
38511,0.84166
38512,0.789427
38513,0.777712
38514,0.868251
38515,0.919206
38516,0.71334
38517,0.680705
38518,0.894358
38519,0.851857
38520,0.794072
38521,0.805804
38522,0.876895
38523,0.918357
38524,0.463506
38525,0.44285
38526,0.902236
38527,0.802058
38528,0.595103
38529,0.570129
38530,0.920265
38531,0.77016
38532,0.758877
38533,0.867125
38534,0.601378
38535,0.53471
38536,0.848795
38537,0.196747
38538,0.637222
38539,0.601812
38540,0.423211
38541,0.666706
38542,0.718216
38543,0.932808
38544,0.525842
38545,0.622299
38546,0.743731
38547,0.964441
38548,0.87772
38549,0.85068
38550,0.722665
38551,0.748784
38552,0.896131
38553,0.588277
38554,0.728757
38555,0.634106
38556,0.905746
38557,0.845371
38558,0.586253
38559,0.861084
38560,0.803347
38561,0.738864
38562,0.662489
38563,0.854592
38564,0.504864
38565,0.916924
38566,0.869522
38567,0.665283
38568,0.835826
38569,0.645207
38570,0.549403
38571,0.585256
38572,0.538806
38573,0.552199
38574,0.959871
38575,0.891341
38576,0.932764
38577,0.836695
38578,0.686107
38579,0.811478
38580,0.953822
38581,0.959679
38582,0.719399
38583,0.582472
38584,0.671752
38585,0.779491
38586,0.525404
38587,0.801553
38588,0.543558
38589,0.686117
38590,0.948877
38591,0.782961
38592,0.625258
38593,0.803685
38594,0.956802
38595,0.773891
38596,0.879187
38597,0.100464
38598,0.53223
38599,0.958586
38600,0.734487
38601,0.816431
38602,0.539123
38603,0.760069
38604,0.632464
38605,0.912982
38606,0.700032
38607,0.748956
38608,0.52003
38609,0.271722
38610,0.818642
38611,0.83642
38612,0.682611
38613,0.870202
38614,0.843845
38615,0.59993
38616,0.066043
38617,0.691964
38618,0.558818
38619,0.757925
38620,0.907309
38621,0.833981
38622,0.891518
38623,0.961027
38624,0.932264
38625,0.818982
38626,0.731888
38627,0.688875
38628,0.66176
38629,0.611043
38630,0.658219
38631,0.57009
38632,0.849125
38633,0.704071
38634,0.898681
38635,0.955185
38636,0.927227
38637,0.820521
38638,0.737687
38639,0.935099
38640,0.880342
38641,0.657892
38642,0.834618
38643,0.87522
38644,0.73632
38645,0.754836
38646,0.790666
38647,0.852539
38648,0.874128
38649,0.448728
38650,0.635946
38651,0.861757
38652,0.728933
38653,0.580056
38654,0.961063
38655,0.960527
38656,0.726787
38657,0.616135
38658,0.922005
38659,0.574766
38660,0.920281
38661,0.735921
38662,0.490387
38663,0.924702
38664,0.50121
38665,0.947743
38666,0.962946
38667,0.927943
38668,0.847567
38669,0.079249
38670,0.942068
38671,0.426412
38672,0.525704
38673,0.528266
38674,0.794492
38675,0.658594
38676,0.822386
38677,0.783519
38678,0.590274
38679,0.897998
38680,0.870987
38681,0.895156
38682,0.839098
38683,0.783165
38684,0.677893
38685,0.617792
38686,0.759126
38687,0.828407
38688,0.745479
38689,0.877278
38690,0.492397
38691,0.544971
38692,0.839268
38693,0.863929
38694,0.769565
38695,0.649292
38696,0.914764
38697,0.666827
38698,0.749909
38699,0.203485
38700,0.721525
38701,0.695056
38702,0.851668
38703,0.81513
38704,0.80995
38705,0.525549
38706,0.088409
38707,0.897918
38708,0.923936
38709,0.49788
38710,0.853436
38711,0.364997
38712,0.154705
38713,0.866821
38714,0.833894
38715,0.74299
38716,0.775835
38717,0.735633
38718,0.76486
38719,0.884242
38720,0.788181
38721,0.581251
38722,0.706636
38723,0.607679
38724,0.937512
38725,0.883099
38726,0.853906
38727,0.851775
38728,0.733003
38729,0.588211
38730,0.695335
38731,0.409188
38732,0.704841
38733,0.966184
38734,0.949181
38735,0.937467
38736,0.786096
38737,0.918123
38738,0.452616
38739,0.346807
38740,0.730182
38741,0.917251
38742,0.917128
38743,0.711818
38744,0.685093
38745,0.561788
38746,0.715305
38747,0.961408
38748,0.903189
38749,0.630311
38750,0.955378
38751,0.806935
38752,0.742122
38753,0.681665
38754,0.844557
38755,0.53169
38756,0.226017
38757,0.901458
38758,0.87404
38759,0.928953
38760,0.680566
38761,0.536158
38762,0.055103
38763,0.879422
38764,0.958653
38765,0.900026
38766,0.790494
38767,0.667957
38768,0.868329
38769,0.943904
38770,0.804275
38771,0.502358
38772,0.749222
38773,0.647572
38774,0.672954
38775,0.478365
38776,0.613723
38777,0.718728
38778,0.703349
38779,0.691891
38780,0.649007
38781,0.952587
38782,0.681791
38783,0.556675
38784,0.926224
38785,0.132192
38786,0.423373
38787,0.689721
38788,0.918167
38789,0.79711
38790,0.903583
38791,0.58447
38792,0.941814
38793,0.440342
38794,0.952953
38795,0.869187
38796,0.56762
38797,0.77735
38798,0.496802
38799,0.952321
38800,0.59254
38801,0.942588
38802,0.886056
38803,0.673539
38804,0.668883
38805,0.535493
38806,0.957565
38807,0.782674
38808,0.781821
38809,0.95303
38810,0.870034
38811,0.68228
38812,0.936636
38813,0.880116
38814,0.906989
38815,0.944898
38816,0.901961
38817,0.660911
38818,0.607647
38819,0.53278
38820,0.591318
38821,0.958647
38822,0.41436
38823,0.846781
38824,0.121115
38825,0.804935
38826,0.880617
38827,0.950624
38828,0.914435
38829,0.118246
38830,0.894267
38831,0.61049
38832,0.874805
38833,0.950929
38834,0.562575
38835,0.946445
38836,0.762019
38837,0.758577
38838,0.815041
38839,0.581912
38840,0.896765
38841,0.881401
38842,0.939523
38843,0.857142
38844,0.694817
38845,0.902337
38846,0.605395
38847,0.560294
38848,0.579215
38849,0.800058
38850,0.56775
38851,0.560763
38852,0.733533
38853,0.797019
38854,0.837937
38855,0.953886
38856,0.774651
38857,0.908627
38858,0.641538
38859,0.533532
38860,0.957444
38861,0.60375
38862,0.444148
38863,0.892489
38864,0.916487
38865,0.458749
38866,0.916731
38867,0.831525
38868,0.684287
38869,0.518136
38870,0.68813
38871,0.858217
38872,0.873622
38873,0.76248
38874,0.955893
38875,0.858771
38876,0.830262
38877,0.896962
38878,0.48731
38879,0.954798
38880,0.859934
38881,0.873422
38882,0.77536
38883,0.672572
38884,0.887712
38885,0.891769
38886,0.932457
38887,0.67614
38888,0.596036
38889,0.631768
38890,0.552623
38891,0.734904
38892,0.633085
38893,0.052422
38894,0.64351
38895,0.778578
38896,0.902511
38897,0.827468
38898,0.839264
38899,0.876649
38900,0.571556
38901,0.913434
38902,0.202161
38903,0.553948
38904,0.816924
38905,0.900168
38906,0.480484
38907,0.82797
38908,0.716567
38909,0.86059
38910,0.67661
38911,0.849858
38912,0.455499
38913,0.805195
38914,0.841746
38915,0.87806
38916,0.864492
38917,0.838723
38918,0.93054
38919,0.858542
38920,0.94969
38921,0.882679
38922,0.775567
38923,0.785633
38924,0.637817
38925,0.759721
38926,0.547138
38927,0.541173
38928,0.799971
38929,0.779795
38930,0.49477
38931,0.925805
38932,0.818981
38933,0.831316
38934,0.904586
38935,0.865981
38936,0.552062
38937,0.870538
38938,0.632467
38939,0.817259
38940,0.762074
38941,0.758056
38942,0.950974
38943,0.634812
38944,0.437881
38945,0.619534
38946,0.880411
38947,0.823006
38948,0.488524
38949,0.589395
38950,0.923867
38951,0.701867
38952,0.534706
38953,0.938759
38954,0.838754
38955,0.13678
38956,0.889094
38957,0.921687
38958,0.953464
38959,0.689
38960,0.957274
38961,0.896967
38962,0.928454
38963,0.729273
38964,0.677197
38965,0.531906
38966,0.480722
38967,0.583519
38968,0.735606
38969,0.63031
38970,0.558185
38971,0.954622
38972,0.737069
38973,0.704933
38974,0.763355
38975,0.802765
38976,0.915044
38977,0.85893
38978,0.855723
38979,0.571807
38980,0.264657
38981,0.156196
38982,0.84109
38983,0.848479
38984,0.845777
38985,0.801945
38986,0.617167
38987,0.887895
38988,0.714442
38989,0.569029
38990,0.719451
38991,0.671294
38992,0.922582
38993,0.611933
38994,0.86345
38995,0.950056
38996,0.555297
38997,0.470837
38998,0.837339
38999,0.701293
39000,0.732271
39001,0.780446
39002,0.953035
39003,0.845019
39004,0.895514
39005,0.757009
39006,0.797109
39007,0.875409
39008,0.721718
39009,0.935775
39010,0.483359
39011,0.598955
39012,0.814012
39013,0.626628
39014,0.778973
39015,0.631793
39016,0.85886
39017,0.739834
39018,0.883788
39019,0.635445
39020,0.732531
39021,0.646779
39022,0.615604
39023,0.918186
39024,0.781286
39025,0.920072
39026,0.811855
39027,0.459141
39028,0.868762
39029,0.922128
39030,0.841643
39031,0.67694
39032,0.596579
39033,0.785744
39034,0.685157
39035,0.948479
39036,0.938387
39037,0.600966
39038,0.555745
39039,0.730892
39040,0.682438
39041,0.811343
39042,0.835975
39043,0.965233
39044,0.655063
39045,0.138031
39046,0.72543
39047,0.625538
39048,0.66798
39049,0.9248
39050,0.518134
39051,0.898337
39052,0.322483
39053,0.922991
39054,0.890861
39055,0.967315
39056,0.686789
39057,0.80192
39058,0.557378
39059,0.05781
39060,0.917944
39061,0.87334
39062,0.53912
39063,0.875146
39064,0.705142
39065,0.710833
39066,0.544025
39067,0.5059
39068,0.966028
39069,0.064603
39070,0.948692
39071,0.82973
39072,0.740596
39073,0.588954
39074,0.816154
39075,0.074091
39076,0.79948
39077,0.745511
39078,0.784155
39079,0.952641
39080,0.63981
39081,0.819934
39082,0.956026
39083,0.877367
39084,0.81639
39085,0.71582
39086,0.838177
39087,0.92527
39088,0.634847
39089,0.450332
39090,0.75168
39091,0.952455
39092,0.553728
39093,0.734007
39094,0.758182
39095,0.638747
39096,0.731625
39097,0.785256
39098,0.818197
39099,0.953959
39100,0.721398
39101,0.074548
39102,0.601971
39103,0.921407
39104,0.650743
39105,0.905447
39106,0.879814
39107,0.85778
39108,0.553666
39109,0.594442
39110,0.561899
39111,0.955054
39112,0.85358
39113,0.763596
39114,0.822251
39115,0.94517
39116,0.90035
39117,0.896149
39118,0.72712
39119,0.617723
39120,0.700254
39121,0.439362
39122,0.750903
39123,0.078708
39124,0.682217
39125,0.550296
39126,0.60693
39127,0.531551
39128,0.67279
39129,0.433866
39130,0.89832
39131,0.808407
39132,0.949803
39133,0.535775
39134,0.857757
39135,0.690617
39136,0.835635
39137,0.565989
39138,0.926791
39139,0.792388
39140,0.958659
39141,0.923149
39142,0.857199
39143,0.916576
39144,0.694517
39145,0.057794
39146,0.672329
39147,0.953882
39148,0.957699
39149,0.876241
39150,0.86704
39151,0.829876
39152,0.934806
39153,0.804515
39154,0.811681
39155,0.94692
39156,0.575645
39157,0.662956
39158,0.455902
39159,0.511801
39160,0.9111
39161,0.875193
39162,0.504919
39163,0.895341
39164,0.750293
39165,0.549945
39166,0.610974
39167,0.585364
39168,0.923515
39169,0.90374
39170,0.715315
39171,0.82939
39172,0.921988
39173,0.835552
39174,0.519012
39175,0.594919
39176,0.750727
39177,0.608476
39178,0.488423
39179,0.609713
39180,0.741937
39181,0.83857
39182,0.617359
39183,0.570493
39184,0.922686
39185,0.75967
39186,0.739718
39187,0.613636
39188,0.776685
39189,0.905216
39190,0.665523
39191,0.848487
39192,0.553454
39193,0.871915
39194,0.741225
39195,0.918937
39196,0.638254
39197,0.866707
39198,0.836714
39199,0.499744
39200,0.519008
39201,0.917125
39202,0.642623
39203,0.724135
39204,0.670007
39205,0.78094
39206,0.679278
39207,0.873572
39208,0.92071
39209,0.605682
39210,0.815347
39211,0.921037
39212,0.734072
39213,0.952771
39214,0.640347
39215,0.688518
39216,0.530387
39217,0.540794
39218,0.554961
39219,0.447794
39220,0.925684
39221,0.962724
39222,0.676179
39223,0.806189
39224,0.957306
39225,0.544888
39226,0.845987
39227,0.743073
39228,0.818435
39229,0.728653
39230,0.890365
39231,0.535375
39232,0.914709
39233,0.705945
39234,0.07519
39235,0.600089
39236,0.926056
39237,0.683792
39238,0.49872
39239,0.932263
39240,0.349914
39241,0.901423
39242,0.925474
39243,0.928917
39244,0.767019
39245,0.600808
39246,0.843429
39247,0.922656
39248,0.799898
39249,0.737342
39250,0.912353
39251,0.550671
39252,0.672509
39253,0.740158
39254,0.568448
39255,0.765724
39256,0.81736
39257,0.098978
39258,0.805476
39259,0.949649
39260,0.818234
39261,0.627269
39262,0.735065
39263,0.762682
39264,0.609097
39265,0.73121
39266,0.924789
39267,0.878172
39268,0.686924
39269,0.749188
39270,0.62997
39271,0.364082
39272,0.846731
39273,0.07453
39274,0.674711
39275,0.548009
39276,0.531634
39277,0.747759
39278,0.600785
39279,0.786851
39280,0.766291
39281,0.840655
39282,0.600922
39283,0.7355
39284,0.829555
39285,0.54022
39286,0.828258
39287,0.437112
39288,0.500014
39289,0.603417
39290,0.954965
39291,0.617053
39292,0.725441
39293,0.620673
39294,0.813995
39295,0.811544
39296,0.49304
39297,0.946269
39298,0.814289
39299,0.50738
39300,0.87953
39301,0.917471
39302,0.644369
39303,0.53555
39304,0.644403
39305,0.605973
39306,0.957951
39307,0.737342
39308,0.908705
39309,0.569067
39310,0.8791
39311,0.855502
39312,0.443911
39313,0.720922
39314,0.566374
39315,0.826291
39316,0.921622
39317,0.388914
39318,0.911463
39319,0.9339
39320,0.922325
39321,0.784004
39322,0.95757
39323,0.899083
39324,0.929136
39325,0.729787
39326,0.739749
39327,0.411092
39328,0.700126
39329,0.613999
39330,0.515432
39331,0.78292
39332,0.474778
39333,0.594347
39334,0.955661
39335,0.700418
39336,0.853947
39337,0.618521
39338,0.770437
39339,0.936109
39340,0.390648
39341,0.848133
39342,0.746925
39343,0.630129
39344,0.300308
39345,0.656741
39346,0.685294
39347,0.462303
39348,0.514162
39349,0.849741
39350,0.637031
39351,0.905635
39352,0.869497
39353,0.831205
39354,0.904972
39355,0.702597
39356,0.809122
39357,0.768882
39358,0.659162
39359,0.715801
39360,0.91924
39361,0.682869
39362,0.884251
39363,0.856786
39364,0.116725
39365,0.665796
39366,0.955933
39367,0.288783
39368,0.578281
39369,0.882487
39370,0.759947
39371,0.632541
39372,0.636362
39373,0.592414
39374,0.796451
39375,0.535831
39376,0.822892
39377,0.763715
39378,0.900743
39379,0.749308
39380,0.826784
39381,0.750853
39382,0.890482
39383,0.877737
39384,0.798369
39385,0.612172
39386,0.851222
39387,0.698108
39388,0.151451
39389,0.769659
39390,0.944215
39391,0.715592
39392,0.792124
39393,0.927588
39394,0.727124
39395,0.565765
39396,0.7169
39397,0.113432
39398,0.60121
39399,0.866464
39400,0.962972
39401,0.529415
39402,0.691034
39403,0.773088
39404,0.69654
39405,0.90981
39406,0.925611
39407,0.586159
39408,0.579325
39409,0.804883
39410,0.65925
39411,0.844543
39412,0.943927
39413,0.781539
39414,0.862827
39415,0.059515
39416,0.52171
39417,0.865619
39418,0.889148
39419,0.673382
39420,0.724081
39421,0.874841
39422,0.627536
39423,0.923486
39424,0.797142
39425,0.454431
39426,0.926899
39427,0.860574
39428,0.617593
39429,0.953754
39430,0.397539
39431,0.489052
39432,0.493575
39433,0.843682
39434,0.370007
39435,0.717955
39436,0.427608
39437,0.617112
39438,0.640019
39439,0.626546
39440,0.85172
39441,0.537692
39442,0.621339
39443,0.768985
39444,0.531801
39445,0.797567
39446,0.835581
39447,0.733765
39448,0.961853
39449,0.849926
39450,0.911633
39451,0.881754
39452,0.718065
39453,0.49765
39454,0.821995
39455,0.714069
39456,0.868888
39457,0.705819
39458,0.752431
39459,0.586571
39460,0.879759
39461,0.681989
39462,0.913837
39463,0.791796
39464,0.696204
39465,0.829302
39466,0.908527
39467,0.927501
39468,0.532695
39469,0.632453
39470,0.948776
39471,0.832867
39472,0.772219
39473,0.134362
39474,0.534156
39475,0.889528
39476,0.761918
39477,0.625143
39478,0.535357
39479,0.453984
39480,0.727039
39481,0.760728
39482,0.827768
39483,0.957474
39484,0.90989
39485,0.667142
39486,0.585956
39487,0.594949
39488,0.608408
39489,0.439808
39490,0.594661
39491,0.865159
39492,0.662803
39493,0.732538
39494,0.642699
39495,0.698856
39496,0.814039
39497,0.852208
39498,0.612419
39499,0.52391
39500,0.77769
39501,0.736049
39502,0.593404
39503,0.609258
39504,0.953873
39505,0.930918
39506,0.903666
39507,0.502151
39508,0.667034
39509,0.792893
39510,0.839467
39511,0.632056
39512,0.82498
39513,0.935968
39514,0.740738
39515,0.737956
39516,0.621883
39517,0.784595
39518,0.920046
39519,0.915455
39520,0.621302
39521,0.728095
39522,0.707841
39523,0.878387
39524,0.547677
39525,0.629729
39526,0.803708
39527,0.935458
39528,0.890532
39529,0.829806
39530,0.692007
39531,0.461616
39532,0.566312
39533,0.627361
39534,0.47253
39535,0.867274
39536,0.797381
39537,0.829228
39538,0.517948
39539,0.677053
39540,0.790644
39541,0.94421
39542,0.473646
39543,0.51654
39544,0.733793
39545,0.598559
39546,0.902298
39547,0.854397
39548,0.728796
39549,0.958941
39550,0.960557
39551,0.888546
39552,0.893077
39553,0.649828
39554,0.900705
39555,0.574985
39556,0.590148
39557,0.515833
39558,0.764014
39559,0.6448
39560,0.74802
39561,0.8906
39562,0.545163
39563,0.666968
39564,0.747229
39565,0.811744
39566,0.780732
39567,0.641373
39568,0.950777
39569,0.901511
39570,0.922536
39571,0.889281
39572,0.639032
39573,0.787802
39574,0.681302
39575,0.951487
39576,0.664032
39577,0.919996
39578,0.920655
39579,0.527523
39580,0.949782
39581,0.820206
39582,0.836408
39583,0.768647
39584,0.524425
39585,0.867783
39586,0.882172
39587,0.915835
39588,0.537394
39589,0.816501
39590,0.837581
39591,0.642747
39592,0.957681
39593,0.864543
39594,0.727666
39595,0.090654
39596,0.606428
39597,0.702119
39598,0.623605
39599,0.906576
39600,0.948987
39601,0.852955
39602,0.439379
39603,0.526943
39604,0.624275
39605,0.60697
39606,0.708226
39607,0.912249
39608,0.767453
39609,0.08941
39610,0.690424
39611,0.767827
39612,0.859536
39613,0.706194
39614,0.607064
39615,0.833759
39616,0.686697
39617,0.701134
39618,0.792621
39619,0.92302
39620,0.847235
39621,0.675198
39622,0.955796
39623,0.471105
39624,0.852135
39625,0.917454
39626,0.909883
39627,0.829863
39628,0.879166
39629,0.634251
39630,0.937045
39631,0.720502
39632,0.620712
39633,0.598241
39634,0.427839
39635,0.618352
39636,0.809969
39637,0.454962
39638,0.724299
39639,0.881447
39640,0.643171
39641,0.621571
39642,0.686036
39643,0.934432
39644,0.925241
39645,0.77131
39646,0.869994
39647,0.686001
39648,0.888127
39649,0.792503
39650,0.909369
39651,0.696436
39652,0.57452
39653,0.787344
39654,0.679549
39655,0.89822
39656,0.544442
39657,0.949367
39658,0.682095
39659,0.558368
39660,0.797288
39661,0.925021
39662,0.60698
39663,0.940614
39664,0.938513
39665,0.586933
39666,0.325627
39667,0.91075
39668,0.55824
39669,0.584514
39670,0.793149
39671,0.74496
39672,0.674381
39673,0.833031
39674,0.91887
39675,0.739597
39676,0.679072
39677,0.952413
39678,0.896725
39679,0.953447
39680,0.489998
39681,0.531427
39682,0.872285
39683,0.794882
39684,0.664593
39685,0.887799
39686,0.630347
39687,0.793306
39688,0.960093
39689,0.965301
39690,0.792352
39691,0.705398
39692,0.495304
39693,0.696237
39694,0.530042
39695,0.874292
39696,0.515804
39697,0.637826
39698,0.586167
39699,0.56786
39700,0.716193
39701,0.070977
39702,0.094549
39703,0.521153
39704,0.549709
39705,0.388314
39706,0.08097
39707,0.551463
39708,0.892873
39709,0.819045
39710,0.679981
39711,0.715738
39712,0.653428
39713,0.954331
39714,0.738028
39715,0.705793
39716,0.836227
39717,0.343853
39718,0.645086
39719,0.064881
39720,0.951996
39721,0.679674
39722,0.786429
39723,0.9547
39724,0.61123
39725,0.92776
39726,0.632308
39727,0.764081
39728,0.827629
39729,0.947775
39730,0.782004
39731,0.323866
39732,0.634338
39733,0.893454
39734,0.717063
39735,0.847638
39736,0.883807
39737,0.774987
39738,0.156412
39739,0.755933
39740,0.87669
39741,0.916836
39742,0.910813
39743,0.744363
39744,0.95718
39745,0.882781
39746,0.69973
39747,0.842979
39748,0.845712
39749,0.840136
39750,0.846867
39751,0.630789
39752,0.817307
39753,0.663239
39754,0.824994
39755,0.72674
39756,0.864308
39757,0.593594
39758,0.82862
39759,0.723751
39760,0.946232
39761,0.818284
39762,0.622626
39763,0.314244
39764,0.647574
39765,0.600294
39766,0.440631
39767,0.654405
39768,0.923635
39769,0.506756
39770,0.572691
39771,0.470399
39772,0.875383
39773,0.760601
39774,0.704535
39775,0.752009
39776,0.72342
39777,0.750426
39778,0.872496
39779,0.694272
39780,0.921002
39781,0.87714
39782,0.804877
39783,0.755472
39784,0.714759
39785,0.918218
39786,0.766979
39787,0.896779
39788,0.731297
39789,0.809153
39790,0.080434
39791,0.934143
39792,0.559957
39793,0.81333
39794,0.497012
39795,0.950297
39796,0.522961
39797,0.925627
39798,0.878102
39799,0.424795
39800,0.052825
39801,0.590505
39802,0.840405
39803,0.504061
39804,0.961385
39805,0.7198
39806,0.825187
39807,0.559151
39808,0.680577
39809,0.944303
39810,0.636068
39811,0.697497
39812,0.761613
39813,0.801946
39814,0.836708
39815,0.798218
39816,0.934561
39817,0.630238
39818,0.752948
39819,0.536298
39820,0.726832
39821,0.907727
39822,0.542416
39823,0.626554
39824,0.598727
39825,0.79496
39826,0.118007
39827,0.429635
39828,0.582727
39829,0.6418
39830,0.598366
39831,0.879745
39832,0.870491
39833,0.40319
39834,0.690245
39835,0.771655
39836,0.957277
39837,0.766031
39838,0.860315
39839,0.822264
39840,0.786468
39841,0.936154
39842,0.485991
39843,0.887567
39844,0.889022
39845,0.859132
39846,0.934298
39847,0.86245
39848,0.35284
39849,0.788575
39850,0.670829
39851,0.703781
39852,0.773862
39853,0.596717
39854,0.813196
39855,0.462801
39856,0.880615
39857,0.886958
39858,0.698809
39859,0.948904
39860,0.785715
39861,0.692393
39862,0.745566
39863,0.836318
39864,0.935931
39865,0.536533
39866,0.878705
39867,0.71038
39868,0.918047
39869,0.55781
39870,0.822545
39871,0.6287
39872,0.855658
39873,0.587956
39874,0.550786
39875,0.604402
39876,0.954944
39877,0.815221
39878,0.627854
39879,0.586272
39880,0.526665
39881,0.918946
39882,0.610246
39883,0.839172
39884,0.891142
39885,0.704256
39886,0.941755
39887,0.649648
39888,0.899101
39889,0.850441
39890,0.449333
39891,0.625342
39892,0.843274
39893,0.890753
39894,0.853777
39895,0.575359
39896,0.898977
39897,0.524056
39898,0.79537
39899,0.69563
39900,0.689257
39901,0.758927
39902,0.901089
39903,0.919962
39904,0.964043
39905,0.481447
39906,0.621
39907,0.075959
39908,0.91379
39909,0.941418
39910,0.768379
39911,0.831071
39912,0.760344
39913,0.796061
39914,0.655053
39915,0.949427
39916,0.892622
39917,0.897343
39918,0.745547
39919,0.865506
39920,0.695494
39921,0.557762
39922,0.948523
39923,0.436734
39924,0.086521
39925,0.908199
39926,0.965158
39927,0.740863
39928,0.747385
39929,0.639422
39930,0.611988
39931,0.559891
39932,0.722711
39933,0.885098
39934,0.125452
39935,0.643155
39936,0.579263
39937,0.7838
39938,0.53425
39939,0.949746
39940,0.852658
39941,0.600575
39942,0.522513
39943,0.594667
39944,0.515148
39945,0.744296
39946,0.725932
39947,0.69043
39948,0.778682
39949,0.919162
39950,0.613086
39951,0.54894
39952,0.805203
39953,0.427307
39954,0.881525
39955,0.709336
39956,0.900603
39957,0.857585
39958,0.720394
39959,0.942186
39960,0.795301
39961,0.829533
39962,0.864032
39963,0.663891
39964,0.792201
39965,0.739304
39966,0.691529
39967,0.956584
39968,0.827257
39969,0.609622
39970,0.886263
39971,0.633286
39972,0.956012
39973,0.939393
39974,0.442717
39975,0.08044
39976,0.565391
39977,0.75661
39978,0.727698
39979,0.745524
39980,0.622087
39981,0.834253
39982,0.950781
39983,0.869832
39984,0.82544
39985,0.702114
39986,0.896687
39987,0.854577
39988,0.739893
39989,0.633396
39990,0.53426
39991,0.791368
39992,0.46165
39993,0.536592
39994,0.703535
39995,0.571818
39996,0.561044
39997,0.728155
39998,0.779315
39999,0.620859
